    0                1.000000
    3                0.658711
    6                0.413660
    9                0.403067
   12                0.350223
   15                0.468259
   18                0.475075
   21                0.476759
   24                0.589234
   27                0.566251
   30                0.584618
   33                0.525449
   36                0.550379
   39                0.554643
   42                0.556047
   45                0.564800
   48                0.569811
   51                0.531724
   54                0.530006
   57                0.633535
   60                0.616440
   63                0.602785
   66                0.649169
   69                0.580975
   72                0.565346
   75                0.572339
   78                0.503064
   81                0.504390
   84                0.453705
   87                0.436007
   90                0.402394
   93                0.413829
   96                0.407828
   99                0.464602
  102                0.456848
  105                0.430870
  108                0.481668
  111                0.457908
  114                0.500992
  117                0.494255
  120                0.494513
  123                0.498184
  126                0.500880
  129                0.468326
  132                0.524709
  135                0.510904
  138                0.493143
  141                0.511943
  144                0.460720
  147                0.457550
  150                0.512002
  153                0.543107
  156                0.465439
  159                0.397258
  162                0.412671
  165                0.392090
  168                0.421590
  171                0.405255
  174                0.365556
  177                0.396522
  180                0.399351
  183                0.375468
  186                0.390063
  189                0.385320
  192                0.363687
  195                0.369223
  198                0.347626
  201                0.380277
  204                0.363164
  207                0.344125
  210                0.323456
  213                0.316125
  216                0.325939
  219                0.300069
  222                0.297802
  225                0.275568
  228                0.300173
  231                0.266585
  234                0.248320
  237                0.249292
  240                0.247262
  243                0.239556
  246                0.199693
  249                0.206698
  252                0.204349
  255                0.186389
  258                0.184187
  261                0.151344
  264                0.113582
  267                0.118164
  270                0.067631
  273                0.087215
  276                0.061692
  279                0.057525
  282                0.045440
  285                0.024982
  288                0.023441
  291                0.046612
  294                0.035481
  297                0.025848
  300                0.018259
  303                0.003595
  306                0.013341
  309                0.027664
  312                0.046325
  315                0.023759
  318                0.050421
  321                0.045135
  324                0.060165
  327                0.066170
  330                0.093322
  333                0.075650
  336                0.083715
  339                0.107104
  342                0.097087
  345                0.079493
  348                0.098514
  351                0.127697
  354                0.111222
  357                0.116833
  360                0.111729
  363                0.125749
  366                0.112245
  369                0.121278
  372                0.105952
  375                0.118027
  378                0.113692
  381                0.118163
  384                0.071315
  387                0.085274
  390                0.093432
  393                0.053807
  396                0.070649
  399                0.044173
  402                0.050257
  405                0.047182
  408                0.037873
  411                0.007954
  414                0.021886
  417               -0.002007
  420                0.019796
  423                0.008010
  426                0.006227
  429                0.034013
  432                0.024098
  435                0.027165
  438                0.022166
  441                0.046982
  444                0.043844
  447                0.038192
  450                0.074794
  453                0.070998
  456                0.056967
  459                0.081590
  462                0.062976
  465                0.065604
  468                0.049366
  471                0.070049
  474                0.073626
  477                0.063050
  480                0.056155
  483                0.064332
  486                0.076951
  489                0.062349
  492                0.079659
  495                0.035458
  498                0.056621
  501                0.029108
  504                0.032198
  507                0.022988
  510                0.016639
  513                0.017632
  516                0.004789
  519                0.016396
  522                0.004015
  525               -0.015093
  528                0.013974
  531                0.037294
  534               -0.002844
  537                0.037422
  540                0.030080
  543                0.035568
  546                0.043635
  549                0.035698
  552                0.046614
  555                0.035345
  558                0.039031
  561                0.048492
  564                0.049865
  567                0.042367
  570                0.047026
  573                0.048074
  576                0.046799
  579                0.032034
  582                0.010571
  585                0.025941
  588                0.014271
  591                0.018245
  594                0.027987
  597                0.022181
  600                0.003973
  603                0.023254
  606                0.006976
  609                0.011098
  612                0.016790
  615                0.023546
  618                0.040578
  621                0.032245
  624                0.039813
  627                0.035356
  630                0.043166
  633                0.047824
  636                0.027984
  639                0.038794
  642                0.043386
  645                0.031794
  648                0.038648
  651                0.017938
  654                0.025658
  657                0.020416
  660                0.021106
  663                0.028619
  666                0.006823
  669                0.026899
  672                0.025138
  675                0.026709
  678                0.005736
  681                0.016585
  684                0.011637
  687                0.034867
  690                0.044121
  693                0.025447
  696                0.033746
  699                0.045355
  702                0.033395
  705                0.035455
  708                0.035765
  711                0.030570
  714                0.045544
  717                0.025029
  720                0.021032
  723                0.015791
  726                0.011335
  729                0.015605
  732                0.017685
  735                0.010321
  738                0.014625
  741                0.034282
  744                0.027693
  747                0.020165
  750                0.036073
  753                0.017919
  756                0.043343
  759                0.030826
  762                0.022373
  765                0.044817
  768                0.038906
  771                0.028414
  774                0.028398
  777                0.014029
  780                0.015995
  783                0.035724
  786                0.001432
  789                0.025624
  792                0.005408
  795                0.017571
  798                0.016912
  801                0.039197
  804                0.031945
  807                0.037603
  810                0.034892
  813                0.033350
  816                0.025707
  819                0.038409
  822                0.008254
  825                0.027750
  828                0.044291
  831                0.024723
  834                0.034576
  837                0.025335
  840                0.011316
  843                0.016294
  846                0.032018
  849                0.019167
  852                0.028429
  855                0.016672
  858                0.027359
  861                0.017477
  864                0.030151
  867                0.028513
  870                0.028092
  873                0.046361
  876                0.039047
  879                0.037203
  882                0.033313
  885                0.022241
  888                0.021571
  891                0.034275
  894                0.021308
  897                0.020322
  900                0.021737
  903                0.023907
  906                0.028141
  909                0.022627
  912                0.028421
  915                0.024983
  918                0.038367
  921                0.031287
  924                0.025467
  927                0.030507
  930                0.025758
  933                0.033185
  936                0.023794
  939                0.017257
  942                0.013628
  945                0.024776
  948                0.026354
  951                0.024223
  954                0.019255
  957                0.039460
  960                0.021620
  963                0.024107
  966                0.036396
  969                0.019917
  972                0.027628
  975                0.024676
  978                0.033592
  981                0.034832
  984                0.026762
  987                0.030666
  990                0.025070
  993                0.018264
  996                0.014478
  999                0.029714
 1002                0.032908
 1005                0.033765
 1008                0.027025
 1011                0.027139
 1014                0.025022
 1017                0.047356
 1020                0.034613
 1023                0.033836
 1026                0.015801
 1029                0.027438
 1032                0.024870
 1035                0.022261
 1038                0.021692
 1041                0.044741
 1044                0.025560
 1047                0.033848
 1050                0.034570
 1053                0.022381
 1056                0.033395
 1059                0.024111
 1062                0.029456
 1065                0.027031
 1068                0.022917
 1071                0.018856
 1074                0.034344
 1077                0.033581
 1080                0.041354
 1083                0.026116
 1086                0.028895
 1089                0.037729
 1092                0.035133
 1095                0.027576
 1098                0.050163
 1101                0.040779
 1104                0.036855
 1107                0.032520
 1110                0.038798
 1113                0.042997
 1116                0.044130
 1119                0.035796
 1122                0.030020
 1125                0.028547
 1128                0.033700
 1131                0.027084
 1134                0.027232
 1137                0.033924
 1140                0.034132
 1143                0.040897
 1146                0.039829
 1149                0.028982
 1152                0.035260
 1155                0.034875
 1158                0.034692
 1161                0.037755
 1164                0.029267
 1167                0.033554
 1170                0.041574
 1173                0.044368
 1176                0.041562
 1179                0.035147
 1182                0.043065
 1185                0.037920
 1188                0.045526
 1191                0.042507
 1194                0.044858
 1197                0.044066
 1200                0.040917
 1203                0.042021
 1206                0.031702
 1209                0.034515
 1212                0.048209
 1215                0.056261
 1218                0.047793
 1221                0.058592
 1224                0.043268
 1227                0.052520
 1230                0.045721
 1233                0.050341
 1236                0.058053
 1239                0.045067
 1242                0.053689
 1245                0.052800
 1248                0.064348
 1251                0.053827
 1254                0.063485
 1257                0.070327
 1260                0.052216
 1263                0.050007
 1266                0.054132
 1269                0.062173
 1272                0.047163
 1275                0.062446
 1278                0.067603
 1281                0.065877
 1284                0.058934
 1287                0.042786
 1290                0.057636
 1293                0.062992
 1296                0.053847
 1299                0.065196
 1302                0.073558
 1305                0.064203
 1308                0.069834
 1311                0.066194
 1314                0.069673
 1317                0.068776
 1320                0.066710
 1323                0.057596
 1326                0.069682
 1329                0.070063
 1332                0.073995
 1335                0.068604
 1338                0.072273
 1341                0.059826
 1344                0.064550
 1347                0.065405
 1350                0.074802
 1353                0.061769
 1356                0.067275
 1359                0.067480
 1362                0.065712
 1365                0.064264
 1368                0.083359
 1371                0.073698
 1374                0.065080
 1377                0.064144
 1380                0.065306
 1383                0.070343
 1386                0.055322
 1389                0.062495
 1392                0.069512
 1395                0.060222
 1398                0.080591
 1401                0.066864
 1404                0.062481
 1407                0.057343
 1410                0.056638
 1413                0.059052
 1416                0.061781
 1419                0.057311
 1422                0.048758
 1425                0.047460
 1428                0.056114
 1431                0.055469
 1434                0.053901
 1437                0.047042
 1440                0.047280
 1443                0.050725
 1446                0.040076
 1449                0.047189
 1452                0.043968
 1455                0.042036
 1458                0.053574
 1461                0.051349
 1464                0.042239
 1467                0.044035
 1470                0.055853
 1473                0.048113
 1476                0.029793
 1479                0.040281
 1482                0.034919
 1485                0.026824
 1488                0.032707
 1491                0.027031
 1494                0.039026
 1497                0.038689
 1500                0.032620
 1503                0.037072
 1506                0.040514
 1509                0.037423
 1512                0.036781
 1515                0.020702
 1518                0.032504
 1521                0.032890
 1524                0.023530
 1527                0.029003
 1530                0.026828
 1533                0.024215
 1536                0.013509
 1539                0.021932
 1542                0.029459
 1545                0.019061
 1548                0.025328
 1551                0.021428
 1554                0.022951
 1557                0.015930
 1560                0.030648
 1563                0.031469
 1566                0.016099
 1569                0.026886
 1572                0.019271
 1575                0.019612
 1578                0.022193
 1581                0.021800
 1584                0.027273
 1587                0.014991
 1590                0.012143
 1593                0.021786
 1596                0.016512
 1599                0.019113
 1602                0.015594
 1605                0.016652
 1608                0.004941
 1611                0.014141
 1614                0.015020
 1617                0.016154
 1620                0.015616
 1623                0.020058
 1626                0.014526
 1629                0.023550
 1632                0.016553
 1635                0.008850
 1638                0.007641
 1641                0.012286
 1644                0.015070
 1647                0.013489
 1650                0.017611
 1653                0.017771
 1656                0.017979
 1659                0.012524
 1662                0.011403
 1665                0.006081
 1668                0.006931
 1671                0.012121
 1674                0.007998
 1677                0.014303
 1680                0.006067
 1683                0.003005
 1686                0.006705
 1689                0.014074
 1692                0.005300
 1695               -0.000465
 1698                0.011674
 1701                0.001047
 1704                0.006922
 1707                0.013605
 1710                0.005059
 1713                0.011582
 1716                0.011714
 1719                0.002087
 1722                0.000465
 1725                0.007166
 1728                0.016043
 1731                0.009222
 1734               -0.005881
 1737                0.005141
 1740                0.012367
 1743                0.009849
 1746               -0.006347
 1749                0.016316
 1752                0.007819
 1755                0.012353
 1758                0.003632
 1761                0.010601
 1764                0.011741
 1767                0.009961
 1770                0.014641
 1773                0.006290
 1776                0.007988
 1779                0.007339
 1782                0.015473
 1785                0.012124
 1788               -0.004780
 1791               -0.002332
 1794                0.004965
 1797                0.010096
 1800                0.012427
 1803                0.010841
 1806                0.006014
 1809                0.008165
 1812                0.004083
 1815                0.002192
 1818                0.005990
 1821                0.004357
 1824                0.008970
 1827                0.007066
 1830                0.001700
 1833               -0.004439
 1836                0.009779
 1839                0.008091
 1842                0.004676
 1845                0.002363
 1848                0.003201
 1851                0.007677
 1854                0.005631
 1857                0.003519
 1860                0.019282
 1863                0.001558
 1866                0.004855
 1869                0.015403
 1872                0.004855
 1875                0.007566
 1878               -0.000626
 1881                0.002304
 1884                0.006629
 1887                0.010678
 1890                0.005108
 1893                0.004779
 1896                0.003843
 1899                0.009676
 1902                0.001170
 1905                0.008861
 1908                0.002899
 1911               -0.006872
 1914                0.002597
 1917                0.000874
 1920                0.005572
 1923                0.002589
 1926                0.007820
 1929                0.005684
 1932                0.001180
 1935                0.010986
 1938               -0.008580
 1941                0.003310
 1944                0.001340
 1947               -0.003322
 1950                0.011647
 1953               -0.000288
 1956                0.007300
 1959                0.000199
 1962               -0.002548
 1965               -0.002425
 1968                0.004568
 1971               -0.005231
 1974                0.005565
 1977                0.017235
 1980               -0.005836
 1983                0.003247
 1986               -0.001649
 1989                0.003758
 1992               -0.001661
 1995               -0.000324
 1998                0.006448
 2001                0.003536
 2004                0.001939
 2007                0.008494
 2010               -0.004352
 2013               -0.000181
 2016                0.005966
 2019                0.005658
 2022                0.003079
 2025               -0.007246
 2028               -0.005573
 2031                0.002364
 2034                0.000922
 2037                0.005693
 2040               -0.005192
 2043               -0.011432
 2046                0.001109
 2049               -0.006048
 2052                0.004526
 2055               -0.004804
 2058               -0.006722
 2061               -0.003496
 2064                0.006396
 2067               -0.015922
 2070                0.001228
 2073               -0.004318
 2076                0.017011
 2079               -0.000345
 2082                0.008784
 2085               -0.005068
 2088                0.015677
 2091                0.012917
 2094                0.010733
 2097                0.011743
 2100               -0.011820
 2103               -0.002964
 2106                0.011597
 2109                0.020373
 2112                0.003792
 2115                0.003231
 2118               -0.008347
 2121                0.004636
 2124                0.000977
 2127               -0.006690
 2130               -0.009483
 2133                0.030936
 2136                0.006148
 2139               -0.008016
 2142                0.004346
 2145               -0.004251
 2148                0.003440
 2151               -0.000346
 2154               -0.000906
 2157               -0.009623
 2160                0.002049
 2163                0.004692
 2166                0.001994
 2169               -0.004787
 2172                0.012994
 2175                0.017966
 2178               -0.007340
 2181               -0.000859
 2184               -0.006083
 2187                0.009655
 2190                0.005021
 2193                0.013532
 2196                0.009418
 2199               -0.004936
 2202                0.003023
 2205               -0.002948
 2208                0.014136
 2211                0.004697
 2214                0.014244
 2217                0.001762
 2220                0.004172
 2223               -0.005930
 2226                0.009242
 2229                0.002053
 2232                0.014044
 2235               -0.002034
 2238               -0.004839
 2241                0.003043
 2244               -0.002838
 2247                0.013458
 2250               -0.003901
 2253               -0.006295
 2256                0.007266
 2259                0.002674
 2262                0.005971
 2265               -0.005963
 2268               -0.013976
 2271               -0.017202
 2274               -0.015033
 2277                0.012110
 2280                0.006729
 2283               -0.005935
 2286                0.008170
 2289                0.000827
 2292                0.014308
 2295                0.014067
 2298                0.007131
 2301               -0.008891
 2304               -0.010320
 2307                0.009221
 2310                0.011383
 2313                0.006485
 2316                0.015328
 2319               -0.001023
 2322                0.004070
 2325                0.016337
 2328                0.006629
 2331                0.009019
 2334                0.010181
 2337                0.011345
 2340                0.010976
 2343               -0.010655
 2346                0.018869
 2349                0.001252
 2352                0.003793
 2355                0.014068
 2358                0.004930
 2361                0.004365
 2364                0.006914
 2367               -0.000594
 2370                0.005120
 2373                0.005109
 2376                0.016716
 2379                0.000831
 2382                0.001369
 2385                0.027583
 2388                0.000375
 2391                0.005697
 2394               -0.016395
 2397               -0.001946
