    0                1.000000
    3                0.661634
    6                0.414694
    9                0.407423
   12                0.351850
   15                0.466771
   18                0.474126
   21                0.476382
   24                0.589669
   27                0.564304
   30                0.582075
   33                0.528073
   36                0.548225
   39                0.551837
   42                0.554234
   45                0.562223
   48                0.572129
   51                0.529868
   54                0.530104
   57                0.634100
   60                0.615059
   63                0.601188
   66                0.648004
   69                0.581393
   72                0.570550
   75                0.569654
   78                0.503477
   81                0.500800
   84                0.457780
   87                0.433493
   90                0.399090
   93                0.413541
   96                0.405074
   99                0.465524
  102                0.450867
  105                0.424606
  108                0.480244
  111                0.454428
  114                0.499573
  117                0.486846
  120                0.494557
  123                0.499020
  126                0.499666
  129                0.463004
  132                0.519059
  135                0.512407
  138                0.495267
  141                0.507322
  144                0.457502
  147                0.453619
  150                0.508851
  153                0.539172
  156                0.461559
  159                0.396964
  162                0.404635
  165                0.385125
  168                0.413725
  171                0.397204
  174                0.356930
  177                0.391529
  180                0.397455
  183                0.365309
  186                0.378819
  189                0.379711
  192                0.348753
  195                0.365073
  198                0.338936
  201                0.373347
  204                0.354993
  207                0.329746
  210                0.310104
  213                0.303040
  216                0.317036
  219                0.289547
  222                0.295787
  225                0.267330
  228                0.289706
  231                0.255342
  234                0.245949
  237                0.235701
  240                0.238555
  243                0.227144
  246                0.189800
  249                0.194495
  252                0.200554
  255                0.169209
  258                0.172921
  261                0.163733
  264                0.100061
  267                0.115709
  270                0.065138
  273                0.093200
  276                0.054332
  279                0.054639
  282                0.044378
  285                0.021505
  288                0.026290
  291                0.041183
  294                0.042728
  297                0.025642
  300                0.015249
  303                0.003295
  306                0.012555
  309                0.024958
  312                0.035561
  315                0.027749
  318                0.034471
  321                0.047676
  324                0.054382
  327                0.075461
  330                0.094787
  333                0.085070
  336                0.080997
  339                0.104725
  342                0.107221
  345                0.087576
  348                0.093875
  351                0.123529
  354                0.098146
  357                0.118781
  360                0.100743
  363                0.123350
  366                0.109559
  369                0.119841
  372                0.099156
  375                0.110424
  378                0.107020
  381                0.104303
  384                0.077288
  387                0.074101
  390                0.098532
  393                0.053345
  396                0.065029
  399                0.037427
  402                0.052000
  405                0.062068
  408                0.031765
  411                0.008746
  414                0.025367
  417                0.003927
  420                0.016275
  423                0.017541
  426                0.020882
  429                0.035240
  432                0.021036
  435                0.019037
  438                0.041727
  441                0.044639
  444                0.059440
  447                0.027724
  450                0.070871
  453                0.064037
  456                0.051803
  459                0.067515
  462                0.059168
  465                0.063804
  468                0.043585
  471                0.072107
  474                0.074516
  477                0.063473
  480                0.069554
  483                0.061811
  486                0.057496
  489                0.061833
  492                0.069382
  495                0.046999
  498                0.038934
  501                0.028153
  504                0.040631
  507                0.013019
  510                0.038217
  513                0.021230
  516                0.021110
  519                0.020133
  522                0.010016
  525                0.015124
  528                0.017084
  531                0.028777
  534                0.000026
  537                0.025464
  540                0.020787
  543                0.042336
  546                0.044036
  549                0.036071
  552                0.055032
  555                0.025319
  558                0.043292
  561                0.040640
  564                0.051699
  567                0.047766
  570                0.054649
  573                0.044749
  576                0.039562
  579                0.029537
  582                0.009866
  585                0.026545
  588                0.007878
  591                0.012704
  594                0.035197
  597                0.039508
  600                0.012773
  603                0.031871
  606               -0.000147
  609                0.009365
  612                0.017570
  615                0.015047
  618                0.031218
  621                0.034083
  624                0.036787
  627                0.042622
  630                0.036392
  633                0.053613
  636                0.039695
  639                0.012659
  642                0.040031
  645                0.028518
  648                0.034383
  651                0.031733
  654                0.025944
  657                0.021459
  660                0.019305
  663                0.020119
  666                0.030195
  669                0.010638
  672                0.027014
  675                0.010727
  678                0.005117
  681                0.016314
  684                0.008539
  687                0.021337
  690                0.039480
  693                0.016424
  696                0.019539
  699                0.032343
  702                0.039823
  705                0.027839
  708                0.036412
  711                0.029666
  714                0.050061
  717                0.013255
  720                0.021831
  723                0.015411
  726                0.009509
  729                0.023200
  732                0.007672
  735                0.013831
  738                0.006581
  741                0.022249
  744                0.025231
  747                0.015782
  750                0.024906
  753                0.025302
  756                0.026399
  759                0.036935
  762                0.022801
  765                0.037708
  768                0.029444
  771                0.034840
  774                0.012330
  777                0.005613
  780                0.000874
  783                0.043890
  786                0.005537
  789                0.019518
  792                0.007319
  795                0.007962
  798                0.014542
  801                0.016332
  804                0.024414
  807                0.026995
  810                0.018451
  813                0.029327
  816                0.016821
  819                0.012604
  822                0.019860
  825                0.037458
  828                0.032822
  831                0.015026
  834                0.026066
  837                0.014780
  840                0.004525
  843                0.018786
  846                0.012152
  849                0.013165
  852                0.016836
  855                0.010509
  858                0.020003
  861                0.027834
  864                0.024568
  867                0.015527
  870                0.033892
  873                0.033522
  876                0.018684
  879                0.027331
  882                0.012834
  885                0.024453
  888                0.020519
  891                0.018096
  894                0.009784
  897                0.020829
  900                0.011326
  903                0.016711
  906                0.016985
  909                0.010831
  912                0.023167
  915                0.021399
  918                0.032367
  921                0.025085
  924                0.026146
  927                0.025513
  930                0.022699
  933                0.030603
  936                0.016931
  939                0.021604
  942                0.019281
  945                0.012601
  948                0.024087
  951                0.012702
  954                0.015867
  957                0.035344
  960                0.013751
  963                0.021552
  966                0.033912
  969                0.026241
  972                0.025714
  975                0.020342
  978                0.029775
  981                0.018624
  984                0.025192
  987                0.021749
  990                0.025052
  993                0.022449
  996                0.024056
  999                0.023143
 1002                0.042155
 1005                0.018859
 1008                0.031959
 1011                0.018885
 1014                0.017126
 1017                0.014808
 1020                0.031333
 1023                0.020047
 1026                0.025037
 1029                0.009148
 1032                0.028103
 1035                0.023715
 1038                0.023895
 1041                0.027260
 1044                0.021100
 1047                0.021259
 1050                0.036440
 1053                0.034916
 1056                0.027984
 1059                0.025875
 1062                0.022160
 1065                0.022102
 1068                0.019594
 1071                0.020915
 1074                0.018194
 1077                0.025915
 1080                0.036794
 1083                0.021567
 1086                0.014926
 1089                0.025140
 1092                0.024535
 1095                0.022664
 1098                0.024357
 1101                0.021620
 1104                0.033317
 1107                0.019771
 1110                0.012945
 1113                0.019334
 1116                0.016099
 1119                0.025536
 1122                0.026093
 1125                0.017932
 1128                0.034280
 1131                0.018842
 1134                0.019041
 1137                0.025066
 1140                0.015174
 1143                0.037758
 1146                0.028400
 1149                0.034407
 1152                0.030836
 1155                0.022010
 1158                0.015298
 1161                0.030209
 1164                0.023686
 1167                0.022659
 1170                0.024211
 1173                0.030640
 1176                0.034902
 1179                0.043198
 1182                0.029981
 1185                0.028207
 1188                0.029663
 1191                0.022992
 1194                0.033394
 1197                0.026069
 1200                0.027250
 1203                0.033518
 1206                0.024162
 1209                0.025848
 1212                0.031011
 1215                0.023215
 1218                0.039977
 1221                0.041731
 1224                0.032885
 1227                0.042223
 1230                0.035576
 1233                0.030116
 1236                0.050102
 1239                0.041439
 1242                0.027433
 1245                0.049942
 1248                0.048583
 1251                0.037505
 1254                0.038932
 1257                0.045962
 1260                0.039150
 1263                0.033810
 1266                0.042061
 1269                0.028382
 1272                0.046700
 1275                0.049535
 1278                0.045171
 1281                0.042628
 1284                0.048960
 1287                0.036413
 1290                0.037370
 1293                0.050327
 1296                0.045200
 1299                0.038876
 1302                0.050199
 1305                0.041216
 1308                0.035827
 1311                0.042317
 1314                0.041507
 1317                0.033792
 1320                0.043504
 1323                0.039718
 1326                0.028629
 1329                0.029720
 1332                0.041631
 1335                0.040066
 1338                0.041294
 1341                0.040916
 1344                0.039328
 1347                0.032431
 1350                0.056755
 1353                0.054578
 1356                0.032532
 1359                0.039613
 1362                0.037335
 1365                0.046566
 1368                0.041489
 1371                0.051502
 1374                0.038888
 1377                0.039210
 1380                0.039603
 1383                0.044554
 1386                0.038869
 1389                0.037903
 1392                0.042274
 1395                0.041961
 1398                0.046134
 1401                0.037976
 1404                0.032538
 1407                0.040923
 1410                0.036390
 1413                0.033511
 1416                0.027662
 1419                0.036363
 1422                0.025444
 1425                0.024161
 1428                0.030381
 1431                0.038393
 1434                0.030134
 1437                0.016379
 1440                0.021249
 1443                0.027302
 1446                0.036488
 1449                0.023272
 1452                0.027637
 1455                0.017837
 1458                0.025198
 1461                0.025833
 1464                0.022020
 1467                0.029248
 1470                0.026751
 1473                0.029857
 1476                0.018540
 1479                0.020249
 1482                0.024631
 1485                0.026510
 1488                0.019748
 1491                0.020781
 1494                0.022198
 1497                0.018242
 1500                0.014957
 1503                0.020387
 1506                0.018215
 1509                0.019020
 1512                0.014850
 1515                0.007384
 1518                0.016797
 1521                0.009347
 1524                0.019027
 1527                0.007579
 1530                0.017836
 1533               -0.000541
 1536                0.014764
 1539                0.007107
 1542                0.007788
 1545                0.015235
 1548                0.009628
 1551                0.021504
 1554               -0.003149
 1557                0.005696
 1560                0.002720
 1563                0.019205
 1566                0.013769
 1569                0.002428
 1572                0.009502
 1575                0.010093
 1578                0.014639
 1581                0.013762
 1584                0.018120
 1587                0.015036
 1590               -0.000037
 1593                0.010912
 1596                0.011776
 1599                0.012973
 1602                0.002589
 1605               -0.000035
 1608                0.008846
 1611                0.004642
 1614                0.004109
 1617                0.006428
 1620                0.012120
 1623                0.007623
 1626                0.020403
 1629                0.003327
 1632                0.004642
 1635                0.009926
 1638                0.009496
 1641                0.001728
 1644                0.011101
 1647                0.010851
 1650                0.011864
 1653                0.007448
 1656                0.011086
 1659               -0.000284
 1662                0.005250
 1665               -0.001140
 1668                0.002200
 1671                0.002332
 1674                0.016248
 1677                0.005534
 1680                0.004682
 1683                0.002235
 1686               -0.000212
 1689               -0.001605
 1692                0.000449
 1695                0.003048
 1698               -0.004168
 1701               -0.005617
 1704                0.004908
 1707                0.007052
 1710                0.013381
 1713                0.002902
 1716                0.012716
 1719                0.003074
 1722               -0.001513
 1725               -0.000142
 1728                0.004375
 1731                0.008725
 1734                0.003147
 1737                0.003611
 1740               -0.001031
 1743                0.010582
 1746                0.007029
 1749               -0.001264
 1752               -0.002864
 1755                0.015078
 1758                0.001898
 1761                0.000160
 1764                0.010854
 1767                0.010430
 1770                0.006775
 1773                0.001965
 1776                0.005208
 1779               -0.001096
 1782               -0.003603
 1785                0.003729
 1788                0.011630
 1791                0.009388
 1794                0.001313
 1797                0.002288
 1800                0.001036
 1803                0.012414
 1806               -0.005142
 1809                0.016462
 1812               -0.001175
 1815                0.010651
 1818                0.010810
 1821                0.009032
 1824               -0.000056
 1827                0.006143
 1830               -0.000283
 1833               -0.005957
 1836                0.009808
 1839                0.002578
 1842               -0.004018
 1845                0.003820
 1848                0.002771
 1851               -0.006514
 1854               -0.003877
 1857               -0.001538
 1860                0.005443
 1863                0.001724
 1866                0.001871
 1869                0.005972
 1872                0.001522
 1875                0.001154
 1878               -0.004035
 1881                0.002778
 1884                0.007491
 1887               -0.002623
 1890                0.008395
 1893               -0.007093
 1896               -0.001832
 1899                0.004282
 1902               -0.000748
 1905                0.004623
 1908                0.008926
 1911               -0.007405
 1914               -0.000605
 1917                0.002385
 1920                0.007664
 1923               -0.004695
 1926                0.014205
 1929               -0.005750
 1932               -0.004497
 1935                0.012281
 1938               -0.000588
 1941               -0.002861
 1944                0.000781
 1947               -0.008204
 1950                0.012985
 1953               -0.001990
 1956               -0.007869
 1959               -0.001477
 1962                0.003436
 1965                0.002744
 1968                0.000735
 1971                0.004563
 1974                0.000127
 1977                0.011897
 1980                0.010840
 1983               -0.005542
 1986                0.002028
 1989               -0.005577
 1992               -0.003393
 1995                0.005031
 1998                0.002036
 2001                0.000411
 2004                0.005639
 2007                0.018405
 2010               -0.007430
 2013                0.009470
 2016                0.014914
 2019               -0.005872
 2022               -0.012164
 2025                0.000643
 2028               -0.003090
 2031               -0.003708
 2034                0.004957
 2037                0.000389
 2040                0.000587
 2043               -0.002589
 2046               -0.012635
 2049                0.008182
 2052                0.000795
 2055                0.014618
 2058               -0.002584
 2061               -0.005224
 2064               -0.013448
 2067                0.001643
 2070               -0.005764
 2073               -0.004931
 2076                0.004441
 2079               -0.017352
 2082               -0.007175
 2085                0.000580
 2088               -0.000269
 2091                0.004051
 2094                0.003023
 2097                0.012515
 2100               -0.007086
 2103               -0.008531
 2106                0.003139
 2109               -0.004911
 2112               -0.012084
 2115                0.001034
 2118                0.017546
 2121                0.012574
 2124               -0.000531
 2127               -0.004129
 2130               -0.007122
 2133                0.026497
 2136                0.004281
 2139               -0.001121
 2142               -0.011835
 2145                0.012868
 2148               -0.010077
 2151                0.008806
 2154                0.006242
 2157               -0.011448
 2160               -0.001839
 2163               -0.006050
 2166               -0.007655
 2169               -0.008245
 2172                0.017032
 2175               -0.015576
 2178               -0.007362
 2181                0.008620
 2184               -0.007397
 2187               -0.000581
 2190                0.006980
 2193               -0.012311
 2196               -0.000015
 2199                0.007352
 2202                0.009893
 2205               -0.007208
 2208               -0.007387
 2211                0.008134
 2214                0.010270
 2217                0.012510
 2220               -0.015215
 2223                0.002472
 2226               -0.001477
 2229               -0.006255
 2232               -0.001824
 2235               -0.002410
 2238                0.003052
 2241               -0.006622
 2244                0.004088
 2247                0.011955
 2250               -0.002185
 2253               -0.007328
 2256               -0.010334
 2259               -0.014934
 2262                0.005769
 2265               -0.004673
 2268                0.004171
 2271               -0.007601
 2274               -0.009990
 2277               -0.026342
 2280                0.005383
 2283                0.014251
 2286               -0.000093
 2289               -0.006647
 2292                0.000321
 2295                0.013827
 2298                0.006038
 2301               -0.009583
 2304               -0.003122
 2307               -0.005099
 2310                0.001536
 2313               -0.003014
 2316                0.005954
 2319               -0.003100
 2322                0.017916
 2325                0.010732
 2328               -0.002517
 2331               -0.003068
 2334               -0.003317
 2337                0.004210
 2340               -0.000125
 2343                0.001841
 2346               -0.009844
 2349               -0.011067
 2352               -0.001638
 2355                0.000532
 2358                0.005132
 2361                0.002572
 2364               -0.015461
 2367               -0.016662
 2370                0.020424
 2373               -0.005698
 2376               -0.010730
 2379                0.006277
 2382               -0.006099
 2385               -0.003874
 2388                0.000369
 2391               -0.015379
 2394                0.021518
 2397               -0.005113
