    0                1.000000
    3                0.170854
    6                0.137849
    9                0.324910
   12                0.406691
   15                0.559787
   18                0.660571
   21                0.632879
   24                0.612090
   27                0.538990
   30                0.444554
   33                0.455942
   36                0.456372
   39                0.481076
   42                0.458263
   45                0.430635
   48                0.413341
   51                0.487073
   54                0.449880
   57                0.440576
   60                0.447582
   63                0.430021
   66                0.498137
   69                0.451047
   72                0.477511
   75                0.454622
   78                0.416965
   81                0.417243
   84                0.439688
   87                0.426151
   90                0.424961
   93                0.447983
   96                0.463589
   99                0.449252
  102                0.454780
  105                0.467972
  108                0.437485
  111                0.501272
  114                0.456248
  117                0.471771
  120                0.509821
  123                0.499197
  126                0.503490
  129                0.510280
  132                0.491692
  135                0.511490
  138                0.524727
  141                0.537993
  144                0.495669
  147                0.512484
  150                0.515916
  153                0.527728
  156                0.531830
  159                0.513341
  162                0.539774
  165                0.501904
  168                0.511196
  171                0.514252
  174                0.521468
  177                0.486474
  180                0.522100
  183                0.469498
  186                0.469441
  189                0.455109
  192                0.429318
  195                0.448692
  198                0.447047
  201                0.418841
  204                0.427007
  207                0.383202
  210                0.387301
  213                0.348812
  216                0.320650
  219                0.289830
  222                0.313991
  225                0.275617
  228                0.249426
  231                0.238862
  234                0.203955
  237                0.184352
  240                0.135676
  243                0.120863
  246                0.108129
  249                0.071940
  252                0.067121
  255                0.039797
  258                0.038351
  261                0.012009
  264                0.022807
  267                0.024764
  270                0.040455
  273                0.039248
  276                0.058541
  279                0.052886
  282                0.111079
  285                0.098000
  288                0.130342
  291                0.153170
  294                0.178382
  297                0.171694
  300                0.181405
  303                0.191595
  306                0.229894
  309                0.209428
  312                0.242672
  315                0.229168
  318                0.205885
  321                0.248705
  324                0.254323
  327                0.240480
  330                0.227694
  333                0.211105
  336                0.258306
  339                0.197333
  342                0.188459
  345                0.141706
  348                0.174518
  351                0.109916
  354                0.105656
  357                0.086527
  360                0.059561
  363                0.074887
  366                0.036444
  369                0.003987
  372                0.002131
  375                0.031962
  378                0.007645
  381                0.024946
  384                0.027016
  387                0.065420
  390                0.065776
  393                0.070193
  396                0.098855
  399                0.128967
  402                0.137840
  405                0.145995
  408                0.138314
  411                0.176146
  414                0.165133
  417                0.188558
  420                0.148029
  423                0.168011
  426                0.165086
  429                0.145744
  432                0.137007
  435                0.101132
  438                0.097813
  441                0.089557
  444                0.066823
  447                0.036994
  450                0.036197
  453                0.007021
  456               -0.000951
  459               -0.002368
  462                0.001519
  465                0.022640
  468                0.029312
  471                0.039572
  474                0.044981
  477                0.069428
  480                0.087938
  483                0.112079
  486                0.109955
  489                0.119709
  492                0.143463
  495                0.138070
  498                0.122394
  501                0.136280
  504                0.114996
  507                0.119287
  510                0.090592
  513                0.084199
  516                0.067900
  519                0.041831
  522                0.037213
  525               -0.000207
  528                0.006161
  531               -0.001049
  534               -0.001160
  537                0.016739
  540                0.009604
  543                0.039840
  546                0.061477
  549                0.076723
  552                0.101295
  555                0.097207
  558                0.108555
  561                0.114829
  564                0.117323
  567                0.114505
  570                0.104241
  573                0.090575
  576                0.089739
  579                0.059703
  582                0.039575
  585                0.037912
  588                0.019711
  591                0.036498
  594                0.018760
  597                0.009613
  600                0.019514
  603                0.015134
  606                0.040726
  609                0.050666
  612                0.071356
  615                0.070132
  618                0.088318
  621                0.080768
  624                0.085322
  627                0.088575
  630                0.072714
  633                0.071708
  636                0.055848
  639                0.061183
  642                0.034982
  645                0.020289
  648               -0.011793
  651                0.007731
  654                0.000150
  657                0.014122
  660                0.029650
  663                0.023847
  666                0.040455
  669                0.055409
  672                0.082655
  675                0.072163
  678                0.072357
  681                0.071018
  684                0.096521
  687                0.059284
  690                0.041165
  693                0.034253
  696                0.030647
  699                0.006899
  702                0.013652
  705                0.004527
  708                0.021254
  711                0.014544
  714                0.024953
  717                0.026197
  720                0.050899
  723                0.084262
  726                0.086014
  729                0.086689
  732                0.071965
  735                0.068727
  738                0.064018
  741                0.027133
  744                0.039596
  747                0.035035
  750                0.009577
  753                0.001069
  756                0.009403
  759                0.009392
  762                0.028690
  765                0.035082
  768                0.044378
  771                0.059453
  774                0.066489
  777                0.064777
  780                0.060324
  783                0.060421
  786                0.044553
  789                0.025053
  792                0.021530
  795                0.016034
  798                0.003998
  801               -0.004783
  804                0.024106
  807                0.031399
  810                0.036526
  813                0.052134
  816                0.053450
  819                0.059410
  822                0.071253
  825                0.073678
  828                0.066491
  831                0.049479
  834                0.037428
  837                0.014056
  840                0.006991
  843               -0.008037
  846                0.009212
  849                0.017969
  852                0.034804
  855                0.046710
  858                0.063047
  861                0.061086
  864                0.077927
  867                0.071080
  870                0.052402
  873                0.037314
  876                0.026651
  879                0.009462
  882                0.005792
  885                0.006045
  888                0.011974
  891                0.019185
  894                0.034233
  897                0.046131
  900                0.046190
  903                0.069899
  906                0.082719
  909                0.067096
  912                0.046816
  915                0.054468
  918                0.046565
  921                0.011314
  924                0.019333
  927                0.011237
  930                0.017183
  933                0.033712
  936                0.050565
  939                0.070169
  942                0.062406
  945                0.069287
  948                0.071932
  951                0.053241
  954                0.043459
  957                0.015500
  960                0.019885
  963                0.007137
  966                0.020553
  969                0.017573
  972                0.044847
  975                0.028481
  978                0.057367
  981                0.063625
  984                0.063878
  987                0.039468
  990                0.037776
  993                0.017101
  996                0.006853
  999                0.008156
 1002                0.002395
 1005                0.009863
 1008                0.032918
 1011                0.039082
 1014                0.053735
 1017                0.079301
 1020                0.051622
 1023                0.048733
 1026                0.030098
 1029                0.035919
 1032                0.021670
 1035                0.000255
 1038                0.002025
 1041                0.031202
 1044                0.037796
 1047                0.041645
 1050                0.063942
 1053                0.053126
 1056                0.054763
 1059                0.045438
 1062                0.037027
 1065                0.031128
 1068                0.004644
 1071               -0.002464
 1074                0.014545
 1077                0.028297
 1080                0.032422
 1083                0.055732
 1086                0.050763
 1089                0.046428
 1092                0.055614
 1095                0.026242
 1098                0.017339
 1101                0.001722
 1104                0.011501
 1107                0.021287
 1110                0.023240
 1113                0.033184
 1116                0.053947
 1119                0.049745
 1122                0.046998
 1125                0.037325
 1128                0.036118
 1131                0.016936
 1134                0.016533
 1137                0.011919
 1140                0.027103
 1143                0.036231
 1146                0.044686
 1149                0.052764
 1152                0.051735
 1155                0.050434
 1158                0.036043
 1161                0.019705
 1164                0.015326
 1167                0.019565
 1170                0.006721
 1173                0.020838
 1176                0.045393
 1179                0.052399
 1182                0.052144
 1185                0.048488
 1188                0.043994
 1191                0.030019
 1194                0.020691
 1197                0.012445
 1200                0.018299
 1203                0.016956
 1206                0.027578
 1209                0.038827
 1212                0.045935
 1215                0.060254
 1218                0.046064
 1221                0.038306
 1224                0.024373
 1227                0.028154
 1230                0.006165
 1233                0.030289
 1236                0.041327
 1239                0.054125
 1242                0.037218
 1245                0.044071
 1248                0.037585
 1251                0.034016
 1254                0.019121
 1257                0.012374
 1260                0.024803
 1263                0.013304
 1266                0.032109
 1269                0.039440
 1272                0.047319
 1275                0.041078
 1278                0.044294
 1281                0.029430
 1284                0.015252
 1287                0.006937
 1290                0.027717
 1293                0.026849
 1296                0.049472
 1299                0.046340
 1302                0.040812
 1305                0.036523
 1308                0.034278
 1311                0.029742
 1314                0.011264
 1317                0.018693
 1320                0.025327
 1323                0.038649
 1326                0.048654
 1329                0.036654
 1332                0.030150
 1335                0.032128
 1338                0.026324
 1341                0.014788
 1344                0.006345
 1347                0.019404
 1350                0.030155
 1353                0.045353
 1356                0.033413
 1359                0.031029
 1362                0.029242
 1365                0.032447
 1368                0.013891
 1371                0.008639
 1374                0.027450
 1377                0.024314
 1380                0.036774
 1383                0.035468
 1386                0.043022
 1389                0.022954
 1392                0.030190
 1395                0.006072
 1398                0.016660
 1401                0.016781
 1404                0.034891
 1407                0.021155
 1410                0.036473
 1413                0.013196
 1416                0.018489
 1419                0.015662
 1422                0.016727
 1425                0.008303
 1428                0.026145
 1431                0.025956
 1434                0.026548
 1437                0.030127
 1440                0.023303
 1443                0.018002
 1446                0.018862
 1449                0.012901
 1452                0.010470
 1455                0.013752
 1458                0.029127
 1461                0.011071
 1464                0.030925
 1467                0.014624
 1470                0.008632
 1473                0.007503
 1476                0.002253
 1479                0.010149
 1482                0.013861
 1485                0.012442
 1488                0.012839
 1491                0.022156
 1494                0.019506
 1497                0.002199
