    0                1.000000
    3                0.157828
    6                0.270334
    9                0.361227
   12                0.511011
   15                0.592817
   18                0.612304
   21                0.604072
   24                0.583851
   27                0.542384
   30                0.468961
   33                0.482606
   36                0.490362
   39                0.426361
   42                0.380133
   45                0.420046
   48                0.425143
   51                0.415518
   54                0.410559
   57                0.419201
   60                0.460968
   63                0.481506
   66                0.461195
   69                0.459888
   72                0.415418
   75                0.434849
   78                0.451514
   81                0.379728
   84                0.429878
   87                0.422047
   90                0.403375
   93                0.413893
   96                0.445626
   99                0.426193
  102                0.466521
  105                0.478877
  108                0.445542
  111                0.450571
  114                0.466018
  117                0.481636
  120                0.489736
  123                0.506942
  126                0.505711
  129                0.483298
  132                0.514304
  135                0.498177
  138                0.503867
  141                0.529365
  144                0.507870
  147                0.518142
  150                0.529950
  153                0.525995
  156                0.537898
  159                0.528317
  162                0.498978
  165                0.513119
  168                0.499449
  171                0.497521
  174                0.498574
  177                0.488268
  180                0.512647
  183                0.474155
  186                0.446556
  189                0.452929
  192                0.472667
  195                0.453481
  198                0.417640
  201                0.402035
  204                0.393397
  207                0.357909
  210                0.345905
  213                0.343814
  216                0.304099
  219                0.296672
  222                0.252700
  225                0.260335
  228                0.235283
  231                0.199099
  234                0.168073
  237                0.122821
  240                0.115094
  243                0.109709
  246                0.072193
  249                0.060129
  252                0.017147
  255                0.046687
  258                0.008182
  261                0.024462
  264                0.029300
  267                0.064458
  270                0.066255
  273                0.056309
  276                0.081079
  279                0.082802
  282                0.132412
  285                0.141218
  288                0.158658
  291                0.181270
  294                0.186745
  297                0.204157
  300                0.225542
  303                0.246072
  306                0.208554
  309                0.232626
  312                0.242939
  315                0.245862
  318                0.260317
  321                0.241220
  324                0.225455
  327                0.228593
  330                0.228681
  333                0.206792
  336                0.166485
  339                0.174372
  342                0.156128
  345                0.141505
  348                0.110752
  351                0.099639
  354                0.089573
  357                0.053699
  360                0.034935
  363                0.042046
  366                0.015218
  369                0.021009
  372                0.006947
  375                0.027005
  378                0.034692
  381                0.060808
  384                0.086685
  387                0.104458
  390                0.112125
  393                0.118677
  396                0.133627
  399                0.148641
  402                0.169723
  405                0.172297
  408                0.183444
  411                0.182483
  414                0.165281
  417                0.167477
  420                0.175183
  423                0.142321
  426                0.120060
  429                0.127518
  432                0.111697
  435                0.104916
  438                0.065908
  441                0.065225
  444                0.048933
  447                0.046547
  450                0.022414
  453                0.006842
  456                0.007562
  459                0.028355
  462                0.047349
  465                0.057645
  468                0.073815
  471                0.098123
  474                0.107594
  477                0.120425
  480                0.125187
  483                0.136549
  486                0.135586
  489                0.153692
  492                0.110519
  495                0.129965
  498                0.120582
  501                0.117656
  504                0.087742
  507                0.074761
  510                0.058334
  513                0.045731
  516                0.043024
  519                0.022094
  522                0.034081
  525                0.035938
  528                0.030211
  531                0.059698
  534                0.045491
  537                0.063711
  540                0.069986
  543                0.093738
  546                0.101147
  549                0.113573
  552                0.111158
  555                0.114322
  558                0.098746
  561                0.099590
  564                0.076845
  567                0.070286
  570                0.071451
  573                0.066705
  576                0.038436
  579                0.036367
  582                0.040572
  585                0.022922
  588                0.028782
  591                0.034669
  594                0.049607
  597                0.058726
  600                0.055985
  603                0.065145
  606                0.083796
  609                0.086073
  612                0.080519
  615                0.093949
  618                0.079865
  621                0.073938
  624                0.059368
  627                0.060984
  630                0.047914
  633                0.041052
  636                0.024837
  639                0.039770
  642                0.035286
  645                0.030488
  648                0.054383
  651                0.052852
  654                0.031128
  657                0.052581
  660                0.068941
  663                0.058052
  666                0.071945
  669                0.086812
  672                0.068991
  675                0.061211
  678                0.058053
  681                0.051221
  684                0.041940
  687                0.039241
  690                0.024447
  693                0.032796
  696                0.040291
  699                0.039526
  702                0.045779
  705                0.056220
  708                0.046164
  711                0.047575
  714                0.061212
  717                0.059892
  720                0.057634
  723                0.061154
  726                0.059320
  729                0.045654
  732                0.045128
  735                0.037440
  738                0.041425
  741                0.030485
  744                0.025600
  747                0.036756
  750                0.052166
  753                0.054727
  756                0.042154
  759                0.048473
  762                0.049420
  765                0.047557
  768                0.031663
  771                0.036815
  774                0.048170
  777                0.052352
  780                0.025062
  783                0.026165
  786                0.036978
  789                0.048441
  792                0.022676
  795                0.046047
  798                0.056567
  801                0.041385
  804                0.043663
  807                0.048198
  810                0.043549
  813                0.053014
  816                0.038111
  819                0.048926
  822                0.054034
  825                0.043407
  828                0.050019
  831                0.042969
  834                0.049053
  837                0.036380
  840                0.048083
  843                0.036834
  846                0.052221
  849                0.038111
  852                0.039407
  855                0.041523
  858                0.039140
  861                0.041615
  864                0.040942
  867                0.058916
  870                0.051299
  873                0.037086
  876                0.039009
  879                0.057565
  882                0.040276
  885                0.044162
  888                0.027147
  891                0.048886
  894                0.048479
  897                0.039533
  900                0.039424
  903                0.048455
  906                0.044340
  909                0.044136
  912                0.050301
  915                0.040450
  918                0.043498
  921                0.025157
  924                0.024081
  927                0.018849
  930                0.040760
  933                0.031491
  936                0.035986
  939                0.043573
  942                0.036280
  945                0.049865
  948                0.050585
  951                0.061631
  954                0.040728
  957                0.028250
  960                0.017971
  963                0.026469
  966                0.032963
  969                0.047673
  972                0.043564
  975                0.030600
  978                0.045927
  981                0.061762
  984                0.052195
  987                0.042780
  990                0.046254
  993                0.039126
  996                0.043384
  999                0.031620
 1002                0.024283
 1005                0.025796
 1008                0.033976
 1011                0.038756
 1014                0.057967
 1017                0.048372
 1020                0.054307
 1023                0.044729
 1026                0.048667
 1029                0.041474
 1032                0.034991
 1035                0.028511
 1038                0.035707
 1041                0.051683
 1044                0.045509
 1047                0.043513
 1050                0.054766
 1053                0.055650
 1056                0.037639
 1059                0.040704
 1062                0.029655
 1065                0.033639
 1068                0.033221
 1071                0.023975
 1074                0.035276
 1077                0.042442
 1080                0.045099
 1083                0.055869
 1086                0.039348
 1089                0.047552
 1092                0.054381
 1095                0.043290
 1098                0.032367
 1101                0.038474
 1104                0.025741
 1107                0.041601
 1110                0.043720
 1113                0.037251
 1116                0.042378
 1119                0.051491
 1122                0.035372
 1125                0.040508
 1128                0.030295
 1131                0.025591
 1134                0.029167
 1137                0.029636
 1140                0.039162
 1143                0.043065
 1146                0.052419
 1149                0.052674
 1152                0.040921
 1155                0.045615
 1158                0.035648
 1161                0.024046
 1164                0.019620
 1167                0.025464
 1170                0.034065
 1173                0.034730
 1176                0.056537
 1179                0.039261
 1182                0.038867
 1185                0.024754
 1188                0.027146
 1191                0.042878
 1194                0.040135
 1197                0.033349
 1200                0.041625
 1203                0.047108
 1206                0.049688
 1209                0.054232
 1212                0.032168
 1215                0.039561
 1218                0.035496
 1221                0.025565
 1224                0.030367
 1227                0.024906
 1230                0.032054
 1233                0.031280
 1236                0.037830
 1239                0.035969
 1242                0.040931
 1245                0.044750
 1248                0.036821
 1251                0.030478
 1254                0.029587
 1257                0.045491
 1260                0.039064
 1263                0.027266
 1266                0.038856
 1269                0.036438
 1272                0.032240
 1275                0.036653
 1278                0.031984
 1281                0.034781
 1284                0.043572
 1287                0.026294
 1290                0.025537
 1293                0.024327
 1296                0.034443
 1299                0.032723
 1302                0.037259
 1305                0.046661
 1308                0.031335
 1311                0.038399
 1314                0.025596
 1317                0.009789
 1320                0.034961
 1323                0.033942
 1326                0.029345
 1329                0.042123
 1332                0.035652
 1335                0.029016
 1338                0.025579
 1341                0.022155
 1344                0.016791
 1347                0.028260
 1350                0.029798
 1353                0.036261
 1356                0.015421
 1359                0.033432
 1362                0.040313
 1365                0.022782
 1368                0.036766
 1371                0.033631
 1374                0.011423
 1377                0.022693
 1380                0.030614
 1383                0.024598
 1386                0.027998
 1389                0.024088
 1392                0.022240
 1395                0.030118
 1398                0.018135
 1401                0.024312
 1404                0.022870
 1407                0.024282
 1410                0.032740
 1413                0.030265
 1416                0.016670
 1419                0.022711
 1422                0.031673
 1425                0.018424
 1428                0.027814
 1431                0.025848
 1434                0.020147
 1437                0.024340
 1440                0.018467
 1443                0.017991
 1446                0.017432
 1449                0.008181
 1452                0.011438
 1455                0.012332
 1458                0.016018
 1461                0.008702
 1464                0.021449
 1467                0.016340
 1470                0.026484
 1473                0.002003
 1476                0.008041
 1479                0.018663
 1482                0.017967
 1485                0.017587
 1488                0.026680
 1491                0.022069
 1494                0.015648
 1497                0.025430
