    0                1.000000
    3                0.304263
    6                0.189965
    9                0.305830
   12                0.436542
   15                0.604235
   18                0.632217
   21                0.619181
   24                0.592778
   27                0.530805
   30                0.476911
   33                0.439785
   36                0.493599
   39                0.445079
   42                0.442480
   45                0.460013
   48                0.437178
   51                0.450488
   54                0.471219
   57                0.414204
   60                0.463776
   63                0.429149
   66                0.428918
   69                0.451959
   72                0.458132
   75                0.441187
   78                0.423210
   81                0.420186
   84                0.432026
   87                0.453940
   90                0.386994
   93                0.462324
   96                0.441033
   99                0.434335
  102                0.450428
  105                0.469888
  108                0.455526
  111                0.460308
  114                0.464638
  117                0.468240
  120                0.487482
  123                0.493698
  126                0.503396
  129                0.498669
  132                0.506513
  135                0.494487
  138                0.538737
  141                0.513472
  144                0.508153
  147                0.501103
  150                0.529579
  153                0.538711
  156                0.513426
  159                0.510626
  162                0.504723
  165                0.514759
  168                0.506313
  171                0.488034
  174                0.499940
  177                0.513773
  180                0.466473
  183                0.494854
  186                0.461778
  189                0.451152
  192                0.429196
  195                0.442202
  198                0.420144
  201                0.393547
  204                0.383501
  207                0.359519
  210                0.360576
  213                0.335869
  216                0.307229
  219                0.289323
  222                0.269964
  225                0.203768
  228                0.223916
  231                0.189272
  234                0.160227
  237                0.120448
  240                0.135066
  243                0.065859
  246                0.083616
  249                0.045486
  252                0.020280
  255                0.032686
  258                0.008243
  261                0.033813
  264                0.026386
  267                0.031660
  270                0.025773
  273                0.064993
  276                0.083886
  279                0.096321
  282                0.125666
  285                0.121066
  288                0.157462
  291                0.191727
  294                0.180832
  297                0.165049
  300                0.214771
  303                0.196153
  306                0.209788
  309                0.223901
  312                0.238059
  315                0.245981
  318                0.234281
  321                0.219926
  324                0.222305
  327                0.204679
  330                0.194763
  333                0.199677
  336                0.189779
  339                0.155299
  342                0.129374
  345                0.106668
  348                0.096590
  351                0.068601
  354                0.070074
  357                0.076035
  360                0.019138
  363                0.044797
  366                0.015447
  369                0.016682
  372                0.020995
  375                0.033726
  378                0.060253
  381                0.055723
  384                0.063314
  387                0.083874
  390                0.109201
  393                0.107178
  396                0.136379
  399                0.127432
  402                0.133258
  405                0.149834
  408                0.158309
  411                0.183816
  414                0.163759
  417                0.160214
  420                0.136864
  423                0.127598
  426                0.106538
  429                0.102614
  432                0.079029
  435                0.057659
  438                0.046295
  441                0.050046
  444                0.029252
  447                0.011550
  450                0.005866
  453                0.005820
  456                0.034919
  459                0.007719
  462                0.050182
  465                0.053973
  468                0.069385
  471                0.091109
  474                0.091997
  477                0.106294
  480                0.104441
  483                0.102955
  486                0.118323
  489                0.129157
  492                0.093834
  495                0.100315
  498                0.101031
  501                0.101432
  504                0.084033
  507                0.078386
  510                0.037674
  513                0.033619
  516                0.032931
  519                0.024737
  522                0.015388
  525                0.019490
  528                0.035353
  531                0.040580
  534                0.051635
  537                0.057570
  540                0.062316
  543                0.076995
  546                0.072240
  549                0.074572
  552                0.103266
  555                0.092142
  558                0.095517
  561                0.072484
  564                0.061784
  567                0.070118
  570                0.053513
  573                0.057185
  576                0.034979
  579                0.033042
  582                0.033647
  585                0.033418
  588                0.031804
  591                0.025983
  594                0.021158
  597                0.052662
  600                0.045827
  603                0.049131
  606                0.067773
  609                0.076242
  612                0.070086
  615                0.069857
  618                0.061019
  621                0.065829
  624                0.053203
  627                0.037188
  630                0.017987
  633                0.025069
  636                0.013876
  639                0.033440
  642                0.034048
  645                0.027384
  648                0.036766
  651                0.039597
  654                0.039354
  657                0.047205
  660                0.055401
  663                0.064469
  666                0.065621
  669                0.048494
  672                0.038701
  675                0.060505
  678                0.044496
  681                0.028267
  684                0.043381
  687                0.016263
  690                0.035948
  693                0.030483
  696                0.048622
  699                0.030461
  702                0.032465
  705                0.036556
  708                0.044665
  711                0.048860
  714                0.044211
  717                0.054102
  720                0.050411
  723                0.040868
  726                0.026514
  729                0.026990
  732                0.027533
  735                0.018925
  738                0.026819
  741                0.037342
  744                0.028872
  747                0.047065
  750                0.037685
  753                0.046139
  756                0.052635
  759                0.040636
  762                0.043210
  765                0.049334
  768                0.037740
  771                0.024201
  774                0.031289
  777                0.032035
  780                0.033209
  783                0.039071
  786                0.032972
  789                0.044639
  792                0.033821
  795                0.048452
  798                0.037717
  801                0.044180
  804                0.038753
  807                0.048699
  810                0.030931
  813                0.032153
  816                0.028329
  819                0.032651
  822                0.046065
  825                0.042167
  828                0.027327
  831                0.029590
  834                0.053548
  837                0.048668
  840                0.042036
  843                0.028751
  846                0.031896
  849                0.036140
  852                0.034459
  855                0.036914
  858                0.030249
  861                0.037609
  864                0.045826
  867                0.051065
  870                0.026323
  873                0.032608
  876                0.032856
  879                0.049561
  882                0.039200
  885                0.028226
  888                0.015094
  891                0.032216
  894                0.029858
  897                0.026538
  900                0.031560
  903                0.026921
  906                0.039491
  909                0.051736
  912                0.046646
  915                0.033729
  918                0.040327
  921                0.011401
  924                0.013710
  927                0.027619
  930                0.031991
  933                0.023469
  936                0.030005
  939                0.031435
  942                0.041622
  945                0.029748
  948                0.040059
  951                0.041462
  954                0.034242
  957                0.024312
  960                0.012325
  963                0.014120
  966                0.023122
  969                0.036127
  972                0.034253
  975                0.037330
  978                0.049622
  981                0.047667
  984                0.054025
  987                0.041130
  990                0.027448
  993                0.018908
  996                0.025195
  999                0.023301
 1002                0.008708
 1005                0.032700
 1008                0.012563
 1011                0.032421
 1014                0.036493
 1017                0.050330
 1020                0.042909
 1023                0.027825
 1026                0.035932
 1029                0.030013
 1032                0.020383
 1035                0.019043
 1038                0.020900
 1041                0.019366
 1044                0.045749
 1047                0.033479
 1050                0.038901
 1053                0.030378
 1056                0.028703
 1059                0.038630
 1062                0.036361
 1065                0.025714
 1068                0.013044
 1071                0.024440
 1074                0.024229
 1077                0.037433
 1080                0.029772
 1083                0.037110
 1086                0.032661
 1089                0.029008
 1092                0.024913
 1095                0.022440
 1098                0.017394
 1101                0.016532
 1104                0.021351
 1107                0.032905
 1110                0.036622
 1113                0.033933
 1116                0.040575
 1119                0.037711
 1122                0.027389
 1125                0.026307
 1128                0.023202
 1131                0.016509
 1134                0.021390
 1137                0.026535
 1140                0.032818
 1143                0.038120
 1146                0.039147
 1149                0.038256
 1152                0.049238
 1155                0.019119
 1158                0.033689
 1161                0.020275
 1164                0.026151
 1167                0.027601
 1170                0.036669
 1173                0.023911
 1176                0.035340
 1179                0.021383
 1182                0.035013
 1185                0.037891
 1188                0.013756
 1191                0.025266
 1194                0.030655
 1197                0.009486
 1200                0.038107
 1203                0.034921
 1206                0.022812
 1209                0.033579
 1212                0.026027
 1215                0.034500
 1218                0.041241
 1221                0.020506
 1224                0.026565
 1227                0.034963
 1230                0.042094
 1233                0.025068
 1236                0.037546
 1239                0.031537
 1242                0.024687
 1245                0.026717
 1248                0.027420
 1251                0.030912
 1254                0.021280
 1257                0.026085
 1260                0.038540
 1263                0.024849
 1266                0.032796
 1269                0.030350
 1272                0.016902
 1275                0.024443
 1278                0.011809
 1281                0.027907
 1284                0.021762
 1287                0.021606
 1290                0.025325
 1293                0.024598
 1296                0.025790
 1299                0.030973
 1302                0.025253
 1305                0.026853
 1308                0.028085
 1311                0.020615
 1314                0.017049
 1317                0.014579
 1320                0.015956
 1323                0.029412
 1326                0.029380
 1329                0.028636
 1332                0.029751
 1335                0.024127
 1338                0.012695
 1341                0.023817
 1344                0.017300
 1347                0.019483
 1350                0.012142
 1353                0.028214
 1356                0.021631
 1359                0.026883
 1362                0.025454
 1365                0.022207
 1368                0.020337
 1371                0.017597
 1374                0.009598
 1377                0.014573
 1380                0.032525
 1383                0.021257
 1386                0.012799
 1389                0.029090
 1392                0.016473
 1395                0.020096
 1398                0.017675
 1401                0.013008
 1404                0.016605
 1407                0.026573
 1410                0.012833
 1413                0.019840
 1416                0.016135
 1419                0.015703
 1422                0.018720
 1425                0.005709
 1428                0.017177
 1431                0.010963
 1434                0.017265
 1437                0.020699
 1440                0.016226
 1443                0.015341
 1446                0.021280
 1449                0.008769
 1452                0.013252
 1455                0.012268
 1458                0.012508
 1461                0.007246
 1464                0.006191
 1467                0.002409
 1470                0.003548
 1473                0.009343
 1476                0.016161
 1479                0.010920
 1482                0.024084
 1485                0.003918
 1488                0.022037
 1491                0.005969
 1494               -0.001266
 1497                0.002553
