    0                1.000000
    3                0.268233
    6                0.222800
    9                0.384224
   12                0.473724
   15                0.552750
   18                0.638509
   21                0.638105
   24                0.631055
   27                0.550973
   30                0.467179
   33                0.446598
   36                0.472018
   39                0.446503
   42                0.412878
   45                0.400085
   48                0.427428
   51                0.458374
   54                0.447134
   57                0.418475
   60                0.449048
   63                0.457319
   66                0.404839
   69                0.410428
   72                0.430202
   75                0.451874
   78                0.442946
   81                0.404363
   84                0.411088
   87                0.445128
   90                0.381135
   93                0.475673
   96                0.455632
   99                0.421147
  102                0.463627
  105                0.472818
  108                0.474059
  111                0.480056
  114                0.490771
  117                0.490287
  120                0.508637
  123                0.512189
  126                0.490760
  129                0.508115
  132                0.515936
  135                0.505127
  138                0.498682
  141                0.528511
  144                0.495996
  147                0.490421
  150                0.530806
  153                0.525380
  156                0.543850
  159                0.524148
  162                0.510028
  165                0.511100
  168                0.506950
  171                0.506004
  174                0.498984
  177                0.504402
  180                0.490900
  183                0.498178
  186                0.431506
  189                0.467958
  192                0.457477
  195                0.424808
  198                0.415289
  201                0.417675
  204                0.373378
  207                0.347041
  210                0.357930
  213                0.334226
  216                0.294074
  219                0.313459
  222                0.270104
  225                0.249295
  228                0.224098
  231                0.207021
  234                0.158099
  237                0.124008
  240                0.126266
  243                0.103578
  246                0.082425
  249                0.030399
  252                0.021595
  255                0.027792
  258                0.014245
  261                0.012548
  264                0.036652
  267                0.046866
  270                0.061970
  273                0.080584
  276                0.080748
  279                0.104122
  282                0.123192
  285                0.152301
  288                0.166429
  291                0.152084
  294                0.196785
  297                0.204964
  300                0.239622
  303                0.243247
  306                0.233387
  309                0.236099
  312                0.243623
  315                0.264115
  318                0.250934
  321                0.254108
  324                0.229595
  327                0.221685
  330                0.220656
  333                0.213337
  336                0.191211
  339                0.150869
  342                0.150816
  345                0.134684
  348                0.108139
  351                0.070271
  354                0.087835
  357                0.061772
  360                0.043615
  363                0.036546
  366                0.018135
  369                0.008878
  372                0.013826
  375                0.009746
  378                0.064586
  381                0.027868
  384                0.075501
  387                0.097107
  390                0.130961
  393                0.101996
  396                0.137635
  399                0.161700
  402                0.168699
  405                0.186516
  408                0.170461
  411                0.171635
  414                0.192316
  417                0.171936
  420                0.166276
  423                0.147578
  426                0.144979
  429                0.134306
  432                0.116771
  435                0.098505
  438                0.062700
  441                0.047408
  444                0.033655
  447                0.035816
  450                0.018019
  453                0.003701
  456                0.022573
  459                0.043389
  462                0.044946
  465                0.068244
  468                0.079809
  471                0.101355
  474                0.123378
  477                0.125032
  480                0.114569
  483                0.143898
  486                0.140507
  489                0.146312
  492                0.100218
  495                0.126950
  498                0.134371
  501                0.113266
  504                0.076267
  507                0.073900
  510                0.052595
  513                0.050083
  516                0.031615
  519                0.024937
  522                0.016455
  525                0.033889
  528                0.031887
  531                0.052912
  534                0.060458
  537                0.071347
  540                0.059531
  543                0.080012
  546                0.105149
  549                0.100102
  552                0.096325
  555                0.102334
  558                0.104760
  561                0.098788
  564                0.088799
  567                0.073809
  570                0.063789
  573                0.066115
  576                0.025799
  579                0.046181
  582                0.026962
  585                0.030221
  588                0.031970
  591                0.026255
  594                0.057400
  597                0.043992
  600                0.060449
  603                0.057950
  606                0.086442
  609                0.086819
  612                0.081171
  615                0.092100
  618                0.073502
  621                0.067688
  624                0.062253
  627                0.056277
  630                0.062547
  633                0.045233
  636                0.025921
  639                0.032506
  642                0.038965
  645                0.020473
  648                0.045684
  651                0.062624
  654                0.043488
  657                0.055538
  660                0.067850
  663                0.056933
  666                0.080431
  669                0.077750
  672                0.063026
  675                0.069141
  678                0.031882
  681                0.043257
  684                0.043525
  687                0.034925
  690                0.025344
  693                0.032650
  696                0.047886
  699                0.029992
  702                0.052209
  705                0.055943
  708                0.051667
  711                0.054103
  714                0.052565
  717                0.060026
  720                0.072426
  723                0.051237
  726                0.043216
  729                0.051213
  732                0.040912
  735                0.021051
  738                0.042127
  741                0.032617
  744                0.026870
  747                0.048752
  750                0.047235
  753                0.048075
  756                0.048038
  759                0.048923
  762                0.052554
  765                0.046116
  768                0.052974
  771                0.039429
  774                0.051919
  777                0.032863
  780                0.026100
  783                0.040684
  786                0.039386
  789                0.043204
  792                0.033394
  795                0.052501
  798                0.038591
  801                0.053760
  804                0.036755
  807                0.045047
  810                0.058681
  813                0.057130
  816                0.040978
  819                0.036348
  822                0.051740
  825                0.047249
  828                0.042867
  831                0.032815
  834                0.042673
  837                0.038798
  840                0.055868
  843                0.042859
  846                0.053979
  849                0.024891
  852                0.043871
  855                0.040541
  858                0.032476
  861                0.030032
  864                0.043487
  867                0.050813
  870                0.055379
  873                0.043204
  876                0.043899
  879                0.059484
  882                0.033357
  885                0.037416
  888                0.020596
  891                0.034787
  894                0.032780
  897                0.036949
  900                0.037212
  903                0.046668
  906                0.044059
  909                0.053694
  912                0.041352
  915                0.039388
  918                0.043192
  921                0.047001
  924                0.025479
  927                0.020554
  930                0.031456
  933                0.025994
  936                0.036260
  939                0.034908
  942                0.048030
  945                0.049597
  948                0.066208
  951                0.046349
  954                0.036657
  957                0.024553
  960                0.020718
  963                0.037702
  966                0.015688
  969                0.036484
  972                0.047654
  975                0.035726
  978                0.047021
  981                0.048976
  984                0.052657
  987                0.044279
  990                0.032639
  993                0.039087
  996                0.035433
  999                0.020494
 1002                0.028343
 1005                0.027739
 1008                0.037586
 1011                0.045353
 1014                0.050191
 1017                0.059502
 1020                0.052180
 1023                0.053553
 1026                0.038164
 1029                0.039092
 1032                0.036086
 1035                0.039817
 1038                0.017052
 1041                0.042969
 1044                0.042108
 1047                0.043109
 1050                0.054727
 1053                0.055610
 1056                0.041126
 1059                0.047231
 1062                0.038624
 1065                0.029937
 1068                0.033223
 1071                0.031988
 1074                0.039434
 1077                0.038306
 1080                0.051395
 1083                0.048332
 1086                0.052809
 1089                0.045813
 1092                0.045276
 1095                0.033761
 1098                0.038230
 1101                0.043044
 1104                0.027583
 1107                0.032091
 1110                0.047546
 1113                0.034663
 1116                0.043469
 1119                0.048097
 1122                0.041673
 1125                0.038656
 1128                0.039750
 1131                0.030169
 1134                0.034561
 1137                0.026179
 1140                0.048421
 1143                0.036686
 1146                0.044021
 1149                0.051374
 1152                0.035727
 1155                0.036499
 1158                0.040596
 1161                0.026326
 1164                0.027627
 1167                0.020226
 1170                0.025663
 1173                0.041128
 1176                0.050212
 1179                0.038980
 1182                0.037749
 1185                0.021039
 1188                0.025180
 1191                0.035642
 1194                0.029362
 1197                0.035902
 1200                0.042855
 1203                0.035366
 1206                0.049514
 1209                0.041475
 1212                0.040249
 1215                0.046079
 1218                0.033826
 1221                0.035034
 1224                0.034059
 1227                0.028106
 1230                0.033366
 1233                0.049268
 1236                0.036325
 1239                0.032242
 1242                0.026105
 1245                0.035146
 1248                0.036888
 1251                0.038066
 1254                0.026640
 1257                0.040058
 1260                0.028152
 1263                0.027159
 1266                0.024011
 1269                0.024525
 1272                0.030279
 1275                0.032153
 1278                0.022864
 1281                0.023494
 1284                0.040089
 1287                0.021071
 1290                0.017382
 1293                0.026834
 1296                0.035928
 1299                0.027578
 1302                0.033761
 1305                0.032681
 1308                0.037932
 1311                0.034248
 1314                0.018999
 1317                0.022288
 1320                0.031814
 1323                0.027424
 1326                0.033224
 1329                0.027924
 1332                0.041823
 1335                0.026935
 1338                0.025283
 1341                0.027890
 1344                0.020790
 1347                0.027692
 1350                0.026606
 1353                0.030112
 1356                0.028169
 1359                0.027924
 1362                0.033208
 1365                0.010161
 1368                0.028489
 1371                0.031982
 1374                0.022283
 1377                0.023923
 1380                0.033607
 1383                0.015660
 1386                0.030976
 1389                0.028357
 1392                0.024102
 1395                0.028808
 1398                0.033075
 1401                0.026838
 1404                0.022803
 1407                0.018922
 1410                0.032790
 1413                0.020417
 1416                0.021917
 1419                0.021572
 1422                0.022271
 1425                0.013920
 1428                0.024882
 1431                0.030990
 1434                0.019155
 1437                0.026881
 1440                0.025414
 1443                0.016538
 1446                0.016446
 1449                0.006238
 1452                0.016614
 1455                0.024727
 1458                0.014261
 1461                0.022315
 1464                0.016500
 1467                0.016297
 1470                0.011922
 1473                0.004083
 1476                0.008952
 1479                0.013805
 1482                0.014520
 1485                0.011671
 1488                0.021317
 1491                0.015211
 1494                0.014481
 1497                0.024672
