    0                1.000000
    3                0.168584
    6                0.162677
    9                0.270753
   12                0.468102
   15                0.589668
   18                0.653934
   21                0.568985
   24                0.606505
   27                0.553300
   30                0.471652
   33                0.376436
   36                0.441430
   39                0.385643
   42                0.420759
   45                0.379175
   48                0.427313
   51                0.372934
   54                0.382746
   57                0.412505
   60                0.409343
   63                0.421822
   66                0.448332
   69                0.409610
   72                0.426711
   75                0.391760
   78                0.415690
   81                0.382925
   84                0.394454
   87                0.448669
   90                0.371918
   93                0.394792
   96                0.413569
   99                0.409338
  102                0.445730
  105                0.407213
  108                0.438972
  111                0.438755
  114                0.430280
  117                0.414864
  120                0.475004
  123                0.464000
  126                0.469971
  129                0.454999
  132                0.464920
  135                0.475917
  138                0.497447
  141                0.459433
  144                0.472403
  147                0.473670
  150                0.470074
  153                0.482996
  156                0.475677
  159                0.484680
  162                0.464666
  165                0.454392
  168                0.445934
  171                0.466178
  174                0.450586
  177                0.482787
  180                0.452288
  183                0.459540
  186                0.395618
  189                0.412749
  192                0.385567
  195                0.404223
  198                0.383737
  201                0.385138
  204                0.321370
  207                0.341227
  210                0.324773
  213                0.276113
  216                0.298233
  219                0.285730
  222                0.251541
  225                0.233397
  228                0.190754
  231                0.186463
  234                0.167872
  237                0.118619
  240                0.098395
  243                0.071148
  246                0.058656
  249                0.056680
  252                0.023380
  255                0.036598
  258                0.019843
  261                0.040888
  264                0.029838
  267                0.049179
  270                0.043765
  273                0.069297
  276                0.079785
  279                0.105601
  282                0.101068
  285                0.136778
  288                0.132369
  291                0.167987
  294                0.184782
  297                0.190004
  300                0.205444
  303                0.215710
  306                0.192652
  309                0.210886
  312                0.213753
  315                0.232386
  318                0.224227
  321                0.225737
  324                0.231151
  327                0.205611
  330                0.231695
  333                0.198267
  336                0.173402
  339                0.166079
  342                0.134515
  345                0.138540
  348                0.081444
  351                0.102435
  354                0.073396
  357                0.053392
  360                0.041230
  363                0.030818
  366                0.024972
  369                0.009340
  372                0.030215
  375                0.030183
  378                0.047120
  381                0.044193
  384                0.070964
  387                0.070275
  390                0.106877
  393                0.085665
  396                0.134474
  399                0.148411
  402                0.162559
  405                0.149264
  408                0.173097
  411                0.175095
  414                0.169489
  417                0.163446
  420                0.163811
  423                0.129864
  426                0.125018
  429                0.093889
  432                0.096504
  435                0.074291
  438                0.067651
  441                0.043039
  444                0.033297
  447                0.027474
  450                0.020547
  453                0.023941
  456                0.023493
  459                0.022385
  462                0.023680
  465                0.053871
  468                0.074954
  471                0.093492
  474                0.108110
  477                0.109812
  480                0.110497
  483                0.120531
  486                0.119828
  489                0.127563
  492                0.126904
  495                0.102140
  498                0.111488
  501                0.098198
  504                0.089632
  507                0.093819
  510                0.070170
  513                0.026860
  516                0.031166
  519                0.061468
  522                0.016161
  525                0.043269
  528                0.032540
  531                0.034892
  534                0.064087
  537                0.064051
  540                0.072033
  543                0.079793
  546                0.102670
  549                0.093028
  552                0.107160
  555                0.097116
  558                0.106875
  561                0.083014
  564                0.063729
  567                0.071906
  570                0.067055
  573                0.064390
  576                0.033219
  579                0.023108
  582                0.026145
  585                0.017603
  588                0.036367
  591                0.031840
  594                0.049269
  597                0.049793
  600                0.062698
  603                0.061612
  606                0.079998
  609                0.091181
  612                0.093983
  615                0.105770
  618                0.074562
  621                0.082278
  624                0.062968
  627                0.054483
  630                0.062651
  633                0.031905
  636                0.024533
  639                0.029520
  642                0.026258
  645                0.028802
  648                0.030170
  651                0.037256
  654                0.051721
  657                0.042178
  660                0.048622
  663                0.072812
  666                0.078201
  669                0.053833
  672                0.065113
  675                0.072844
  678                0.042785
  681                0.031853
  684                0.040765
  687                0.023057
  690                0.042784
  693                0.050473
  696                0.036778
  699                0.026809
  702                0.027372
  705                0.051801
  708                0.051167
  711                0.080382
  714                0.065441
  717                0.056812
  720                0.063933
  723                0.047609
  726                0.056526
  729                0.059529
  732                0.038795
  735                0.044245
  738                0.023175
  741                0.026694
  744                0.034701
  747                0.038246
  750                0.068773
  753                0.063760
  756                0.061017
  759                0.053210
  762                0.044638
  765                0.058969
  768                0.049152
  771                0.049620
  774                0.061526
  777                0.056622
  780                0.046304
  783                0.041468
  786                0.038639
  789                0.052637
  792                0.035645
  795                0.042258
  798                0.042993
  801                0.035435
  804                0.041497
  807                0.044407
  810                0.038195
  813                0.037885
  816                0.040075
  819                0.032402
  822                0.042830
  825                0.055530
  828                0.043460
  831                0.030294
  834                0.038823
  837                0.036407
  840                0.039508
  843                0.036133
  846                0.047014
  849                0.051277
  852                0.049284
  855                0.041603
  858                0.040181
  861                0.049096
  864                0.034081
  867                0.047464
  870                0.040685
  873                0.055241
  876                0.032569
  879                0.044365
  882                0.045418
  885                0.038502
  888                0.024689
  891                0.045153
  894                0.035132
  897                0.029180
  900                0.026101
  903                0.050941
  906                0.043458
  909                0.056093
  912                0.044296
  915                0.042797
  918                0.048235
  921                0.052384
  924                0.030056
  927                0.028461
  930                0.029302
  933                0.048803
  936                0.040126
  939                0.035572
  942                0.030495
  945                0.038778
  948                0.045939
  951                0.053697
  954                0.046137
  957                0.029667
  960                0.026799
  963                0.014674
  966                0.030897
  969                0.024638
  972                0.044722
  975                0.027455
  978                0.040973
  981                0.039977
  984                0.054251
  987                0.047877
  990                0.034494
  993                0.040665
  996                0.025884
  999                0.017298
 1002                0.041385
 1005                0.033620
 1008                0.024006
 1011                0.042310
 1014                0.036278
 1017                0.038077
 1020                0.044592
 1023                0.036056
 1026                0.027949
 1029                0.038906
 1032                0.012150
 1035                0.030124
 1038                0.013521
 1041                0.030311
 1044                0.019257
 1047                0.032364
 1050                0.039155
 1053                0.034563
 1056                0.049887
 1059                0.034250
 1062                0.023097
 1065                0.027286
 1068                0.016824
 1071                0.021228
 1074                0.037206
 1077                0.040049
 1080                0.036883
 1083                0.051583
 1086                0.033751
 1089                0.035154
 1092                0.051415
 1095                0.030656
 1098                0.020750
 1101                0.034968
 1104                0.022207
 1107                0.026768
 1110                0.030420
 1113                0.039309
 1116                0.027929
 1119                0.043471
 1122                0.038486
 1125                0.028349
 1128                0.018823
 1131                0.017786
 1134                0.028195
 1137                0.027996
 1140                0.027738
 1143                0.029896
 1146                0.022967
 1149                0.051030
 1152                0.040634
 1155                0.042285
 1158                0.024563
 1161                0.023817
 1164                0.022616
 1167                0.024089
 1170                0.029263
 1173                0.024574
 1176                0.030952
 1179                0.033910
 1182                0.026610
 1185                0.027669
 1188                0.023695
 1191                0.025639
 1194                0.030584
 1197                0.029080
 1200                0.035577
 1203                0.045634
 1206                0.032912
 1209                0.037102
 1212                0.034483
 1215                0.041609
 1218                0.024763
 1221                0.032162
 1224                0.025898
 1227                0.032487
 1230                0.018049
 1233                0.027502
 1236                0.034506
 1239                0.041338
 1242                0.025983
 1245                0.021486
 1248                0.039460
 1251                0.027260
 1254                0.019372
 1257                0.015312
 1260                0.029419
 1263                0.031466
 1266                0.014174
 1269                0.025671
 1272                0.029810
 1275                0.030467
 1278                0.030371
 1281                0.022736
 1284                0.031754
 1287                0.030959
 1290                0.036120
 1293                0.021718
 1296                0.033656
 1299                0.029980
 1302                0.031344
 1305                0.016759
 1308                0.029941
 1311                0.026754
 1314                0.014787
 1317                0.027413
 1320                0.028964
 1323                0.022254
 1326                0.025803
 1329                0.031336
 1332                0.039168
 1335                0.019098
 1338                0.034616
 1341                0.022424
 1344                0.024311
 1347                0.028036
 1350                0.018358
 1353                0.033306
 1356                0.022340
 1359                0.024529
 1362                0.028779
 1365                0.029163
 1368                0.031356
 1371                0.034077
 1374                0.020769
 1377                0.020166
 1380                0.034487
 1383                0.026594
 1386                0.023297
 1389                0.022984
 1392                0.021737
 1395                0.020550
 1398                0.018041
 1401                0.025890
 1404                0.014385
 1407                0.031509
 1410                0.019269
 1413                0.019257
 1416                0.030405
 1419                0.017815
 1422                0.015656
 1425                0.030342
 1428                0.016044
 1431                0.025082
 1434                0.020888
 1437                0.025215
 1440                0.010105
 1443                0.011067
 1446                0.019845
 1449                0.010099
 1452                0.014606
 1455                0.024390
 1458                0.007606
 1461                0.009094
 1464                0.018743
 1467                0.025943
 1470                0.012624
 1473                0.001799
 1476                0.015408
 1479                0.015204
 1482                0.020276
 1485                0.025738
 1488                0.023723
 1491                0.020368
 1494                0.010450
 1497                0.020073
