    0                1.000000
    3                0.208210
    6                0.267035
    9                0.330288
   12                0.452743
   15                0.538163
   18                0.612254
   21                0.561478
   24                0.607235
   27                0.528634
   30                0.394099
   33                0.388811
   36                0.445022
   39                0.410225
   42                0.431069
   45                0.373850
   48                0.464698
   51                0.405758
   54                0.407055
   57                0.450138
   60                0.428868
   63                0.423166
   66                0.449625
   69                0.441944
   72                0.442099
   75                0.384244
   78                0.456574
   81                0.379393
   84                0.394652
   87                0.401523
   90                0.413390
   93                0.423271
   96                0.442576
   99                0.418709
  102                0.447007
  105                0.424138
  108                0.452957
  111                0.450617
  114                0.447478
  117                0.445618
  120                0.480049
  123                0.476708
  126                0.459237
  129                0.474518
  132                0.502281
  135                0.483858
  138                0.504850
  141                0.489620
  144                0.459117
  147                0.486364
  150                0.494558
  153                0.532803
  156                0.468241
  159                0.484140
  162                0.483636
  165                0.490588
  168                0.498924
  171                0.473803
  174                0.478572
  177                0.475817
  180                0.483121
  183                0.469842
  186                0.430735
  189                0.426155
  192                0.424610
  195                0.405334
  198                0.405776
  201                0.387365
  204                0.367838
  207                0.352465
  210                0.365747
  213                0.334158
  216                0.304606
  219                0.292315
  222                0.275860
  225                0.247893
  228                0.230884
  231                0.235779
  234                0.157956
  237                0.138623
  240                0.099204
  243                0.115166
  246                0.079111
  249                0.049572
  252                0.042134
  255                0.027478
  258               -0.001799
  261                0.053519
  264                0.022475
  267                0.037051
  270                0.053976
  273                0.078663
  276                0.075614
  279                0.072692
  282                0.112815
  285                0.155446
  288                0.162311
  291                0.152973
  294                0.185663
  297                0.167113
  300                0.217244
  303                0.242941
  306                0.211758
  309                0.234763
  312                0.245288
  315                0.236381
  318                0.249412
  321                0.234766
  324                0.239484
  327                0.197182
  330                0.211132
  333                0.188760
  336                0.181730
  339                0.179907
  342                0.126268
  345                0.122767
  348                0.103530
  351                0.081898
  354                0.074272
  357                0.072605
  360                0.042921
  363                0.042882
  366                0.014395
  369                0.018039
  372                0.029798
  375                0.052971
  378                0.051021
  381                0.062711
  384                0.075653
  387                0.097299
  390                0.110980
  393                0.139959
  396                0.152042
  399                0.141586
  402                0.175634
  405                0.159783
  408                0.157337
  411                0.160461
  414                0.178209
  417                0.175986
  420                0.170597
  423                0.142419
  426                0.144207
  429                0.144553
  432                0.079712
  435                0.086274
  438                0.059969
  441                0.044713
  444                0.045985
  447                0.027255
  450                0.024231
  453                0.024472
  456                0.036927
  459                0.064660
  462                0.052059
  465                0.067654
  468                0.071616
  471                0.093813
  474                0.124616
  477                0.127935
  480                0.130257
  483                0.119959
  486                0.120828
  489                0.151932
  492                0.137885
  495                0.124086
  498                0.115150
  501                0.122760
  504                0.078513
  507                0.086586
  510                0.070066
  513                0.051491
  516                0.036990
  519                0.044083
  522                0.013946
  525                0.043217
  528                0.043111
  531                0.046982
  534                0.044377
  537                0.050460
  540                0.077367
  543                0.092702
  546                0.109966
  549                0.084527
  552                0.091416
  555                0.123982
  558                0.085132
  561                0.106811
  564                0.088315
  567                0.089002
  570                0.079163
  573                0.051038
  576                0.029106
  579                0.036732
  582                0.031545
  585                0.032700
  588                0.020268
  591                0.030449
  594                0.053447
  597                0.052823
  600                0.076012
  603                0.059468
  606                0.083802
  609                0.089866
  612                0.086940
  615                0.088379
  618                0.077483
  621                0.098438
  624                0.059393
  627                0.047957
  630                0.040816
  633                0.050190
  636                0.027424
  639                0.034353
  642                0.034343
  645                0.024886
  648                0.032153
  651                0.035790
  654                0.079002
  657                0.063268
  660                0.078006
  663                0.066300
  666                0.070358
  669                0.074571
  672                0.083813
  675                0.071254
  678                0.059791
  681                0.045064
  684                0.054172
  687                0.046868
  690                0.025083
  693                0.022123
  696                0.031468
  699                0.045681
  702                0.054228
  705                0.053857
  708                0.050069
  711                0.068084
  714                0.064675
  717                0.065141
  720                0.079666
  723                0.062606
  726                0.044034
  729                0.043536
  732                0.042625
  735                0.045651
  738                0.024635
  741                0.042463
  744                0.032661
  747                0.047912
  750                0.032212
  753                0.057640
  756                0.053732
  759                0.056578
  762                0.057443
  765                0.050174
  768                0.055001
  771                0.046868
  774                0.040436
  777                0.054784
  780                0.043794
  783                0.043902
  786                0.036015
  789                0.042642
  792                0.031290
  795                0.058850
  798                0.036960
  801                0.058599
  804                0.051225
  807                0.056876
  810                0.040686
  813                0.057192
  816                0.041845
  819                0.040502
  822                0.047242
  825                0.041424
  828                0.051521
  831                0.034925
  834                0.044310
  837                0.047551
  840                0.039753
  843                0.024949
  846                0.050977
  849                0.061385
  852                0.029554
  855                0.050177
  858                0.031540
  861                0.060198
  864                0.052001
  867                0.056225
  870                0.046567
  873                0.053771
  876                0.048027
  879                0.057698
  882                0.043522
  885                0.050608
  888                0.036458
  891                0.046298
  894                0.044122
  897                0.028707
  900                0.035036
  903                0.038421
  906                0.047411
  909                0.045529
  912                0.056251
  915                0.053621
  918                0.039830
  921                0.049304
  924                0.039337
  927                0.030843
  930                0.052146
  933                0.039552
  936                0.039114
  939                0.044268
  942                0.052397
  945                0.048583
  948                0.054929
  951                0.052061
  954                0.041746
  957                0.050765
  960                0.022812
  963                0.042204
  966                0.032239
  969                0.028157
  972                0.036209
  975                0.047264
  978                0.037469
  981                0.049882
  984                0.062437
  987                0.064406
  990                0.049847
  993                0.036051
  996                0.039646
  999                0.041316
 1002                0.032541
 1005                0.021670
 1008                0.026721
 1011                0.047054
 1014                0.036742
 1017                0.041924
 1020                0.049434
 1023                0.028293
 1026                0.043988
 1029                0.041920
 1032                0.026230
 1035                0.032292
 1038                0.010606
 1041                0.039197
 1044                0.020160
 1047                0.024852
 1050                0.052303
 1053                0.042692
 1056                0.038906
 1059                0.039165
 1062                0.040620
 1065                0.035141
 1068                0.027426
 1071                0.028444
 1074                0.035671
 1077                0.029452
 1080                0.040577
 1083                0.048493
 1086                0.051582
 1089                0.036271
 1092                0.042391
 1095                0.040333
 1098                0.026942
 1101                0.029579
 1104                0.027199
 1107                0.032151
 1110                0.041331
 1113                0.052841
 1116                0.035126
 1119                0.048776
 1122                0.036346
 1125                0.035354
 1128                0.033935
 1131                0.021844
 1134                0.026185
 1137                0.026820
 1140                0.040480
 1143                0.024945
 1146                0.051405
 1149                0.043259
 1152                0.041644
 1155                0.039165
 1158                0.039656
 1161                0.029825
 1164                0.023483
 1167                0.030804
 1170                0.036028
 1173                0.036921
 1176                0.029088
 1179                0.037797
 1182                0.043531
 1185                0.031354
 1188                0.025321
 1191                0.031079
 1194                0.048533
 1197                0.035022
 1200                0.018485
 1203                0.045354
 1206                0.035125
 1209                0.038641
 1212                0.028857
 1215                0.034197
 1218                0.038217
 1221                0.024231
 1224                0.024290
 1227                0.032805
 1230                0.029656
 1233                0.028449
 1236                0.037211
 1239                0.035343
 1242                0.028346
 1245                0.046240
 1248                0.039455
 1251                0.025408
 1254                0.036895
 1257                0.026709
 1260                0.026045
 1263                0.033202
 1266                0.035362
 1269                0.036046
 1272                0.028493
 1275                0.034370
 1278                0.032537
 1281                0.038402
 1284                0.033984
 1287                0.022883
 1290                0.026249
 1293                0.019363
 1296                0.030120
 1299                0.025679
 1302                0.026638
 1305                0.021435
 1308                0.026844
 1311                0.033523
 1314                0.025411
 1317                0.032215
 1320                0.036153
 1323                0.034718
 1326                0.026046
 1329                0.027535
 1332                0.023863
 1335                0.025713
 1338                0.025758
 1341                0.029974
 1344                0.021731
 1347                0.026287
 1350                0.020245
 1353                0.026149
 1356                0.020485
 1359                0.022317
 1362                0.024733
 1365                0.022720
 1368                0.023274
 1371                0.022680
 1374                0.020374
 1377                0.021965
 1380                0.027985
 1383                0.019712
 1386                0.031011
 1389                0.029329
 1392                0.018626
 1395                0.028135
 1398                0.020552
 1401                0.029560
 1404                0.028098
 1407                0.023834
 1410                0.032738
 1413                0.015664
 1416                0.028040
 1419                0.020164
 1422                0.015247
 1425                0.019487
 1428                0.016886
 1431                0.014665
 1434                0.028656
 1437                0.011990
 1440                0.023279
 1443                0.022325
 1446                0.023717
 1449                0.019886
 1452                0.011613
 1455                0.003323
 1458                0.022503
 1461                0.018962
 1464                0.021034
 1467                0.016794
 1470                0.010172
 1473                0.006816
 1476                0.014563
 1479                0.008280
 1482                0.013996
 1485                0.019210
 1488                0.020272
 1491                0.031694
 1494                0.021279
 1497                0.012750
