    0                1.000000
    3                0.170891
    6                0.221933
    9                0.324568
   12                0.473047
   15                0.560934
   18                0.620383
   21                0.574902
   24                0.577668
   27                0.577125
   30                0.456702
   33                0.408859
   36                0.400219
   39                0.387251
   42                0.439919
   45                0.402346
   48                0.455190
   51                0.390337
   54                0.380897
   57                0.385848
   60                0.415695
   63                0.414898
   66                0.466905
   69                0.406576
   72                0.417270
   75                0.401421
   78                0.392007
   81                0.366518
   84                0.384850
   87                0.433530
   90                0.375038
   93                0.404223
   96                0.400868
   99                0.380436
  102                0.436746
  105                0.393294
  108                0.437500
  111                0.436507
  114                0.427586
  117                0.430317
  120                0.444554
  123                0.461299
  126                0.483591
  129                0.461289
  132                0.472367
  135                0.469820
  138                0.485104
  141                0.474459
  144                0.453012
  147                0.456358
  150                0.481629
  153                0.482976
  156                0.469542
  159                0.476893
  162                0.447086
  165                0.465269
  168                0.457830
  171                0.467998
  174                0.460199
  177                0.460727
  180                0.444554
  183                0.451867
  186                0.386164
  189                0.401025
  192                0.397326
  195                0.391961
  198                0.385022
  201                0.383828
  204                0.326289
  207                0.336271
  210                0.321420
  213                0.293069
  216                0.304914
  219                0.275886
  222                0.228170
  225                0.229671
  228                0.204088
  231                0.176218
  234                0.159352
  237                0.116299
  240                0.089876
  243                0.078365
  246                0.066452
  249                0.048654
  252                0.021950
  255                0.035874
  258               -0.001060
  261                0.025681
  264                0.025412
  267                0.033333
  270                0.051578
  273                0.044742
  276                0.058747
  279                0.092786
  282                0.103034
  285                0.139586
  288                0.126014
  291                0.148771
  294                0.170737
  297                0.180320
  300                0.199585
  303                0.206827
  306                0.191143
  309                0.200050
  312                0.226924
  315                0.238065
  318                0.225241
  321                0.210301
  324                0.230983
  327                0.188398
  330                0.214499
  333                0.183852
  336                0.156868
  339                0.168457
  342                0.124522
  345                0.133352
  348                0.081593
  351                0.104347
  354                0.066161
  357                0.062146
  360                0.041005
  363                0.023823
  366                0.020387
  369                0.008093
  372                0.041287
  375                0.031595
  378                0.046243
  381                0.054252
  384                0.070253
  387                0.083247
  390                0.094939
  393                0.067666
  396                0.128386
  399                0.158584
  402                0.171392
  405                0.151165
  408                0.167495
  411                0.159583
  414                0.163635
  417                0.153406
  420                0.144914
  423                0.143721
  426                0.125904
  429                0.104563
  432                0.095834
  435                0.085399
  438                0.069913
  441                0.058094
  444                0.038835
  447                0.031808
  450                0.019317
  453                0.015373
  456                0.014883
  459                0.019847
  462                0.025782
  465                0.064156
  468                0.069108
  471                0.085394
  474                0.092188
  477                0.105293
  480                0.108712
  483                0.115875
  486                0.120863
  489                0.128837
  492                0.113314
  495                0.105558
  498                0.114948
  501                0.095430
  504                0.072811
  507                0.091028
  510                0.070362
  513                0.044511
  516                0.038716
  519                0.026809
  522                0.012715
  525                0.029582
  528                0.026311
  531                0.038437
  534                0.057681
  537                0.058959
  540                0.055361
  543                0.072285
  546                0.089684
  549                0.080885
  552                0.099118
  555                0.093775
  558                0.095440
  561                0.092422
  564                0.084321
  567                0.063825
  570                0.070132
  573                0.048155
  576                0.047052
  579                0.013549
  582                0.021531
  585                0.015187
  588                0.039811
  591                0.040451
  594                0.052390
  597                0.055101
  600                0.053595
  603                0.071595
  606                0.081676
  609                0.087527
  612                0.088971
  615                0.101013
  618                0.069021
  621                0.072143
  624                0.060023
  627                0.047707
  630                0.061975
  633                0.035749
  636                0.012481
  639                0.033979
  642                0.033365
  645                0.026357
  648                0.028804
  651                0.039635
  654                0.051203
  657                0.041390
  660                0.039278
  663                0.058481
  666                0.073714
  669                0.054764
  672                0.069791
  675                0.077302
  678                0.036745
  681                0.045939
  684                0.046195
  687                0.022418
  690                0.043409
  693                0.048991
  696                0.027479
  699                0.031332
  702                0.033823
  705                0.050581
  708                0.043747
  711                0.064410
  714                0.054555
  717                0.060183
  720                0.063129
  723                0.050963
  726                0.051693
  729                0.044921
  732                0.034170
  735                0.035078
  738                0.024585
  741                0.031408
  744                0.027281
  747                0.038120
  750                0.067094
  753                0.054492
  756                0.056962
  759                0.046592
  762                0.052661
  765                0.057591
  768                0.044266
  771                0.044995
  774                0.064547
  777                0.049168
  780                0.041579
  783                0.034475
  786                0.042444
  789                0.047739
  792                0.042609
  795                0.042182
  798                0.043414
  801                0.035462
  804                0.033042
  807                0.046188
  810                0.042008
  813                0.037453
  816                0.039564
  819                0.037988
  822                0.037581
  825                0.053445
  828                0.052682
  831                0.038433
  834                0.043968
  837                0.039550
  840                0.041393
  843                0.040448
  846                0.036573
  849                0.044883
  852                0.049172
  855                0.042635
  858                0.033834
  861                0.046489
  864                0.046495
  867                0.054774
  870                0.047046
  873                0.049145
  876                0.036443
  879                0.046484
  882                0.050489
  885                0.043506
  888                0.017480
  891                0.045531
  894                0.020619
  897                0.030139
  900                0.037565
  903                0.050054
  906                0.046077
  909                0.055432
  912                0.049829
  915                0.035272
  918                0.036922
  921                0.048990
  924                0.042837
  927                0.030635
  930                0.032842
  933                0.047572
  936                0.030686
  939                0.031197
  942                0.039195
  945                0.037115
  948                0.036152
  951                0.051276
  954                0.053019
  957                0.027149
  960                0.024735
  963                0.022763
  966                0.018790
  969                0.019736
  972                0.037964
  975                0.035946
  978                0.032605
  981                0.039431
  984                0.053119
  987                0.048784
  990                0.032891
  993                0.041424
  996                0.023434
  999                0.022535
 1002                0.031241
 1005                0.027485
 1008                0.034549
 1011                0.039556
 1014                0.036550
 1017                0.041364
 1020                0.047477
 1023                0.034709
 1026                0.032112
 1029                0.040003
 1032                0.018268
 1035                0.029206
 1038                0.020011
 1041                0.032534
 1044                0.019272
 1047                0.030628
 1050                0.042900
 1053                0.038937
 1056                0.053483
 1059                0.022179
 1062                0.025653
 1065                0.027595
 1068                0.020240
 1071                0.023025
 1074                0.030715
 1077                0.034646
 1080                0.033515
 1083                0.044212
 1086                0.020542
 1089                0.046129
 1092                0.047848
 1095                0.033997
 1098                0.026233
 1101                0.030370
 1104                0.008514
 1107                0.023900
 1110                0.036037
 1113                0.031444
 1116                0.032401
 1119                0.044361
 1122                0.037160
 1125                0.031168
 1128                0.022034
 1131                0.021974
 1134                0.027740
 1137                0.023828
 1140                0.030933
 1143                0.031228
 1146                0.030956
 1149                0.034467
 1152                0.035329
 1155                0.039423
 1158                0.018107
 1161                0.023822
 1164                0.018344
 1167                0.023881
 1170                0.037516
 1173                0.020881
 1176                0.028417
 1179                0.027813
 1182                0.029556
 1185                0.035073
 1188                0.021791
 1191                0.018386
 1194                0.030926
 1197                0.030502
 1200                0.036300
 1203                0.054855
 1206                0.025172
 1209                0.029863
 1212                0.038097
 1215                0.037087
 1218                0.030429
 1221                0.029551
 1224                0.027633
 1227                0.022630
 1230                0.023617
 1233                0.025220
 1236                0.039473
 1239                0.041524
 1242                0.024745
 1245                0.020153
 1248                0.030409
 1251                0.031926
 1254                0.022075
 1257                0.022820
 1260                0.024962
 1263                0.026572
 1266                0.022493
 1269                0.023242
 1272                0.028821
 1275                0.036690
 1278                0.027044
 1281                0.021912
 1284                0.027375
 1287                0.023975
 1290                0.019755
 1293                0.021490
 1296                0.025566
 1299                0.030388
 1302                0.028060
 1305                0.019675
 1308                0.026923
 1311                0.027350
 1314                0.021562
 1317                0.028331
 1320                0.029892
 1323                0.024379
 1326                0.016463
 1329                0.024704
 1332                0.033605
 1335                0.023556
 1338                0.031413
 1341                0.025221
 1344                0.018623
 1347                0.024890
 1350                0.021456
 1353                0.032162
 1356                0.018389
 1359                0.024457
 1362                0.027286
 1365                0.025624
 1368                0.026560
 1371                0.026929
 1374                0.018551
 1377                0.018012
 1380                0.028244
 1383                0.025924
 1386                0.020213
 1389                0.024515
 1392                0.022493
 1395                0.021194
 1398                0.019318
 1401                0.018189
 1404                0.012362
 1407                0.026864
 1410                0.025919
 1413                0.021150
 1416                0.027721
 1419                0.026328
 1422                0.017013
 1425                0.037067
 1428                0.020081
 1431                0.024694
 1434                0.018793
 1437                0.013416
 1440                0.018492
 1443                0.022690
 1446                0.019215
 1449                0.002172
 1452                0.009433
 1455                0.018232
 1458                0.010374
 1461                0.006225
 1464                0.012213
 1467                0.026813
 1470                0.011154
 1473                0.010295
 1476                0.016079
 1479                0.011051
 1482                0.021239
 1485                0.019232
 1488                0.024136
 1491                0.020659
 1494                0.013749
 1497                0.014271
