    0                1.000000
    3                0.293576
    6                0.247829
    9                0.236058
   12                0.416730
   15                0.528169
   18                0.566642
   21                0.524799
   24                0.516893
   27                0.506615
   30                0.366351
   33                0.372649
   36                0.403875
   39                0.393001
   42                0.343630
   45                0.383064
   48                0.369310
   51                0.379870
   54                0.369041
   57                0.376229
   60                0.372454
   63                0.414589
   66                0.388322
   69                0.398154
   72                0.372226
   75                0.373002
   78                0.352904
   81                0.368958
   84                0.322529
   87                0.341329
   90                0.344480
   93                0.357729
   96                0.374172
   99                0.377813
  102                0.403658
  105                0.377777
  108                0.359500
  111                0.421109
  114                0.401242
  117                0.383166
  120                0.432254
  123                0.406854
  126                0.437748
  129                0.431243
  132                0.426413
  135                0.417612
  138                0.456920
  141                0.458498
  144                0.434587
  147                0.443665
  150                0.424701
  153                0.455195
  156                0.440317
  159                0.439882
  162                0.432484
  165                0.439300
  168                0.433983
  171                0.434842
  174                0.433725
  177                0.435144
  180                0.435589
  183                0.416531
  186                0.389387
  189                0.399359
  192                0.347259
  195                0.367840
  198                0.357858
  201                0.332147
  204                0.335911
  207                0.297586
  210                0.317783
  213                0.299748
  216                0.252476
  219                0.241886
  222                0.231078
  225                0.247470
  228                0.176969
  231                0.191357
  234                0.156234
  237                0.153304
  240                0.098080
  243                0.100593
  246                0.071471
  249                0.034808
  252                0.040069
  255                0.046019
  258                0.008084
  261               -0.010939
  264                0.015476
  267                0.029514
  270                0.041951
  273                0.029062
  276                0.046304
  279                0.040816
  282                0.070615
  285                0.086655
  288                0.083310
  291                0.118440
  294                0.122561
  297                0.134404
  300                0.129416
  303                0.134559
  306                0.163217
  309                0.171879
  312                0.174344
  315                0.184410
  318                0.191016
  321                0.160108
  324                0.190111
  327                0.196653
  330                0.158768
  333                0.158461
  336                0.188896
  339                0.149315
  342                0.143839
  345                0.113313
  348                0.100707
  351                0.079393
  354                0.049610
  357                0.054220
  360                0.038576
  363                0.045370
  366                0.040005
  369                0.001799
  372                0.006204
  375                0.022346
  378                0.020824
  381                0.016265
  384                0.014825
  387                0.046312
  390                0.046145
  393                0.044199
  396                0.062730
  399                0.078476
  402                0.099054
  405                0.105692
  408                0.120951
  411                0.126085
  414                0.128033
  417                0.141416
  420                0.111488
  423                0.116819
  426                0.123999
  429                0.107633
  432                0.090564
  435                0.076494
  438                0.064528
  441                0.047540
  444                0.034987
  447                0.032001
  450                0.033607
  453                0.012343
  456               -0.002814
  459                0.001888
  462                0.003745
  465                0.008367
  468                0.029634
  471                0.036052
  474                0.046006
  477                0.058154
  480                0.079327
  483                0.062438
  486                0.082868
  489                0.095712
  492                0.090744
  495                0.085495
  498                0.100763
  501                0.104410
  504                0.050183
  507                0.076122
  510                0.067115
  513                0.054348
  516                0.041775
  519                0.044403
  522                0.026691
  525                0.003731
  528                0.016782
  531                0.001354
  534               -0.005755
  537                0.020399
  540                0.013473
  543                0.028562
  546                0.024869
  549                0.056284
  552                0.056267
  555                0.071956
  558                0.054957
  561                0.080815
  564                0.084153
  567                0.077233
  570                0.077851
  573                0.066330
  576                0.052697
  579                0.027646
  582                0.033392
  585                0.012667
  588                0.002371
  591                0.007551
  594               -0.005514
  597                0.010205
  600                0.010649
  603                0.013948
  606                0.032085
  609                0.031037
  612                0.033747
  615                0.036981
  618                0.050439
  621                0.055836
  624                0.052178
  627                0.050560
  630                0.046541
  633                0.031145
  636                0.014791
  639                0.027673
  642                0.018115
  645                0.019585
  648               -0.000446
  651               -0.001930
  654                0.005507
  657                0.018454
  660                0.002907
  663                0.040670
  666                0.027696
  669                0.048716
  672                0.041059
  675                0.058441
  678                0.038918
  681                0.056277
  684                0.047199
  687                0.052499
  690                0.049036
  693                0.020617
  696                0.003454
  699                0.016856
  702                0.008031
  705               -0.003226
  708                0.016070
  711                0.007958
  714                0.030162
  717                0.014351
  720                0.032516
  723                0.036432
  726                0.042927
  729                0.042009
  732                0.043647
  735                0.051353
  738                0.027429
  741                0.032819
  744                0.016761
  747                0.009989
  750               -0.001236
  753                0.006406
  756                0.004491
  759                0.013218
  762                0.015935
  765                0.026466
  768                0.025526
  771                0.030654
  774                0.035744
  777                0.035718
  780                0.033873
  783                0.040932
  786                0.025716
  789                0.007523
  792                0.011180
  795                0.019474
  798               -0.004761
  801               -0.003517
  804                0.004330
  807                0.013812
  810                0.022283
  813                0.040186
  816                0.031691
  819                0.035457
  822                0.035782
  825                0.044312
  828                0.043879
  831                0.030465
  834                0.022970
  837                0.005372
  840                0.003881
  843               -0.002545
  846               -0.000696
  849                0.006140
  852                0.013454
  855                0.021562
  858                0.022154
  861                0.042676
  864                0.039797
  867                0.042557
  870                0.034955
  873                0.019330
  876                0.031841
  879                0.021724
  882                0.008055
  885               -0.012201
  888                0.022339
  891                0.012054
  894                0.018082
  897                0.031667
  900                0.021548
  903                0.054343
  906                0.031342
  909                0.033898
  912                0.036166
  915                0.036955
  918                0.032012
  921                0.009922
  924               -0.006994
  927                0.008946
  930                0.006330
  933                0.017470
  936                0.030449
  939                0.033237
  942                0.032675
  945                0.046744
  948                0.032572
  951                0.031077
  954                0.033270
  957                0.009770
  960                0.000233
  963                0.020007
  966                0.001074
  969                0.011571
  972                0.010407
  975                0.016474
  978                0.029703
  981                0.041812
  984                0.031975
  987                0.029336
  990                0.022170
  993                0.016810
  996                0.012012
  999               -0.004560
 1002                0.000385
 1005                0.008981
 1008                0.006997
 1011                0.023604
 1014                0.030079
 1017                0.038809
 1020                0.036170
 1023                0.031246
 1026                0.036029
 1029                0.036090
 1032                0.016541
 1035               -0.007325
 1038               -0.002393
 1041               -0.003511
 1044                0.006520
 1047                0.018124
 1050                0.045499
 1053                0.023864
 1056                0.028890
 1059                0.034052
 1062                0.011937
 1065                0.003164
 1068                0.005825
 1071                0.005384
 1074                0.007990
 1077                0.015285
 1080                0.013302
 1083                0.017509
 1086                0.027886
 1089                0.031054
 1092                0.030136
 1095                0.015822
 1098                0.020604
 1101                0.000442
 1104                0.001697
 1107               -0.007021
 1110               -0.000323
 1113                0.020082
 1116                0.027485
 1119                0.029725
 1122                0.020414
 1125                0.028547
 1128                0.024427
 1131                0.012051
 1134                0.002308
 1137                0.013984
 1140                0.001877
 1143                0.012598
 1146                0.011309
 1149                0.027425
 1152                0.029370
 1155                0.028105
 1158                0.017392
 1161                0.008299
 1164               -0.006296
 1167               -0.005085
 1170                0.005100
 1173                0.004143
 1176                0.023557
 1179                0.017382
 1182                0.018453
 1185                0.021989
 1188                0.021295
 1191                0.016412
 1194                0.011664
 1197                0.007475
 1200                0.004100
 1203                0.006056
 1206                0.003569
 1209                0.022542
 1212                0.027016
 1215                0.018711
 1218                0.025245
 1221                0.019200
 1224                0.006717
 1227                0.006200
 1230               -0.003567
 1233               -0.004478
 1236                0.012322
 1239                0.026592
 1242                0.033772
 1245                0.008518
 1248                0.011883
 1251                0.016251
 1254                0.006925
 1257               -0.005522
 1260                0.002599
 1263                0.000901
 1266                0.003551
 1269                0.018940
 1272                0.001741
 1275                0.020470
 1278                0.023966
 1281                0.015068
 1284                0.015389
 1287               -0.000642
 1290               -0.004581
 1293                0.005697
 1296               -0.000562
 1299                0.002706
 1302                0.010339
 1305                0.004023
 1308                0.017801
 1311                0.012471
 1314                0.004769
 1317               -0.005961
 1320                0.002890
 1323                0.007621
 1326                0.008480
 1329                0.006288
 1332                0.017983
 1335                0.011037
 1338                0.009538
 1341                0.001298
 1344               -0.002241
 1347               -0.003979
 1350                0.002820
 1353                0.009123
 1356                0.012069
 1359                0.017816
 1362                0.008457
 1365                0.010111
 1368                0.001177
 1371                0.008966
 1374                0.011924
 1377               -0.003437
 1380               -0.000346
 1383                0.013157
 1386                0.015894
 1389                0.004503
 1392                0.017303
 1395               -0.009149
 1398                0.010541
 1401                0.002293
 1404                0.010137
 1407                0.005540
 1410                0.023283
 1413                0.005456
 1416                0.010893
 1419                0.004961
 1422               -0.005274
 1425                0.007094
 1428                0.003311
 1431               -0.000534
 1434                0.007593
 1437                0.004607
 1440                0.009500
 1443                0.016457
 1446                0.016731
 1449               -0.007397
 1452                0.000705
 1455               -0.000814
 1458                0.002782
 1461               -0.002596
 1464                0.020728
 1467               -0.000733
 1470               -0.001575
 1473               -0.006665
 1476                0.002477
 1479                0.005560
 1482                0.003500
 1485                0.002411
 1488                0.010056
 1491                0.007263
 1494                0.007238
 1497                0.004536
