       0.935186       -0.168882        0.311296
       0.496451       -0.070618        0.865188
       0.815069       -0.040917        0.577917
       0.979890       -0.162497        0.115801
       0.554595        0.050377        0.830594
       0.881441       -0.145457       -0.449337
       0.872290       -0.144029        0.467297
       0.983071        0.180226       -0.033018
       0.958146       -0.194163       -0.210375
       0.797342        0.118869        0.591706
       0.736045        0.012364       -0.676820
       0.911014        0.023112        0.411728
       0.692832        0.046881       -0.719573
       0.631258       -0.113069       -0.767287
       0.981463        0.031647       -0.189022
       0.826333       -0.154281       -0.541637
       0.673185       -0.089926        0.733985
       0.412752       -0.036905       -0.910096
       0.841577       -0.091823        0.532275
       0.809224        0.078522       -0.582229
       0.911729       -0.022395        0.410181
       0.540778        0.096220       -0.835644
       0.408549       -0.067746       -0.910219
       0.024572        0.000164       -0.999698
       0.975106        0.194992       -0.105574
       0.913801       -0.171614       -0.368126
       0.802759        0.066519        0.592582
       0.827686        0.012684       -0.561048
       0.302757       -0.062602       -0.951010
       0.973048        0.024261       -0.229322
       0.932569        0.113711       -0.342614
       0.944415       -0.139656       -0.297619
       0.370056        0.042980       -0.928015
       0.233192       -0.009928       -0.972380
       0.795801       -0.052846       -0.603248
       0.986370       -0.123915        0.108257
       0.988022        0.010209       -0.153973
       0.800649        0.094666       -0.591607
       0.574623       -0.110022        0.810989
       0.387581       -0.018802       -0.921644
       0.986614        0.147430       -0.069691
       0.923784        0.183260       -0.336212
       0.399887       -0.074613        0.913522
       0.981510       -0.037078       -0.187787
       0.950994       -0.154313        0.267951
       0.528977        0.027408       -0.848194
       0.443285       -0.006009       -0.896361
       0.569195        0.070986       -0.819132
       0.773530        0.119496       -0.622392
       0.958411        0.195114        0.208278
       0.979038        0.119676        0.164811
       0.961503        0.041701        0.271610
       0.952361        0.128333       -0.276656
       0.989590        0.081073       -0.118908
       0.993232        0.111894        0.031151
       0.992923        0.106019        0.053506
       0.961426       -0.179337       -0.208560
       0.925897       -0.026417        0.376852
       0.805506       -0.086878       -0.586184
       0.291452        0.011919       -0.956511
       0.277389        0.020867       -0.960531
       0.848777        0.135565       -0.511077
       0.850539        0.093851        0.517470
       0.965290       -0.130297       -0.226357
       0.857904        0.070130        0.509001
       0.985328        0.059475        0.159971
       0.933515       -0.093104       -0.346238
       0.916032       -0.023423        0.400422
       0.965592        0.160787       -0.204400
       0.731907       -0.149394        0.664826
       0.990801       -0.129262        0.040061
       0.984344        0.161182        0.071326
       0.999343        0.034530       -0.011019
       0.919323        0.192395       -0.343262
       0.962608       -0.061122       -0.263912
       0.932413        0.048320       -0.358151
       0.517481       -0.069728       -0.852849
       0.992769        0.072277        0.095844
       0.972364       -0.046983        0.228693
       0.931885        0.188829       -0.309731
       0.957186        0.165468        0.237520
       0.935071       -0.077037       -0.345987
       0.898384        0.041804        0.437217
       0.916230       -0.024877        0.399879
       0.999007       -0.012693        0.042715
       0.391662        0.069789       -0.917459
       0.829391       -0.015464       -0.558455
       0.901239       -0.022449        0.432740
       0.913046        0.063699       -0.402851
       0.837481       -0.012413        0.546326
       0.845909        0.109501        0.521965
       0.744868       -0.000853       -0.667211
       0.925851       -0.148556       -0.347465
       0.600775        0.106737        0.792261
       0.089802       -0.010837       -0.995901
       0.320245       -0.033346       -0.946748
       0.868028        0.029392        0.495645
       0.959766        0.159998        0.230757
       0.425481        0.004373        0.904957
       0.436385       -0.002273        0.899757
       0.966172        0.064844        0.249614
       0.624514       -0.047680        0.779557
       0.985059       -0.062885       -0.160324
       0.692996        0.142728       -0.706672
       0.755769       -0.129523        0.641901
       0.650486        0.077341        0.755570
       0.975930        0.061938        0.209103
       0.956697        0.000979       -0.291086
       0.963840       -0.044978        0.262658
       0.885408        0.028271        0.463955
       0.441703        0.071974        0.894270
       0.789093       -0.165673       -0.591510
       0.809997        0.069759        0.582270
       0.982684        0.093557       -0.159935
       0.788841        0.156357       -0.594376
       0.858088       -0.063151        0.509605
       0.739522       -0.122715        0.661852
       0.898640        0.120107       -0.421924
       0.292438       -0.045909       -0.955182
       0.983208       -0.114658       -0.141969
       0.918189        0.165397        0.359962
       0.410835        0.017419        0.911543
       0.857031        0.080694       -0.508906
       0.958631       -0.182418       -0.218516
       0.934512        0.015866        0.355578
       0.984591       -0.170376       -0.039403
       0.563364       -0.066564       -0.823523
       0.992278        0.103108        0.068942
       0.351098        0.047398       -0.935138
       0.943281       -0.114036       -0.311796
       0.979896        0.068071        0.187536
       0.858340        0.163526       -0.486324
       0.993405       -0.105171       -0.045668
       0.161114        0.032596        0.986397
       0.733073        0.125874        0.668401
       0.536020       -0.086082       -0.839805
       0.315071       -0.017923        0.948899
       0.957589       -0.145223        0.248865
       0.928090        0.123426       -0.351305
       0.365628       -0.047374       -0.929555
       0.978869        0.172963       -0.109087
       0.644642        0.062545        0.761922
       0.625492       -0.082398       -0.775868
       0.886809       -0.113054       -0.448095
       0.863143        0.019345       -0.504588
       0.642353       -0.103127       -0.759439
       0.936599       -0.026402       -0.349408
       0.936171        0.198723       -0.289987
       0.981439        0.189719       -0.028016
       0.882428       -0.022800        0.469894
       0.666337        0.061634       -0.743099
       0.848880        0.126371        0.513258
       0.919138        0.110716       -0.378057
       0.853167        0.120010       -0.507646
       0.981798        0.150109       -0.116360
       0.634446        0.032394        0.772288
       0.797728       -0.038675        0.601777
       0.374219        0.033923        0.926720
       0.978603        0.178330        0.102636
       0.994666        0.082251       -0.062249
       0.510022       -0.033716       -0.859500
       0.901260        0.144616        0.408431
       0.269888       -0.014620       -0.962781
       0.600324        0.076150       -0.796123
       0.992614       -0.102744        0.064510
       0.183439        0.032870        0.982481
       0.313230        0.004391       -0.949667
       0.651927        0.135087       -0.746152
       0.721469       -0.045516       -0.690949
       0.912908       -0.130689        0.386678
       0.569839       -0.047166        0.820402
       0.425199        0.037846       -0.904308
       0.899754        0.009654        0.436291
       0.868747        0.182696       -0.460328
       0.541941        0.020882       -0.840157
       0.732813        0.139708        0.665933
       0.888650        0.046639       -0.456209
       0.412232       -0.048551        0.909784
       0.731148        0.043769       -0.680814
       0.586759       -0.013352       -0.809652
       0.984343        0.047368        0.169777
       0.864920       -0.013475       -0.501729
       0.489245       -0.061940        0.869944
       0.866628        0.168575       -0.469616
       0.550813        0.017667        0.834441
       0.829166       -0.032792        0.558039
       0.959774       -0.105689        0.260124
       0.831651       -0.144840       -0.536076
       0.871040       -0.042263        0.489391
       0.414146       -0.050806        0.908791
       0.987674        0.074866       -0.137459
       0.474588        0.004105        0.880199
       0.870534        0.123563       -0.476343
       0.915324       -0.037905       -0.400931
       0.371528        0.075338        0.925360
       0.801582       -0.047303       -0.596011
       0.858283        0.017812        0.512867
       0.896874       -0.105695       -0.429470
       0.972249        0.099571        0.211703
       0.593674        0.062028       -0.802311
       0.962910       -0.147211        0.226127
       0.929932       -0.146574        0.337258
       0.929540       -0.051800       -0.365064
       0.718805        0.140406        0.680886
       0.631927        0.070224       -0.771840
       0.450381       -0.015646       -0.892699
       0.954250        0.068005        0.291175
       0.649567        0.135508       -0.748131
       0.968372        0.074796        0.238034
       0.981193       -0.096100        0.167409
       0.694555        0.109826       -0.711007
       0.951677       -0.125174        0.280434
       0.650936       -0.064754       -0.756366
       0.925814        0.155351       -0.344579
       0.978510       -0.062224       -0.196589
       0.921401       -0.193906        0.336781
       0.852277       -0.049754        0.520718
       0.898363        0.123860        0.421430
       0.972968       -0.008241       -0.230794
       0.975609        0.117432       -0.185464
       0.501745       -0.100385        0.859171
       0.669395       -0.050376        0.741197
       0.979354        0.192680        0.061154
       0.781183        0.093768        0.617220
       0.995210       -0.008982       -0.097348
       0.607962        0.092806        0.788523
       0.897483       -0.015187       -0.440788
       0.977735       -0.206663       -0.036385
       0.190251       -0.020512       -0.981521
       0.961101        0.063128        0.268887
       0.668099        0.106724       -0.736379
       0.960137        0.015907        0.279077
       0.939679        0.019325        0.341510
       0.913918        0.186329        0.360604
       0.994785        0.079725       -0.063617
       0.975800       -0.183515       -0.118895
       0.347898        0.022105       -0.937272
       0.974030       -0.174923        0.143762
       0.932888        0.116838        0.340689
       0.936139       -0.030455       -0.350309
       0.725665        0.116633        0.678091
       0.955755        0.125899        0.265862
       0.846136       -0.073615       -0.527859
       0.601693        0.061992       -0.796318
       0.780174       -0.157626        0.605378
       0.476505        0.098524        0.873634
       0.749765       -0.095335        0.654801
       0.263338       -0.003414        0.964698
       0.982739        0.097124        0.157453
       0.718701        0.149733        0.679006
       0.484858        0.041010       -0.873631
       0.971500       -0.203262       -0.121952
       0.996133        0.087719        0.005028
       0.849304       -0.059722       -0.524515
       0.171498       -0.005708        0.985168
       0.831725       -0.046277       -0.553255
       0.714492       -0.083234        0.694674
       0.954656       -0.157822        0.252436
       0.669133        0.131872        0.731349
       0.963092       -0.021451        0.268318
       0.937481       -0.023318       -0.347254
       0.645357        0.130151       -0.752712
       0.891708        0.165653        0.421209
       0.972900       -0.180934       -0.143977
       0.991076        0.048966       -0.123982
       0.990283        0.103510        0.092868
       0.624909        0.035778        0.779877
       0.992822        0.002538        0.119573
       0.975155        0.092994        0.201062
       0.960858        0.183747       -0.207338
       0.917723        0.033570       -0.395800
       0.582127        0.110053       -0.805616
       0.939172        0.153301        0.307334
       0.969800       -0.062025        0.235882
       0.887599        0.110383       -0.447196
       0.990114       -0.023794       -0.138229
       0.807112       -0.135511       -0.574637
       0.996508        0.060681       -0.057356
       0.962392        0.086799        0.257426
       0.614513       -0.039425        0.787921
       0.993788        0.107251       -0.029712
       0.812011        0.132362       -0.568435
       0.817499       -0.004630       -0.575912
       0.894990       -0.030046       -0.445074
       0.610982        0.041227        0.790570
       0.923453        0.173083       -0.342457
       0.876297        0.153615       -0.456625
       0.988382        0.124450       -0.087249
       0.981885       -0.115858       -0.149928
       0.638279       -0.125231        0.759550
       0.531307       -0.039764       -0.846246
       0.984350        0.102283       -0.143502
       0.621494        0.027392       -0.782940
       0.973198        0.139035        0.183183
       0.227339        0.017313       -0.973662
       0.520926        0.047654       -0.852271
       0.998022        0.029405        0.055561
       0.927621       -0.016887        0.373142
       0.865927        0.049290        0.497736
       0.952287       -0.012620        0.304943
       0.765041       -0.053564        0.641750
       0.368569        0.030210       -0.929109
       0.417013       -0.036278        0.908176
       0.893288       -0.152215        0.422927
       0.756126       -0.090043       -0.648202
       0.932524       -0.134899        0.334965
       0.763668       -0.029965       -0.644913
       0.709607        0.057599       -0.702240
       0.927189        0.104055        0.359851
       0.805892       -0.057921        0.589223
       0.124267        0.021882       -0.992008
       0.356131       -0.022175       -0.934173
       0.429082        0.064869       -0.900933
       0.978821       -0.204244        0.013918
       0.947998       -0.166437       -0.271291
       0.541645       -0.053007       -0.838934
       0.990358        0.089233       -0.105961
       0.919669        0.102054        0.379201
       0.510168       -0.015179       -0.859941
       0.806340        0.050775       -0.589269
       0.877848       -0.000308       -0.478939
       0.991214       -0.131906        0.009739
       0.439442       -0.085927       -0.894152
       0.328156        0.005905        0.944605
       0.956264        0.183408       -0.227861
       0.489326        0.040157       -0.871176
       0.159482       -0.004680       -0.987190
       0.900275        0.047384       -0.432735
       0.114099       -0.003832        0.993462
       0.921642       -0.102091        0.374370
       0.622208        0.089472       -0.777722
       0.843440        0.067801        0.532928
       0.690805        0.055202       -0.720931
       0.843988        0.046613        0.534333
       0.441272       -0.048007        0.896088
       0.461804        0.071484       -0.884097
       0.991483        0.063677       -0.113610
       0.836947        0.096404        0.538726
       0.854203       -0.005032        0.519915
       0.657190       -0.048627        0.752154
       0.421754       -0.052903        0.905166
       0.671249        0.123375        0.730892
       0.986873       -0.150882        0.057590
       0.995503       -0.056466        0.076059
       0.600065        0.108898       -0.792505
       0.355047        0.058979        0.932986
       0.362628       -0.043986        0.930896
       0.983875        0.149587       -0.098047
       0.723004       -0.129674        0.678565
       0.971729       -0.061569       -0.227931
       0.999427        0.031945        0.011214
       0.659125       -0.053015        0.750162
       0.979220       -0.105452       -0.173228
       0.930473        0.184403       -0.316568
       0.915274        0.167669        0.366281
       0.962723        0.043860        0.266911
       0.913675        0.099475        0.394085
       0.974178        0.091704        0.206320
       0.993984       -0.108757       -0.012983
       0.931187        0.037570        0.362602
       0.647871       -0.063089       -0.759133
       0.984415       -0.128297        0.120279
       0.201170        0.023805        0.979267
       0.801246        0.046159       -0.596552
       0.524352       -0.022315       -0.851209
       0.231097       -0.014101       -0.972829
       0.920706        0.131211       -0.367537
       0.255414       -0.046380       -0.965719
       0.555391        0.074208       -0.828272
       0.791761       -0.067072        0.607137
       0.625978        0.014188        0.779711
       0.691492        0.071085       -0.718878
       0.996435       -0.084219        0.004972
       0.835035        0.037134        0.548943
       0.938378        0.159995       -0.306345
       0.857021       -0.012067       -0.515140
       0.889574       -0.100899        0.445508
       0.946849       -0.168974       -0.273725
       0.792273       -0.129424        0.596283
       0.964234       -0.187382        0.187456
       0.835342       -0.134882        0.532926
       0.829053        0.118146        0.546546
       0.695154        0.039685        0.717765
       0.692929       -0.103293       -0.713568
       0.394658       -0.021643       -0.918573
       0.985880       -0.164882       -0.029229
       0.964893        0.118069        0.234608
       0.973221       -0.146293        0.177311
       0.438853        0.058603       -0.896646
       0.989772       -0.035886       -0.138068
       0.933191        0.058620       -0.354568
       0.868740       -0.120462       -0.480395
       0.891268        0.163494       -0.422978
       0.552851        0.005126       -0.833265
       0.426595       -0.065129       -0.902095
       0.863717        0.054554        0.501015
       0.981641        0.190517        0.009202
       0.795003       -0.005841        0.606578
       0.651458        0.083536        0.754072
       0.894234        0.036764        0.446088
       0.926893        0.050241        0.371947
       0.708648       -0.026178        0.705077
       0.959364       -0.050970        0.277531
       0.744701        0.056125       -0.665034
       0.525773        0.055995       -0.848780
       0.758377       -0.131207       -0.638475
       0.967550        0.181093       -0.176217
       0.986823        0.152654       -0.053645
       0.981580       -0.164689        0.096840
       0.933396        0.180144        0.310353
       0.559937        0.031243       -0.827946
       0.977161        0.140976       -0.159004
       0.818107        0.013586        0.574906
       0.398796       -0.055921        0.915333
       0.854844       -0.026949       -0.518185
       0.743988       -0.075074       -0.663962
       0.784044        0.058930       -0.617902
       0.889026        0.119990        0.441854
       0.966931        0.095852       -0.236341
       0.850700        0.108946        0.514238
       0.180437       -0.016156        0.983454
       0.563406        0.083473       -0.821953
       0.962760        0.031225       -0.268547
       0.874846       -0.070199       -0.479288
       0.773831       -0.000286       -0.633392
       0.809080        0.018836       -0.587397
       0.676907       -0.081232       -0.731573
       0.863761        0.065624       -0.499610
       0.799948       -0.012467       -0.599940
       0.656576       -0.004092        0.754249
       0.987260        0.149343        0.054897
       0.725303       -0.101823       -0.680858
       0.850271        0.155675       -0.502796
       0.524168        0.076705        0.848154
       0.848923       -0.109283       -0.517094
       0.934775       -0.129243        0.330897
       0.873393        0.155697       -0.461457
       0.993337        0.004341        0.115166
       0.488832        0.067152        0.869790
       0.805884        0.147310       -0.573456
       0.872448        0.017774        0.488384
       0.902987       -0.112904        0.414567
       0.981643       -0.034007       -0.187669
       0.712135        0.091411        0.696066
       0.996359        0.084016        0.014467
       0.971281       -0.146020        0.187859
       0.973540        0.127521       -0.189628
       0.691480       -0.062137       -0.719718
       0.998207        0.059828       -0.001885
       0.632846       -0.107505        0.766778
       0.826546       -0.070314       -0.558460
       0.538421        0.039867       -0.841732
       0.938758        0.064678       -0.338453
       0.677106        0.020431        0.735601
       0.865568        0.171309        0.470580
       0.890390       -0.167052        0.423438
       0.663919       -0.138499        0.734867
       0.913515        0.169411        0.369851
       0.912048        0.033907        0.408679
       0.724565       -0.108262        0.680650
       0.986115       -0.138585        0.091495
       0.891315        0.047638       -0.450876
       0.943309        0.105156        0.314819
       0.966484        0.201207        0.159452
       0.174403       -0.004330       -0.984665
       0.459665        0.036968       -0.887323
       0.855265       -0.017117       -0.517908
       0.844045        0.170939        0.508299
       0.992106        0.092969        0.084159
       0.975295        0.185700        0.119644
       0.261369       -0.052666       -0.963801
       0.993688       -0.028655        0.108458
       0.793750       -0.097064        0.600450
       0.732064        0.118561        0.670840
       0.503974       -0.080842        0.859927
       0.981668        0.081765        0.172170
       0.975703       -0.064586       -0.209364
       0.872640       -0.115089        0.474610
       0.932149       -0.193902        0.305778
       0.883476        0.036647        0.467040
       0.425212        0.072315       -0.902200
       0.896045       -0.158081       -0.414866
       0.786208        0.164776       -0.595589
       0.337899       -0.026174       -0.940818
       0.966881       -0.130343       -0.219434
       0.753217       -0.112249       -0.648124
       0.713726        0.099094        0.693380
       0.562698        0.105757        0.819869
       0.925178        0.158732        0.344747
       0.788657        0.119060        0.603196
       0.955918        0.100582       -0.275869
       0.534233        0.070075        0.842428
       0.902908        0.134017       -0.408408
       0.943542        0.161135       -0.289419
       0.981314        0.130985        0.140947
       0.230311       -0.015343        0.972996
       0.971838       -0.010397        0.235421
       0.760386       -0.032628       -0.648651
       0.988228       -0.086606        0.126117
       0.233632       -0.031820        0.971804
       0.670635        0.132583        0.729842
       0.545823       -0.019758        0.837668
       0.891018       -0.107752       -0.440995
       0.709846        0.084564       -0.699262
       0.906037        0.042478       -0.421060
       0.981645       -0.185199        0.045550
       0.998620       -0.051273       -0.011387
       0.972960        0.070802        0.219853
       0.984239       -0.173026        0.036546
       0.954456        0.142424        0.262163
       0.774256        0.094900       -0.625717
       0.948054        0.145114       -0.283081
       0.866907       -0.071504       -0.493314
       0.989636        0.003611        0.143551
       0.214078       -0.002078        0.976814
       0.553129       -0.061780       -0.830802
       0.994608        0.068951       -0.077460
       0.728730       -0.071835        0.681023
       0.964176       -0.049913       -0.260527
       0.912259        0.022561        0.408991
       0.964209        0.163460       -0.208761
       0.974377       -0.206801        0.088442
       0.953924       -0.114958        0.277153
       0.852708       -0.056428       -0.519332
       0.961463       -0.053133        0.269751
       0.964546        0.096326        0.245707
       0.689572        0.052092        0.722341
       0.912779        0.000034        0.408454
       0.998728        0.038608       -0.032419
       0.743578       -0.085503        0.663160
       0.619720       -0.059228        0.782585
       0.978388        0.006048       -0.206691
       0.686724       -0.014589        0.726771
       0.996218        0.042441        0.075825
       0.573830        0.014697       -0.818843
       0.438668       -0.081795       -0.894919
       0.690154       -0.141667       -0.709661
       0.936398        0.046335       -0.347866
       0.949788        0.025724        0.311834
       0.072416       -0.000043       -0.997374
       0.828804       -0.127769        0.544756
       0.930423        0.107084        0.350494
       0.976791        0.049794        0.208329
       0.937335        0.031828       -0.346972
       0.990781        0.131651       -0.031953
       0.958514        0.181866       -0.219488
       0.321981       -0.050126        0.945418
       0.822756       -0.014880        0.568200
       0.628139        0.007243        0.778068
       0.943472        0.165987        0.286896
       0.734039        0.025088        0.678644
       0.254564        0.000436       -0.967056
       0.950711        0.051715       -0.305736
       0.928325        0.186530       -0.321588
       0.960281       -0.191901        0.202568
       0.972578       -0.200098        0.118547
       0.819682        0.067657        0.568809
       0.275958       -0.046872        0.960026
       0.930377        0.123607        0.345138
       0.824296       -0.104270        0.556475
       0.824754        0.087543        0.558674
       0.962492        0.024414        0.270210
       0.977902        0.108028        0.178992
       0.685043        0.136166       -0.715664
       0.953117        0.071714       -0.293982
       0.699307       -0.104818        0.707095
       0.884707        0.005011       -0.466120
       0.998197       -0.042553        0.042337
       0.695910       -0.133206       -0.705667
       0.302795       -0.002495       -0.953052
       0.675424        0.059460       -0.735029
       0.835910       -0.177564       -0.519351
       0.885623        0.147295       -0.440426
       0.995745        0.078523       -0.048231
       0.633451        0.124293       -0.763735
       0.951459       -0.075660       -0.298332
       0.598347       -0.080233       -0.797210
       0.914585        0.011595        0.404227
       0.972599        0.044642       -0.228162
       0.983220        0.176955        0.044327
       0.997568       -0.069400       -0.006454
       0.848149        0.111890        0.517807
       0.713781        0.002493       -0.700364
       0.512965        0.058147       -0.856438
       0.667785        0.106724        0.736663
       0.539189       -0.094889       -0.836822
       0.316171        0.003943       -0.948694
       0.483306       -0.069210       -0.872711
       0.591849       -0.018851        0.805829
       0.240011       -0.000269        0.970770
       0.795187        0.104135        0.597355
       0.850841       -0.101623        0.515503
       0.844624        0.017697        0.535067
       0.820853       -0.088999        0.564163
       0.972471        0.061644       -0.224724
       0.973124       -0.131259        0.189213
       0.768716        0.070983       -0.635639
       0.941873       -0.091266        0.323336
       0.844385       -0.038714        0.534336
       0.915694       -0.044309        0.399426
       0.918230        0.096566        0.384094
       0.349925        0.031447       -0.936250
       0.882091        0.051989       -0.468201
       0.636611       -0.087484        0.766207
       0.388810       -0.019429       -0.921113
       0.762709        0.101062       -0.638797
       0.942223       -0.064230       -0.328771
       0.714882       -0.087902       -0.693698
       0.407445       -0.010919        0.913164
       0.873780        0.139870        0.465773
       0.605522        0.020202        0.795572
       0.597066       -0.006267        0.802168
       0.793452       -0.071283       -0.604445
       0.480551        0.095813        0.871717
       0.899346       -0.015051        0.436979
       0.703220        0.014539       -0.710824
       0.769968       -0.124435        0.625831
       0.161714        0.033279        0.986276
       0.994021       -0.048620       -0.097772
       0.993612       -0.076495       -0.082969
       0.627971        0.099650        0.771830
       0.998062        0.044834        0.043151
       0.781472        0.014360       -0.623776
       0.955624       -0.129489        0.264604
       0.984791        0.015482       -0.173053
       0.985915       -0.023915       -0.165530
       0.755282       -0.138406        0.640620
       0.559791        0.021754       -0.828348
       0.464420        0.032089        0.885034
       0.681238        0.092315       -0.726218
       0.265454       -0.051108       -0.962768
       0.927710       -0.052170        0.369638
       0.914861       -0.075372        0.396671
       0.751439       -0.123697       -0.648104
       0.851740        0.115451       -0.511087
       0.968459       -0.016892       -0.248600
       0.930560        0.089819       -0.354951
       0.263409       -0.054022       -0.963170
       0.552806       -0.112092        0.825737
       0.986199       -0.001976        0.165551
       0.929452       -0.169226        0.327844
       0.661947        0.058265       -0.747283
       0.749815       -0.037154        0.660603
       0.965940        0.199724        0.164532
       0.863538       -0.112918       -0.491479
       0.712952        0.047435       -0.699607
       0.938390       -0.136599       -0.317434
       0.940144       -0.121581        0.318351
       0.993480       -0.108286        0.035653
       0.899621       -0.182697        0.396615
       0.675232       -0.068072        0.734458
       0.924085       -0.106216        0.367131
       0.248526       -0.045248        0.967568
       0.725011        0.090660       -0.682745
       0.968535       -0.063047        0.240759
       0.955299        0.087481        0.282402
       0.865885       -0.127056        0.483840
       0.692889       -0.015266       -0.720883
       0.761897       -0.062902        0.644637
       0.243493        0.041887       -0.968998
       0.966191        0.126767       -0.224511
       0.938142       -0.116288        0.326140
       0.972070        0.116858        0.203527
       0.575381       -0.076202        0.814328
       0.974693       -0.002651        0.223530
       0.419278        0.061846        0.905749
       0.372060       -0.020230       -0.927988
       0.901700        0.045233       -0.429989
       0.990461        0.092293        0.102319
       0.973697        0.002109       -0.227838
       0.975435        0.067885        0.209566
       0.993121       -0.075557        0.089457
       0.937036        0.171518        0.304211
       0.275161        0.043638       -0.960407
       0.362210        0.052789        0.930600
       0.844968        0.025577       -0.534204
       0.924632        0.078066        0.372774
       0.871049       -0.085748        0.483654
       0.944894        0.132731       -0.299263
       0.993172       -0.116547        0.005013
       0.935223        0.158155       -0.316773
       0.501158        0.089757        0.860688
       0.850863        0.016236       -0.525136
       0.979025        0.063580        0.193567
       0.201276       -0.042030       -0.978633
       0.982871        0.037265       -0.180486
       0.486649        0.102733       -0.867536
       0.905495       -0.005302       -0.424323
       0.821130        0.112965       -0.559450
       0.600450       -0.127006        0.789512
       0.976453        0.102658        0.189738
       0.829376       -0.017280        0.558424
       0.938982        0.010309       -0.343812
       0.754364       -0.142100        0.640892
       0.537307        0.038953        0.842487
       0.401260       -0.069916       -0.913292
       0.329937       -0.064475        0.941798
       0.978572        0.099400        0.180324
       0.812412        0.092354       -0.575724
       0.931920        0.017465        0.362244
       0.875388       -0.090991       -0.474780
       0.843870       -0.089908       -0.528961
       0.684517        0.091855       -0.723186
       0.999619       -0.005795       -0.026996
       0.910037       -0.116711        0.397758
       0.470891        0.008309       -0.882152
       0.926052       -0.074728        0.369922
       0.770192        0.151409       -0.619580
       0.873189       -0.033801        0.486208
       0.934087        0.064418        0.351186
       0.710158        0.029095       -0.703441
       0.966469       -0.083264        0.242910
       0.575239        0.097746       -0.812125
       0.985004       -0.168323        0.037888
       0.922185        0.177696       -0.343510
       0.838820        0.177253       -0.514745
       0.729411       -0.067886       -0.680699
       0.533477        0.062226       -0.843522
       0.707772        0.011075        0.706354
       0.946304        0.087782       -0.311133
       0.847052       -0.058953       -0.528231
       0.975350       -0.149529        0.162279
       0.849175        0.007527       -0.528058
       0.991588       -0.127195       -0.023967
       0.981437        0.184214       -0.053356
       0.370903        0.043173       -0.927668
       0.997876        0.009683       -0.064417
       0.873886       -0.061747       -0.482194
       0.890497       -0.176534       -0.419345
       0.629029       -0.018000       -0.777174
       0.785223       -0.050933        0.617115
       0.989189       -0.000296        0.146645
       0.813062       -0.053886        0.579678
       0.992547        0.121685       -0.006646
       0.818710        0.159961       -0.551477
       0.845438        0.039185        0.532635
       0.748220        0.092069       -0.657032
       0.786404       -0.036884        0.616611
       0.826716       -0.098338       -0.553959
       0.525195        0.094368        0.845733
       0.849339        0.075008       -0.522492
       0.385206        0.081399       -0.919234
       0.581253       -0.036366       -0.812910
       0.990519        0.136922       -0.011117
       0.980769       -0.078807       -0.178553
       0.292443        0.013293       -0.956191
       0.988251       -0.025095        0.150766
       0.710895        0.116641       -0.693558
       0.988635        0.055893       -0.139556
       0.556478        0.025795        0.830462
       0.761429       -0.151126       -0.630386
       0.964901       -0.014938       -0.262190
       0.984029       -0.114431       -0.136357
       0.952072        0.164715       -0.257738
       0.997427       -0.006523       -0.071389
       0.871340        0.165467       -0.461939
       0.421798       -0.002552        0.906686
       0.991192       -0.050914        0.122257
       0.486154       -0.022950       -0.873572
       0.194515       -0.018613       -0.980723
       0.975555        0.202807        0.084628
       0.819274       -0.080923        0.567663
       0.845410       -0.167029        0.507330
       0.389456       -0.017448       -0.920880
       0.889539        0.097127       -0.446415
       0.647129        0.055093       -0.760387
       0.952136       -0.143431       -0.269934
       0.719452        0.089371        0.688769
       0.975506       -0.171205       -0.138122
       0.992606       -0.065707        0.102062
       0.681868        0.085956       -0.726407
       0.980175        0.110212        0.164652
       0.967165        0.020062        0.253357
       0.540136       -0.049095        0.840145
       0.917325        0.053924        0.394470
       0.646479        0.129579       -0.751847
       0.941558        0.114762        0.316699
       0.899255        0.046550       -0.434941
       0.984578       -0.168242       -0.047972
       0.935206        0.124558       -0.331473
       0.958339        0.087541       -0.271886
       0.966212       -0.025725       -0.256461
       0.832209        0.145210       -0.535110
       0.334595        0.023130        0.942078
       0.907108       -0.035152       -0.419427
       0.970096        0.054275       -0.236574
       0.901676       -0.011029        0.432272
       0.693211        0.053531       -0.718744
       0.849894        0.078944        0.521007
       0.440230       -0.026881       -0.897483
       0.281446       -0.047220       -0.958415
       0.834612       -0.103170       -0.541090
       0.984428        0.110909        0.136385
       0.993491       -0.087410       -0.073043
       0.996990        0.074663       -0.020879
       0.859769       -0.093201        0.502106
       0.572124        0.079794        0.816276
       0.646984       -0.065539        0.759682
       0.999776       -0.000480        0.021141
       0.880562        0.042464       -0.472025
       0.419634       -0.068768        0.905085
       0.992339       -0.100626        0.071682
       0.980922       -0.183515       -0.064149
       0.746590       -0.063688       -0.662229
       0.562901       -0.054335        0.824736
       0.668823        0.042338       -0.742215
       0.975728        0.121173        0.182405
       0.995237       -0.013863       -0.096499
       0.825840       -0.134737       -0.547572
       0.977031        0.172410       -0.125236
       0.892953        0.077079        0.443502
       0.988116        0.147525        0.043162
       0.977950        0.192265        0.081540
       0.453460        0.015591       -0.891140
       0.935218        0.162356       -0.314655
       0.575214       -0.000993        0.818002
       0.712524        0.108714       -0.693174
       0.191572       -0.011900        0.981406
       0.994956        0.063139       -0.077952
       0.289880        0.042789        0.956106
       0.665814       -0.062386       -0.743505
       0.906156       -0.014314       -0.422702
       0.584900        0.030684       -0.810525
       0.744527       -0.149146        0.650719
       0.943775        0.101623        0.314581
       0.924243        0.063954       -0.376411
       0.887100        0.152440        0.435679
       0.527446       -0.044170       -0.848439
       0.896341        0.020226        0.442903
       0.905949        0.073714        0.416921
       0.723911        0.002838        0.689887
       0.759489        0.155277        0.631716
       0.747592       -0.035729        0.663197
       0.996008        0.039674       -0.079965
       0.701243        0.029840       -0.712298
       0.986495       -0.155387        0.051794
       0.456804        0.034974        0.888879
       0.675271       -0.072694        0.733978
       0.686819        0.111015        0.718301
       0.208414       -0.033197        0.977477
       0.236685        0.038565       -0.970821
       0.737671        0.020265       -0.674856
       0.506503       -0.071603        0.859260
       0.913028       -0.095231       -0.396625
       0.962882       -0.032751        0.267929
       0.600826        0.019813       -0.799135
       0.960871        0.119773        0.249763
       0.735597       -0.152770       -0.659969
       0.728283        0.153790       -0.667797
       0.989873       -0.138728       -0.030110
       0.993808        0.062802       -0.091664
       0.909484        0.100693       -0.403360
       0.968827       -0.148043       -0.198642
       0.633389       -0.123831       -0.763861
       0.615292       -0.030953       -0.787692
       0.800044       -0.005807       -0.599913
       0.958080        0.146090       -0.246454
       0.889949        0.071608       -0.450403
       0.664967       -0.108442       -0.738959
       0.914202        0.118122       -0.387662
       0.979503       -0.124163        0.158614
       0.983385        0.055742        0.172763
       0.994183       -0.102909        0.031790
       0.623692        0.012302        0.781574
       0.558242       -0.108617       -0.822538
       0.897522       -0.161296        0.410412
       0.859006        0.068086       -0.507417
       0.847479        0.128441       -0.515055
       0.833519        0.019817       -0.552135
       0.700618        0.109560       -0.705075
       0.879534        0.031203       -0.474812
       0.999582        0.026897        0.010620
       0.631669       -0.074753        0.771626
       0.949474       -0.071197        0.305663
       0.590350        0.104679       -0.800331
       0.858928       -0.090273        0.504076
       0.754036        0.156025       -0.638033
       0.938274       -0.190658        0.288604
       0.151203        0.009835       -0.988454
       0.954819        0.169337       -0.244223
       0.980478        0.189957       -0.050790
       0.947509        0.001352       -0.319725
       0.989277        0.120179       -0.082989
       0.991675       -0.098791       -0.082587
       0.984885        0.167192        0.045252
       0.987053        0.152436        0.049891
       0.911611       -0.173361       -0.372708
       0.966087        0.127429        0.224582
       0.966046        0.135006        0.220291
       0.870563        0.077121        0.485975
       0.952842        0.098797        0.286935
       0.564647       -0.098157        0.819475
       0.916187        0.010986       -0.400600
       0.802390        0.044646       -0.595128
       0.989065       -0.014935        0.146723
       0.967596       -0.071074        0.242293
       0.759152       -0.025827       -0.650401
       0.937943       -0.096979        0.332954
       0.507813       -0.056059       -0.859641
       0.946518       -0.188837       -0.261618
       0.556046        0.078921       -0.827396
       0.987154       -0.146199       -0.064441
       0.864312        0.124110       -0.487403
       0.774195       -0.045265       -0.631327
       0.772377       -0.161396       -0.614317
       0.929864       -0.174434        0.323922
       0.734586        0.102390        0.670745
       0.768081       -0.097063       -0.632954
       0.817509        0.111971        0.564927
       0.957584        0.074904        0.278250
       0.914203        0.138788       -0.380751
       0.990665        0.076415       -0.112885
       0.832047       -0.173149       -0.526988
       0.958893       -0.119347       -0.257450
       0.108014        0.004616       -0.994139
       0.772736       -0.132787       -0.620683
       0.512851        0.072351        0.855423
       0.978916       -0.187561       -0.080897
       0.936253       -0.000072        0.351327
       0.746759        0.045134       -0.663561
       0.965861       -0.154594       -0.207880
       0.986730       -0.028599       -0.159829
       0.903900        0.066368        0.422563
       0.798126       -0.046698        0.600678
       0.949883       -0.051375       -0.308354
       0.830902       -0.013164        0.556263
       0.925451        0.188733       -0.328513
       0.873566        0.098479        0.476639
       0.446294       -0.075194        0.891722
       0.665909       -0.028271        0.745497
       0.589323        0.116418       -0.799466
       0.321106       -0.006332       -0.947022
       0.771953       -0.021657       -0.635310
       0.691626        0.050254        0.720506
       0.939039       -0.023450        0.343011
       0.747224        0.021015       -0.664240
       0.793732       -0.032095        0.607421
       0.861025       -0.182390        0.474731
       0.920486       -0.094407       -0.379201
       0.995578       -0.051135       -0.078798
       0.998450        0.051568        0.020951
       0.856582       -0.105058        0.505202
       0.982579       -0.130269       -0.132549
       0.767330       -0.158287       -0.621410
       0.916924       -0.040973        0.396953
       0.865950       -0.020486        0.499712
       0.899017        0.160621       -0.407393
       0.529693        0.072450        0.845090
       0.332775       -0.013963       -0.942903
       0.780852        0.107270        0.615438
       0.983294        0.112205       -0.143327
       0.948268       -0.041682        0.314722
       0.541821       -0.024731       -0.840130
       0.912219        0.156428       -0.378664
       0.994594        0.070640        0.076106
       0.262491       -0.021909       -0.964686
       0.913786       -0.105907        0.392147
       0.861725       -0.122131       -0.492458
       0.982127       -0.180530        0.053255
       0.795862       -0.132086        0.590896
       0.802912        0.166462        0.572383
       0.382106       -0.022977       -0.923833
       0.534643       -0.000536        0.845078
       0.815168        0.074816       -0.574372
       0.734144        0.105868       -0.670690
       0.613011        0.049285        0.788535
       0.937597        0.043405       -0.345005
       0.576872        0.091218        0.811725
       0.399583        0.083686       -0.912869
       0.988154       -0.064662       -0.139177
       0.993013        0.048786        0.107446
       0.971798       -0.024864        0.234501
       0.684329        0.137169        0.716155
       0.892023        0.131682        0.432383
       0.723371       -0.137785       -0.676572
       0.854823       -0.086022        0.511741
       0.760303        0.094720        0.642626
       0.871934        0.154872       -0.464485
       0.619631       -0.091370        0.779557
       0.979359       -0.187579       -0.075305
       0.532592        0.039526       -0.845448
       0.918577        0.148876       -0.366132
       0.972257       -0.023405       -0.232742
       0.854398        0.056494        0.516540
       0.864208       -0.022729        0.502621
       0.978982        0.045610       -0.198784
       0.763990       -0.081172        0.640101
       0.921592        0.091358       -0.377256
       0.365594       -0.055938       -0.929092
       0.832487       -0.003699       -0.554032
       0.922066        0.097482        0.374554
       0.727798       -0.142525        0.670818
       0.697417        0.080388        0.712143
       0.997956        0.037790       -0.051530
       0.289981        0.033239       -0.956455
       0.797357       -0.011171       -0.603405
       0.878409        0.011131        0.477781
       0.901886        0.043929        0.429734
       0.818593        0.059206       -0.571315
       0.843807       -0.064355       -0.532775
