1,
0.999998355067,
0.999993420277,
0.999985195659,
0.999973681263,
0.999958877156,
0.999940783426,
0.99991940018,
0.999894727545,
0.999866765666,
0.999835514711,
0.999800974862,
0.999763146326,
0.999722029326,
0.999677624105,
0.999629930927,
0.999578950074,
0.999524681848,
0.999467126569,
0.99940628458,
0.99934215624,
0.999274741929,
0.999204042046,
0.999130057009,
0.999052787258,
0.998972233249,
0.998888395459,
0.998801274385,
0.998710870542,
0.998617184466,
0.998520216712,
0.998419967854,
0.998316438484,
0.998209629217,
0.998099540685,
0.997986173538,
0.99786952845,
0.997749606109,
0.997626407227,
0.997499932531,
0.997370182773,
0.997237158718,
0.997100861155,
0.996961290891,
0.996818448751,
0.996672335582,
0.996522952249,
0.996370299635,
0.996214378644,
0.9960551902,
0.995892735244,
0.995727014737,
0.995558029662,
0.995385781018,
0.995210269825,
0.99503149712,
0.994849463964,
0.994664171431,
0.994475620621,
0.994283812647,
0.994088748646,
0.993890429771,
0.993688857197,
0.993484032115,
0.993275955739,
0.993064629299,
0.992850054046,
0.992632231249,
0.992411162198,
0.992186848199,
0.991959290581,
0.99172849069,
0.991494449891,
0.991257169569,
0.991016651127,
0.990772895988,
0.990525905595,
0.990275681408,
0.990022224907,
0.989765537592,
0.989505620981,
0.989242476612,
0.98897610604,
0.98870651084,
0.988433692609,
0.988157652958,
0.987878393521,
0.987595915948,
0.987310221911,
0.987021313098,
0.986729191218,
0.986433857998,
0.986135315185,
0.985833564543,
0.985528607856,
0.985220446928,
0.98490908358,
0.984594519652,
0.984276757005,
0.983955797516,
0.983631643083,
0.983304295622,
0.982973757068,
0.982640029373,
0.982303114511,
0.981963014472,
0.981619731267,
0.981273266924,
0.980923623489,
0.98057080303,
0.980214807631,
0.979855639395,
0.979493300444,
0.979127792919,
0.978759118979,
0.978387280802,
0.978012280584,
0.977634120541,
0.977252802906,
0.976868329931,
0.976480703888,
0.976089927064,
0.975696001769,
0.975298930327,
0.974898715085,
0.974495358404,
0.974088862668,
0.973679230274,
0.973266463643,
0.97285056521,
0.972431537431,
0.97200938278,
0.971584103748,
0.971155702845,
0.9707241826,
0.97028954556,
0.969851794289,
0.969410931371,
0.968966959407,
0.968519881017,
0.968069698839,
0.967616415529,
0.967160033761,
0.966700556227,
0.966237985637,
0.965772324722,
0.965303576226,
0.964831742914,
0.96435682757,
0.963878832994,
0.963397762004,
0.962913617438,
0.96242640215,
0.961936119013,
0.961442770916,
0.96094636077,
0.960446891499,
0.959944366048,
0.959438787379,
0.958930158472,
0.958418482325,
0.957903761952,
0.957386000387,
0.956865200681,
0.956341365902,
0.955814499136,
0.955284603488,
0.954751682079,
0.954215738049,
0.953676774553,
0.953134794767,
0.952589801882,
0.952041799107,
0.95149078967,
0.950936776816,
0.950379763805,
0.949819753918,
0.949256750451,
0.948690756719,
0.948121776052,
0.9475498118,
0.946974867329,
0.946396946023,
0.945816051282,
0.945232186524,
0.944645355185,
0.944055560718,
0.943462806591,
0.942867096292,
0.942268433325,
0.94166682121,
0.941062263486,
0.940454763709,
0.93984432545,
0.939230952299,
0.938614647861,
0.937995415761,
0.937373259638,
0.93674818315,
0.93612018997,
0.935489283789,
0.934855468314,
0.934218747271,
0.9335791244,
0.93293660346,
0.932291188224,
0.931642882485,
0.93099169005,
0.930337614744,
0.929680660409,
0.929020830902,
0.928358130099,
0.927692561888,
0.92702413018,
0.926352838896,
0.925678691979,
0.925001693384,
0.924321847086,
0.923639157073,
0.922953627351,
0.922265261944,
0.92157406489,
0.920880040243,
0.920183192074,
0.919483524472,
0.918781041539,
0.918075747395,
0.917367646176,
0.916656742033,
0.915943039135,
0.915226541666,
0.914507253825,
0.913785179828,
0.913060323907,
0.91233269031,
0.9116022833,
0.910869107158,
0.910133166177,
0.90939446467,
0.908653006963,
0.907908797398,
0.907161840335,
0.906412140147,
0.905659701223,
0.904904527968,
0.904146624805,
0.903385996168,
0.90262264651,
0.901856580297,
0.901087802014,
0.900316316157,
0.899542127241,
0.898765239794,
0.897985658362,
0.897203387502,
0.896418431791,
0.895630795817,
0.894840484187,
0.894047501522,
0.893251852455,
0.892453541639,
0.891652573738,
0.890848953434,
0.890042685423,
0.889233774414,
0.888422225134,
0.887608042324,
0.886791230739,
0.885971795148,
0.885149740338,
0.884325071108,
0.883497792273,
0.882667908662,
0.881835425119,
0.881000346502,
0.880162677686,
0.879322423557,
0.878479589018,
0.877634178986,
0.876786198392,
0.875935652182,
0.875082545316,
0.874226882769,
0.873368669529,
0.872507910599,
0.871644610997,
0.870778775755,
0.869910409917,
0.869039518545,
0.868166106712,
0.867290179506,
0.86641174203,
0.865530799399,
0.864647356744,
0.863761419209,
0.862872991952,
0.861982080145,
0.861088688973,
0.860192823636,
0.859294489348,
0.858393691334,
0.857490434837,
0.856584725109,
0.85567656742,
0.85476596705,
0.853852929295,
0.852937459463,
0.852019562876,
0.851099244869,
0.850176510792,
0.849251366007,
0.848323815889,
0.847393865826,
0.846461521221,
0.84552678749,
0.844589670059,
0.843650174372,
0.842708305882,
0.841764070057,
0.840817472378,
0.839868518339,
0.838917213445,
0.837963563217,
0.837007573186,
0.836049248898,
0.835088595912,
0.834125619796,
0.833160326136,
0.832192720526,
0.831222808576,
0.830250595907,
0.829276088152,
0.828299290958,
0.827320209984,
0.826338850901,
0.825355219392,
0.824369321154,
0.823381161895,
0.822390747335,
0.821398083207,
0.820403175255,
0.819406029238,
0.818406650925,
0.817405046096,
0.816401220545,
0.815395180077,
0.81438693051,
0.813376477673,
0.812363827407,
0.811348985564,
0.81033195801,
0.80931275062,
0.808291369284,
0.8072678199,
0.806242108381,
0.805214240649,
0.804184222638,
0.803152060296,
0.802117759578,
0.801081326455,
0.800042766907,
0.799002086925,
0.797959292512,
0.796914389682,
0.795867384461,
0.794818282886,
0.793767091004,
0.792713814873,
0.791658460564,
0.790601034158,
0.789541541746,
0.788479989431,
0.787416383327,
0.786350729558,
0.785283034259,
0.784213303577,
0.783141543667,
0.782067760697,
0.780991960846,
0.779914150301,
0.778834335262,
0.777752521938,
0.776668716549,
0.775582925326,
0.774495154509,
0.77340541035,
0.772313699109,
0.771220027059,
0.770124400481,
0.769026825667,
0.767927308919,
0.766825856549,
0.765722474879,
0.764617170241,
0.763509948977,
0.762400817439,
0.761289781989,
0.760176848998,
0.759062024848,
0.757945315928,
0.756826728641,
0.755706269395,
0.754583944612,
0.753459760719,
0.752333724157,
0.751205841372,
0.750076118824,
0.748944562978,
0.747811180311,
0.746675977308,
0.745538960465,
0.744400136286,
0.743259511282,
0.742117091977,
0.740972884901,
0.739826896595,
0.738679133608,
0.737529602498,
0.736378309831,
0.735225262183,
0.734070466139,
0.732913928292,
0.731755655243,
0.730595653604,
0.729433929992,
0.728270491036,
0.727105343372,
0.725938493643,
0.724769948504,
0.723599714615,
0.722427798646,
0.721254207274,
0.720078947185,
0.718902025075,
0.717723447644,
0.716543221604,
0.715361353672,
0.714177850576,
0.712992719049,
0.711805965834,
0.71061759768,
0.709427621346,
0.708236043597,
0.707042871207,
0.705848110956,
0.704651769634,
0.703453854035,
0.702254370964,
0.701053327232,
0.699850729658,
0.698646585066,
0.697440900292,
0.696233682175,
0.695024937562,
0.69381467331,
0.692602896279,
0.69138961334,
0.690174831368,
0.688958557246,
0.687740797866,
0.686521560123,
0.685300850922,
0.684078677174,
0.682855045796,
0.681629963712,
0.680403437854,
0.679175475158,
0.677946082569,
0.676715267038,
0.675483035521,
0.674249394982,
0.673014352392,
0.671777914725,
0.670540088965,
0.669300882101,
0.668060301127,
0.666818353044,
0.665575044861,
0.664330383589,
0.663084376248,
0.661837029863,
0.660588351466,
0.659338348093,
0.658087026787,
0.656834394597,
0.655580458576,
0.654325225784,
0.653068703288,
0.651810898158,
0.65055181747,
0.649291468306,
0.648029857754,
0.646766992908,
0.645502880863,
0.644237528725,
0.642970943602,
0.641703132607,
0.64043410286,
0.639163861484,
0.637892415609,
0.636619772368,
0.6353459389,
0.634070922349,
0.632794729864,
0.631517368598,
0.630238845709,
0.62895916836,
0.627678343719,
0.626396378958,
0.625113281252,
0.623829057784,
0.622543715739,
0.621257262306,
0.619969704681,
0.618681050061,
0.617391305649,
0.616100478653,
0.614808576283,
0.613515605755,
0.612221574287,
0.610926489105,
0.609630357433,
0.608333186505,
0.607034983554,
0.605735755819,
0.604435510543,
0.603134254973,
0.601831996358,
0.600528741951,
0.59922449901,
0.597919274796,
0.596613076571,
0.595305911605,
0.593997787167,
0.592688710531,
0.591378688976,
0.590067729781,
0.58875584023,
0.587443027611,
0.586129299212,
0.584814662327,
0.583499124252,
0.582182692286,
0.580865373729,
0.579547175888,
0.578228106068,
0.57690817158,
0.575587379736,
0.574265737852,
0.572943253245,
0.571619933236,
0.570295785147,
0.568970816304,
0.567645034034,
0.566318445667,
0.564991058535,
0.563662879972,
0.562333917316,
0.561004177903,
0.559673669076,
0.558342398177,
0.557010372551,
0.555677599543,
0.554344086504,
0.553009840782,
0.55167486973,
0.550339180702,
0.549002781053,
0.547665678141,
0.546327879323,
0.544989391961,
0.543650223415,
0.542310381048,
0.540969872226,
0.539628704314,
0.538286884679,
0.536944420689,
0.535601319713,
0.534257589122,
0.532913236288,
0.531568268583,
0.530222693382,
0.528876518057,
0.527529749985,
0.526182396543,
0.524834465106,
0.523485963053,
0.522136897762,
0.520787276613,
0.519437106984,
0.518086396256,
0.516735151809,
0.515383381025,
0.514031091285,
0.51267828997,
0.511324984463,
0.509971182146,
0.508616890402,
0.507262116612,
0.505906868159,
0.504551152427,
0.503194976798,
0.501838348653,
0.500481275377,
0.499123764351,
0.497765822956,
0.496407458576,
0.495048678591,
0.493689490382,
0.492329901331,
0.490969918817,
0.48960955022,
0.488248802919,
0.486887684294,
0.48552620172,
0.484164362577,
0.48280217424,
0.481439644084,
0.480076779485,
0.478713587816,
0.477350076451,
0.47598625276,
0.474622124115,
0.473257697886,
0.47189298144,
0.470527982146,
0.469162707369,
0.467797164474,
0.466431360824,
0.465065303782,
0.463699000708,
0.462332458961,
0.460965685898,
0.459598688876,
0.458231475248,
0.456864052367,
0.455496427585,
0.454128608249,
0.452760601707,
0.451392415305,
0.450024056385,
0.448655532289,
0.447286850357,
0.445918017925,
0.444549042328,
0.4431799309,
0.44181069097,
0.440441329868,
0.43907185492,
0.437702273448,
0.436332592774,
0.434962820218,
0.433592963094,
0.432223028718,
0.430853024398,
0.429482957445,
0.428112835164,
0.426742664857,
0.425372453824,
0.424002209363,
0.422631938768,
0.42126164933,
0.419891348337,
0.418521043075,
0.417150740825,
0.415780448867,
0.414410174476,
0.413039924925,
0.411669707482,
0.410299529415,
0.408929397984,
0.407559320449,
0.406189304066,
0.404819356087,
0.403449483759,
0.402079694328,
0.400709995034,
0.399340393115,
0.397970895805,
0.396601510333,
0.395232243924,
0.393863103801,
0.392494097182,
0.391125231281,
0.389756513306,
0.388387950465,
0.387019549959,
0.385651318984,
0.384283264735,
0.3829153944,
0.381547715163,
0.380180234204,
0.378812958699,
0.377445895819,
0.376079052731,
0.374712436597,
0.373346054573,
0.371979913814,
0.370614021466,
0.369248384672,
0.367883010572,
0.366517906298,
0.36515307898,
0.36378853574,
0.362424283697,
0.361060329966,
0.359696681654,
0.358333345864,
0.356970329696,
0.355607640241,
0.354245284587,
0.352883269817,
0.351521603007,
0.350160291229,
0.348799341549,
0.347438761027,
0.346078556718,
0.344718735672,
0.343359304932,
0.342000271535,
0.340641642515,
0.339283424898,
0.337925625704,
0.336568251947,
0.335211310638,
0.333854808777,
0.332498753363,
0.331143151386,
0.32978800983,
0.328433335674,
0.327079135889,
0.325725417443,
0.324372187295,
0.323019452397,
0.321667219698,
0.320315496137,
0.318964288649,
0.31761360416,
0.316263449593,
0.314913831862,
0.313564757873,
0.312216234529,
0.310868268723,
0.309520867343,
0.30817403727,
0.306827785378,
0.305482118533,
0.304137043595,
0.302792567417,
0.301448696846,
0.300105438719,
0.298762799869,
0.297420787119,
0.296079407288,
0.294738667185,
0.293398573612,
0.292059133365,
0.290720353233,
0.289382239994,
0.288044800423,
0.286708041284,
0.285371969335,
0.284036591327,
0.282701914003,
0.281367944096,
0.280034688334,
0.278702153437,
0.277370346115,
0.276039273073,
0.274708941006,
0.273379356602,
0.27205052654,
0.270722457492,
0.269395156122,
0.268068629084,
0.266742883027,
0.26541792459,
0.264093760402,
0.262770397087,
0.261447841259,
0.260126099523,
0.258805178476,
0.257485084708,
0.256165824799,
0.25484740532,
0.253529832835,
0.252213113898,
0.250897255055,
0.249582262843,
0.248268143791,
0.246954904417,
0.245642551233,
0.244331090741,
0.243020529433,
0.241710873793,
0.240402130297,
0.239094305409,
0.237787405587,
0.236481437279,
0.235176406923,
0.233872320947,
0.232569185773,
0.23126700781,
0.22996579346,
0.228665549116,
0.227366281159,
0.226067995963,
0.224770699891,
0.223474399297,
0.222179100526,
0.220884809913,
0.219591533783,
0.218299278452,
0.217008050224,
0.215717855397,
0.214428700257,
0.213140591079,
0.21185353413,
0.210567535668,
0.209282601937,
0.207998739176,
0.206715953609,
0.205434251455,
0.204153638918,
0.202874122196,
0.201595707474,
0.200318400927,
0.199042208722,
0.197767137013,
0.196493191944,
0.195220379651,
0.193948706257,
0.192678177875,
0.191408800609,
0.19014058055,
0.188873523781,
0.187607636373,
0.186342924386,
0.18507939387,
0.183817050863,
0.182555901395,
0.181295951483,
0.180037207133,
0.178779674341,
0.177523359092,
0.17626826736,
0.175014405108,
0.173761778287,
0.172510392838,
0.171260254692,
0.170011369765,
0.168763743967,
0.167517383193,
0.166272293328,
0.165028480245,
0.163785949807,
0.162544707864,
0.161304760257,
0.160066112814,
0.15882877135,
0.157592741672,
0.156358029572,
0.155124640833,
0.153892581226,
0.152661856508,
0.151432472428,
0.150204434721,
0.14897774911,
0.147752421307,
0.146528457013,
0.145305861915,
0.14408464169,
0.142864802003,
0.141646348505,
0.140429286838,
0.139213622629,
0.137999361496,
0.136786509042,
0.135575070861,
0.134365052531,
0.133156459621,
0.131949297687,
0.130743572271,
0.129539288905,
0.128336453108,
0.127135070387,
0.125935146234,
0.124736686133,
0.123539695551,
0.122344179947,
0.121150144763,
0.119957595432,
0.118766537373,
0.117576975992,
0.116388916683,
0.115202364826,
0.114017325791,
0.112833804934,
0.111651807596,
0.110471339108,
0.109292404787,
0.108115009938,
0.106939159852,
0.105764859808,
0.10459211507,
0.103420930893,
0.102251312515,
0.101083265163,
0.0999167940496,
0.0987519043761,
0.0975886013293,
0.0964268900831,
0.0952667757984,
0.0941082636227,
0.0929513586901,
0.0917960661218,
0.0906423910253,
0.0894903384948,
0.0883399136114,
0.0871911214424,
0.0860439670419,
0.0848984554504,
0.083754591695,
0.0826123807892,
0.0814718277329,
0.0803329375125,
0.0791957151008,
0.0780601654569,
0.076926293526,
0.07579410424,
0.0746636025169,
0.0735347932607,
0.0724076813621,
0.0712822716974,
0.0701585691296,
0.0690365785074,
0.0679163046659,
0.0667977524261,
0.0656809265951,
0.064565831966,
0.0634524733178,
0.0623408554157,
0.0612309830106,
0.0601228608394,
0.059016493625,
0.0579118860758,
0.0568090428864,
0.055707968737,
0.0546086682937,
0.0535111462082,
0.0524154071181,
0.0513214556465,
0.0502292964022,
0.0491389339799,
0.0480503729596,
0.046963617907,
0.0458786733735,
0.0447955438958,
0.0437142339964,
0.0426347481829,
0.0415570909489,
0.0404812667729,
0.0394072801191,
0.0383351354372,
0.037264837162,
0.0361963897138,
0.0351297974982,
0.0340650649061,
0.0330021963135,
0.031941196082,
0.0308820685581,
0.0298248180737,
0.0287694489457,
0.0277159654762,
0.0266643719527,
0.0256146726474,
0.0245668718178,
0.0235209737065,
0.0224769825409,
0.0214349025337,
0.0203947378824,
0.0193564927696,
0.0183201713628,
0.0172857778143,
0.0162533162614,
0.0152227908263,
0.0141942056161,
0.0131675647226,
0.0121428722226,
0.0111201321774,
0.0100993486334,
0.00908052562159,
0.00806366715762,
0.00704877724195,
0.00603585985971,
0.00502491898068,
0.00401595855929,
0.00300898253458,
0.00200399483021,
0.00100099935442,
