0 0.950847
0.01 0.950639
0.02 0.950015
0.03 0.948976
0.04 0.947523
0.05 0.945658
0.06 0.943382
0.07 0.940698
0.08 0.937609
0.09 0.934119
0.1 0.93023
0.11 0.925947
0.12 0.921275
0.13 0.916219
0.14 0.910783
0.15 0.904975
0.16 0.898799
0.17 0.892263
0.18 0.885372
0.19 0.878136
0.2 0.87056
0.21 0.862654
0.22 0.854425
0.23 0.845881
0.24 0.837032
0.25 0.827887
0.26 0.818455
0.27 0.808746
0.28 0.798769
0.29 0.788535
0.3 0.778054
0.31 0.767337
0.32 0.756393
0.33 0.745235
0.34 0.733873
0.35 0.722318
0.36 0.710582
0.37 0.698676
0.38 0.68661
0.39 0.674398
0.4 0.66205
0.41 0.649579
0.42 0.636995
0.43 0.62431
0.44 0.611536
0.45 0.598685
0.46 0.585768
0.47 0.572797
0.48 0.559783
0.49 0.546738
0.5 0.533672
0.51 0.520598
0.52 0.507525
0.53 0.494466
0.54 0.48143
0.55 0.468429
0.56 0.455472
0.57 0.44257
0.58 0.429733
0.59 0.416971
0.6 0.404293
0.61 0.391709
0.62 0.379227
0.63 0.366857
0.64 0.354607
0.65 0.342485
0.66 0.3305
0.67 0.318659
0.68 0.306969
0.69 0.295438
0.7 0.284073
0.71 0.272879
0.72 0.261864
0.73 0.251033
0.74 0.240391
0.75 0.229945
0.76 0.219698
0.77 0.209655
0.78 0.199821
0.79 0.190199
0.8 0.180793
0.81 0.171607
0.82 0.162642
0.83 0.153903
0.84 0.14539
0.85 0.137106
0.86 0.129052
0.87 0.12123
0.88 0.113641
0.89 0.106285
0.9 0.0991626
0.91 0.0922739
0.92 0.0856185
0.93 0.079196
0.94 0.0730055
0.95 0.0670459
0.96 0.0613158
0.97 0.0558135
0.98 0.0505373
0.99 0.0454849
1 0.0406539
1.01 0.0360418
1.02 0.0316457
1.03 0.0274627
1.04 0.0234894
1.05 0.0197224
1.06 0.0161581
1.07 0.0127928
1.08 0.00962255
1.09 0.00664316
1.1 0.00385044
1.11 0.00124001
1.12 -0.00119261
1.13 -0.00345204
1.14 -0.00554297
1.15 -0.00747021
1.16 -0.00923865
1.17 -0.0108532
1.18 -0.012319
1.19 -0.0136409
1.2 -0.0148242
1.21 -0.0158739
1.22 -0.0167953
1.23 -0.0175936
1.24 -0.0182738
1.25 -0.0188412
1.26 -0.0193009
1.27 -0.0196582
1.28 -0.019918
1.29 -0.0200856
1.3 -0.0201658
1.31 -0.0201638
1.32 -0.0200845
1.33 -0.0199326
1.34 -0.0197131
1.35 -0.0194305
1.36 -0.0190895
1.37 -0.0186947
1.38 -0.0182504
1.39 -0.017761
1.4 -0.0172308
1.41 -0.0166638
1.42 -0.0160641
1.43 -0.0154355
1.44 -0.0147818
1.45 -0.0141066
1.46 -0.0134135
1.47 -0.0127058
1.48 -0.0119867
1.49 -0.0112594
