0 1
0.01 0.999798
0.02 0.999192
0.03 0.998182
0.04 0.99677
0.05 0.994955
0.06 0.992739
0.07 0.990123
0.08 0.98711
0.09 0.9837
0.1 0.979897
0.11 0.975702
0.12 0.971117
0.13 0.966147
0.14 0.960794
0.15 0.955061
0.16 0.948952
0.17 0.94247
0.18 0.935621
0.19 0.928408
0.2 0.920836
0.21 0.91291
0.22 0.904635
0.23 0.896015
0.24 0.887058
0.25 0.877768
0.26 0.868152
0.27 0.858217
0.28 0.847967
0.29 0.837412
0.3 0.826556
0.31 0.815409
0.32 0.803977
0.33 0.792269
0.34 0.780291
0.35 0.768053
0.36 0.755563
0.37 0.74283
0.38 0.729863
0.39 0.716671
0.4 0.703263
0.41 0.68965
0.42 0.67584
0.43 0.661846
0.44 0.647676
0.45 0.633341
0.46 0.618853
0.47 0.604223
0.48 0.589461
0.49 0.57458
0.5 0.559591
0.51 0.544507
0.52 0.529339
0.53 0.514101
0.54 0.498805
0.55 0.483463
0.56 0.46809
0.57 0.452699
0.58 0.437303
0.59 0.421916
0.6 0.406552
0.61 0.391227
0.62 0.375953
0.63 0.360747
0.64 0.345622
0.65 0.330595
0.66 0.315681
0.67 0.300895
0.68 0.286254
0.69 0.271773
0.7 0.257469
0.71 0.243358
0.72 0.229457
0.73 0.215783
0.74 0.202353
0.75 0.189185
0.76 0.176295
0.77 0.163703
0.78 0.151426
0.79 0.139482
0.8 0.127889
0.81 0.116667
0.82 0.105834
0.83 0.0954087
0.84 0.0854108
0.85 0.0758596
0.86 0.0667747
0.87 0.058176
0.88 0.0500834
0.89 0.0425172
0.9 0.0354978
0.91 0.0290457
0.92 0.0231818
0.93 0.017927
0.94 0.0133025
0.95 0.00932968
0.96 0.00603
0.97 0.00342519
0.98 0.00153718
0.99 0.000388027
1 0
1.01 0
1.02 0
1.03 0
1.04 0
1.05 0
1.06 0
1.07 0
1.08 0
1.09 0
1.1 0
1.11 0
1.12 0
1.13 0
1.14 0
1.15 0
1.16 0
1.17 0
1.18 0
1.19 0
1.2 0
1.21 0
1.22 0
1.23 0
1.24 0
1.25 0
1.26 0
1.27 0
1.28 0
1.29 0
1.3 0
1.31 0
1.32 0
1.33 0
1.34 0
1.35 0
1.36 0
1.37 0
1.38 0
1.39 0
1.4 0
1.41 0
1.42 0
1.43 0
1.44 0
1.45 0
1.46 0
1.47 0
1.48 0
1.49 0
