0 1
0.01 0.99973
0.02 0.998921
0.03 0.997573
0.04 0.995689
0.05 0.993272
0.06 0.990325
0.07 0.986854
0.08 0.982862
0.09 0.978357
0.1 0.973345
0.11 0.967834
0.12 0.961832
0.13 0.955349
0.14 0.948393
0.15 0.940975
0.16 0.933107
0.17 0.9248
0.18 0.916067
0.19 0.906919
0.2 0.897371
0.21 0.887437
0.22 0.87713
0.23 0.866465
0.24 0.855458
0.25 0.844124
0.26 0.832479
0.27 0.820539
0.28 0.808321
0.29 0.79584
0.3 0.783115
0.31 0.770161
0.32 0.756997
0.33 0.743638
0.34 0.730103
0.35 0.716409
0.36 0.702572
0.37 0.68861
0.38 0.674541
0.39 0.66038
0.4 0.646145
0.41 0.631852
0.42 0.617518
0.43 0.603158
0.44 0.588789
0.45 0.574426
0.46 0.560085
0.47 0.545779
0.48 0.531525
0.49 0.517335
0.5 0.503223
0.51 0.489203
0.52 0.475287
0.53 0.461488
0.54 0.447818
0.55 0.434287
0.56 0.420907
0.57 0.407688
0.58 0.394639
0.59 0.38177
0.6 0.36909
0.61 0.356607
0.62 0.344328
0.63 0.332261
0.64 0.320411
0.65 0.308786
0.66 0.297389
0.67 0.286227
0.68 0.275304
0.69 0.264623
0.7 0.254188
0.71 0.244002
0.72 0.234066
0.73 0.224383
0.74 0.214955
0.75 0.205782
0.76 0.196864
0.77 0.188202
0.78 0.179794
0.79 0.171642
0.8 0.163742
0.81 0.156095
0.82 0.148697
0.83 0.141547
0.84 0.134642
0.85 0.127979
0.86 0.121555
0.87 0.115366
0.88 0.10941
0.89 0.103682
0.9 0.0981778
0.91 0.0928935
0.92 0.0878246
0.93 0.0829663
0.94 0.078314
0.95 0.0738628
0.96 0.0696077
0.97 0.0655436
0.98 0.0616653
0.99 0.0579676
1 0.0544453
1.01 0.051093
1.02 0.0479053
1.03 0.0448771
1.04 0.0420029
1.05 0.0392773
1.06 0.0366952
1.07 0.0342513
1.08 0.0319403
1.09 0.0297571
1.1 0.0276966
1.11 0.0257539
1.12 0.0239239
1.13 0.0222019
1.14 0.0205831
1.15 0.0190628
1.16 0.0176365
1.17 0.0162998
1.18 0.0150484
1.19 0.013878
1.2 0.0127847
1.21 0.0117643
1.22 0.0108131
1.23 0.00992747
1.24 0.00910369
1.25 0.00833837
1.26 0.00762817
1.27 0.00696989
1.28 0.00636048
1.29 0.00579697
1.3 0.00527656
1.31 0.00479654
1.32 0.00435433
1.33 0.0039475
1.34 0.00357368
1.35 0.00323067
1.36 0.00291634
1.37 0.0026287
1.38 0.00236584
1.39 0.00212599
1.4 0.00190743
1.41 0.00170858
1.42 0.00152794
1.43 0.00136408
1.44 0.00121569
1.45 0.00108152
1.46 0.000960415
1.47 0.000851278
1.48 0.0007531
1.49 0.000664936
1.5 0.000585908
1.51 0.000515202
1.52 0.00045206
1.53 0.000395785
1.54 0.000345731
1.55 0.000301301
1.56 0.000261947
1.57 0.000227166
1.58 0.000196497
1.59 0.000169514
1.6 0.000145834
1.61 0.000125102
1.62 0.000106999
1.63 9.12327e-05
1.64 7.75398e-05
1.65 6.56815e-05
1.66 5.54425e-05
1.67 4.66291e-05
1.68 3.90671e-05
1.69 3.26006e-05
1.7 2.70904e-05
1.71 2.24122e-05
1.72 1.84557e-05
1.73 1.51232e-05
1.74 1.2328e-05
1.75 9.99421e-06
1.76 8.05478e-06
1.77 6.45119e-06
1.78 5.13237e-06
1.79 4.05391e-06
1.8 3.17737e-06
1.81 2.46958e-06
1.82 1.90206e-06
1.83 1.45047e-06
1.84 1.0941e-06
1.85 8.15385e-07
1.86 5.99571e-07
1.87 4.34288e-07
1.88 3.09246e-07
1.89 2.15945e-07
1.9 1.47413e-07
1.91 9.79756e-08
1.92 6.30592e-08
1.93 3.90125e-08
1.94 2.29536e-08
1.95 1.26368e-08
1.96 6.33814e-09
1.97 2.75705e-09
1.98 9.32865e-10
1.99 1.74238e-10
2 0
2.01 0
2.02 0
2.03 0
2.04 0
2.05 0
2.06 0
2.07 0
2.08 0
2.09 0
2.1 0
2.11 0
2.12 0
2.13 0
2.14 0
2.15 0
2.16 0
2.17 0
2.18 0
2.19 0
2.2 0
2.21 0
2.22 0
2.23 0
2.24 0
2.25 0
2.26 0
2.27 0
2.28 0
2.29 0
2.3 0
2.31 0
2.32 0
2.33 0
2.34 0
2.35 0
2.36 0
2.37 0
2.38 0
2.39 0
2.4 0
2.41 0
2.42 0
2.43 0
2.44 0
2.45 0
2.46 0
2.47 0
2.48 0
2.49 0
2.5 0
