0 1
0.01 0.999948
0.02 0.999792
0.03 0.999532
0.04 0.999168
0.05 0.998699
0.06 0.998127
0.07 0.997452
0.08 0.996672
0.09 0.995789
0.1 0.994803
0.11 0.993714
0.12 0.992521
0.13 0.991226
0.14 0.989828
0.15 0.988328
0.16 0.986725
0.17 0.985021
0.18 0.983215
0.19 0.981308
0.2 0.9793
0.21 0.977191
0.22 0.974983
0.23 0.972674
0.24 0.970266
0.25 0.967758
0.26 0.965153
0.27 0.962449
0.28 0.959647
0.29 0.956748
0.3 0.953752
0.31 0.95066
0.32 0.947472
0.33 0.944189
0.34 0.940812
0.35 0.93734
0.36 0.933775
0.37 0.930118
0.38 0.926368
0.39 0.922526
0.4 0.918594
0.41 0.914571
0.42 0.910459
0.43 0.906258
0.44 0.901969
0.45 0.897593
0.46 0.89313
0.47 0.888582
0.48 0.883948
0.49 0.879231
0.5 0.87443
0.51 0.869546
0.52 0.864581
0.53 0.859535
0.54 0.85441
0.55 0.849205
0.56 0.843923
0.57 0.838563
0.58 0.833127
0.59 0.827616
0.6 0.822031
0.61 0.816373
0.62 0.810643
0.63 0.804842
0.64 0.79897
0.65 0.79303
0.66 0.787022
0.67 0.780947
0.68 0.774807
0.69 0.768602
0.7 0.762333
0.71 0.756003
0.72 0.749611
0.73 0.74316
0.74 0.73665
0.75 0.730082
0.76 0.723458
0.77 0.71678
0.78 0.710047
0.79 0.703263
0.8 0.696427
0.81 0.689542
0.82 0.682608
0.83 0.675627
0.84 0.6686
0.85 0.661529
0.86 0.654414
0.87 0.647259
0.88 0.640063
0.89 0.632828
0.9 0.625556
0.91 0.618248
0.92 0.610905
0.93 0.60353
0.94 0.596123
0.95 0.588686
0.96 0.581221
0.97 0.573728
0.98 0.566211
0.99 0.558669
1 0.551106
1.01 0.543522
1.02 0.535918
1.03 0.528297
1.04 0.520661
1.05 0.51301
1.06 0.505347
1.07 0.497672
1.08 0.489989
1.09 0.482298
1.1 0.474601
1.11 0.4669
1.12 0.459197
1.13 0.451493
1.14 0.44379
1.15 0.43609
1.16 0.428394
1.17 0.420705
1.18 0.413023
1.19 0.405352
1.2 0.397693
1.21 0.390047
1.22 0.382416
1.23 0.374803
1.24 0.367209
1.25 0.359636
1.26 0.352085
1.27 0.34456
1.28 0.337061
1.29 0.32959
1.3 0.32215
1.31 0.314742
1.32 0.307368
1.33 0.300031
1.34 0.292732
1.35 0.285473
1.36 0.278256
1.37 0.271083
1.38 0.263957
1.39 0.256878
1.4 0.24985
1.41 0.242873
1.42 0.235951
1.43 0.229085
1.44 0.222277
1.45 0.215529
1.46 0.208843
1.47 0.202222
1.48 0.195668
1.49 0.189182
1.5 0.182766
1.51 0.176423
1.52 0.170155
1.53 0.163964
1.54 0.157852
1.55 0.151822
1.56 0.145874
1.57 0.140012
1.58 0.134237
1.59 0.128553
1.6 0.12296
1.61 0.117461
1.62 0.112058
1.63 0.106754
1.64 0.10155
1.65 0.0964495
1.66 0.0914535
1.67 0.0865648
1.68 0.0817853
1.69 0.0771175
1.7 0.0725634
1.71 0.0681254
1.72 0.0638055
1.73 0.0596062
1.74 0.0555295
1.75 0.0515777
1.76 0.0477531
1.77 0.0440579
1.78 0.0404944
1.79 0.0370647
1.8 0.0337713
1.81 0.0306163
1.82 0.0276019
1.83 0.0247306
1.84 0.0220044
1.85 0.0194258
1.86 0.0169969
1.87 0.0147202
1.88 0.0125977
1.89 0.0106319
1.9 0.00882494
1.91 0.00717922
1.92 0.00569698
1.93 0.00438052
1.94 0.00323214
1.95 0.00225412
1.96 0.00144877
1.97 0.000818386
1.98 0.000365261
1.99 9.1699e-05
2 0
2.01 0
2.02 0
2.03 0
2.04 0
2.05 0
2.06 0
2.07 0
2.08 0
2.09 0
2.1 0
2.11 0
2.12 0
2.13 0
2.14 0
2.15 0
2.16 0
2.17 0
2.18 0
2.19 0
2.2 0
2.21 0
2.22 0
2.23 0
2.24 0
2.25 0
2.26 0
2.27 0
2.28 0
2.29 0
2.3 0
2.31 0
2.32 0
2.33 0
2.34 0
2.35 0
2.36 0
2.37 0
2.38 0
2.39 0
2.4 0
2.41 0
2.42 0
2.43 0
2.44 0
2.45 0
2.46 0
2.47 0
2.48 0
2.49 0
2.5 0
