0 1
0.01 0.999959
0.02 0.999838
0.03 0.999635
0.04 0.999352
0.05 0.998987
0.06 0.998542
0.07 0.998015
0.08 0.997409
0.09 0.996721
0.1 0.995954
0.11 0.995106
0.12 0.994178
0.13 0.99317
0.14 0.992083
0.15 0.990917
0.16 0.989671
0.17 0.988346
0.18 0.986943
0.19 0.985462
0.2 0.983903
0.21 0.982266
0.22 0.980553
0.23 0.978762
0.24 0.976895
0.25 0.974951
0.26 0.972933
0.27 0.970839
0.28 0.96867
0.29 0.966427
0.3 0.96411
0.31 0.96172
0.32 0.959257
0.33 0.956722
0.34 0.954116
0.35 0.951438
0.36 0.948689
0.37 0.945871
0.38 0.942983
0.39 0.940027
0.4 0.937002
0.41 0.93391
0.42 0.930751
0.43 0.927526
0.44 0.924236
0.45 0.92088
0.46 0.917461
0.47 0.913978
0.48 0.910433
0.49 0.906826
0.5 0.903157
0.51 0.899429
0.52 0.895641
0.53 0.891794
0.54 0.887889
0.55 0.883927
0.56 0.879908
0.57 0.875834
0.58 0.871705
0.59 0.867523
0.6 0.863287
0.61 0.859
0.62 0.854661
0.63 0.850272
0.64 0.845833
0.65 0.841346
0.66 0.836811
0.67 0.832229
0.68 0.827602
0.69 0.82293
0.7 0.818213
0.71 0.813454
0.72 0.808653
0.73 0.80381
0.74 0.798927
0.75 0.794005
0.76 0.789045
0.77 0.784048
0.78 0.779014
0.79 0.773945
0.8 0.768841
0.81 0.763705
0.82 0.758535
0.83 0.753335
0.84 0.748104
0.85 0.742843
0.86 0.737554
0.87 0.732238
0.88 0.726895
0.89 0.721527
0.9 0.716134
0.91 0.710718
0.92 0.70528
0.93 0.69982
0.94 0.694339
0.95 0.68884
0.96 0.683321
0.97 0.677785
0.98 0.672233
0.99 0.666665
1 0.661083
1.01 0.655487
1.02 0.649879
1.03 0.644259
1.04 0.638629
1.05 0.632989
1.06 0.62734
1.07 0.621684
1.08 0.616021
1.09 0.610352
1.1 0.604679
1.11 0.599001
1.12 0.593321
1.13 0.587638
1.14 0.581955
1.15 0.576271
1.16 0.570589
1.17 0.564908
1.18 0.559229
1.19 0.553554
1.2 0.547883
1.21 0.542218
1.22 0.536559
1.23 0.530907
1.24 0.525262
1.25 0.519627
1.26 0.514
1.27 0.508385
1.28 0.50278
1.29 0.497188
1.3 0.491608
1.31 0.486042
1.32 0.48049
1.33 0.474954
1.34 0.469433
1.35 0.463929
1.36 0.458443
1.37 0.452975
1.38 0.447525
1.39 0.442096
1.4 0.436686
1.41 0.431298
1.42 0.425932
1.43 0.420588
1.44 0.415267
1.45 0.409969
1.46 0.404696
1.47 0.399448
1.48 0.394226
1.49 0.38903
1.5 0.38386
1.51 0.378718
1.52 0.373604
1.53 0.368519
1.54 0.363462
1.55 0.358436
1.56 0.353439
1.57 0.348473
1.58 0.343538
1.59 0.338634
1.6 0.333763
1.61 0.328924
1.62 0.324118
1.63 0.319346
1.64 0.314607
1.65 0.309903
1.66 0.305234
1.67 0.300599
1.68 0.296
1.69 0.291436
1.7 0.286909
1.71 0.282418
1.72 0.277964
1.73 0.273548
1.74 0.269168
1.75 0.264826
1.76 0.260522
1.77 0.256257
1.78 0.25203
1.79 0.247841
1.8 0.243692
1.81 0.239581
1.82 0.23551
1.83 0.231479
1.84 0.227487
1.85 0.223535
1.86 0.219623
1.87 0.215752
1.88 0.21192
1.89 0.208129
1.9 0.204379
1.91 0.200669
1.92 0.197
1.93 0.193372
1.94 0.189785
1.95 0.186238
1.96 0.182733
1.97 0.179268
1.98 0.175845
1.99 0.172462
2 0.169121
2.01 0.16582
2.02 0.162561
2.03 0.159342
2.04 0.156164
2.05 0.153027
2.06 0.149931
2.07 0.146876
2.08 0.143861
2.09 0.140887
2.1 0.137953
2.11 0.135059
2.12 0.132206
2.13 0.129393
2.14 0.12662
2.15 0.123886
2.16 0.121193
2.17 0.118538
2.18 0.115924
2.19 0.113348
2.2 0.110811
2.21 0.108313
2.22 0.105854
2.23 0.103433
2.24 0.10105
2.25 0.0987048
2.26 0.0963976
2.27 0.0941279
2.28 0.0918955
2.29 0.0897001
2.3 0.0875414
2.31 0.0854193
2.32 0.0833333
2.33 0.0812834
2.34 0.0792691
2.35 0.0772903
2.36 0.0753466
2.37 0.0734378
2.38 0.0715635
2.39 0.0697235
2.4 0.0679174
2.41 0.066145
2.42 0.0644059
2.43 0.0626999
2.44 0.0610265
2.45 0.0593856
2.46 0.0577767
2.47 0.0561995
2.48 0.0546538
2.49 0.0531391
2.5 0.0516551
2.51 0.0502015
2.52 0.048778
2.53 0.0473842
2.54 0.0460197
2.55 0.0446843
2.56 0.0433775
2.57 0.042099
2.58 0.0408484
2.59 0.0396255
2.6 0.0384298
2.61 0.037261
2.62 0.0361187
2.63 0.0350025
2.64 0.0339122
2.65 0.0328473
2.66 0.0318075
2.67 0.0307925
2.68 0.0298017
2.69 0.028835
2.7 0.027892
2.71 0.0269722
2.72 0.0260753
2.73 0.025201
2.74 0.0243488
2.75 0.0235186
2.76 0.0227098
2.77 0.0219221
2.78 0.0211552
2.79 0.0204087
2.8 0.0196823
2.81 0.0189756
2.82 0.0182882
2.83 0.0176199
2.84 0.0169702
2.85 0.0163389
2.86 0.0157255
2.87 0.0151298
2.88 0.0145514
2.89 0.0139899
2.9 0.0134451
2.91 0.0129166
2.92 0.012404
2.93 0.0119071
2.94 0.0114255
2.95 0.0109588
2.96 0.0105069
2.97 0.0100693
2.98 0.00964581
2.99 0.00923602
3 0.00883966
3.01 0.00845643
3.02 0.00808603
3.03 0.00772816
3.04 0.00738252
3.05 0.00704882
3.06 0.00672679
3.07 0.00641612
3.08 0.00611655
3.09 0.00582779
3.1 0.00554957
3.11 0.00528162
3.12 0.00502368
3.13 0.00477548
3.14 0.00453676
3.15 0.00430727
3.16 0.00408676
3.17 0.00387497
3.18 0.00367166
3.19 0.0034766
3.2 0.00328954
3.21 0.00311026
3.22 0.00293852
3.23 0.00277409
3.24 0.00261677
3.25 0.00246632
3.26 0.00232254
3.27 0.00218522
3.28 0.00205414
3.29 0.00192912
3.3 0.00180994
3.31 0.00169642
3.32 0.00158836
3.33 0.00148559
3.34 0.0013879
3.35 0.00129514
3.36 0.00120711
3.37 0.00112365
3.38 0.0010446
3.39 0.000969781
3.4 0.00089904
3.41 0.00083222
3.42 0.000769167
3.43 0.000709733
3.44 0.000653771
3.45 0.00060114
3.46 0.000551702
3.47 0.000505321
3.48 0.000461865
3.49 0.000421208
3.5 0.000383225
3.51 0.000347794
3.52 0.000314798
3.53 0.000284123
3.54 0.000255657
3.55 0.000229293
3.56 0.000204927
3.57 0.000182456
3.58 0.000161784
3.59 0.000142814
3.6 0.000125455
3.61 0.000109617
3.62 9.52158e-05
3.63 8.21668e-05
3.64 7.03902e-05
3.65 5.98086e-05
3.66 5.03474e-05
3.67 4.19349e-05
3.68 3.45017e-05
3.69 2.79815e-05
3.7 2.23104e-05
3.71 1.74269e-05
3.72 1.32724e-05
3.73 9.79023e-06
3.74 6.92659e-06
3.75 4.6298e-06
3.76 2.85053e-06
3.77 1.54171e-06
3.78 6.58475e-07
3.79 1.58108e-07
3.8 2.04458e-30
