0 1
0.01 0.999819
0.02 0.999276
0.03 0.998371
0.04 0.997106
0.05 0.995481
0.06 0.993499
0.07 0.991161
0.08 0.98847
0.09 0.985428
0.1 0.982039
0.11 0.978305
0.12 0.974231
0.13 0.969821
0.14 0.965079
0.15 0.96001
0.16 0.954619
0.17 0.948911
0.18 0.942892
0.19 0.936567
0.2 0.929944
0.21 0.923028
0.22 0.915827
0.23 0.908346
0.24 0.900594
0.25 0.892578
0.26 0.884306
0.27 0.875785
0.28 0.867023
0.29 0.858029
0.3 0.848811
0.31 0.839378
0.32 0.829739
0.33 0.819901
0.34 0.809875
0.35 0.799669
0.36 0.789293
0.37 0.778755
0.38 0.768065
0.39 0.757233
0.4 0.746267
0.41 0.735178
0.42 0.723974
0.43 0.712666
0.44 0.701262
0.45 0.689772
0.46 0.678205
0.47 0.666571
0.48 0.654879
0.49 0.643138
0.5 0.631357
0.51 0.619546
0.52 0.607713
0.53 0.595867
0.54 0.584017
0.55 0.572171
0.56 0.560338
0.57 0.548526
0.58 0.536743
0.59 0.524998
0.6 0.513297
0.61 0.501648
0.62 0.49006
0.63 0.478539
0.64 0.467091
0.65 0.455724
0.66 0.444445
0.67 0.43326
0.68 0.422174
0.69 0.411194
0.7 0.400325
0.71 0.389573
0.72 0.378943
0.73 0.36844
0.74 0.358068
0.75 0.347833
0.76 0.337738
0.77 0.327787
0.78 0.317983
0.79 0.308332
0.8 0.298834
0.81 0.289495
0.82 0.280315
0.83 0.271299
0.84 0.262447
0.85 0.253763
0.86 0.245247
0.87 0.236902
0.88 0.228729
0.89 0.220728
0.9 0.212902
0.91 0.205249
0.92 0.197772
0.93 0.190469
0.94 0.183342
0.95 0.17639
0.96 0.169612
0.97 0.163009
0.98 0.156579
0.99 0.150322
1 0.144236
1.01 0.138321
1.02 0.132575
1.03 0.126996
1.04 0.121584
1.05 0.116335
1.06 0.11125
1.07 0.106324
1.08 0.101556
1.09 0.096945
1.1 0.0924872
1.11 0.0881806
1.12 0.0840227
1.13 0.080011
1.14 0.0761428
1.15 0.0724153
1.16 0.0688258
1.17 0.0653713
1.18 0.0620492
1.19 0.0588563
1.2 0.0557897
1.21 0.0528464
1.22 0.0500234
1.23 0.0473177
1.24 0.0447261
1.25 0.0422457
1.26 0.0398733
1.27 0.0376059
1.28 0.0354403
1.29 0.0333736
1.3 0.0314028
1.31 0.0295246
1.32 0.0277363
1.33 0.0260348
1.34 0.0244171
1.35 0.0228804
1.36 0.0214217
1.37 0.0200383
1.38 0.0187273
1.39 0.0174859
1.4 0.0163116
1.41 0.0152016
1.42 0.0141534
1.43 0.0131643
1.44 0.0122319
1.45 0.0113538
1.46 0.0105275
1.47 0.00975082
1.48 0.00902142
1.49 0.00833713
1.5 0.00769579
1.51 0.00709534
1.52 0.00653377
1.53 0.00600912
1.54 0.0055195
1.55 0.0050631
1.56 0.00463815
1.57 0.00424295
1.58 0.00387586
1.59 0.0035353
1.6 0.00321976
1.61 0.00292778
1.62 0.00265796
1.63 0.00240896
1.64 0.00217951
1.65 0.00196838
1.66 0.00177439
1.67 0.00159643
1.68 0.00143344
1.69 0.0012844
1.7 0.00114836
1.71 0.0010244
1.72 0.000911651
1.73 0.0008093
1.74 0.000716572
1.75 0.000632735
1.76 0.000557101
1.77 0.00048902
1.78 0.000427882
1.79 0.000373116
1.8 0.000324184
1.81 0.000280584
1.82 0.000241848
1.83 0.000207538
1.84 0.000177247
1.85 0.000150595
1.86 0.000127233
1.87 0.000106835
1.88 8.90998e-05
1.89 7.37513e-05
1.9 6.05341e-05
1.91 4.92143e-05
1.92 3.95775e-05
1.93 3.14277e-05
1.94 2.45865e-05
1.95 1.88917e-05
1.96 1.41962e-05
1.97 1.03673e-05
1.98 7.28527e-06
1.99 4.84289e-06
2 0
2.01 0
2.02 0
2.03 0
2.04 0
2.05 0
2.06 0
2.07 0
2.08 0
2.09 0
2.1 0
2.11 0
2.12 0
2.13 0
2.14 0
2.15 0
2.16 0
2.17 0
2.18 0
2.19 0
2.2 0
2.21 0
2.22 0
2.23 0
2.24 0
2.25 0
2.26 0
2.27 0
2.28 0
2.29 0
2.3 0
2.31 0
2.32 0
2.33 0
2.34 0
2.35 0
2.36 0
2.37 0
2.38 0
2.39 0
2.4 0
2.41 0
2.42 0
2.43 0
2.44 0
2.45 0
2.46 0
2.47 0
2.48 0
2.49 0
2.5 0
