0 1
0.01 0.999913
0.02 0.999653
0.03 0.999218
0.04 0.998611
0.05 0.99783
0.06 0.996876
0.07 0.99575
0.08 0.994452
0.09 0.992982
0.1 0.991342
0.11 0.989531
0.12 0.987551
0.13 0.985403
0.14 0.983087
0.15 0.980604
0.16 0.977956
0.17 0.975143
0.18 0.972166
0.19 0.969028
0.2 0.965729
0.21 0.96227
0.22 0.958653
0.23 0.95488
0.24 0.950952
0.25 0.94687
0.26 0.942637
0.27 0.938254
0.28 0.933723
0.29 0.929046
0.3 0.924224
0.31 0.91926
0.32 0.914156
0.33 0.908914
0.34 0.903536
0.35 0.898024
0.36 0.89238
0.37 0.886607
0.38 0.880707
0.39 0.874683
0.4 0.868537
0.41 0.86227
0.42 0.855887
0.43 0.84939
0.44 0.84278
0.45 0.836061
0.46 0.829236
0.47 0.822306
0.48 0.815276
0.49 0.808147
0.5 0.800923
0.51 0.793606
0.52 0.786199
0.53 0.778705
0.54 0.771128
0.55 0.763469
0.56 0.755733
0.57 0.747921
0.58 0.740037
0.59 0.732085
0.6 0.724066
0.61 0.715985
0.62 0.707844
0.63 0.699646
0.64 0.691394
0.65 0.683092
0.66 0.674743
0.67 0.666349
0.68 0.657914
0.69 0.649441
0.7 0.640932
0.71 0.632393
0.72 0.623824
0.73 0.61523
0.74 0.606613
0.75 0.597976
0.76 0.589324
0.77 0.580658
0.78 0.571981
0.79 0.563298
0.8 0.55461
0.81 0.545921
0.82 0.537234
0.83 0.528551
0.84 0.519876
0.85 0.511212
0.86 0.502561
0.87 0.493927
0.88 0.485312
0.89 0.476719
0.9 0.46815
0.91 0.459609
0.92 0.451098
0.93 0.442621
0.94 0.434178
0.95 0.425774
0.96 0.417411
0.97 0.409091
0.98 0.400816
0.99 0.39259
1 0.384414
1.01 0.376291
1.02 0.368223
1.03 0.360213
1.04 0.352263
1.05 0.344374
1.06 0.33655
1.07 0.328791
1.08 0.321101
1.09 0.313481
1.1 0.305932
1.11 0.298458
1.12 0.291059
1.13 0.283738
1.14 0.276496
1.15 0.269334
1.16 0.262255
1.17 0.25526
1.18 0.248351
1.19 0.241528
1.2 0.234793
1.21 0.228148
1.22 0.221594
1.23 0.215132
1.24 0.208762
1.25 0.202487
1.26 0.196307
1.27 0.190223
1.28 0.184236
1.29 0.178347
1.3 0.172557
1.31 0.166866
1.32 0.161275
1.33 0.155785
1.34 0.150396
1.35 0.145108
1.36 0.139923
1.37 0.134839
1.38 0.129859
1.39 0.124981
1.4 0.120207
1.41 0.115536
1.42 0.110968
1.43 0.106504
1.44 0.102143
1.45 0.097885
1.46 0.0937302
1.47 0.0896782
1.48 0.0857289
1.49 0.0818818
1.5 0.0781366
1.51 0.0744929
1.52 0.0709503
1.53 0.0675081
1.54 0.0641658
1.55 0.0609228
1.56 0.0577785
1.57 0.0547321
1.58 0.0517828
1.59 0.0489299
1.6 0.0461724
1.61 0.0435095
1.62 0.0409403
1.63 0.0384637
1.64 0.0360788
1.65 0.0337844
1.66 0.0315795
1.67 0.029463
1.68 0.0274336
1.69 0.0254901
1.7 0.0236313
1.71 0.021856
1.72 0.0201627
1.73 0.0185502
1.74 0.0170171
1.75 0.015562
1.76 0.0141834
1.77 0.01288
1.78 0.0116502
1.79 0.0104925
1.8 0.00940541
1.81 0.00838739
1.82 0.00743685
1.83 0.00655223
1.84 0.00573192
1.85 0.0049743
1.86 0.00427774
1.87 0.0036406
1.88 0.00306122
1.89 0.00253793
1.9 0.00206905
1.91 0.00165291
1.92 0.00128781
1.93 0.000972045
1.94 0.00070392
1.95 0.000481727
1.96 0.00030376
1.97 0.00016831
1.98 7.36702e-05
1.99 1.81343e-05
2 0
2.01 0
2.02 0
2.03 0
2.04 0
2.05 0
2.06 0
2.07 0
2.08 0
2.09 0
2.1 0
2.11 0
2.12 0
2.13 0
2.14 0
2.15 0
2.16 0
2.17 0
2.18 0
2.19 0
2.2 0
2.21 0
2.22 0
2.23 0
2.24 0
2.25 0
2.26 0
2.27 0
2.28 0
2.29 0
2.3 0
2.31 0
2.32 0
2.33 0
2.34 0
2.35 0
2.36 0
2.37 0
2.38 0
2.39 0
2.4 0
2.41 0
2.42 0
2.43 0
2.44 0
2.45 0
2.46 0
2.47 0
2.48 0
2.49 0
2.5 0
