0 1
0.01 0.999792
0.02 0.999169
0.03 0.99813
0.04 0.996678
0.05 0.994815
0.06 0.992541
0.07 0.98986
0.08 0.986775
0.09 0.98329
0.1 0.979409
0.11 0.975135
0.12 0.970474
0.13 0.965432
0.14 0.960014
0.15 0.954226
0.16 0.948075
0.17 0.941567
0.18 0.934711
0.19 0.927514
0.2 0.919984
0.21 0.912129
0.22 0.903958
0.23 0.89548
0.24 0.886705
0.25 0.877642
0.26 0.868301
0.27 0.858691
0.28 0.848825
0.29 0.838711
0.3 0.82836
0.31 0.817784
0.32 0.806994
0.33 0.796
0.34 0.784815
0.35 0.773448
0.36 0.761913
0.37 0.75022
0.38 0.738381
0.39 0.726408
0.4 0.714312
0.41 0.702105
0.42 0.689799
0.43 0.677404
0.44 0.664934
0.45 0.652398
0.46 0.639808
0.47 0.627176
0.48 0.614512
0.49 0.601827
0.5 0.589133
0.51 0.57644
0.52 0.563758
0.53 0.551098
0.54 0.538469
0.55 0.525881
0.56 0.513345
0.57 0.500868
0.58 0.488462
0.59 0.476133
0.6 0.463891
0.61 0.451744
0.62 0.439699
0.63 0.427766
0.64 0.415951
0.65 0.40426
0.66 0.392702
0.67 0.381282
0.68 0.370007
0.69 0.358882
0.7 0.347912
0.71 0.337104
0.72 0.326462
0.73 0.31599
0.74 0.305693
0.75 0.295574
0.76 0.285638
0.77 0.275886
0.78 0.266323
0.79 0.256951
0.8 0.247772
0.81 0.238789
0.82 0.230002
0.83 0.221413
0.84 0.213024
0.85 0.204835
0.86 0.196846
0.87 0.189059
0.88 0.181473
0.89 0.174088
0.9 0.166903
0.91 0.159917
0.92 0.153131
0.93 0.146541
0.94 0.140148
0.95 0.13395
0.96 0.127944
0.97 0.122129
0.98 0.116502
0.99 0.111062
1 0.105805
1.01 0.10073
1.02 0.0958329
1.03 0.0911114
1.04 0.0865624
1.05 0.0821827
1.06 0.0779691
1.07 0.0739184
1.08 0.0700269
1.09 0.0662914
1.1 0.0627083
1.11 0.0592739
1.12 0.0559846
1.13 0.0528366
1.14 0.0498264
1.15 0.04695
1.16 0.0442038
1.17 0.041584
1.18 0.0390868
1.19 0.0367083
1.2 0.0344449
1.21 0.0322928
1.22 0.0302483
1.23 0.0283076
1.24 0.0264671
1.25 0.0247231
1.26 0.0230722
1.27 0.0215107
1.28 0.0200351
1.29 0.0186421
1.3 0.0173282
1.31 0.0160902
1.32 0.0149248
1.33 0.0138289
1.34 0.0127993
1.35 0.0118331
1.36 0.0109272
1.37 0.0100789
1.38 0.00928527
1.39 0.00854367
1.4 0.00785147
1.41 0.0072061
1.42 0.0066051
1.43 0.0060461
1.44 0.00552679
1.45 0.00504495
1.46 0.00459846
1.47 0.00418525
1.48 0.00380336
1.49 0.00345089
1.5 0.00312604
1.51 0.00282706
1.52 0.00255231
1.53 0.0023002
1.54 0.00206922
1.55 0.00185794
1.56 0.00166501
1.57 0.00148912
1.58 0.00132904
1.59 0.00118363
1.6 0.00105177
1.61 0.000932443
1.62 0.000824665
1.63 0.00072752
1.64 0.000640145
1.65 0.000561732
1.66 0.000491524
1.67 0.000428813
1.68 0.000372938
1.69 0.000323283
1.7 0.000279277
1.71 0.000240387
1.72 0.000206123
1.73 0.000176028
1.74 0.000149683
1.75 0.000126701
1.76 0.000106727
1.77 8.94358e-05
1.78 7.45286e-05
1.79 6.17343e-05
1.8 5.08055e-05
1.81 4.15181e-05
1.82 3.36688e-05
1.83 2.70747e-05
1.84 2.15711e-05
1.85 1.70101e-05
1.86 1.32599e-05
1.87 1.02032e-05
1.88 7.73589e-06
1.89 5.76608e-06
1.9 4.21311e-06
1.91 3.00645e-06
1.92 2.08476e-06
1.93 1.39504e-06
1.94 8.91799e-07
1.95 5.36236e-07
1.96 2.95568e-07
1.97 1.42339e-07
1.98 5.38039e-08
1.99 1.13551e-08
2 0
2.01 0
2.02 0
2.03 0
2.04 0
2.05 0
2.06 0
2.07 0
2.08 0
2.09 0
2.1 0
2.11 0
2.12 0
2.13 0
2.14 0
2.15 0
2.16 0
2.17 0
2.18 0
2.19 0
2.2 0
2.21 0
2.22 0
2.23 0
2.24 0
2.25 0
2.26 0
2.27 0
2.28 0
2.29 0
2.3 0
2.31 0
2.32 0
2.33 0
2.34 0
2.35 0
2.36 0
2.37 0
2.38 0
2.39 0
2.4 0
2.41 0
2.42 0
2.43 0
2.44 0
2.45 0
2.46 0
2.47 0
2.48 0
2.49 0
2.5 0
