 -0.058276   0.197790  -0.734592   0.646419  -0.524658   0.421904   0.001000
 -0.049285   0.202932  -0.721323   0.660366  -0.085535   0.625998   0.001000
 -0.055871   0.182765  -0.738697   0.646376  -0.172777   0.574353   0.001000
 -0.055871   0.182765  -0.738697   0.646376  -0.172777   0.574353   0.001000
 -0.055871   0.182765  -0.738697   0.646376  -0.172777   0.574353   0.001000
 -0.055871   0.182765  -0.738697   0.646376  -0.172777   0.574353   0.001000
 -0.055871   0.182765  -0.738697   0.646376  -0.172777   0.574353   0.001000
 -0.055871   0.182765  -0.738697   0.646376  -0.172777   0.574353   0.001000
 -0.028480   0.183558  -0.729269   0.658530  -0.152715   0.370792   0.001000
 -0.078712   0.201507  -0.728102   0.650436  -0.305851   0.954026   0.001000
 -0.057072   0.178816  -0.735896   0.650557   0.143710   0.532814   0.001000
 -0.057072   0.178816  -0.735896   0.650557   0.143710   0.532814   0.001000
 -0.057072   0.178816  -0.735896   0.650557   0.143710   0.532814   0.001000
 -0.057072   0.178816  -0.735896   0.650557   0.143710   0.532814   0.001000
 -0.051571   0.202897  -0.725008   0.656153  -0.014303   0.643556   0.001000
 -0.051571   0.202897  -0.725008   0.656153  -0.014303   0.643556   0.001000
 -0.051571   0.202897  -0.725008   0.656153  -0.014303   0.643556   0.001000
 -0.046412   0.193203  -0.710390   0.675178  -0.393237   0.388491   0.001000
 -0.059247   0.180789  -0.736588   0.649033  -0.385860   0.361805   0.001000
 -0.059247   0.180789  -0.736588   0.649033  -0.385860   0.361805   0.001000
 -0.047692   0.184116  -0.729699   0.656785  -0.430515   0.776202   0.001000
 -0.047692   0.184116  -0.729699   0.656785  -0.430515   0.776202   0.001000
 -0.047692   0.184116  -0.729699   0.656785  -0.430515   0.776202   0.001000
 -0.047692   0.184116  -0.729699   0.656785  -0.430515   0.776202   0.001000
 -0.047692   0.184116  -0.729699   0.656785  -0.430515   0.776202   0.001000
 -0.047692   0.184116  -0.729699   0.656785  -0.430515   0.776202   0.001000
 -0.047692   0.184116  -0.729699   0.656785  -0.430515   0.776202   0.001000
 -0.047692   0.184116  -0.729699   0.656785  -0.430515   0.776202   0.001000
 -0.047692   0.184116  -0.729699   0.656785  -0.430515   0.776202   0.001000
 -0.047692   0.184116  -0.729699   0.656785  -0.430515   0.776202   0.001000
 -0.047692   0.184116  -0.729699   0.656785  -0.430515   0.776202   0.001000
 -0.047692   0.184116  -0.729699   0.656785  -0.430515   0.776202   0.001000
 -0.047692   0.184116  -0.729699   0.656785  -0.430515   0.776202   0.001000
 -0.047692   0.184116  -0.729699   0.656785  -0.430515   0.776202   0.001000
 -0.047692   0.184116  -0.729699   0.656785  -0.430515   0.776202   0.001000
 -0.047692   0.184116  -0.729699   0.656785  -0.430515   0.776202   0.001000
 -0.047692   0.184116  -0.729699   0.656785  -0.430515   0.776202   0.001000
 -0.047692   0.184116  -0.729699   0.656785  -0.430515   0.776202   0.001000
 -0.039314   0.178633  -0.733353   0.654781  -0.640995   0.810206   0.001000
 -0.039314   0.178633  -0.733353   0.654781  -0.640995   0.810206   0.001000
 -0.042244   0.178754  -0.740295   0.646704  -0.713854   0.604377   0.001000
 -0.027081   0.153857  -0.744277   0.649343  -0.410972   0.619738   0.001000
 -0.027081   0.153857  -0.744277   0.649343  -0.410972   0.619738   0.001000
 -0.053154   0.183453  -0.737095   0.648237  -0.539835   0.805407   0.001000
 -0.034769   0.179505  -0.727110   0.661725  -0.438974   0.535660   0.001000
 -0.069778   0.198656  -0.736285   0.643079  -0.401670   0.457603   0.001000
 -0.069778   0.198656  -0.736285   0.643079  -0.401670   0.457603   0.001000
 -0.058874   0.200330  -0.744666   0.633936  -0.582171   0.436444   0.001000
 -0.062122   0.208488  -0.711172   0.668512  -0.291609   1.175285   0.001000
 -0.062122   0.208488  -0.711172   0.668512  -0.291609   1.175285   0.001000
 -0.062122   0.208488  -0.711172   0.668512  -0.291609   1.175285   0.001000
 -0.062122   0.208488  -0.711172   0.668512  -0.291609   1.175285   0.001000
 -0.059213   0.184826  -0.717241   0.669252  -0.504643   1.184570   0.001000
 -0.059213   0.184826  -0.717241   0.669252  -0.504643   1.184570   0.001000
 -0.059213   0.184826  -0.717241   0.669252  -0.504643   1.184570   0.001000
 -0.059213   0.184826  -0.717241   0.669252  -0.504643   1.184570   0.001000
 -0.056660   0.170171  -0.720109   0.670279  -0.304680   1.170041   0.001000
 -0.056660   0.170171  -0.720109   0.670279  -0.304680   1.170041   0.001000
 -0.056660   0.170171  -0.720109   0.670279  -0.304680   1.170041   0.001000
 -0.056660   0.170171  -0.720109   0.670279  -0.304680   1.170041   0.001000
 -0.056660   0.170171  -0.720109   0.670279  -0.304680   1.170041   0.001000
 -0.056660   0.170171  -0.720109   0.670279  -0.304680   1.170041   0.001000
 -0.056660   0.170171  -0.720109   0.670279  -0.304680   1.170041   0.001000
 -0.056660   0.170171  -0.720109   0.670279  -0.304680   1.170041   0.001000
 -0.056660   0.170171  -0.720109   0.670279  -0.304680   1.170041   0.001000
 -0.056660   0.170171  -0.720109   0.670279  -0.304680   1.170041   0.001000
 -0.056660   0.170171  -0.720109   0.670279  -0.304680   1.170041   0.001000
 -0.056660   0.170171  -0.720109   0.670279  -0.304680   1.170041   0.001000
 -0.056660   0.170171  -0.720109   0.670279  -0.304680   1.170041   0.001000
 -0.056660   0.170171  -0.720109   0.670279  -0.304680   1.170041   0.001000
 -0.056660   0.170171  -0.720109   0.670279  -0.304680   1.170041   0.001000
 -0.074516   0.177086  -0.710191   0.677286  -0.472055   0.815283   0.001000
 -0.031676   0.182052  -0.717840   0.671238  -0.491057   1.047288   0.001000
 -0.031676   0.182052  -0.717840   0.671238  -0.491057   1.047288   0.001000
 -0.051639   0.184137  -0.725443   0.661180  -0.569450   0.759171   0.001000
 -0.051639   0.184137  -0.725443   0.661180  -0.569450   0.759171   0.001000
 -0.051639   0.184137  -0.725443   0.661180  -0.569450   0.759171   0.001000
 -0.053278   0.204703  -0.736554   0.642453  -0.473792   0.879897   0.001000
 -0.053278   0.204703  -0.736554   0.642453  -0.473792   0.879897   0.001000
 -0.030245   0.179256  -0.727396   0.661700  -0.577949   0.844716   0.001000
 -0.030245   0.179256  -0.727396   0.661700  -0.577949   0.844716   0.001000
 -0.030245   0.179256  -0.727396   0.661700  -0.577949   0.844716   0.001000
 -0.044402   0.177778  -0.735187   0.652629  -0.440156   0.956885   0.001000
 -0.063468   0.190275  -0.726747   0.656967  -0.437129   0.483766   0.001000
 -0.064457   0.203625  -0.726132   0.653539  -0.564117   0.702601   0.001000
 -0.064457   0.203625  -0.726132   0.653539  -0.564117   0.702601   0.001000
 -0.064457   0.203625  -0.726132   0.653539  -0.564117   0.702601   0.001000
 -0.041940   0.188768  -0.715161   0.671679  -0.555990   0.723445   0.001000
 -0.053554   0.184157  -0.733271   0.652328  -0.278745   0.837911   0.001000
 -0.053554   0.184157  -0.733271   0.652328  -0.278745   0.837911   0.001000
 -0.053554   0.184157  -0.733271   0.652328  -0.278745   0.837911   0.001000
 -0.063427   0.189846  -0.722917   0.661307  -0.328771   0.588806   0.001000
 -0.063427   0.189846  -0.722917   0.661307  -0.328771   0.588806   0.001000
 -0.063427   0.189846  -0.722917   0.661307  -0.328771   0.588806   0.001000
 -0.063427   0.189846  -0.722917   0.661307  -0.328771   0.588806   0.001000
 -0.063427   0.189846  -0.722917   0.661307  -0.328771   0.588806   0.001000
 -0.068739   0.201120  -0.735440   0.643393  -0.730004   0.528773   0.001000
 -0.068739   0.201120  -0.735440   0.643393  -0.730004   0.528773   0.001000
 -0.068739   0.201120  -0.735440   0.643393  -0.730004   0.528773   0.001000
 -0.060544   0.178477  -0.729285   0.657742  -0.295725   0.771346   0.001000
 -0.060544   0.178477  -0.729285   0.657742  -0.295725   0.771346   0.001000
 -0.060544   0.178477  -0.729285   0.657742  -0.295725   0.771346   0.001000
 -0.078307   0.206969  -0.730625   0.645925  -0.380450   0.643213   0.001000
 -0.078307   0.206969  -0.730625   0.645925  -0.380450   0.643213   0.001000
 -0.078307   0.206969  -0.730625   0.645925  -0.380450   0.643213   0.001000
 -0.078307   0.206969  -0.730625   0.645925  -0.380450   0.643213   0.001000
 -0.067875   0.186738  -0.723303   0.661328  -0.351171   0.761518   0.001000
 -0.056122   0.198413  -0.714776   0.668264  -0.395818   1.083680   0.001000
 -0.058453   0.198020  -0.726082   0.655878  -0.364648   0.937016   0.001000
 -0.058453   0.198020  -0.726082   0.655878  -0.364648   0.937016   0.001000
 -0.058453   0.198020  -0.726082   0.655878  -0.364648   0.937016   0.001000
 -0.058453   0.198020  -0.726082   0.655878  -0.364648   0.937016   0.001000
 -0.058453   0.198020  -0.726082   0.655878  -0.364648   0.937016   0.001000
 -0.058453   0.198020  -0.726082   0.655878  -0.364648   0.937016   0.001000
 -0.058453   0.198020  -0.726082   0.655878  -0.364648   0.937016   0.001000
 -0.058453   0.198020  -0.726082   0.655878  -0.364648   0.937016   0.001000
 -0.058453   0.198020  -0.726082   0.655878  -0.364648   0.937016   0.001000
 -0.052809   0.201683  -0.696588   0.686514  -0.334484   1.051127   0.001000
 -0.052254   0.206720  -0.712681   0.668298  -0.338488   0.915260   0.001000
 -0.071691   0.199584  -0.718827   0.662053  -0.334226   0.831012   0.001000
 -0.067810   0.197362  -0.726407   0.654815  -0.518542   0.927855   0.001000
 -0.067810   0.197362  -0.726407   0.654815  -0.518542   0.927855   0.001000
 -0.025268   0.184645  -0.715746   0.673034  -0.589582   0.976313   0.001000
 -0.075479   0.207958  -0.724696   0.652588  -0.284231   0.795195   0.001000
 -0.066274   0.203229  -0.718815   0.661521  -0.338992   1.044073   0.001000
 -0.064402   0.212915  -0.711034   0.667046  -0.222569   1.196265   0.001000
 -0.050937   0.181483  -0.730107   0.656821  -0.366188   1.276810   0.001000
 -0.050937   0.181483  -0.730107   0.656821  -0.366188   1.276810   0.001000
 -0.059475   0.197513  -0.740910   0.639143  -0.646218   0.725799   0.001000
 -0.058697   0.183723  -0.728705   0.657107  -0.393486   0.625422   0.001000
 -0.065004   0.207549  -0.711968   0.667682  -0.431444   0.729942   0.001000
 -0.072546   0.177344  -0.751225   0.631623  -0.476433   0.912654   0.001000
 -0.072546   0.177344  -0.751225   0.631623  -0.476433   0.912654   0.001000
 -0.072546   0.177344  -0.751225   0.631623  -0.476433   0.912654   0.001000
 -0.059506   0.209285  -0.681955   0.698280  -0.456905   0.775562   0.001000
 -0.054319   0.182549  -0.732228   0.653886  -0.559370   1.020957   0.001000
 -0.054319   0.182549  -0.732228   0.653886  -0.559370   1.020957   0.001000
 -0.054319   0.182549  -0.732228   0.653886  -0.559370   1.020957   0.001000
 -0.061905   0.194186  -0.713158   0.670720  -0.549788   0.747343   0.001000
 -0.061905   0.194186  -0.713158   0.670720  -0.549788   0.747343   0.001000
 -0.048932   0.169235  -0.740398   0.648672  -0.651787   0.684691   0.001000
 -0.052562   0.191134  -0.728038   0.656251  -0.346333   0.670824   0.001000
 -0.052562   0.191134  -0.728038   0.656251  -0.346333   0.670824   0.001000
 -0.052562   0.191134  -0.728038   0.656251  -0.346333   0.670824   0.001000
 -0.076352   0.201317  -0.736181   0.641622  -0.501841   1.106258   0.001000
 -0.071681   0.189641  -0.729474   0.653273  -0.403145   0.871813   0.001000
 -0.054544   0.177549  -0.742063   0.644084  -0.533830   0.863020   0.001000
 -0.042875   0.227142  -0.733825   0.638803  -0.495421   0.718641   0.001000
 -0.063384   0.204413  -0.716227   0.664242  -0.253372   0.907316   0.001000
 -0.063384   0.204413  -0.716227   0.664242  -0.253372   0.907316   0.001000
 -0.063384   0.204413  -0.716227   0.664242  -0.253372   0.907316   0.001000
 -0.063384   0.204413  -0.716227   0.664242  -0.253372   0.907316   0.001000
 -0.063384   0.204413  -0.716227   0.664242  -0.253372   0.907316   0.001000
 -0.063384   0.204413  -0.716227   0.664242  -0.253372   0.907316   0.001000
 -0.063384   0.204413  -0.716227   0.664242  -0.253372   0.907316   0.001000
 -0.063384   0.204413  -0.716227   0.664242  -0.253372   0.907316   0.001000
 -0.063384   0.204413  -0.716227   0.664242  -0.253372   0.907316   0.001000
 -0.063384   0.204413  -0.716227   0.664242  -0.253372   0.907316   0.001000
 -0.063384   0.204413  -0.716227   0.664242  -0.253372   0.907316   0.001000
 -0.047236   0.195364  -0.729194   0.654123  -0.339837   0.562024   0.001000
 -0.028327   0.196722  -0.734659   0.648672  -0.406534   0.861198   0.001000
 -0.068906   0.212927  -0.732739   0.642656  -0.202985   0.675123   0.001000
 -0.035446   0.187398  -0.746576   0.637377  -0.209315   0.830721   0.001000
 -0.106868   0.083640  -0.622301   0.770925  -0.324032   0.618854   0.001000
 -0.076398   0.213211  -0.711669   0.665005  -0.337273   0.712005   0.001000
 -0.072095   0.193808  -0.729667   0.651788  -0.316607   0.936677   0.001000
 -0.072095   0.193808  -0.729667   0.651788  -0.316607   0.936677   0.001000
 -0.065953   0.208688  -0.726051   0.651881  -0.139429   0.818319   0.001000
 -0.065953   0.208688  -0.726051   0.651881  -0.139429   0.818319   0.001000
 -0.065953   0.208688  -0.726051   0.651881  -0.139429   0.818319   0.001000
  0.053300   0.068068  -0.749534   0.656296  -0.258617   0.682700   0.001000
 -0.070486   0.205845  -0.720551   0.658381  -0.268996   0.781965   0.001000
 -0.070486   0.205845  -0.720551   0.658381  -0.268996   0.781965   0.001000
 -0.053998   0.169817  -0.737617   0.651282  -0.101899   0.800164   0.001000
 -0.051622   0.191968  -0.734828   0.648468  -0.176676   1.001500   0.001000
 -0.051622   0.191968  -0.734828   0.648468  -0.176676   1.001500   0.001000
 -0.051622   0.191968  -0.734828   0.648468  -0.176676   1.001500   0.001000
 -0.051622   0.191968  -0.734828   0.648468  -0.176676   1.001500   0.001000
 -0.051622   0.191968  -0.734828   0.648468  -0.176676   1.001500   0.001000
 -0.051622   0.191968  -0.734828   0.648468  -0.176676   1.001500   0.001000
 -0.051622   0.191968  -0.734828   0.648468  -0.176676   1.001500   0.001000
 -0.061688   0.198983  -0.741079   0.638280  -0.089237   0.795663   0.001000
 -0.061688   0.198983  -0.741079   0.638280  -0.089237   0.795663   0.001000
 -0.064832   0.204703  -0.729331   0.649592  -0.181199   1.061430   0.001000
 -0.064832   0.204703  -0.729331   0.649592  -0.181199   1.061430   0.001000
 -0.064832   0.204703  -0.729331   0.649592  -0.181199   1.061430   0.001000
 -0.064832   0.204703  -0.729331   0.649592  -0.181199   1.061430   0.001000
 -0.025566   0.188740  -0.730790   0.655492  -0.187850   0.876070   0.001000
 -0.025566   0.188740  -0.730790   0.655492  -0.187850   0.876070   0.001000
 -0.051601   0.171744  -0.737064   0.651597  -0.265041   1.217443   0.001000
 -0.142731   0.127894  -0.728167   0.658060  -0.530802   1.019789   0.001000
 -0.060924   0.195245  -0.721990   0.660982  -0.450703   1.220347   0.001000
 -0.060924   0.195245  -0.721990   0.660982  -0.450703   1.220347   0.001000
 -0.060924   0.195245  -0.721990   0.660982  -0.450703   1.220347   0.001000
 -0.060924   0.195245  -0.721990   0.660982  -0.450703   1.220347   0.001000
 -0.060924   0.195245  -0.721990   0.660982  -0.450703   1.220347   0.001000
 -0.060924   0.195245  -0.721990   0.660982  -0.450703   1.220347   0.001000
 -0.060924   0.195245  -0.721990   0.660982  -0.450703   1.220347   0.001000
 -0.060924   0.195245  -0.721990   0.660982  -0.450703   1.220347   0.001000
 -0.060924   0.195245  -0.721990   0.660982  -0.450703   1.220347   0.001000
 -0.060924   0.195245  -0.721990   0.660982  -0.450703   1.220347   0.001000
 -0.060924   0.195245  -0.721990   0.660982  -0.450703   1.220347   0.001000
 -0.060924   0.195245  -0.721990   0.660982  -0.450703   1.220347   0.001000
 -0.042852   0.180687  -0.702015   0.687525  -0.326375   1.012834   0.001000
 -0.042852   0.180687  -0.702015   0.687525  -0.326375   1.012834   0.001000
 -0.075098   0.209991  -0.721515   0.655499  -0.441553   0.979221   0.001000
 -0.061470   0.188815  -0.739629   0.643055  -0.497483   1.137755   0.001000
 -0.061470   0.188815  -0.739629   0.643055  -0.497483   1.137755   0.001000
 -0.063166   0.228161  -0.739504   0.630148  -0.451578   1.177504   0.001000
 -0.073910   0.182050  -0.742829   0.640000  -0.419132   0.980781   0.001000
 -0.073910   0.182050  -0.742829   0.640000  -0.419132   0.980781   0.001000
 -0.073910   0.182050  -0.742829   0.640000  -0.419132   0.980781   0.001000
 -0.059797   0.196407  -0.723962   0.658579  -0.175488   0.745411   0.001000
 -0.064755   0.188179  -0.733985   0.649355  -0.499538   0.959303   0.001000
 -0.064755   0.188179  -0.733985   0.649355  -0.499538   0.959303   0.001000
 -0.055088   0.190236  -0.741186   0.641420  -0.308466   0.868518   0.001000
 -0.055088   0.190236  -0.741186   0.641420  -0.308466   0.868518   0.001000
 -0.055088   0.190236  -0.741186   0.641420  -0.308466   0.868518   0.001000
 -0.055088   0.190236  -0.741186   0.641420  -0.308466   0.868518   0.001000
 -0.055088   0.190236  -0.741186   0.641420  -0.308466   0.868518   0.001000
 -0.055088   0.190236  -0.741186   0.641420  -0.308466   0.868518   0.001000
 -0.055088   0.190236  -0.741186   0.641420  -0.308466   0.868518   0.001000
 -0.061512   0.168633  -0.738953   0.649405  -0.402930   0.829298   0.001000
 -0.042302   0.188168  -0.737179   0.647588  -0.403848   1.162120   0.001000
 -0.042302   0.188168  -0.737179   0.647588  -0.403848   1.162120   0.001000
 -0.042302   0.188168  -0.737179   0.647588  -0.403848   1.162120   0.001000
 -0.042302   0.188168  -0.737179   0.647588  -0.403848   1.162120   0.001000
 -0.042302   0.188168  -0.737179   0.647588  -0.403848   1.162120   0.001000
 -0.042302   0.188168  -0.737179   0.647588  -0.403848   1.162120   0.001000
 -0.042302   0.188168  -0.737179   0.647588  -0.403848   1.162120   0.001000
  0.037577   0.089753  -0.779283   0.619072  -0.336305   1.164515   0.001000
 -0.080915   0.201362  -0.726675   0.651805  -0.410960   1.033972   0.001000
 -0.080915   0.201362  -0.726675   0.651805  -0.410960   1.033972   0.001000
 -0.072324   0.178279  -0.705848   0.681736  -0.239106   0.921051   0.001000
 -0.054783   0.190870  -0.724234   0.660343  -0.340836   1.160438   0.001000
 -0.054783   0.190870  -0.724234   0.660343  -0.340836   1.160438   0.001000
 -0.054783   0.190870  -0.724234   0.660343  -0.340836   1.160438   0.001000
 -0.054783   0.190870  -0.724234   0.660343  -0.340836   1.160438   0.001000
 -0.054783   0.190870  -0.724234   0.660343  -0.340836   1.160438   0.001000
 -0.054783   0.190870  -0.724234   0.660343  -0.340836   1.160438   0.001000
 -0.054783   0.190870  -0.724234   0.660343  -0.340836   1.160438   0.001000
 -0.054783   0.190870  -0.724234   0.660343  -0.340836   1.160438   0.001000
 -0.054783   0.190870  -0.724234   0.660343  -0.340836   1.160438   0.001000
 -0.054783   0.190870  -0.724234   0.660343  -0.340836   1.160438   0.001000
 -0.054783   0.190870  -0.724234   0.660343  -0.340836   1.160438   0.001000
 -0.054783   0.190870  -0.724234   0.660343  -0.340836   1.160438   0.001000
 -0.054783   0.190870  -0.724234   0.660343  -0.340836   1.160438   0.001000
 -0.054783   0.190870  -0.724234   0.660343  -0.340836   1.160438   0.001000
 -0.054783   0.190870  -0.724234   0.660343  -0.340836   1.160438   0.001000
 -0.054783   0.190870  -0.724234   0.660343  -0.340836   1.160438   0.001000
 -0.054783   0.190870  -0.724234   0.660343  -0.340836   1.160438   0.001000
 -0.054783   0.190870  -0.724234   0.660343  -0.340836   1.160438   0.001000
 -0.054783   0.190870  -0.724234   0.660343  -0.340836   1.160438   0.001000
 -0.054783   0.190870  -0.724234   0.660343  -0.340836   1.160438   0.001000
 -0.054783   0.190870  -0.724234   0.660343  -0.340836   1.160438   0.001000
 -0.054783   0.190870  -0.724234   0.660343  -0.340836   1.160438   0.001000
 -0.054783   0.190870  -0.724234   0.660343  -0.340836   1.160438   0.001000
 -0.054783   0.190870  -0.724234   0.660343  -0.340836   1.160438   0.001000
 -0.054783   0.190870  -0.724234   0.660343  -0.340836   1.160438   0.001000
 -0.054783   0.190870  -0.724234   0.660343  -0.340836   1.160438   0.001000
 -0.054783   0.190870  -0.724234   0.660343  -0.340836   1.160438   0.001000
 -0.054783   0.190870  -0.724234   0.660343  -0.340836   1.160438   0.001000
 -0.054783   0.190870  -0.724234   0.660343  -0.340836   1.160438   0.001000
 -0.054783   0.190870  -0.724234   0.660343  -0.340836   1.160438   0.001000
 -0.054783   0.190870  -0.724234   0.660343  -0.340836   1.160438   0.001000
 -0.054783   0.190870  -0.724234   0.660343  -0.340836   1.160438   0.001000
 -0.054783   0.190870  -0.724234   0.660343  -0.340836   1.160438   0.001000
 -0.054783   0.190870  -0.724234   0.660343  -0.340836   1.160438   0.001000
 -0.054783   0.190870  -0.724234   0.660343  -0.340836   1.160438   0.001000
 -0.054783   0.190870  -0.724234   0.660343  -0.340836   1.160438   0.001000
 -0.054783   0.190870  -0.724234   0.660343  -0.340836   1.160438   0.001000
 -0.054783   0.190870  -0.724234   0.660343  -0.340836   1.160438   0.001000
 -0.054783   0.190870  -0.724234   0.660343  -0.340836   1.160438   0.001000
 -0.054783   0.190870  -0.724234   0.660343  -0.340836   1.160438   0.001000
 -0.054783   0.190870  -0.724234   0.660343  -0.340836   1.160438   0.001000
 -0.054783   0.190870  -0.724234   0.660343  -0.340836   1.160438   0.001000
 -0.054783   0.190870  -0.724234   0.660343  -0.340836   1.160438   0.001000
 -0.054783   0.190870  -0.724234   0.660343  -0.340836   1.160438   0.001000
 -0.054783   0.190870  -0.724234   0.660343  -0.340836   1.160438   0.001000
 -0.054783   0.190870  -0.724234   0.660343  -0.340836   1.160438   0.001000
 -0.054783   0.190870  -0.724234   0.660343  -0.340836   1.160438   0.001000
 -0.054783   0.190870  -0.724234   0.660343  -0.340836   1.160438   0.001000
 -0.054783   0.190870  -0.724234   0.660343  -0.340836   1.160438   0.001000
 -0.054783   0.190870  -0.724234   0.660343  -0.340836   1.160438   0.001000
 -0.054783   0.190870  -0.724234   0.660343  -0.340836   1.160438   0.001000
 -0.054783   0.190870  -0.724234   0.660343  -0.340836   1.160438   0.001000
 -0.067071   0.209273  -0.734632   0.641890  -0.494811   1.245783   0.001000
 -0.067877   0.197852  -0.728939   0.651840  -0.386664   0.985863   0.001000
 -0.067877   0.197852  -0.728939   0.651840  -0.386664   0.985863   0.001000
 -0.067877   0.197852  -0.728939   0.651840  -0.386664   0.985863   0.001000
 -0.067877   0.197852  -0.728939   0.651840  -0.386664   0.985863   0.001000
 -0.067877   0.197852  -0.728939   0.651840  -0.386664   0.985863   0.001000
 -0.067877   0.197852  -0.728939   0.651840  -0.386664   0.985863   0.001000
 -0.067877   0.197852  -0.728939   0.651840  -0.386664   0.985863   0.001000
 -0.067877   0.197852  -0.728939   0.651840  -0.386664   0.985863   0.001000
 -0.052505   0.187573  -0.700699   0.686353  -0.313227   1.196304   0.001000
 -0.052505   0.187573  -0.700699   0.686353  -0.313227   1.196304   0.001000
 -0.052505   0.187573  -0.700699   0.686353  -0.313227   1.196304   0.001000
 -0.052505   0.187573  -0.700699   0.686353  -0.313227   1.196304   0.001000
 -0.052505   0.187573  -0.700699   0.686353  -0.313227   1.196304   0.001000
 -0.052505   0.187573  -0.700699   0.686353  -0.313227   1.196304   0.001000
 -0.052505   0.187573  -0.700699   0.686353  -0.313227   1.196304   0.001000
 -0.019802   0.161847  -0.728174   0.665714  -0.343582   1.060015   0.001000
 -0.066945   0.176308  -0.713730   0.674554  -0.835537   1.254791   0.001000
 -0.048063   0.185570  -0.739494   0.645293  -0.556982   1.426612   0.001000
 -0.048063   0.185570  -0.739494   0.645293  -0.556982   1.426612   0.001000
 -0.077481   0.212932  -0.720105   0.655825  -0.404727   1.032089   0.001000
 -0.062898   0.217003  -0.721999   0.653965  -0.529718   1.507809   0.001000
 -0.067927   0.198697  -0.733902   0.645982  -0.315710   1.451287   0.001000
 -0.065849   0.223819  -0.732862   0.639126  -0.807006   0.792919   0.001000
 -0.067818   0.204205  -0.739088   0.638318  -0.739655   0.916274   0.001000
 -0.074674   0.192502  -0.743235   0.636372  -0.870193   1.138011   0.001000
 -0.065370   0.193410  -0.733260   0.648574  -0.356615   1.208044   0.001000
 -0.048660   0.198114  -0.735456   0.646132  -0.501590   1.382603   0.001000
 -0.068238   0.204963  -0.722563   0.656686  -0.528475   1.242315   0.001000
 -0.068238   0.204963  -0.722563   0.656686  -0.528475   1.242315   0.001000
 -0.068238   0.204963  -0.722563   0.656686  -0.528475   1.242315   0.001000
 -0.068238   0.204963  -0.722563   0.656686  -0.528475   1.242315   0.001000
 -0.090931   0.131804  -0.694734   0.701216  -0.211696   1.073630   0.001000
 -0.048772   0.193985  -0.737812   0.644689  -0.285078   1.252101   0.001000
 -0.048772   0.193985  -0.737812   0.644689  -0.285078   1.252101   0.001000
 -0.048772   0.193985  -0.737812   0.644689  -0.285078   1.252101   0.001000
 -0.048772   0.193985  -0.737812   0.644689  -0.285078   1.252101   0.001000
 -0.048772   0.193985  -0.737812   0.644689  -0.285078   1.252101   0.001000
 -0.048772   0.193985  -0.737812   0.644689  -0.285078   1.252101   0.001000
 -0.048772   0.193985  -0.737812   0.644689  -0.285078   1.252101   0.001000
 -0.048772   0.193985  -0.737812   0.644689  -0.285078   1.252101   0.001000
 -0.048772   0.193985  -0.737812   0.644689  -0.285078   1.252101   0.001000
 -0.048772   0.193985  -0.737812   0.644689  -0.285078   1.252101   0.001000
 -0.048772   0.193985  -0.737812   0.644689  -0.285078   1.252101   0.001000
 -0.048772   0.193985  -0.737812   0.644689  -0.285078   1.252101   0.001000
 -0.048772   0.193985  -0.737812   0.644689  -0.285078   1.252101   0.001000
 -0.048772   0.193985  -0.737812   0.644689  -0.285078   1.252101   0.001000
 -0.048772   0.193985  -0.737812   0.644689  -0.285078   1.252101   0.001000
 -0.048772   0.193985  -0.737812   0.644689  -0.285078   1.252101   0.001000
 -0.048772   0.193985  -0.737812   0.644689  -0.285078   1.252101   0.001000
 -0.048772   0.193985  -0.737812   0.644689  -0.285078   1.252101   0.001000
 -0.048772   0.193985  -0.737812   0.644689  -0.285078   1.252101   0.001000
 -0.048772   0.193985  -0.737812   0.644689  -0.285078   1.252101   0.001000
 -0.048772   0.193985  -0.737812   0.644689  -0.285078   1.252101   0.001000
 -0.048772   0.193985  -0.737812   0.644689  -0.285078   1.252101   0.001000
 -0.048772   0.193985  -0.737812   0.644689  -0.285078   1.252101   0.001000
 -0.048772   0.193985  -0.737812   0.644689  -0.285078   1.252101   0.001000
 -0.048772   0.193985  -0.737812   0.644689  -0.285078   1.252101   0.001000
 -0.068694   0.202308  -0.725967   0.653701  -0.790166   0.962302   0.001000
 -0.060490   0.181014  -0.725311   0.661437  -0.794845   0.748475   0.001000
 -0.051810   0.169549  -0.730043   0.660005  -0.858563   0.928269   0.001000
 -0.051810   0.169549  -0.730043   0.660005  -0.858563   0.928269   0.001000
 -0.049126   0.191405  -0.728792   0.655601  -0.852276   0.873026   0.001000
 -0.049126   0.191405  -0.728792   0.655601  -0.852276   0.873026   0.001000
 -0.034725   0.183935  -0.720211   0.668026  -0.709374   0.755888   0.001000
 -0.058365   0.192225  -0.719912   0.664356  -0.753482   1.272941   0.001000
 -0.058365   0.192225  -0.719912   0.664356  -0.753482   1.272941   0.001000
 -0.058365   0.192225  -0.719912   0.664356  -0.753482   1.272941   0.001000
 -0.058365   0.192225  -0.719912   0.664356  -0.753482   1.272941   0.001000
 -0.058365   0.192225  -0.719912   0.664356  -0.753482   1.272941   0.001000
 -0.058365   0.192225  -0.719912   0.664356  -0.753482   1.272941   0.001000
 -0.058365   0.192225  -0.719912   0.664356  -0.753482   1.272941   0.001000
 -0.082401   0.197201  -0.714077   0.666645  -0.486035   1.014180   0.001000
 -0.053886   0.181008  -0.714393   0.673776  -0.533178   1.095110   0.001000
 -0.059511   0.185393  -0.721053   0.664958  -0.373716   1.106919   0.001000
 -0.059511   0.185393  -0.721053   0.664958  -0.373716   1.106919   0.001000
 -0.059511   0.185393  -0.721053   0.664958  -0.373716   1.106919   0.001000
 -0.059511   0.185393  -0.721053   0.664958  -0.373716   1.106919   0.001000
 -0.059511   0.185393  -0.721053   0.664958  -0.373716   1.106919   0.001000
 -0.059511   0.185393  -0.721053   0.664958  -0.373716   1.106919   0.001000
 -0.059511   0.185393  -0.721053   0.664958  -0.373716   1.106919   0.001000
 -0.045069   0.194885  -0.714339   0.670603  -0.535077   0.802306   0.001000
 -0.040163   0.172353  -0.729917   0.660229  -0.541014   0.898937   0.001000
 -0.076142   0.197410  -0.724650   0.655830  -0.144264   1.090579   0.001000
 -0.076142   0.197410  -0.724650   0.655830  -0.144264   1.090579   0.001000
 -0.049906   0.187619  -0.730661   0.654556  -0.291079   1.367696   0.001000
 -0.049906   0.187619  -0.730661   0.654556  -0.291079   1.367696   0.001000
 -0.049906   0.187619  -0.730661   0.654556  -0.291079   1.367696   0.001000
 -0.069416   0.173104  -0.696945   0.692448  -0.174578   1.554669   0.001000
 -0.060690   0.182751  -0.716978   0.669972  -0.273886   1.178966   0.001000
 -0.060690   0.182751  -0.716978   0.669972  -0.273886   1.178966   0.001000
 -0.060690   0.182751  -0.716978   0.669972  -0.273886   1.178966   0.001000
 -0.060690   0.182751  -0.716978   0.669972  -0.273886   1.178966   0.001000
 -0.060690   0.182751  -0.716978   0.669972  -0.273886   1.178966   0.001000
 -0.060690   0.182751  -0.716978   0.669972  -0.273886   1.178966   0.001000
 -0.060690   0.182751  -0.716978   0.669972  -0.273886   1.178966   0.001000
 -0.060690   0.182751  -0.716978   0.669972  -0.273886   1.178966   0.001000
 -0.043045   0.182759  -0.716337   0.672017  -0.499254   1.213047   0.001000
 -0.035573   0.194577  -0.727131   0.657386  -0.368615   1.350937   0.001000
  0.052042   0.067418  -0.743654   0.663118  -0.106843   1.028430   0.001000
 -0.066016   0.203012  -0.717091   0.663482  -0.426335   0.847612   0.001000
 -0.066016   0.203012  -0.717091   0.663482  -0.426335   0.847612   0.001000
 -0.066943   0.190656  -0.712095   0.672376  -0.236663   0.966678   0.001000
 -0.036742   0.180933  -0.729567   0.658517  -0.449536   1.317436   0.001000
 -0.031092   0.143124  -0.734203   0.662944  -0.559918   1.061212   0.001000
 -0.031092   0.143124  -0.734203   0.662944  -0.559918   1.061212   0.001000
 -0.031092   0.143124  -0.734203   0.662944  -0.559918   1.061212   0.001000
 -0.031092   0.143124  -0.734203   0.662944  -0.559918   1.061212   0.001000
 -0.053452   0.163807  -0.725986   0.665774  -0.438723   1.141701   0.001000
 -0.053197   0.169996  -0.714140   0.676961  -0.531424   1.346199   0.001000
 -0.053197   0.169996  -0.714140   0.676961  -0.531424   1.346199   0.001000
 -0.066911   0.211550  -0.726800   0.650024  -0.491397   0.903010   0.001000
 -0.066911   0.211550  -0.726800   0.650024  -0.491397   0.903010   0.001000
  0.069970   0.121532  -0.775624   0.615419  -0.381629   1.332068   0.001000
 -0.050033   0.173165  -0.715280   0.675192  -0.239624   1.205189   0.001000
 -0.050033   0.173165  -0.715280   0.675192  -0.239624   1.205189   0.001000
 -0.050033   0.173165  -0.715280   0.675192  -0.239624   1.205189   0.001000
 -0.050033   0.173165  -0.715280   0.675192  -0.239624   1.205189   0.001000
 -0.050033   0.173165  -0.715280   0.675192  -0.239624   1.205189   0.001000
 -0.050033   0.173165  -0.715280   0.675192  -0.239624   1.205189   0.001000
 -0.050033   0.173165  -0.715280   0.675192  -0.239624   1.205189   0.001000
 -0.050033   0.173165  -0.715280   0.675192  -0.239624   1.205189   0.001000
 -0.050033   0.173165  -0.715280   0.675192  -0.239624   1.205189   0.001000
 -0.050033   0.173165  -0.715280   0.675192  -0.239624   1.205189   0.001000
 -0.050033   0.173165  -0.715280   0.675192  -0.239624   1.205189   0.001000
 -0.050033   0.173165  -0.715280   0.675192  -0.239624   1.205189   0.001000
 -0.050033   0.173165  -0.715280   0.675192  -0.239624   1.205189   0.001000
 -0.050033   0.173165  -0.715280   0.675192  -0.239624   1.205189   0.001000
 -0.050033   0.173165  -0.715280   0.675192  -0.239624   1.205189   0.001000
 -0.050033   0.173165  -0.715280   0.675192  -0.239624   1.205189   0.001000
 -0.050033   0.173165  -0.715280   0.675192  -0.239624   1.205189   0.001000
 -0.050033   0.173165  -0.715280   0.675192  -0.239624   1.205189   0.001000
 -0.050033   0.173165  -0.715280   0.675192  -0.239624   1.205189   0.001000
 -0.050033   0.173165  -0.715280   0.675192  -0.239624   1.205189   0.001000
 -0.050033   0.173165  -0.715280   0.675192  -0.239624   1.205189   0.001000
 -0.050033   0.173165  -0.715280   0.675192  -0.239624   1.205189   0.001000
 -0.045019   0.183531  -0.723864   0.663559  -0.445915   1.039844   0.001000
 -0.045019   0.183531  -0.723864   0.663559  -0.445915   1.039844   0.001000
 -0.045019   0.183531  -0.723864   0.663559  -0.445915   1.039844   0.001000
 -0.045019   0.183531  -0.723864   0.663559  -0.445915   1.039844   0.001000
 -0.045019   0.183531  -0.723864   0.663559  -0.445915   1.039844   0.001000
 -0.045019   0.183531  -0.723864   0.663559  -0.445915   1.039844   0.001000
 -0.045019   0.183531  -0.723864   0.663559  -0.445915   1.039844   0.001000
 -0.045019   0.183531  -0.723864   0.663559  -0.445915   1.039844   0.001000
 -0.045019   0.183531  -0.723864   0.663559  -0.445915   1.039844   0.001000
 -0.045019   0.183531  -0.723864   0.663559  -0.445915   1.039844   0.001000
 -0.045019   0.183531  -0.723864   0.663559  -0.445915   1.039844   0.001000
 -0.045019   0.183531  -0.723864   0.663559  -0.445915   1.039844   0.001000
 -0.045019   0.183531  -0.723864   0.663559  -0.445915   1.039844   0.001000
 -0.045019   0.183531  -0.723864   0.663559  -0.445915   1.039844   0.001000
 -0.045019   0.183531  -0.723864   0.663559  -0.445915   1.039844   0.001000
 -0.045019   0.183531  -0.723864   0.663559  -0.445915   1.039844   0.001000
 -0.045019   0.183531  -0.723864   0.663559  -0.445915   1.039844   0.001000
 -0.045019   0.183531  -0.723864   0.663559  -0.445915   1.039844   0.001000
 -0.045019   0.183531  -0.723864   0.663559  -0.445915   1.039844   0.001000
 -0.045019   0.183531  -0.723864   0.663559  -0.445915   1.039844   0.001000
 -0.045019   0.183531  -0.723864   0.663559  -0.445915   1.039844   0.001000
 -0.045019   0.183531  -0.723864   0.663559  -0.445915   1.039844   0.001000
 -0.045019   0.183531  -0.723864   0.663559  -0.445915   1.039844   0.001000
 -0.045019   0.183531  -0.723864   0.663559  -0.445915   1.039844   0.001000
 -0.082729   0.187745  -0.725511   0.656918  -0.561514   1.305357   0.001000
 -0.065004   0.180950  -0.722967   0.663589  -0.500691   1.043215   0.001000
 -0.058831   0.179988  -0.689622   0.698974  -0.474152   1.133395   0.001000
 -0.055540   0.182063  -0.722479   0.664674  -0.373294   1.001258   0.001000
 -0.055540   0.182063  -0.722479   0.664674  -0.373294   1.001258   0.001000
 -0.055540   0.182063  -0.722479   0.664674  -0.373294   1.001258   0.001000
 -0.055540   0.182063  -0.722479   0.664674  -0.373294   1.001258   0.001000
 -0.055540   0.182063  -0.722479   0.664674  -0.373294   1.001258   0.001000
 -0.055540   0.182063  -0.722479   0.664674  -0.373294   1.001258   0.001000
 -0.055540   0.182063  -0.722479   0.664674  -0.373294   1.001258   0.001000
 -0.055540   0.182063  -0.722479   0.664674  -0.373294   1.001258   0.001000
 -0.055540   0.182063  -0.722479   0.664674  -0.373294   1.001258   0.001000
 -0.055540   0.182063  -0.722479   0.664674  -0.373294   1.001258   0.001000
 -0.055540   0.182063  -0.722479   0.664674  -0.373294   1.001258   0.001000
 -0.055540   0.182063  -0.722479   0.664674  -0.373294   1.001258   0.001000
 -0.055540   0.182063  -0.722479   0.664674  -0.373294   1.001258   0.001000
 -0.055540   0.182063  -0.722479   0.664674  -0.373294   1.001258   0.001000
 -0.055540   0.182063  -0.722479   0.664674  -0.373294   1.001258   0.001000
 -0.055540   0.182063  -0.722479   0.664674  -0.373294   1.001258   0.001000
 -0.055540   0.182063  -0.722479   0.664674  -0.373294   1.001258   0.001000
 -0.055540   0.182063  -0.722479   0.664674  -0.373294   1.001258   0.001000
 -0.050543   0.209698  -0.729887   0.648642  -0.527343   1.022725   0.001000
  0.000354   0.002972  -0.614957   0.788555  -0.371343   0.978225   0.001000
  0.000354   0.002972  -0.614957   0.788555  -0.371343   0.978225   0.001000
 -0.047362   0.209544  -0.724742   0.654673  -0.467565   1.161588   0.001000
 -0.038303   0.179859  -0.724671   0.664105  -0.517829   1.391408   0.001000
 -0.074238   0.195282  -0.714295   0.667934  -0.466859   1.255583   0.001000
 -0.071560   0.198541  -0.723035   0.657784  -0.392879   1.163337   0.001000
 -0.071560   0.198541  -0.723035   0.657784  -0.392879   1.163337   0.001000
 -0.042420   0.182720  -0.724439   0.663327  -0.493077   1.442443   0.001000
 -0.042420   0.182720  -0.724439   0.663327  -0.493077   1.442443   0.001000
 -0.042420   0.182720  -0.724439   0.663327  -0.493077   1.442443   0.001000
 -0.042420   0.182720  -0.724439   0.663327  -0.493077   1.442443   0.001000
 -0.042420   0.182720  -0.724439   0.663327  -0.493077   1.442443   0.001000
 -0.042420   0.182720  -0.724439   0.663327  -0.493077   1.442443   0.001000
 -0.034456   0.185487  -0.724863   0.662557  -0.362958   1.118410   0.001000
 -0.034456   0.185487  -0.724863   0.662557  -0.362958   1.118410   0.001000
 -0.047262   0.189539  -0.725048   0.660414  -0.443401   1.189713   0.001000
 -0.047262   0.189539  -0.725048   0.660414  -0.443401   1.189713   0.001000
 -0.047262   0.189539  -0.725048   0.660414  -0.443401   1.189713   0.001000
 -0.047262   0.189539  -0.725048   0.660414  -0.443401   1.189713   0.001000
 -0.047262   0.189539  -0.725048   0.660414  -0.443401   1.189713   0.001000
 -0.047262   0.189539  -0.725048   0.660414  -0.443401   1.189713   0.001000
 -0.047262   0.189539  -0.725048   0.660414  -0.443401   1.189713   0.001000
 -0.047262   0.189539  -0.725048   0.660414  -0.443401   1.189713   0.001000
 -0.047262   0.189539  -0.725048   0.660414  -0.443401   1.189713   0.001000
 -0.047262   0.189539  -0.725048   0.660414  -0.443401   1.189713   0.001000
 -0.047262   0.189539  -0.725048   0.660414  -0.443401   1.189713   0.001000
 -0.047262   0.189539  -0.725048   0.660414  -0.443401   1.189713   0.001000
 -0.047262   0.189539  -0.725048   0.660414  -0.443401   1.189713   0.001000
 -0.047262   0.189539  -0.725048   0.660414  -0.443401   1.189713   0.001000
 -0.047262   0.189539  -0.725048   0.660414  -0.443401   1.189713   0.001000
 -0.047262   0.189539  -0.725048   0.660414  -0.443401   1.189713   0.001000
 -0.047262   0.189539  -0.725048   0.660414  -0.443401   1.189713   0.001000
 -0.047262   0.189539  -0.725048   0.660414  -0.443401   1.189713   0.001000
 -0.047262   0.189539  -0.725048   0.660414  -0.443401   1.189713   0.001000
 -0.047262   0.189539  -0.725048   0.660414  -0.443401   1.189713   0.001000
 -0.047262   0.189539  -0.725048   0.660414  -0.443401   1.189713   0.001000
 -0.047262   0.189539  -0.725048   0.660414  -0.443401   1.189713   0.001000
 -0.047262   0.189539  -0.725048   0.660414  -0.443401   1.189713   0.001000
 -0.047262   0.189539  -0.725048   0.660414  -0.443401   1.189713   0.001000
 -0.047262   0.189539  -0.725048   0.660414  -0.443401   1.189713   0.001000
 -0.047262   0.189539  -0.725048   0.660414  -0.443401   1.189713   0.001000
 -0.047262   0.189539  -0.725048   0.660414  -0.443401   1.189713   0.001000
 -0.047262   0.189539  -0.725048   0.660414  -0.443401   1.189713   0.001000
 -0.047262   0.189539  -0.725048   0.660414  -0.443401   1.189713   0.001000
 -0.047262   0.189539  -0.725048   0.660414  -0.443401   1.189713   0.001000
 -0.047262   0.189539  -0.725048   0.660414  -0.443401   1.189713   0.001000
 -0.047262   0.189539  -0.725048   0.660414  -0.443401   1.189713   0.001000
 -0.047262   0.189539  -0.725048   0.660414  -0.443401   1.189713   0.001000
 -0.047262   0.189539  -0.725048   0.660414  -0.443401   1.189713   0.001000
 -0.047262   0.189539  -0.725048   0.660414  -0.443401   1.189713   0.001000
 -0.047262   0.189539  -0.725048   0.660414  -0.443401   1.189713   0.001000
 -0.060346   0.203931  -0.721515   0.658928  -0.498880   1.123549   0.001000
 -0.060346   0.203931  -0.721515   0.658928  -0.498880   1.123549   0.001000
 -0.045086   0.193592  -0.719867   0.665042  -0.338623   1.354988   0.001000
 -0.064508   0.199899  -0.711270   0.670801  -0.440084   1.208162   0.001000
 -0.064508   0.199899  -0.711270   0.670801  -0.440084   1.208162   0.001000
 -0.064508   0.199899  -0.711270   0.670801  -0.440084   1.208162   0.001000
 -0.070761   0.185896  -0.714090   0.671202  -0.254716   1.055470   0.001000
 -0.068336   0.198429  -0.715843   0.665976  -0.254625   1.339919   0.001000
 -0.068336   0.198429  -0.715843   0.665976  -0.254625   1.339919   0.001000
 -0.068336   0.198429  -0.715843   0.665976  -0.254625   1.339919   0.001000
 -0.068336   0.198429  -0.715843   0.665976  -0.254625   1.339919   0.001000
 -0.068336   0.198429  -0.715843   0.665976  -0.254625   1.339919   0.001000
 -0.068336   0.198429  -0.715843   0.665976  -0.254625   1.339919   0.001000
 -0.050411   0.191414  -0.721225   0.663817  -0.351850   1.056953   0.001000
 -0.050411   0.191414  -0.721225   0.663817  -0.351850   1.056953   0.001000
 -0.050411   0.191414  -0.721225   0.663817  -0.351850   1.056953   0.001000
 -0.050411   0.191414  -0.721225   0.663817  -0.351850   1.056953   0.001000
 -0.050411   0.191414  -0.721225   0.663817  -0.351850   1.056953   0.001000
 -0.050411   0.191414  -0.721225   0.663817  -0.351850   1.056953   0.001000
 -0.050411   0.191414  -0.721225   0.663817  -0.351850   1.056953   0.001000
 -0.050411   0.191414  -0.721225   0.663817  -0.351850   1.056953   0.001000
 -0.050643   0.192162  -0.716054   0.669160  -0.519261   1.436747   0.001000
 -0.050643   0.192162  -0.716054   0.669160  -0.519261   1.436747   0.001000
 -0.050643   0.192162  -0.716054   0.669160  -0.519261   1.436747   0.001000
 -0.064536   0.193815  -0.723191   0.659747  -0.406193   1.040676   0.001000
 -0.054161   0.203694  -0.724995   0.655711  -0.421680   1.231085   0.001000
 -0.054828   0.202146  -0.724286   0.656917  -0.419598   0.930647   0.001000
 -0.054828   0.202146  -0.724286   0.656917  -0.419598   0.930647   0.001000
 -0.054828   0.202146  -0.724286   0.656917  -0.419598   0.930647   0.001000
  0.017730   0.073119  -0.725294   0.684315  -0.381180   1.333364   0.001000
 -0.046403   0.187302  -0.715453   0.671485  -0.595390   1.506831   0.001000
 -0.052238   0.165217  -0.717947   0.674186  -0.415296   1.231784   0.001000
 -0.077747   0.212164  -0.723844   0.651913  -0.515817   0.960039   0.001000
 -0.047046   0.162762  -0.725364   0.667189  -0.533381   1.342088   0.001000
 -0.047046   0.162762  -0.725364   0.667189  -0.533381   1.342088   0.001000
 -0.047046   0.162762  -0.725364   0.667189  -0.533381   1.342088   0.001000
 -0.024100   0.189081  -0.733869   0.652000  -0.598203   0.956870   0.001000
 -0.024100   0.189081  -0.733869   0.652000  -0.598203   0.956870   0.001000
 -0.056891   0.180116  -0.720602   0.667124  -0.402784   1.253730   0.001000
 -0.056891   0.180116  -0.720602   0.667124  -0.402784   1.253730   0.001000
 -0.056891   0.180116  -0.720602   0.667124  -0.402784   1.253730   0.001000
 -0.056891   0.180116  -0.720602   0.667124  -0.402784   1.253730   0.001000
 -0.056891   0.180116  -0.720602   0.667124  -0.402784   1.253730   0.001000
 -0.056891   0.180116  -0.720602   0.667124  -0.402784   1.253730   0.001000
 -0.056891   0.180116  -0.720602   0.667124  -0.402784   1.253730   0.001000
 -0.056891   0.180116  -0.720602   0.667124  -0.402784   1.253730   0.001000
 -0.056891   0.180116  -0.720602   0.667124  -0.402784   1.253730   0.001000
 -0.056891   0.180116  -0.720602   0.667124  -0.402784   1.253730   0.001000
 -0.056891   0.180116  -0.720602   0.667124  -0.402784   1.253730   0.001000
 -0.056891   0.180116  -0.720602   0.667124  -0.402784   1.253730   0.001000
 -0.056891   0.180116  -0.720602   0.667124  -0.402784   1.253730   0.001000
 -0.056891   0.180116  -0.720602   0.667124  -0.402784   1.253730   0.001000
 -0.056891   0.180116  -0.720602   0.667124  -0.402784   1.253730   0.001000
 -0.056891   0.180116  -0.720602   0.667124  -0.402784   1.253730   0.001000
 -0.056891   0.180116  -0.720602   0.667124  -0.402784   1.253730   0.001000
 -0.056891   0.180116  -0.720602   0.667124  -0.402784   1.253730   0.001000
 -0.056891   0.180116  -0.720602   0.667124  -0.402784   1.253730   0.001000
 -0.056891   0.180116  -0.720602   0.667124  -0.402784   1.253730   0.001000
 -0.056891   0.180116  -0.720602   0.667124  -0.402784   1.253730   0.001000
 -0.056891   0.180116  -0.720602   0.667124  -0.402784   1.253730   0.001000
 -0.027494   0.170391  -0.715650   0.676799  -0.474615   1.040274   0.001000
 -0.061706   0.185216  -0.708725   0.677935  -0.384715   1.228843   0.001000
 -0.055198   0.177050  -0.728027   0.659987  -0.536660   1.081003   0.001000
 -0.055198   0.177050  -0.728027   0.659987  -0.536660   1.081003   0.001000
 -0.055198   0.177050  -0.728027   0.659987  -0.536660   1.081003   0.001000
 -0.055198   0.177050  -0.728027   0.659987  -0.536660   1.081003   0.001000
 -0.055198   0.177050  -0.728027   0.659987  -0.536660   1.081003   0.001000
 -0.034018   0.192556  -0.734126   0.650249  -0.569970   1.226803   0.001000
 -0.053613   0.188496  -0.728334   0.656601  -0.551203   1.196803   0.001000
 -0.053613   0.188496  -0.728334   0.656601  -0.551203   1.196803   0.001000
 -0.053613   0.188496  -0.728334   0.656601  -0.551203   1.196803   0.001000
 -0.053613   0.188496  -0.728334   0.656601  -0.551203   1.196803   0.001000
 -0.053613   0.188496  -0.728334   0.656601  -0.551203   1.196803   0.001000
 -0.053613   0.188496  -0.728334   0.656601  -0.551203   1.196803   0.001000
 -0.053613   0.188496  -0.728334   0.656601  -0.551203   1.196803   0.001000
 -0.053613   0.188496  -0.728334   0.656601  -0.551203   1.196803   0.001000
 -0.053613   0.188496  -0.728334   0.656601  -0.551203   1.196803   0.001000
 -0.053613   0.188496  -0.728334   0.656601  -0.551203   1.196803   0.001000
 -0.053613   0.188496  -0.728334   0.656601  -0.551203   1.196803   0.001000
 -0.053613   0.188496  -0.728334   0.656601  -0.551203   1.196803   0.001000
 -0.053613   0.188496  -0.728334   0.656601  -0.551203   1.196803   0.001000
 -0.053613   0.188496  -0.728334   0.656601  -0.551203   1.196803   0.001000
 -0.053613   0.188496  -0.728334   0.656601  -0.551203   1.196803   0.001000
 -0.053613   0.188496  -0.728334   0.656601  -0.551203   1.196803   0.001000
 -0.053613   0.188496  -0.728334   0.656601  -0.551203   1.196803   0.001000
 -0.053613   0.188496  -0.728334   0.656601  -0.551203   1.196803   0.001000
 -0.053613   0.188496  -0.728334   0.656601  -0.551203   1.196803   0.001000
 -0.053613   0.188496  -0.728334   0.656601  -0.551203   1.196803   0.001000
 -0.053613   0.188496  -0.728334   0.656601  -0.551203   1.196803   0.001000
 -0.053613   0.188496  -0.728334   0.656601  -0.551203   1.196803   0.001000
 -0.053613   0.188496  -0.728334   0.656601  -0.551203   1.196803   0.001000
 -0.053613   0.188496  -0.728334   0.656601  -0.551203   1.196803   0.001000
 -0.053613   0.188496  -0.728334   0.656601  -0.551203   1.196803   0.001000
 -0.053613   0.188496  -0.728334   0.656601  -0.551203   1.196803   0.001000
 -0.053613   0.188496  -0.728334   0.656601  -0.551203   1.196803   0.001000
 -0.053613   0.188496  -0.728334   0.656601  -0.551203   1.196803   0.001000
 -0.053613   0.188496  -0.728334   0.656601  -0.551203   1.196803   0.001000
 -0.053613   0.188496  -0.728334   0.656601  -0.551203   1.196803   0.001000
 -0.053613   0.188496  -0.728334   0.656601  -0.551203   1.196803   0.001000
 -0.053613   0.188496  -0.728334   0.656601  -0.551203   1.196803   0.001000
 -0.053613   0.188496  -0.728334   0.656601  -0.551203   1.196803   0.001000
 -0.064700   0.198295  -0.726415   0.654839  -0.678155   1.110550   0.001000
 -0.064700   0.198295  -0.726415   0.654839  -0.678155   1.110550   0.001000
 -0.064700   0.198295  -0.726415   0.654839  -0.678155   1.110550   0.001000
 -0.064700   0.198295  -0.726415   0.654839  -0.678155   1.110550   0.001000
 -0.064700   0.198295  -0.726415   0.654839  -0.678155   1.110550   0.001000
 -0.064700   0.198295  -0.726415   0.654839  -0.678155   1.110550   0.001000
 -0.064700   0.198295  -0.726415   0.654839  -0.678155   1.110550   0.001000
 -0.064700   0.198295  -0.726415   0.654839  -0.678155   1.110550   0.001000
 -0.064700   0.198295  -0.726415   0.654839  -0.678155   1.110550   0.001000
 -0.064700   0.198295  -0.726415   0.654839  -0.678155   1.110550   0.001000
 -0.064700   0.198295  -0.726415   0.654839  -0.678155   1.110550   0.001000
 -0.064700   0.198295  -0.726415   0.654839  -0.678155   1.110550   0.001000
 -0.061149   0.211921  -0.723962   0.653627  -0.673293   1.215763   0.001000
 -0.061149   0.211921  -0.723962   0.653627  -0.673293   1.215763   0.001000
 -0.056708   0.184686  -0.745878   0.637449  -0.152796   0.924335   0.001000
 -0.047875   0.180383  -0.728514   0.659118  -0.701677   1.362589   0.001000
 -0.047875   0.180383  -0.728514   0.659118  -0.701677   1.362589   0.001000
 -0.047875   0.180383  -0.728514   0.659118  -0.701677   1.362589   0.001000
 -0.047875   0.180383  -0.728514   0.659118  -0.701677   1.362589   0.001000
 -0.047875   0.180383  -0.728514   0.659118  -0.701677   1.362589   0.001000
 -0.051687   0.200200  -0.726871   0.654910  -0.600886   1.387291   0.001000
 -0.051687   0.200200  -0.726871   0.654910  -0.600886   1.387291   0.001000
 -0.051687   0.200200  -0.726871   0.654910  -0.600886   1.387291   0.001000
 -0.057338   0.164893  -0.727481   0.663546  -0.449252   1.040420   0.001000
 -0.058913   0.192151  -0.716863   0.667619  -0.516724   1.137604   0.001000
 -0.058913   0.192151  -0.716863   0.667619  -0.516724   1.137604   0.001000
 -0.073067   0.201029  -0.729568   0.649599  -0.364197   1.279981   0.001000
 -0.062710   0.184647  -0.727896   0.657374  -0.230713   1.342816   0.001000
 -0.062710   0.184647  -0.727896   0.657374  -0.230713   1.342816   0.001000
 -0.062710   0.184647  -0.727896   0.657374  -0.230713   1.342816   0.001000
 -0.062710   0.184647  -0.727896   0.657374  -0.230713   1.342816   0.001000
 -0.062710   0.184647  -0.727896   0.657374  -0.230713   1.342816   0.001000
 -0.062710   0.184647  -0.727896   0.657374  -0.230713   1.342816   0.001000
 -0.062710   0.184647  -0.727896   0.657374  -0.230713   1.342816   0.001000
 -0.062710   0.184647  -0.727896   0.657374  -0.230713   1.342816   0.001000
 -0.073506   0.196281  -0.713309   0.668775  -0.309782   1.216882   0.001000
 -0.073506   0.196281  -0.713309   0.668775  -0.309782   1.216882   0.001000
 -0.064104   0.198099  -0.718278   0.663870  -0.442109   1.159416   0.001000
 -0.064104   0.198099  -0.718278   0.663870  -0.442109   1.159416   0.001000
 -0.064104   0.198099  -0.718278   0.663870  -0.442109   1.159416   0.001000
 -0.064104   0.198099  -0.718278   0.663870  -0.442109   1.159416   0.001000
 -0.064104   0.198099  -0.718278   0.663870  -0.442109   1.159416   0.001000
 -0.064104   0.198099  -0.718278   0.663870  -0.442109   1.159416   0.001000
 -0.064104   0.198099  -0.718278   0.663870  -0.442109   1.159416   0.001000
 -0.064104   0.198099  -0.718278   0.663870  -0.442109   1.159416   0.001000
 -0.064104   0.198099  -0.718278   0.663870  -0.442109   1.159416   0.001000
 -0.064104   0.198099  -0.718278   0.663870  -0.442109   1.159416   0.001000
 -0.064104   0.198099  -0.718278   0.663870  -0.442109   1.159416   0.001000
 -0.064104   0.198099  -0.718278   0.663870  -0.442109   1.159416   0.001000
 -0.064104   0.198099  -0.718278   0.663870  -0.442109   1.159416   0.001000
 -0.080916   0.193088  -0.702916   0.679763  -0.305634   1.091505   0.001000
 -0.050490   0.210285  -0.721983   0.657245  -0.278311   1.213141   0.001000
 -0.065065   0.198343  -0.730341   0.650406  -0.375315   1.517793   0.001000
 -0.065065   0.198343  -0.730341   0.650406  -0.375315   1.517793   0.001000
 -0.065065   0.198343  -0.730341   0.650406  -0.375315   1.517793   0.001000
 -0.065065   0.198343  -0.730341   0.650406  -0.375315   1.517793   0.001000
 -0.073654   0.179358  -0.716813   0.669765  -0.459123   0.969011   0.001000
 -0.065706   0.187280  -0.727617   0.656645  -0.307752   1.222234   0.001000
 -0.062360   0.182871  -0.745687   0.637668  -0.271965   1.256088   0.001000
 -0.045077   0.183987  -0.730829   0.655749  -0.453378   1.015654   0.001000
 -0.052315   0.187408  -0.712323   0.674342  -0.316263   1.395210   0.001000
 -0.050199   0.192760  -0.704140   0.681550  -0.390701   1.011249   0.001000
 -0.050199   0.192760  -0.704140   0.681550  -0.390701   1.011249   0.001000
 -0.059368   0.202852  -0.706758   0.675145  -0.325299   1.170251   0.001000
 -0.074714   0.218498  -0.723329   0.650746  -0.332720   1.097864   0.001000
 -0.066417   0.204316  -0.723228   0.656342  -0.295095   1.000565   0.001000
 -0.066417   0.204316  -0.723228   0.656342  -0.295095   1.000565   0.001000
 -0.066417   0.204316  -0.723228   0.656342  -0.295095   1.000565   0.001000
 -0.051779   0.202639  -0.730420   0.650187  -0.483392   0.849180   0.001000
 -0.029176   0.173007  -0.744758   0.643858  -0.445239   0.749403   0.001000
 -0.029176   0.173007  -0.744758   0.643858  -0.445239   0.749403   0.001000
 -0.029176   0.173007  -0.744758   0.643858  -0.445239   0.749403   0.001000
 -0.049429   0.199730  -0.734146   0.647066  -0.694698   0.680539   0.001000
 -0.049429   0.199730  -0.734146   0.647066  -0.694698   0.680539   0.001000
 -0.060909   0.200830  -0.738882   0.640321  -0.339604   0.586031   0.001000
 -0.060909   0.200830  -0.738882   0.640321  -0.339604   0.586031   0.001000
 -0.060909   0.200830  -0.738882   0.640321  -0.339604   0.586031   0.001000
 -0.060909   0.200830  -0.738882   0.640321  -0.339604   0.586031   0.001000
 -0.065304   0.231900  -0.712893   0.658591  -0.247768   0.832565   0.001000
 -0.081821   0.204219  -0.711101   0.667784  -0.357809   0.496440   0.001000
 -0.062196   0.184750  -0.729463   0.655655  -0.405193   0.596220   0.001000
 -0.054542   0.208574  -0.734380   0.643589  -0.566181   0.567297   0.001000
 -0.055616   0.192588  -0.725826   0.658022  -0.310584   0.865217   0.001000
 -0.055616   0.192588  -0.725826   0.658022  -0.310584   0.865217   0.001000
 -0.055616   0.192588  -0.725826   0.658022  -0.310584   0.865217   0.001000
 -0.055616   0.192588  -0.725826   0.658022  -0.310584   0.865217   0.001000
 -0.055616   0.192588  -0.725826   0.658022  -0.310584   0.865217   0.001000
 -0.055616   0.192588  -0.725826   0.658022  -0.310584   0.865217   0.001000
 -0.055616   0.192588  -0.725826   0.658022  -0.310584   0.865217   0.001000
 -0.055616   0.192588  -0.725826   0.658022  -0.310584   0.865217   0.001000
 -0.055616   0.192588  -0.725826   0.658022  -0.310584   0.865217   0.001000
 -0.055616   0.192588  -0.725826   0.658022  -0.310584   0.865217   0.001000
 -0.055616   0.192588  -0.725826   0.658022  -0.310584   0.865217   0.001000
 -0.055616   0.192588  -0.725826   0.658022  -0.310584   0.865217   0.001000
 -0.055616   0.192588  -0.725826   0.658022  -0.310584   0.865217   0.001000
 -0.055616   0.192588  -0.725826   0.658022  -0.310584   0.865217   0.001000
 -0.055616   0.192588  -0.725826   0.658022  -0.310584   0.865217   0.001000
 -0.055616   0.192588  -0.725826   0.658022  -0.310584   0.865217   0.001000
 -0.055616   0.192588  -0.725826   0.658022  -0.310584   0.865217   0.001000
 -0.055616   0.192588  -0.725826   0.658022  -0.310584   0.865217   0.001000
 -0.055616   0.192588  -0.725826   0.658022  -0.310584   0.865217   0.001000
 -0.055616   0.192588  -0.725826   0.658022  -0.310584   0.865217   0.001000
 -0.055616   0.192588  -0.725826   0.658022  -0.310584   0.865217   0.001000
 -0.055616   0.192588  -0.725826   0.658022  -0.310584   0.865217   0.001000
 -0.055616   0.192588  -0.725826   0.658022  -0.310584   0.865217   0.001000
 -0.055616   0.192588  -0.725826   0.658022  -0.310584   0.865217   0.001000
 -0.055616   0.192588  -0.725826   0.658022  -0.310584   0.865217   0.001000
 -0.055616   0.192588  -0.725826   0.658022  -0.310584   0.865217   0.001000
 -0.055616   0.192588  -0.725826   0.658022  -0.310584   0.865217   0.001000
 -0.055616   0.192588  -0.725826   0.658022  -0.310584   0.865217   0.001000
 -0.055616   0.192588  -0.725826   0.658022  -0.310584   0.865217   0.001000
 -0.055616   0.192588  -0.725826   0.658022  -0.310584   0.865217   0.001000
 -0.055616   0.192588  -0.725826   0.658022  -0.310584   0.865217   0.001000
 -0.055616   0.192588  -0.725826   0.658022  -0.310584   0.865217   0.001000
 -0.055616   0.192588  -0.725826   0.658022  -0.310584   0.865217   0.001000
 -0.055616   0.192588  -0.725826   0.658022  -0.310584   0.865217   0.001000
 -0.069408   0.211464  -0.729494   0.646765  -0.407036   1.154438   0.001000
 -0.069408   0.211464  -0.729494   0.646765  -0.407036   1.154438   0.001000
 -0.069408   0.211464  -0.729494   0.646765  -0.407036   1.154438   0.001000
 -0.069408   0.211464  -0.729494   0.646765  -0.407036   1.154438   0.001000
 -0.069408   0.211464  -0.729494   0.646765  -0.407036   1.154438   0.001000
 -0.093876   0.199484  -0.729687   0.647264  -0.393759   1.178612   0.001000
 -0.093876   0.199484  -0.729687   0.647264  -0.393759   1.178612   0.001000
 -0.093876   0.199484  -0.729687   0.647264  -0.393759   1.178612   0.001000
 -0.093876   0.199484  -0.729687   0.647264  -0.393759   1.178612   0.001000
 -0.093876   0.199484  -0.729687   0.647264  -0.393759   1.178612   0.001000
 -0.093876   0.199484  -0.729687   0.647264  -0.393759   1.178612   0.001000
 -0.093876   0.199484  -0.729687   0.647264  -0.393759   1.178612   0.001000
 -0.064761   0.203819  -0.723385   0.656489  -0.656463   0.938805   0.001000
 -0.066147   0.198816  -0.726870   0.654031  -0.453485   1.279640   0.001000
 -0.066147   0.198816  -0.726870   0.654031  -0.453485   1.279640   0.001000
 -0.066147   0.198816  -0.726870   0.654031  -0.453485   1.279640   0.001000
 -0.052758   0.198978  -0.719241   0.663563  -0.324211   1.038529   0.001000
 -0.052758   0.198978  -0.719241   0.663563  -0.324211   1.038529   0.001000
 -0.052758   0.198978  -0.719241   0.663563  -0.324211   1.038529   0.001000
 -0.052758   0.198978  -0.719241   0.663563  -0.324211   1.038529   0.001000
 -0.052758   0.198978  -0.719241   0.663563  -0.324211   1.038529   0.001000
 -0.052758   0.198978  -0.719241   0.663563  -0.324211   1.038529   0.001000
 -0.060625   0.187140  -0.725141   0.659904  -0.266220   1.064116   0.001000
 -0.060625   0.187140  -0.725141   0.659904  -0.266220   1.064116   0.001000
 -0.060625   0.187140  -0.725141   0.659904  -0.266220   1.064116   0.001000
 -0.060625   0.187140  -0.725141   0.659904  -0.266220   1.064116   0.001000
 -0.060625   0.187140  -0.725141   0.659904  -0.266220   1.064116   0.001000
 -0.060625   0.187140  -0.725141   0.659904  -0.266220   1.064116   0.001000
 -0.060625   0.187140  -0.725141   0.659904  -0.266220   1.064116   0.001000
 -0.060625   0.187140  -0.725141   0.659904  -0.266220   1.064116   0.001000
 -0.060625   0.187140  -0.725141   0.659904  -0.266220   1.064116   0.001000
 -0.060625   0.187140  -0.725141   0.659904  -0.266220   1.064116   0.001000
 -0.060625   0.187140  -0.725141   0.659904  -0.266220   1.064116   0.001000
 -0.060625   0.187140  -0.725141   0.659904  -0.266220   1.064116   0.001000
 -0.060625   0.187140  -0.725141   0.659904  -0.266220   1.064116   0.001000
 -0.060625   0.187140  -0.725141   0.659904  -0.266220   1.064116   0.001000
 -0.060625   0.187140  -0.725141   0.659904  -0.266220   1.064116   0.001000
 -0.060625   0.187140  -0.725141   0.659904  -0.266220   1.064116   0.001000
 -0.060625   0.187140  -0.725141   0.659904  -0.266220   1.064116   0.001000
 -0.060625   0.187140  -0.725141   0.659904  -0.266220   1.064116   0.001000
 -0.060625   0.187140  -0.725141   0.659904  -0.266220   1.064116   0.001000
 -0.060625   0.187140  -0.725141   0.659904  -0.266220   1.064116   0.001000
 -0.060625   0.187140  -0.725141   0.659904  -0.266220   1.064116   0.001000
 -0.060625   0.187140  -0.725141   0.659904  -0.266220   1.064116   0.001000
 -0.060625   0.187140  -0.725141   0.659904  -0.266220   1.064116   0.001000
 -0.060625   0.187140  -0.725141   0.659904  -0.266220   1.064116   0.001000
 -0.060625   0.187140  -0.725141   0.659904  -0.266220   1.064116   0.001000
 -0.060625   0.187140  -0.725141   0.659904  -0.266220   1.064116   0.001000
 -0.060625   0.187140  -0.725141   0.659904  -0.266220   1.064116   0.001000
 -0.060625   0.187140  -0.725141   0.659904  -0.266220   1.064116   0.001000
 -0.060625   0.187140  -0.725141   0.659904  -0.266220   1.064116   0.001000
 -0.060625   0.187140  -0.725141   0.659904  -0.266220   1.064116   0.001000
 -0.060625   0.187140  -0.725141   0.659904  -0.266220   1.064116   0.001000
 -0.060625   0.187140  -0.725141   0.659904  -0.266220   1.064116   0.001000
 -0.060625   0.187140  -0.725141   0.659904  -0.266220   1.064116   0.001000
 -0.060625   0.187140  -0.725141   0.659904  -0.266220   1.064116   0.001000
 -0.060625   0.187140  -0.725141   0.659904  -0.266220   1.064116   0.001000
 -0.060625   0.187140  -0.725141   0.659904  -0.266220   1.064116   0.001000
 -0.060625   0.187140  -0.725141   0.659904  -0.266220   1.064116   0.001000
 -0.060625   0.187140  -0.725141   0.659904  -0.266220   1.064116   0.001000
 -0.060625   0.187140  -0.725141   0.659904  -0.266220   1.064116   0.001000
 -0.060625   0.187140  -0.725141   0.659904  -0.266220   1.064116   0.001000
 -0.060625   0.187140  -0.725141   0.659904  -0.266220   1.064116   0.001000
 -0.060625   0.187140  -0.725141   0.659904  -0.266220   1.064116   0.001000
 -0.060625   0.187140  -0.725141   0.659904  -0.266220   1.064116   0.001000
 -0.060625   0.187140  -0.725141   0.659904  -0.266220   1.064116   0.001000
 -0.060625   0.187140  -0.725141   0.659904  -0.266220   1.064116   0.001000
 -0.060625   0.187140  -0.725141   0.659904  -0.266220   1.064116   0.001000
 -0.060625   0.187140  -0.725141   0.659904  -0.266220   1.064116   0.001000
 -0.060625   0.187140  -0.725141   0.659904  -0.266220   1.064116   0.001000
 -0.060625   0.187140  -0.725141   0.659904  -0.266220   1.064116   0.001000
 -0.060625   0.187140  -0.725141   0.659904  -0.266220   1.064116   0.001000
 -0.060625   0.187140  -0.725141   0.659904  -0.266220   1.064116   0.001000
 -0.060625   0.187140  -0.725141   0.659904  -0.266220   1.064116   0.001000
 -0.060625   0.187140  -0.725141   0.659904  -0.266220   1.064116   0.001000
 -0.060625   0.187140  -0.725141   0.659904  -0.266220   1.064116   0.001000
 -0.060625   0.187140  -0.725141   0.659904  -0.266220   1.064116   0.001000
 -0.060625   0.187140  -0.725141   0.659904  -0.266220   1.064116   0.001000
 -0.060625   0.187140  -0.725141   0.659904  -0.266220   1.064116   0.001000
 -0.060625   0.187140  -0.725141   0.659904  -0.266220   1.064116   0.001000
 -0.060625   0.187140  -0.725141   0.659904  -0.266220   1.064116   0.001000
 -0.060625   0.187140  -0.725141   0.659904  -0.266220   1.064116   0.001000
 -0.060625   0.187140  -0.725141   0.659904  -0.266220   1.064116   0.001000
 -0.060625   0.187140  -0.725141   0.659904  -0.266220   1.064116   0.001000
 -0.060625   0.187140  -0.725141   0.659904  -0.266220   1.064116   0.001000
 -0.060625   0.187140  -0.725141   0.659904  -0.266220   1.064116   0.001000
 -0.060625   0.187140  -0.725141   0.659904  -0.266220   1.064116   0.001000
 -0.060625   0.187140  -0.725141   0.659904  -0.266220   1.064116   0.001000
 -0.060625   0.187140  -0.725141   0.659904  -0.266220   1.064116   0.001000
 -0.060625   0.187140  -0.725141   0.659904  -0.266220   1.064116   0.001000
 -0.060625   0.187140  -0.725141   0.659904  -0.266220   1.064116   0.001000
 -0.060625   0.187140  -0.725141   0.659904  -0.266220   1.064116   0.001000
 -0.060625   0.187140  -0.725141   0.659904  -0.266220   1.064116   0.001000
 -0.060625   0.187140  -0.725141   0.659904  -0.266220   1.064116   0.001000
 -0.060625   0.187140  -0.725141   0.659904  -0.266220   1.064116   0.001000
 -0.060625   0.187140  -0.725141   0.659904  -0.266220   1.064116   0.001000
 -0.060625   0.187140  -0.725141   0.659904  -0.266220   1.064116   0.001000
 -0.060625   0.187140  -0.725141   0.659904  -0.266220   1.064116   0.001000
 -0.060625   0.187140  -0.725141   0.659904  -0.266220   1.064116   0.001000
 -0.060625   0.187140  -0.725141   0.659904  -0.266220   1.064116   0.001000
 -0.060625   0.187140  -0.725141   0.659904  -0.266220   1.064116   0.001000
 -0.060625   0.187140  -0.725141   0.659904  -0.266220   1.064116   0.001000
 -0.060625   0.187140  -0.725141   0.659904  -0.266220   1.064116   0.001000
 -0.060625   0.187140  -0.725141   0.659904  -0.266220   1.064116   0.001000
 -0.060625   0.187140  -0.725141   0.659904  -0.266220   1.064116   0.001000
 -0.060625   0.187140  -0.725141   0.659904  -0.266220   1.064116   0.001000
 -0.060625   0.187140  -0.725141   0.659904  -0.266220   1.064116   0.001000
 -0.060625   0.187140  -0.725141   0.659904  -0.266220   1.064116   0.001000
 -0.060625   0.187140  -0.725141   0.659904  -0.266220   1.064116   0.001000
 -0.060625   0.187140  -0.725141   0.659904  -0.266220   1.064116   0.001000
 -0.060625   0.187140  -0.725141   0.659904  -0.266220   1.064116   0.001000
 -0.060625   0.187140  -0.725141   0.659904  -0.266220   1.064116   0.001000
 -0.060625   0.187140  -0.725141   0.659904  -0.266220   1.064116   0.001000
 -0.060625   0.187140  -0.725141   0.659904  -0.266220   1.064116   0.001000
 -0.060625   0.187140  -0.725141   0.659904  -0.266220   1.064116   0.001000
 -0.060625   0.187140  -0.725141   0.659904  -0.266220   1.064116   0.001000
 -0.060625   0.187140  -0.725141   0.659904  -0.266220   1.064116   0.001000
 -0.060625   0.187140  -0.725141   0.659904  -0.266220   1.064116   0.001000
 -0.060625   0.187140  -0.725141   0.659904  -0.266220   1.064116   0.001000
 -0.060625   0.187140  -0.725141   0.659904  -0.266220   1.064116   0.001000
 -0.060625   0.187140  -0.725141   0.659904  -0.266220   1.064116   0.001000
 -0.060625   0.187140  -0.725141   0.659904  -0.266220   1.064116   0.001000
 -0.060625   0.187140  -0.725141   0.659904  -0.266220   1.064116   0.001000
 -0.060625   0.187140  -0.725141   0.659904  -0.266220   1.064116   0.001000
 -0.060625   0.187140  -0.725141   0.659904  -0.266220   1.064116   0.001000
 -0.060625   0.187140  -0.725141   0.659904  -0.266220   1.064116   0.001000
 -0.051273   0.198424  -0.714017   0.669462  -0.399983   0.824477   0.001000
 -0.059928   0.186330  -0.731178   0.653505  -0.327576   0.978407   0.001000
 -0.059928   0.186330  -0.731178   0.653505  -0.327576   0.978407   0.001000
 -0.062131   0.197451  -0.721332   0.660934  -0.367286   1.031755   0.001000
 -0.062131   0.197451  -0.721332   0.660934  -0.367286   1.031755   0.001000
 -0.062131   0.197451  -0.721332   0.660934  -0.367286   1.031755   0.001000
 -0.062131   0.197451  -0.721332   0.660934  -0.367286   1.031755   0.001000
 -0.062131   0.197451  -0.721332   0.660934  -0.367286   1.031755   0.001000
 -0.062131   0.197451  -0.721332   0.660934  -0.367286   1.031755   0.001000
 -0.070273   0.209686  -0.709362   0.669252  -0.350548   0.927332   0.001000
 -0.065574   0.206952  -0.722212   0.656719  -0.552815   1.106780   0.001000
 -0.065574   0.206952  -0.722212   0.656719  -0.552815   1.106780   0.001000
  0.000957   0.147781  -0.733596   0.663322  -0.166791   0.930234   0.001000
 -0.026534   0.174773  -0.734280   0.655426  -0.450721   1.609664   0.001000
 -0.059065   0.189005  -0.728008   0.656348  -0.019376   1.801248   0.001000
 -0.046370   0.176490  -0.727627   0.661256  -0.339825   1.591138   0.001000
 -0.046370   0.176490  -0.727627   0.661256  -0.339825   1.591138   0.001000
 -0.079652   0.208156  -0.714614   0.663064   0.064757   1.503274   0.001000
 -0.061297   0.183072  -0.728348   0.657447   0.131725   1.427590   0.001000
 -0.067954   0.205083  -0.731211   0.647034  -0.484433   0.914599   0.001000
 -0.047059   0.198349  -0.741256   0.639517  -0.438407   0.753848   0.001000
 -0.054461   0.196197  -0.729836   0.652596  -0.702264   0.869892   0.001000
 -0.054461   0.196197  -0.729836   0.652596  -0.702264   0.869892   0.001000
 -0.054461   0.196197  -0.729836   0.652596  -0.702264   0.869892   0.001000
 -0.054461   0.196197  -0.729836   0.652596  -0.702264   0.869892   0.001000
 -0.061589   0.181382  -0.736763   0.648450  -0.761617   0.952739   0.001000
 -0.038838   0.234682  -0.741107   0.627834  -0.828720   0.848603   0.001000
 -0.057973   0.198223  -0.721276   0.661141  -0.458228   0.839250   0.001000
 -0.057973   0.198223  -0.721276   0.661141  -0.458228   0.839250   0.001000
 -0.057973   0.198223  -0.721276   0.661141  -0.458228   0.839250   0.001000
 -0.057973   0.198223  -0.721276   0.661141  -0.458228   0.839250   0.001000
 -0.057973   0.198223  -0.721276   0.661141  -0.458228   0.839250   0.001000
 -0.061507   0.203158  -0.720394   0.660285  -0.520155   0.595604   0.001000
 -0.054141   0.209850  -0.736327   0.640979  -0.605800   0.652494   0.001000
 -0.042348   0.185497  -0.741771   0.643097  -0.309832   0.695013   0.001000
 -0.042348   0.185497  -0.741771   0.643097  -0.309832   0.695013   0.001000
 -0.042348   0.185497  -0.741771   0.643097  -0.309832   0.695013   0.001000
 -0.042348   0.185497  -0.741771   0.643097  -0.309832   0.695013   0.001000
 -0.042348   0.185497  -0.741771   0.643097  -0.309832   0.695013   0.001000
 -0.042348   0.185497  -0.741771   0.643097  -0.309832   0.695013   0.001000
 -0.060421   0.207898  -0.733978   0.643743  -0.336484   0.932414   0.001000
 -0.060421   0.207898  -0.733978   0.643743  -0.336484   0.932414   0.001000
 -0.060421   0.207898  -0.733978   0.643743  -0.336484   0.932414   0.001000
 -0.060421   0.207898  -0.733978   0.643743  -0.336484   0.932414   0.001000
 -0.060421   0.207898  -0.733978   0.643743  -0.336484   0.932414   0.001000
 -0.060421   0.207898  -0.733978   0.643743  -0.336484   0.932414   0.001000
 -0.060421   0.207898  -0.733978   0.643743  -0.336484   0.932414   0.001000
 -0.066989   0.217868  -0.734428   0.639267  -0.407570   0.643093   0.001000
 -0.066989   0.217868  -0.734428   0.639267  -0.407570   0.643093   0.001000
 -0.037376   0.189487  -0.740933   0.643208  -0.346454   0.894782   0.001000
 -0.037376   0.189487  -0.740933   0.643208  -0.346454   0.894782   0.001000
 -0.057699   0.211582  -0.728691   0.648778  -0.513630   0.583757   0.001000
 -0.022099   0.179753  -0.716825   0.673323  -0.338187   0.837984   0.001000
 -0.050608   0.160847  -0.730007   0.662311  -0.712162   0.573669   0.001000
 -0.056018   0.189438  -0.720319   0.664918  -0.641552   0.766876   0.001000
 -0.056018   0.189438  -0.720319   0.664918  -0.641552   0.766876   0.001000
 -0.056018   0.189438  -0.720319   0.664918  -0.641552   0.766876   0.001000
 -0.056018   0.189438  -0.720319   0.664918  -0.641552   0.766876   0.001000
 -0.084781   0.197012  -0.731668   0.647039  -0.567756   0.900874   0.001000
 -0.041546   0.169453  -0.712987   0.679124  -0.531815   1.084708   0.001000
 -0.060971   0.198625  -0.722499   0.659414  -0.115397   1.237085   0.001000
 -0.060971   0.198625  -0.722499   0.659414  -0.115397   1.237085   0.001000
 -0.060971   0.198625  -0.722499   0.659414  -0.115397   1.237085   0.001000
 -0.060971   0.198625  -0.722499   0.659414  -0.115397   1.237085   0.001000
 -0.060971   0.198625  -0.722499   0.659414  -0.115397   1.237085   0.001000
 -0.060971   0.198625  -0.722499   0.659414  -0.115397   1.237085   0.001000
 -0.060971   0.198625  -0.722499   0.659414  -0.115397   1.237085   0.001000
 -0.060971   0.198625  -0.722499   0.659414  -0.115397   1.237085   0.001000
 -0.060971   0.198625  -0.722499   0.659414  -0.115397   1.237085   0.001000
 -0.060971   0.198625  -0.722499   0.659414  -0.115397   1.237085   0.001000
 -0.060971   0.198625  -0.722499   0.659414  -0.115397   1.237085   0.001000
 -0.060971   0.198625  -0.722499   0.659414  -0.115397   1.237085   0.001000
 -0.060971   0.198625  -0.722499   0.659414  -0.115397   1.237085   0.001000
 -0.060971   0.198625  -0.722499   0.659414  -0.115397   1.237085   0.001000
 -0.042200   0.203571  -0.739950   0.639729  -0.274444   0.969381   0.001000
 -0.042200   0.203571  -0.739950   0.639729  -0.274444   0.969381   0.001000
 -0.054597   0.199046  -0.726282   0.655678  -0.359816   1.131135   0.001000
 -0.054597   0.199046  -0.726282   0.655678  -0.359816   1.131135   0.001000
 -0.054597   0.199046  -0.726282   0.655678  -0.359816   1.131135   0.001000
 -0.054597   0.199046  -0.726282   0.655678  -0.359816   1.131135   0.001000
 -0.054597   0.199046  -0.726282   0.655678  -0.359816   1.131135   0.001000
 -0.054597   0.199046  -0.726282   0.655678  -0.359816   1.131135   0.001000
 -0.053145   0.206596  -0.712447   0.668516  -0.362565   1.215372   0.001000
 -0.053145   0.206596  -0.712447   0.668516  -0.362565   1.215372   0.001000
 -0.057088   0.202447  -0.718143   0.663346  -0.350766   0.985606   0.001000
 -0.057088   0.202447  -0.718143   0.663346  -0.350766   0.985606   0.001000
 -0.057088   0.202447  -0.718143   0.663346  -0.350766   0.985606   0.001000
 -0.057088   0.202447  -0.718143   0.663346  -0.350766   0.985606   0.001000
 -0.057088   0.202447  -0.718143   0.663346  -0.350766   0.985606   0.001000
 -0.057088   0.202447  -0.718143   0.663346  -0.350766   0.985606   0.001000
 -0.057088   0.202447  -0.718143   0.663346  -0.350766   0.985606   0.001000
 -0.057088   0.202447  -0.718143   0.663346  -0.350766   0.985606   0.001000
 -0.057088   0.202447  -0.718143   0.663346  -0.350766   0.985606   0.001000
 -0.049440   0.196404  -0.727946   0.655039  -0.304921   1.436782   0.001000
 -0.049440   0.196404  -0.727946   0.655039  -0.304921   1.436782   0.001000
 -0.049440   0.196404  -0.727946   0.655039  -0.304921   1.436782   0.001000
 -0.049440   0.196404  -0.727946   0.655039  -0.304921   1.436782   0.001000
 -0.062713   0.189930  -0.719708   0.664841  -0.439073   1.066692   0.001000
 -0.062713   0.189930  -0.719708   0.664841  -0.439073   1.066692   0.001000
 -0.062713   0.189930  -0.719708   0.664841  -0.439073   1.066692   0.001000
 -0.062713   0.189930  -0.719708   0.664841  -0.439073   1.066692   0.001000
 -0.062713   0.189930  -0.719708   0.664841  -0.439073   1.066692   0.001000
 -0.062713   0.189930  -0.719708   0.664841  -0.439073   1.066692   0.001000
 -0.062713   0.189930  -0.719708   0.664841  -0.439073   1.066692   0.001000
 -0.062713   0.189930  -0.719708   0.664841  -0.439073   1.066692   0.001000
 -0.062713   0.189930  -0.719708   0.664841  -0.439073   1.066692   0.001000
 -0.062713   0.189930  -0.719708   0.664841  -0.439073   1.066692   0.001000
 -0.062713   0.189930  -0.719708   0.664841  -0.439073   1.066692   0.001000
 -0.062713   0.189930  -0.719708   0.664841  -0.439073   1.066692   0.001000
 -0.062713   0.189930  -0.719708   0.664841  -0.439073   1.066692   0.001000
 -0.062713   0.189930  -0.719708   0.664841  -0.439073   1.066692   0.001000
 -0.062713   0.189930  -0.719708   0.664841  -0.439073   1.066692   0.001000
 -0.062713   0.189930  -0.719708   0.664841  -0.439073   1.066692   0.001000
 -0.062713   0.189930  -0.719708   0.664841  -0.439073   1.066692   0.001000
 -0.062713   0.189930  -0.719708   0.664841  -0.439073   1.066692   0.001000
 -0.062713   0.189930  -0.719708   0.664841  -0.439073   1.066692   0.001000
 -0.062713   0.189930  -0.719708   0.664841  -0.439073   1.066692   0.001000
 -0.062713   0.189930  -0.719708   0.664841  -0.439073   1.066692   0.001000
 -0.062713   0.189930  -0.719708   0.664841  -0.439073   1.066692   0.001000
 -0.062713   0.189930  -0.719708   0.664841  -0.439073   1.066692   0.001000
 -0.062713   0.189930  -0.719708   0.664841  -0.439073   1.066692   0.001000
 -0.062713   0.189930  -0.719708   0.664841  -0.439073   1.066692   0.001000
 -0.063881   0.194564  -0.735388   0.645964  -0.358076   1.190615   0.001000
 -0.063881   0.194564  -0.735388   0.645964  -0.358076   1.190615   0.001000
 -0.063881   0.194564  -0.735388   0.645964  -0.358076   1.190615   0.001000
 -0.063881   0.194564  -0.735388   0.645964  -0.358076   1.190615   0.001000
 -0.063881   0.194564  -0.735388   0.645964  -0.358076   1.190615   0.001000
 -0.063881   0.194564  -0.735388   0.645964  -0.358076   1.190615   0.001000
 -0.063881   0.194564  -0.735388   0.645964  -0.358076   1.190615   0.001000
 -0.063881   0.194564  -0.735388   0.645964  -0.358076   1.190615   0.001000
 -0.063881   0.194564  -0.735388   0.645964  -0.358076   1.190615   0.001000
 -0.063881   0.194564  -0.735388   0.645964  -0.358076   1.190615   0.001000
 -0.063881   0.194564  -0.735388   0.645964  -0.358076   1.190615   0.001000
 -0.063881   0.194564  -0.735388   0.645964  -0.358076   1.190615   0.001000
 -0.063881   0.194564  -0.735388   0.645964  -0.358076   1.190615   0.001000
 -0.063881   0.194564  -0.735388   0.645964  -0.358076   1.190615   0.001000
 -0.063881   0.194564  -0.735388   0.645964  -0.358076   1.190615   0.001000
 -0.069102   0.219429  -0.730345   0.643174  -0.935414   1.113747   0.001000
