 -0.201980  -0.093048  -0.603943   0.765375  -0.235620  -0.015723   0.001000
 -0.201980  -0.093048  -0.603943   0.765375  -0.235620  -0.015723   0.001000
 -0.217389  -0.094847  -0.579562   0.779650  -0.666633  -0.918710   0.001000
 -0.217389  -0.094847  -0.579562   0.779650  -0.666633  -0.918710   0.001000
 -0.232998  -0.075473  -0.562033   0.790022  -0.199303  -0.937052   0.001000
 -0.197853  -0.101852  -0.584520   0.780267  -0.557781  -1.054813   0.001000
 -0.201464  -0.117029  -0.571878   0.786557  -0.201576  -1.168286   0.001000
 -0.197617  -0.102993  -0.582744   0.781505  -0.064167  -1.011237   0.001000
 -0.197617  -0.102993  -0.582744   0.781505  -0.064167  -1.011237   0.001000
 -0.197617  -0.102993  -0.582744   0.781505  -0.064167  -1.011237   0.001000
 -0.197617  -0.102993  -0.582744   0.781505  -0.064167  -1.011237   0.001000
 -0.217797  -0.100068  -0.595794   0.766538   0.051038  -0.807634   0.001000
 -0.214823  -0.096010  -0.579350   0.780376  -0.336400  -0.879516   0.001000
 -0.214823  -0.096010  -0.579350   0.780376  -0.336400  -0.879516   0.001000
 -0.214823  -0.096010  -0.579350   0.780376  -0.336400  -0.879516   0.001000
 -0.214823  -0.096010  -0.579350   0.780376  -0.336400  -0.879516   0.001000
 -0.214823  -0.096010  -0.579350   0.780376  -0.336400  -0.879516   0.001000
 -0.214823  -0.096010  -0.579350   0.780376  -0.336400  -0.879516   0.001000
 -0.214823  -0.096010  -0.579350   0.780376  -0.336400  -0.879516   0.001000
 -0.214823  -0.096010  -0.579350   0.780376  -0.336400  -0.879516   0.001000
 -0.214823  -0.096010  -0.579350   0.780376  -0.336400  -0.879516   0.001000
 -0.214823  -0.096010  -0.579350   0.780376  -0.336400  -0.879516   0.001000
 -0.214823  -0.096010  -0.579350   0.780376  -0.336400  -0.879516   0.001000
 -0.214823  -0.096010  -0.579350   0.780376  -0.336400  -0.879516   0.001000
 -0.214823  -0.096010  -0.579350   0.780376  -0.336400  -0.879516   0.001000
 -0.208767  -0.110171  -0.583606   0.776970  -0.229425  -0.838094   0.001000
 -0.208767  -0.110171  -0.583606   0.776970  -0.229425  -0.838094   0.001000
 -0.207901  -0.105438  -0.601056   0.764455   0.090278  -0.596497   0.001000
 -0.329567  -0.045352  -0.616569   0.713562   0.302331  -0.633310   0.001000
 -0.207444  -0.103189  -0.592836   0.771275   0.009879  -0.545617   0.001000
 -0.207444  -0.103189  -0.592836   0.771275   0.009879  -0.545617   0.001000
 -0.207444  -0.103189  -0.592836   0.771275   0.009879  -0.545617   0.001000
 -0.207444  -0.103189  -0.592836   0.771275   0.009879  -0.545617   0.001000
 -0.207444  -0.103189  -0.592836   0.771275   0.009879  -0.545617   0.001000
 -0.207444  -0.103189  -0.592836   0.771275   0.009879  -0.545617   0.001000
 -0.207444  -0.103189  -0.592836   0.771275   0.009879  -0.545617   0.001000
 -0.207444  -0.103189  -0.592836   0.771275   0.009879  -0.545617   0.001000
 -0.207444  -0.103189  -0.592836   0.771275   0.009879  -0.545617   0.001000
 -0.207444  -0.103189  -0.592836   0.771275   0.009879  -0.545617   0.001000
 -0.207444  -0.103189  -0.592836   0.771275   0.009879  -0.545617   0.001000
 -0.206354  -0.115061  -0.569903   0.787013  -0.063463  -1.124813   0.001000
 -0.215525  -0.090784  -0.580549   0.779916  -0.475988  -0.852705   0.001000
 -0.215525  -0.090784  -0.580549   0.779916  -0.475988  -0.852705   0.001000
 -0.215525  -0.090784  -0.580549   0.779916  -0.475988  -0.852705   0.001000
 -0.215525  -0.090784  -0.580549   0.779916  -0.475988  -0.852705   0.001000
 -0.215525  -0.090784  -0.580549   0.779916  -0.475988  -0.852705   0.001000
 -0.215525  -0.090784  -0.580549   0.779916  -0.475988  -0.852705   0.001000
 -0.215525  -0.090784  -0.580549   0.779916  -0.475988  -0.852705   0.001000
 -0.215525  -0.090784  -0.580549   0.779916  -0.475988  -0.852705   0.001000
 -0.215525  -0.090784  -0.580549   0.779916  -0.475988  -0.852705   0.001000
 -0.215525  -0.090784  -0.580549   0.779916  -0.475988  -0.852705   0.001000
 -0.215525  -0.090784  -0.580549   0.779916  -0.475988  -0.852705   0.001000
 -0.209285  -0.086368  -0.584821   0.778926  -0.291001  -0.529979   0.001000
 -0.209285  -0.086368  -0.584821   0.778926  -0.291001  -0.529979   0.001000
 -0.209285  -0.086368  -0.584821   0.778926  -0.291001  -0.529979   0.001000
 -0.209285  -0.086368  -0.584821   0.778926  -0.291001  -0.529979   0.001000
 -0.209285  -0.086368  -0.584821   0.778926  -0.291001  -0.529979   0.001000
 -0.188162  -0.098051  -0.574360   0.790627  -0.646131  -1.058199   0.001000
 -0.201959  -0.056262  -0.672254   0.710015  -0.720965  -0.912275   0.001000
 -0.231480  -0.084597  -0.572363   0.782087  -0.479405  -0.822120   0.001000
 -0.231480  -0.084597  -0.572363   0.782087  -0.479405  -0.822120   0.001000
 -0.182841  -0.110920  -0.582357   0.784300  -0.156541  -0.855914   0.001000
 -0.182841  -0.110920  -0.582357   0.784300  -0.156541  -0.855914   0.001000
 -0.182841  -0.110920  -0.582357   0.784300  -0.156541  -0.855914   0.001000
 -0.182841  -0.110920  -0.582357   0.784300  -0.156541  -0.855914   0.001000
 -0.182841  -0.110920  -0.582357   0.784300  -0.156541  -0.855914   0.001000
 -0.182841  -0.110920  -0.582357   0.784300  -0.156541  -0.855914   0.001000
 -0.182841  -0.110920  -0.582357   0.784300  -0.156541  -0.855914   0.001000
 -0.182841  -0.110920  -0.582357   0.784300  -0.156541  -0.855914   0.001000
 -0.182841  -0.110920  -0.582357   0.784300  -0.156541  -0.855914   0.001000
 -0.182841  -0.110920  -0.582357   0.784300  -0.156541  -0.855914   0.001000
 -0.182841  -0.110920  -0.582357   0.784300  -0.156541  -0.855914   0.001000
 -0.182841  -0.110920  -0.582357   0.784300  -0.156541  -0.855914   0.001000
 -0.182841  -0.110920  -0.582357   0.784300  -0.156541  -0.855914   0.001000
 -0.182841  -0.110920  -0.582357   0.784300  -0.156541  -0.855914   0.001000
 -0.218996  -0.103897  -0.601560   0.761165  -0.306086  -1.141139   0.001000
 -0.223564  -0.085164  -0.590838   0.770504  -0.498504  -0.680818   0.001000
 -0.223564  -0.085164  -0.590838   0.770504  -0.498504  -0.680818   0.001000
 -0.223564  -0.085164  -0.590838   0.770504  -0.498504  -0.680818   0.001000
 -0.223564  -0.085164  -0.590838   0.770504  -0.498504  -0.680818   0.001000
 -0.211532  -0.086901  -0.590532   0.773935  -0.864930  -0.922929   0.001000
 -0.211532  -0.086901  -0.590532   0.773935  -0.864930  -0.922929   0.001000
 -0.224842  -0.087679  -0.574356   0.782223  -0.670711  -0.501063   0.001000
 -0.224842  -0.087679  -0.574356   0.782223  -0.670711  -0.501063   0.001000
 -0.224842  -0.087679  -0.574356   0.782223  -0.670711  -0.501063   0.001000
 -0.219789  -0.095029  -0.570611   0.785535   0.115047  -0.908136   0.001000
 -0.196280  -0.093678  -0.591196   0.776651  -0.179858  -0.654396   0.001000
 -0.196280  -0.093678  -0.591196   0.776651  -0.179858  -0.654396   0.001000
 -0.196280  -0.093678  -0.591196   0.776651  -0.179858  -0.654396   0.001000
 -0.222750  -0.099128  -0.586012   0.772753  -0.080922  -0.602557   0.001000
 -0.222750  -0.099128  -0.586012   0.772753  -0.080922  -0.602557   0.001000
 -0.222750  -0.099128  -0.586012   0.772753  -0.080922  -0.602557   0.001000
 -0.222750  -0.099128  -0.586012   0.772753  -0.080922  -0.602557   0.001000
 -0.222750  -0.099128  -0.586012   0.772753  -0.080922  -0.602557   0.001000
 -0.222750  -0.099128  -0.586012   0.772753  -0.080922  -0.602557   0.001000
 -0.222750  -0.099128  -0.586012   0.772753  -0.080922  -0.602557   0.001000
 -0.222750  -0.099128  -0.586012   0.772753  -0.080922  -0.602557   0.001000
 -0.222750  -0.099128  -0.586012   0.772753  -0.080922  -0.602557   0.001000
 -0.222750  -0.099128  -0.586012   0.772753  -0.080922  -0.602557   0.001000
 -0.222750  -0.099128  -0.586012   0.772753  -0.080922  -0.602557   0.001000
 -0.222750  -0.099128  -0.586012   0.772753  -0.080922  -0.602557   0.001000
 -0.222750  -0.099128  -0.586012   0.772753  -0.080922  -0.602557   0.001000
 -0.222750  -0.099128  -0.586012   0.772753  -0.080922  -0.602557   0.001000
 -0.222750  -0.099128  -0.586012   0.772753  -0.080922  -0.602557   0.001000
 -0.242043  -0.106052  -0.624397   0.735048  -0.082025  -0.739928   0.001000
 -0.218728  -0.103821  -0.598750   0.763464  -0.101342  -0.681819   0.001000
 -0.218728  -0.103821  -0.598750   0.763464  -0.101342  -0.681819   0.001000
 -0.207379  -0.102554  -0.603701   0.762903  -0.220143  -0.837746   0.001000
 -0.207379  -0.102554  -0.603701   0.762903  -0.220143  -0.837746   0.001000
 -0.193674  -0.092851  -0.585587   0.781637  -0.199090  -0.700750   0.001000
 -0.193674  -0.092851  -0.585587   0.781637  -0.199090  -0.700750   0.001000
 -0.193674  -0.092851  -0.585587   0.781637  -0.199090  -0.700750   0.001000
 -0.206974  -0.096269  -0.580751   0.781423  -0.433114  -0.673906   0.001000
 -0.206974  -0.096269  -0.580751   0.781423  -0.433114  -0.673906   0.001000
 -0.206974  -0.096269  -0.580751   0.781423  -0.433114  -0.673906   0.001000
 -0.206974  -0.096269  -0.580751   0.781423  -0.433114  -0.673906   0.001000
 -0.206974  -0.096269  -0.580751   0.781423  -0.433114  -0.673906   0.001000
 -0.206974  -0.096269  -0.580751   0.781423  -0.433114  -0.673906   0.001000
 -0.206974  -0.096269  -0.580751   0.781423  -0.433114  -0.673906   0.001000
 -0.206974  -0.096269  -0.580751   0.781423  -0.433114  -0.673906   0.001000
 -0.206974  -0.096269  -0.580751   0.781423  -0.433114  -0.673906   0.001000
 -0.206974  -0.096269  -0.580751   0.781423  -0.433114  -0.673906   0.001000
 -0.206974  -0.096269  -0.580751   0.781423  -0.433114  -0.673906   0.001000
 -0.206974  -0.096269  -0.580751   0.781423  -0.433114  -0.673906   0.001000
 -0.206974  -0.096269  -0.580751   0.781423  -0.433114  -0.673906   0.001000
 -0.206974  -0.096269  -0.580751   0.781423  -0.433114  -0.673906   0.001000
 -0.206974  -0.096269  -0.580751   0.781423  -0.433114  -0.673906   0.001000
 -0.206974  -0.096269  -0.580751   0.781423  -0.433114  -0.673906   0.001000
 -0.206974  -0.096269  -0.580751   0.781423  -0.433114  -0.673906   0.001000
 -0.206974  -0.096269  -0.580751   0.781423  -0.433114  -0.673906   0.001000
 -0.206974  -0.096269  -0.580751   0.781423  -0.433114  -0.673906   0.001000
 -0.206974  -0.096269  -0.580751   0.781423  -0.433114  -0.673906   0.001000
 -0.206974  -0.096269  -0.580751   0.781423  -0.433114  -0.673906   0.001000
 -0.206974  -0.096269  -0.580751   0.781423  -0.433114  -0.673906   0.001000
 -0.206974  -0.096269  -0.580751   0.781423  -0.433114  -0.673906   0.001000
 -0.206974  -0.096269  -0.580751   0.781423  -0.433114  -0.673906   0.001000
 -0.206974  -0.096269  -0.580751   0.781423  -0.433114  -0.673906   0.001000
 -0.206974  -0.096269  -0.580751   0.781423  -0.433114  -0.673906   0.001000
 -0.206974  -0.096269  -0.580751   0.781423  -0.433114  -0.673906   0.001000
 -0.206974  -0.096269  -0.580751   0.781423  -0.433114  -0.673906   0.001000
 -0.206974  -0.096269  -0.580751   0.781423  -0.433114  -0.673906   0.001000
 -0.206974  -0.096269  -0.580751   0.781423  -0.433114  -0.673906   0.001000
 -0.206974  -0.096269  -0.580751   0.781423  -0.433114  -0.673906   0.001000
 -0.206974  -0.096269  -0.580751   0.781423  -0.433114  -0.673906   0.001000
 -0.206974  -0.096269  -0.580751   0.781423  -0.433114  -0.673906   0.001000
 -0.206974  -0.096269  -0.580751   0.781423  -0.433114  -0.673906   0.001000
 -0.206974  -0.096269  -0.580751   0.781423  -0.433114  -0.673906   0.001000
 -0.206974  -0.096269  -0.580751   0.781423  -0.433114  -0.673906   0.001000
 -0.206974  -0.096269  -0.580751   0.781423  -0.433114  -0.673906   0.001000
 -0.206974  -0.096269  -0.580751   0.781423  -0.433114  -0.673906   0.001000
 -0.206974  -0.096269  -0.580751   0.781423  -0.433114  -0.673906   0.001000
 -0.206974  -0.096269  -0.580751   0.781423  -0.433114  -0.673906   0.001000
 -0.206974  -0.096269  -0.580751   0.781423  -0.433114  -0.673906   0.001000
 -0.201394  -0.080301  -0.608208   0.763593  -0.334893  -0.655192   0.001000
 -0.204616  -0.110120  -0.588540   0.774355  -0.385738  -0.470812   0.001000
 -0.204616  -0.110120  -0.588540   0.774355  -0.385738  -0.470812   0.001000
 -0.204616  -0.110120  -0.588540   0.774355  -0.385738  -0.470812   0.001000
 -0.204616  -0.110120  -0.588540   0.774355  -0.385738  -0.470812   0.001000
 -0.204616  -0.110120  -0.588540   0.774355  -0.385738  -0.470812   0.001000
 -0.204616  -0.110120  -0.588540   0.774355  -0.385738  -0.470812   0.001000
 -0.204616  -0.110120  -0.588540   0.774355  -0.385738  -0.470812   0.001000
 -0.198927  -0.104856  -0.596216   0.770688  -0.288961  -0.684951   0.001000
 -0.198927  -0.104856  -0.596216   0.770688  -0.288961  -0.684951   0.001000
 -0.198927  -0.104856  -0.596216   0.770688  -0.288961  -0.684951   0.001000
 -0.198927  -0.104856  -0.596216   0.770688  -0.288961  -0.684951   0.001000
 -0.198927  -0.104856  -0.596216   0.770688  -0.288961  -0.684951   0.001000
 -0.198927  -0.104856  -0.596216   0.770688  -0.288961  -0.684951   0.001000
 -0.198927  -0.104856  -0.596216   0.770688  -0.288961  -0.684951   0.001000
 -0.198927  -0.104856  -0.596216   0.770688  -0.288961  -0.684951   0.001000
 -0.198927  -0.104856  -0.596216   0.770688  -0.288961  -0.684951   0.001000
 -0.198927  -0.104856  -0.596216   0.770688  -0.288961  -0.684951   0.001000
 -0.198927  -0.104856  -0.596216   0.770688  -0.288961  -0.684951   0.001000
 -0.198927  -0.104856  -0.596216   0.770688  -0.288961  -0.684951   0.001000
 -0.198927  -0.104856  -0.596216   0.770688  -0.288961  -0.684951   0.001000
 -0.198927  -0.104856  -0.596216   0.770688  -0.288961  -0.684951   0.001000
 -0.198927  -0.104856  -0.596216   0.770688  -0.288961  -0.684951   0.001000
 -0.198927  -0.104856  -0.596216   0.770688  -0.288961  -0.684951   0.001000
 -0.198927  -0.104856  -0.596216   0.770688  -0.288961  -0.684951   0.001000
 -0.211220  -0.098656  -0.584327   0.777313  -0.298830  -0.891296   0.001000
 -0.211220  -0.098656  -0.584327   0.777313  -0.298830  -0.891296   0.001000
 -0.211220  -0.098656  -0.584327   0.777313  -0.298830  -0.891296   0.001000
 -0.211220  -0.098656  -0.584327   0.777313  -0.298830  -0.891296   0.001000
 -0.211220  -0.098656  -0.584327   0.777313  -0.298830  -0.891296   0.001000
 -0.211220  -0.098656  -0.584327   0.777313  -0.298830  -0.891296   0.001000
 -0.211220  -0.098656  -0.584327   0.777313  -0.298830  -0.891296   0.001000
 -0.211220  -0.098656  -0.584327   0.777313  -0.298830  -0.891296   0.001000
 -0.211220  -0.098656  -0.584327   0.777313  -0.298830  -0.891296   0.001000
 -0.211220  -0.098656  -0.584327   0.777313  -0.298830  -0.891296   0.001000
 -0.193774  -0.084247  -0.594918   0.775517  -0.302409  -0.919000   0.001000
 -0.225410  -0.106282  -0.586832   0.770405   0.357489  -0.505499   0.001000
 -0.225410  -0.106282  -0.586832   0.770405   0.357489  -0.505499   0.001000
 -0.225410  -0.106282  -0.586832   0.770405   0.357489  -0.505499   0.001000
 -0.225410  -0.106282  -0.586832   0.770405   0.357489  -0.505499   0.001000
 -0.230748  -0.106446  -0.586387   0.769139   0.008300  -0.781338   0.001000
 -0.223221  -0.091009  -0.571287   0.784552  -0.268049  -0.714138   0.001000
 -0.223221  -0.091009  -0.571287   0.784552  -0.268049  -0.714138   0.001000
 -0.223221  -0.091009  -0.571287   0.784552  -0.268049  -0.714138   0.001000
 -0.223221  -0.091009  -0.571287   0.784552  -0.268049  -0.714138   0.001000
 -0.223221  -0.091009  -0.571287   0.784552  -0.268049  -0.714138   0.001000
 -0.223221  -0.091009  -0.571287   0.784552  -0.268049  -0.714138   0.001000
 -0.223221  -0.091009  -0.571287   0.784552  -0.268049  -0.714138   0.001000
 -0.223221  -0.091009  -0.571287   0.784552  -0.268049  -0.714138   0.001000
 -0.223221  -0.091009  -0.571287   0.784552  -0.268049  -0.714138   0.001000
 -0.223221  -0.091009  -0.571287   0.784552  -0.268049  -0.714138   0.001000
 -0.223221  -0.091009  -0.571287   0.784552  -0.268049  -0.714138   0.001000
 -0.223221  -0.091009  -0.571287   0.784552  -0.268049  -0.714138   0.001000
 -0.223221  -0.091009  -0.571287   0.784552  -0.268049  -0.714138   0.001000
 -0.223221  -0.091009  -0.571287   0.784552  -0.268049  -0.714138   0.001000
 -0.223221  -0.091009  -0.571287   0.784552  -0.268049  -0.714138   0.001000
 -0.223221  -0.091009  -0.571287   0.784552  -0.268049  -0.714138   0.001000
 -0.223221  -0.091009  -0.571287   0.784552  -0.268049  -0.714138   0.001000
 -0.223221  -0.091009  -0.571287   0.784552  -0.268049  -0.714138   0.001000
 -0.223221  -0.091009  -0.571287   0.784552  -0.268049  -0.714138   0.001000
 -0.223221  -0.091009  -0.571287   0.784552  -0.268049  -0.714138   0.001000
 -0.223221  -0.091009  -0.571287   0.784552  -0.268049  -0.714138   0.001000
 -0.223221  -0.091009  -0.571287   0.784552  -0.268049  -0.714138   0.001000
 -0.341447  -0.090942  -0.594754   0.722088  -0.006032  -1.029291   0.001000
 -0.219465  -0.111935  -0.584717   0.772925  -0.088758  -0.607829   0.001000
 -0.209925  -0.105189  -0.582238   0.778374  -0.164493  -0.483164   0.001000
 -0.209925  -0.105189  -0.582238   0.778374  -0.164493  -0.483164   0.001000
 -0.209925  -0.105189  -0.582238   0.778374  -0.164493  -0.483164   0.001000
 -0.209925  -0.105189  -0.582238   0.778374  -0.164493  -0.483164   0.001000
 -0.209925  -0.105189  -0.582238   0.778374  -0.164493  -0.483164   0.001000
 -0.209925  -0.105189  -0.582238   0.778374  -0.164493  -0.483164   0.001000
 -0.209925  -0.105189  -0.582238   0.778374  -0.164493  -0.483164   0.001000
 -0.209925  -0.105189  -0.582238   0.778374  -0.164493  -0.483164   0.001000
 -0.209925  -0.105189  -0.582238   0.778374  -0.164493  -0.483164   0.001000
 -0.209925  -0.105189  -0.582238   0.778374  -0.164493  -0.483164   0.001000
 -0.209925  -0.105189  -0.582238   0.778374  -0.164493  -0.483164   0.001000
 -0.209925  -0.105189  -0.582238   0.778374  -0.164493  -0.483164   0.001000
 -0.209925  -0.105189  -0.582238   0.778374  -0.164493  -0.483164   0.001000
 -0.209925  -0.105189  -0.582238   0.778374  -0.164493  -0.483164   0.001000
 -0.210059  -0.101754  -0.588218   0.774287  -0.107663  -0.591588   0.001000
 -0.210059  -0.101754  -0.588218   0.774287  -0.107663  -0.591588   0.001000
 -0.210059  -0.101754  -0.588218   0.774287  -0.107663  -0.591588   0.001000
 -0.210059  -0.101754  -0.588218   0.774287  -0.107663  -0.591588   0.001000
 -0.210059  -0.101754  -0.588218   0.774287  -0.107663  -0.591588   0.001000
 -0.210059  -0.101754  -0.588218   0.774287  -0.107663  -0.591588   0.001000
 -0.210059  -0.101754  -0.588218   0.774287  -0.107663  -0.591588   0.001000
 -0.210059  -0.101754  -0.588218   0.774287  -0.107663  -0.591588   0.001000
 -0.210059  -0.101754  -0.588218   0.774287  -0.107663  -0.591588   0.001000
 -0.210059  -0.101754  -0.588218   0.774287  -0.107663  -0.591588   0.001000
 -0.210059  -0.101754  -0.588218   0.774287  -0.107663  -0.591588   0.001000
 -0.210059  -0.101754  -0.588218   0.774287  -0.107663  -0.591588   0.001000
 -0.210059  -0.101754  -0.588218   0.774287  -0.107663  -0.591588   0.001000
 -0.210059  -0.101754  -0.588218   0.774287  -0.107663  -0.591588   0.001000
 -0.210059  -0.101754  -0.588218   0.774287  -0.107663  -0.591588   0.001000
 -0.210059  -0.101754  -0.588218   0.774287  -0.107663  -0.591588   0.001000
 -0.210059  -0.101754  -0.588218   0.774287  -0.107663  -0.591588   0.001000
 -0.210059  -0.101754  -0.588218   0.774287  -0.107663  -0.591588   0.001000
 -0.210059  -0.101754  -0.588218   0.774287  -0.107663  -0.591588   0.001000
 -0.210059  -0.101754  -0.588218   0.774287  -0.107663  -0.591588   0.001000
 -0.210059  -0.101754  -0.588218   0.774287  -0.107663  -0.591588   0.001000
 -0.210059  -0.101754  -0.588218   0.774287  -0.107663  -0.591588   0.001000
 -0.210059  -0.101754  -0.588218   0.774287  -0.107663  -0.591588   0.001000
 -0.210059  -0.101754  -0.588218   0.774287  -0.107663  -0.591588   0.001000
 -0.210059  -0.101754  -0.588218   0.774287  -0.107663  -0.591588   0.001000
 -0.210059  -0.101754  -0.588218   0.774287  -0.107663  -0.591588   0.001000
 -0.210059  -0.101754  -0.588218   0.774287  -0.107663  -0.591588   0.001000
 -0.210059  -0.101754  -0.588218   0.774287  -0.107663  -0.591588   0.001000
 -0.229186  -0.080003  -0.581477   0.776503  -0.008703  -0.719760   0.001000
 -0.225134  -0.088104  -0.585727   0.773613  -0.234881  -0.669846   0.001000
 -0.186295  -0.133072  -0.595591   0.769972  -0.182663  -0.716380   0.001000
 -0.199854  -0.110138  -0.557743   0.798030  -0.583285  -0.506421   0.001000
 -0.199854  -0.110138  -0.557743   0.798030  -0.583285  -0.506421   0.001000
 -0.199854  -0.110138  -0.557743   0.798030  -0.583285  -0.506421   0.001000
 -0.199854  -0.110138  -0.557743   0.798030  -0.583285  -0.506421   0.001000
 -0.199854  -0.110138  -0.557743   0.798030  -0.583285  -0.506421   0.001000
 -0.206063  -0.105311  -0.559704   0.795726  -0.450412  -0.941920   0.001000
 -0.206063  -0.105311  -0.559704   0.795726  -0.450412  -0.941920   0.001000
 -0.206063  -0.105311  -0.559704   0.795726  -0.450412  -0.941920   0.001000
 -0.206063  -0.105311  -0.559704   0.795726  -0.450412  -0.941920   0.001000
 -0.206063  -0.105311  -0.559704   0.795726  -0.450412  -0.941920   0.001000
 -0.206063  -0.105311  -0.559704   0.795726  -0.450412  -0.941920   0.001000
 -0.228211  -0.123133  -0.560594   0.786443   0.132282  -0.894833   0.001000
 -0.215693  -0.080471  -0.583014   0.779163  -0.215714  -0.760787   0.001000
 -0.215693  -0.080471  -0.583014   0.779163  -0.215714  -0.760787   0.001000
 -0.200727  -0.092249  -0.576495   0.786672  -0.977726  -1.319934   0.001000
 -0.205359  -0.103411  -0.573324   0.786405  -0.053967  -0.883692   0.001000
 -0.205359  -0.103411  -0.573324   0.786405  -0.053967  -0.883692   0.001000
 -0.205359  -0.103411  -0.573324   0.786405  -0.053967  -0.883692   0.001000
 -0.205359  -0.103411  -0.573324   0.786405  -0.053967  -0.883692   0.001000
 -0.205359  -0.103411  -0.573324   0.786405  -0.053967  -0.883692   0.001000
 -0.205359  -0.103411  -0.573324   0.786405  -0.053967  -0.883692   0.001000
 -0.205359  -0.103411  -0.573324   0.786405  -0.053967  -0.883692   0.001000
 -0.205359  -0.103411  -0.573324   0.786405  -0.053967  -0.883692   0.001000
 -0.205359  -0.103411  -0.573324   0.786405  -0.053967  -0.883692   0.001000
 -0.205359  -0.103411  -0.573324   0.786405  -0.053967  -0.883692   0.001000
 -0.205359  -0.103411  -0.573324   0.786405  -0.053967  -0.883692   0.001000
 -0.205359  -0.103411  -0.573324   0.786405  -0.053967  -0.883692   0.001000
 -0.205359  -0.103411  -0.573324   0.786405  -0.053967  -0.883692   0.001000
 -0.205359  -0.103411  -0.573324   0.786405  -0.053967  -0.883692   0.001000
 -0.205359  -0.103411  -0.573324   0.786405  -0.053967  -0.883692   0.001000
 -0.202524  -0.094309  -0.593535   0.773179   0.023329  -0.677531   0.001000
 -0.220535  -0.094767  -0.583367   0.775930   0.152713  -0.602592   0.001000
 -0.191623  -0.114945  -0.580830   0.782755   0.217349  -1.018528   0.001000
 -0.204006  -0.097703  -0.561624   0.795874  -0.150312  -0.763921   0.001000
 -0.204006  -0.097703  -0.561624   0.795874  -0.150312  -0.763921   0.001000
 -0.204006  -0.097703  -0.561624   0.795874  -0.150312  -0.763921   0.001000
 -0.204006  -0.097703  -0.561624   0.795874  -0.150312  -0.763921   0.001000
 -0.199836  -0.100318  -0.572170   0.789065  -0.137022  -0.858874   0.001000
 -0.210068  -0.098304  -0.572271   0.786584   0.107622  -0.839164   0.001000
 -0.210068  -0.098304  -0.572271   0.786584   0.107622  -0.839164   0.001000
 -0.210068  -0.098304  -0.572271   0.786584   0.107622  -0.839164   0.001000
 -0.210068  -0.098304  -0.572271   0.786584   0.107622  -0.839164   0.001000
 -0.181553  -0.108904  -0.576512   0.789185  -0.400461  -0.798279   0.001000
 -0.181553  -0.108904  -0.576512   0.789185  -0.400461  -0.798279   0.001000
 -0.200400  -0.115271  -0.567787   0.790044   0.003165  -0.807143   0.001000
 -0.194572  -0.098376  -0.569067   0.792860  -0.457300  -0.610940   0.001000
 -0.194572  -0.098376  -0.569067   0.792860  -0.457300  -0.610940   0.001000
 -0.194572  -0.098376  -0.569067   0.792860  -0.457300  -0.610940   0.001000
 -0.194572  -0.098376  -0.569067   0.792860  -0.457300  -0.610940   0.001000
 -0.194572  -0.098376  -0.569067   0.792860  -0.457300  -0.610940   0.001000
 -0.200132  -0.088453  -0.585478   0.780601  -0.577689  -0.832665   0.001000
 -0.200132  -0.088453  -0.585478   0.780601  -0.577689  -0.832665   0.001000
 -0.200132  -0.088453  -0.585478   0.780601  -0.577689  -0.832665   0.001000
 -0.200132  -0.088453  -0.585478   0.780601  -0.577689  -0.832665   0.001000
 -0.179727  -0.044400  -0.482119   0.856322  -0.137993  -0.778863   0.001000
 -0.208465  -0.096789  -0.576796   0.783888   0.134364  -1.042215   0.001000
 -0.208465  -0.096789  -0.576796   0.783888   0.134364  -1.042215   0.001000
 -0.206428  -0.102865  -0.573851   0.785813  -0.317082  -0.701059   0.001000
 -0.206428  -0.102865  -0.573851   0.785813  -0.317082  -0.701059   0.001000
 -0.206428  -0.102865  -0.573851   0.785813  -0.317082  -0.701059   0.001000
 -0.206428  -0.102865  -0.573851   0.785813  -0.317082  -0.701059   0.001000
 -0.206428  -0.102865  -0.573851   0.785813  -0.317082  -0.701059   0.001000
 -0.206428  -0.102865  -0.573851   0.785813  -0.317082  -0.701059   0.001000
 -0.206428  -0.102865  -0.573851   0.785813  -0.317082  -0.701059   0.001000
 -0.201607  -0.109741  -0.577855   0.783196  -0.385282  -0.847245   0.001000
 -0.354709  -0.017881  -0.573926   0.737882  -0.444818  -0.887850   0.001000
 -0.213793  -0.100164  -0.567825   0.788565  -0.295366  -0.955394   0.001000
 -0.213793  -0.100164  -0.567825   0.788565  -0.295366  -0.955394   0.001000
 -0.214863  -0.092170  -0.575794   0.783454   0.142124  -0.900287   0.001000
 -0.199599  -0.112010  -0.569334   0.789603  -0.026915  -0.856443   0.001000
 -0.199599  -0.112010  -0.569334   0.789603  -0.026915  -0.856443   0.001000
 -0.244506  -0.088098  -0.588192   0.765823  -0.314285  -0.927282   0.001000
 -0.207227  -0.112279  -0.603421   0.761796  -0.027297  -0.462949   0.001000
 -0.204892  -0.114710  -0.585911   0.775609   0.634537  -0.571817   0.001000
 -0.205477  -0.093500  -0.572830   0.787974  -0.513563  -0.818015   0.001000
 -0.203053  -0.118425  -0.563714   0.791816  -0.362768  -0.240951   0.001000
 -0.206380  -0.103416  -0.578988   0.781975  -0.106474  -0.599080   0.001000
 -0.206380  -0.103416  -0.578988   0.781975  -0.106474  -0.599080   0.001000
 -0.206380  -0.103416  -0.578988   0.781975  -0.106474  -0.599080   0.001000
 -0.206380  -0.103416  -0.578988   0.781975  -0.106474  -0.599080   0.001000
 -0.206380  -0.103416  -0.578988   0.781975  -0.106474  -0.599080   0.001000
 -0.206380  -0.103416  -0.578988   0.781975  -0.106474  -0.599080   0.001000
 -0.206380  -0.103416  -0.578988   0.781975  -0.106474  -0.599080   0.001000
 -0.206380  -0.103416  -0.578988   0.781975  -0.106474  -0.599080   0.001000
 -0.206380  -0.103416  -0.578988   0.781975  -0.106474  -0.599080   0.001000
 -0.206380  -0.103416  -0.578988   0.781975  -0.106474  -0.599080   0.001000
 -0.206380  -0.103416  -0.578988   0.781975  -0.106474  -0.599080   0.001000
 -0.206380  -0.103416  -0.578988   0.781975  -0.106474  -0.599080   0.001000
 -0.206380  -0.103416  -0.578988   0.781975  -0.106474  -0.599080   0.001000
 -0.206380  -0.103416  -0.578988   0.781975  -0.106474  -0.599080   0.001000
 -0.206380  -0.103416  -0.578988   0.781975  -0.106474  -0.599080   0.001000
 -0.206380  -0.103416  -0.578988   0.781975  -0.106474  -0.599080   0.001000
 -0.206380  -0.103416  -0.578988   0.781975  -0.106474  -0.599080   0.001000
 -0.206380  -0.103416  -0.578988   0.781975  -0.106474  -0.599080   0.001000
 -0.206380  -0.103416  -0.578988   0.781975  -0.106474  -0.599080   0.001000
 -0.206380  -0.103416  -0.578988   0.781975  -0.106474  -0.599080   0.001000
 -0.206380  -0.103416  -0.578988   0.781975  -0.106474  -0.599080   0.001000
 -0.188409  -0.120637  -0.589449   0.776208   0.182091  -0.199015   0.001000
 -0.194570  -0.104286  -0.572924   0.789319  -0.045576  -0.229478   0.001000
 -0.208872  -0.087733  -0.586449   0.777659   0.011433  -0.383891   0.001000
 -0.215995  -0.093926  -0.568734   0.788077  -0.116885  -0.389892   0.001000
 -0.215995  -0.093926  -0.568734   0.788077  -0.116885  -0.389892   0.001000
 -0.215995  -0.093926  -0.568734   0.788077  -0.116885  -0.389892   0.001000
 -0.221338  -0.142591  -0.608589   0.748529   0.509500  -0.311654   0.001000
 -0.246030  -0.116731  -0.561082   0.781684  -0.121234  -0.405849   0.001000
 -0.211600  -0.110370  -0.573613   0.783589  -0.228692  -0.493001   0.001000
 -0.211600  -0.110370  -0.573613   0.783589  -0.228692  -0.493001   0.001000
 -0.197484  -0.073352  -0.602219   0.770033   0.018961   0.069748   0.001000
 -0.197484  -0.073352  -0.602219   0.770033   0.018961   0.069748   0.001000
 -0.219255  -0.097779  -0.595652   0.766528   0.072925  -0.112426   0.001000
 -0.219255  -0.097779  -0.595652   0.766528   0.072925  -0.112426   0.001000
 -0.219255  -0.097779  -0.595652   0.766528   0.072925  -0.112426   0.001000
 -0.219255  -0.097779  -0.595652   0.766528   0.072925  -0.112426   0.001000
 -0.219255  -0.097779  -0.595652   0.766528   0.072925  -0.112426   0.001000
 -0.219255  -0.097779  -0.595652   0.766528   0.072925  -0.112426   0.001000
 -0.219255  -0.097779  -0.595652   0.766528   0.072925  -0.112426   0.001000
 -0.219255  -0.097779  -0.595652   0.766528   0.072925  -0.112426   0.001000
 -0.219255  -0.097779  -0.595652   0.766528   0.072925  -0.112426   0.001000
 -0.219255  -0.097779  -0.595652   0.766528   0.072925  -0.112426   0.001000
 -0.219255  -0.097779  -0.595652   0.766528   0.072925  -0.112426   0.001000
 -0.219255  -0.097779  -0.595652   0.766528   0.072925  -0.112426   0.001000
 -0.219255  -0.097779  -0.595652   0.766528   0.072925  -0.112426   0.001000
 -0.219255  -0.097779  -0.595652   0.766528   0.072925  -0.112426   0.001000
 -0.204251  -0.099112  -0.585909   0.777926  -0.221921  -0.092886   0.001000
 -0.213427  -0.097247  -0.607690   0.758752  -0.192534  -0.383379   0.001000
 -0.213427  -0.097247  -0.607690   0.758752  -0.192534  -0.383379   0.001000
 -0.195867  -0.107502  -0.582020   0.781877  -0.328382   0.121292   0.001000
 -0.195867  -0.107502  -0.582020   0.781877  -0.328382   0.121292   0.001000
 -0.195867  -0.107502  -0.582020   0.781877  -0.328382   0.121292   0.001000
 -0.195867  -0.107502  -0.582020   0.781877  -0.328382   0.121292   0.001000
 -0.214004  -0.111498  -0.577679   0.779780   0.389430  -0.215141   0.001000
 -0.202121  -0.105824  -0.582061   0.780483   0.150879  -0.312691   0.001000
 -0.202121  -0.105824  -0.582061   0.780483   0.150879  -0.312691   0.001000
 -0.202121  -0.105824  -0.582061   0.780483   0.150879  -0.312691   0.001000
 -0.202121  -0.105824  -0.582061   0.780483   0.150879  -0.312691   0.001000
 -0.202121  -0.105824  -0.582061   0.780483   0.150879  -0.312691   0.001000
 -0.202121  -0.105824  -0.582061   0.780483   0.150879  -0.312691   0.001000
 -0.202121  -0.105824  -0.582061   0.780483   0.150879  -0.312691   0.001000
 -0.202121  -0.105824  -0.582061   0.780483   0.150879  -0.312691   0.001000
 -0.202121  -0.105824  -0.582061   0.780483   0.150879  -0.312691   0.001000
 -0.202121  -0.105824  -0.582061   0.780483   0.150879  -0.312691   0.001000
 -0.202121  -0.105824  -0.582061   0.780483   0.150879  -0.312691   0.001000
 -0.202121  -0.105824  -0.582061   0.780483   0.150879  -0.312691   0.001000
 -0.202121  -0.105824  -0.582061   0.780483   0.150879  -0.312691   0.001000
 -0.202121  -0.105824  -0.582061   0.780483   0.150879  -0.312691   0.001000
 -0.202121  -0.105824  -0.582061   0.780483   0.150879  -0.312691   0.001000
 -0.202121  -0.105824  -0.582061   0.780483   0.150879  -0.312691   0.001000
 -0.202121  -0.105824  -0.582061   0.780483   0.150879  -0.312691   0.001000
 -0.202121  -0.105824  -0.582061   0.780483   0.150879  -0.312691   0.001000
 -0.202121  -0.105824  -0.582061   0.780483   0.150879  -0.312691   0.001000
 -0.202121  -0.105824  -0.582061   0.780483   0.150879  -0.312691   0.001000
 -0.202121  -0.105824  -0.582061   0.780483   0.150879  -0.312691   0.001000
 -0.202121  -0.105824  -0.582061   0.780483   0.150879  -0.312691   0.001000
 -0.250428  -0.090370  -0.560242   0.784378  -0.113136  -0.184619   0.001000
 -0.209429  -0.103233  -0.581237   0.779516   0.194666  -0.253494   0.001000
 -0.209429  -0.103233  -0.581237   0.779516   0.194666  -0.253494   0.001000
 -0.207970  -0.079170  -0.574618   0.787588  -0.626112  -0.123836   0.001000
 -0.199467  -0.095833  -0.594103   0.773350  -0.046160  -0.176627   0.001000
 -0.199467  -0.095833  -0.594103   0.773350  -0.046160  -0.176627   0.001000
 -0.199467  -0.095833  -0.594103   0.773350  -0.046160  -0.176627   0.001000
 -0.199467  -0.095833  -0.594103   0.773350  -0.046160  -0.176627   0.001000
 -0.199467  -0.095833  -0.594103   0.773350  -0.046160  -0.176627   0.001000
 -0.199467  -0.095833  -0.594103   0.773350  -0.046160  -0.176627   0.001000
 -0.199467  -0.095833  -0.594103   0.773350  -0.046160  -0.176627   0.001000
 -0.411261  -0.060784  -0.536758   0.734207  -0.595193   0.012690   0.001000
 -0.208257  -0.097556  -0.586406   0.776685  -0.074699  -0.212036   0.001000
 -0.208257  -0.097556  -0.586406   0.776685  -0.074699  -0.212036   0.001000
 -0.208257  -0.097556  -0.586406   0.776685  -0.074699  -0.212036   0.001000
 -0.208257  -0.097556  -0.586406   0.776685  -0.074699  -0.212036   0.001000
 -0.208257  -0.097556  -0.586406   0.776685  -0.074699  -0.212036   0.001000
 -0.208257  -0.097556  -0.586406   0.776685  -0.074699  -0.212036   0.001000
 -0.208257  -0.097556  -0.586406   0.776685  -0.074699  -0.212036   0.001000
 -0.208257  -0.097556  -0.586406   0.776685  -0.074699  -0.212036   0.001000
 -0.195470  -0.081958  -0.580261   0.786366  -0.559801  -0.147630   0.001000
 -0.286393  -0.043124  -0.570242   0.768728  -0.639653  -0.027332   0.001000
 -0.286393  -0.043124  -0.570242   0.768728  -0.639653  -0.027332   0.001000
 -0.213374  -0.096582  -0.574030   0.784623  -0.358638  -0.296775   0.001000
 -0.213374  -0.096582  -0.574030   0.784623  -0.358638  -0.296775   0.001000
 -0.213374  -0.096582  -0.574030   0.784623  -0.358638  -0.296775   0.001000
 -0.213374  -0.096582  -0.574030   0.784623  -0.358638  -0.296775   0.001000
 -0.213374  -0.096582  -0.574030   0.784623  -0.358638  -0.296775   0.001000
 -0.213374  -0.096582  -0.574030   0.784623  -0.358638  -0.296775   0.001000
 -0.213374  -0.096582  -0.574030   0.784623  -0.358638  -0.296775   0.001000
 -0.213374  -0.096582  -0.574030   0.784623  -0.358638  -0.296775   0.001000
 -0.213374  -0.096582  -0.574030   0.784623  -0.358638  -0.296775   0.001000
 -0.188721  -0.118306  -0.580588   0.783138   0.341966  -0.126757   0.001000
 -0.216930  -0.114552  -0.587889   0.770847  -0.328338  -0.518251   0.001000
 -0.231122  -0.088549  -0.581830   0.774736   0.016236  -0.167012   0.001000
 -0.231122  -0.088549  -0.581830   0.774736   0.016236  -0.167012   0.001000
 -0.231122  -0.088549  -0.581830   0.774736   0.016236  -0.167012   0.001000
 -0.185113  -0.107257  -0.583193   0.783655  -0.094157  -0.332906   0.001000
 -0.213835  -0.103400  -0.602396   0.762038   0.006545  -0.249221   0.001000
 -0.203833  -0.099970  -0.584156   0.779243  -0.123227  -0.322564   0.001000
 -0.203833  -0.099970  -0.584156   0.779243  -0.123227  -0.322564   0.001000
 -0.203833  -0.099970  -0.584156   0.779243  -0.123227  -0.322564   0.001000
 -0.203833  -0.099970  -0.584156   0.779243  -0.123227  -0.322564   0.001000
 -0.203833  -0.099970  -0.584156   0.779243  -0.123227  -0.322564   0.001000
 -0.203833  -0.099970  -0.584156   0.779243  -0.123227  -0.322564   0.001000
 -0.203833  -0.099970  -0.584156   0.779243  -0.123227  -0.322564   0.001000
 -0.203833  -0.099970  -0.584156   0.779243  -0.123227  -0.322564   0.001000
 -0.203833  -0.099970  -0.584156   0.779243  -0.123227  -0.322564   0.001000
 -0.217692  -0.069628  -0.637828   0.735484  -0.102032  -0.642103   0.001000
 -0.220498  -0.114441  -0.589947   0.768275  -0.080569  -0.215645   0.001000
 -0.222950  -0.099277  -0.585277   0.773232  -0.187517  -0.418487   0.001000
 -0.222950  -0.099277  -0.585277   0.773232  -0.187517  -0.418487   0.001000
 -0.222950  -0.099277  -0.585277   0.773232  -0.187517  -0.418487   0.001000
 -0.222950  -0.099277  -0.585277   0.773232  -0.187517  -0.418487   0.001000
 -0.222950  -0.099277  -0.585277   0.773232  -0.187517  -0.418487   0.001000
 -0.222950  -0.099277  -0.585277   0.773232  -0.187517  -0.418487   0.001000
 -0.320435  -0.027383  -0.570265   0.755890  -0.345425  -0.334591   0.001000
 -0.213461  -0.104034  -0.582764   0.777173   0.242436  -0.860571   0.001000
 -0.213461  -0.104034  -0.582764   0.777173   0.242436  -0.860571   0.001000
 -0.213461  -0.104034  -0.582764   0.777173   0.242436  -0.860571   0.001000
 -0.213461  -0.104034  -0.582764   0.777173   0.242436  -0.860571   0.001000
 -0.213461  -0.104034  -0.582764   0.777173   0.242436  -0.860571   0.001000
 -0.213461  -0.104034  -0.582764   0.777173   0.242436  -0.860571   0.001000
 -0.213461  -0.104034  -0.582764   0.777173   0.242436  -0.860571   0.001000
 -0.213461  -0.104034  -0.582764   0.777173   0.242436  -0.860571   0.001000
 -0.213461  -0.104034  -0.582764   0.777173   0.242436  -0.860571   0.001000
 -0.213461  -0.104034  -0.582764   0.777173   0.242436  -0.860571   0.001000
 -0.213461  -0.104034  -0.582764   0.777173   0.242436  -0.860571   0.001000
 -0.213461  -0.104034  -0.582764   0.777173   0.242436  -0.860571   0.001000
 -0.213461  -0.104034  -0.582764   0.777173   0.242436  -0.860571   0.001000
 -0.213461  -0.104034  -0.582764   0.777173   0.242436  -0.860571   0.001000
 -0.213461  -0.104034  -0.582764   0.777173   0.242436  -0.860571   0.001000
 -0.213461  -0.104034  -0.582764   0.777173   0.242436  -0.860571   0.001000
 -0.203242  -0.098654  -0.579901   0.782735  -0.284751  -0.465693   0.001000
 -0.203242  -0.098654  -0.579901   0.782735  -0.284751  -0.465693   0.001000
 -0.203242  -0.098654  -0.579901   0.782735  -0.284751  -0.465693   0.001000
 -0.203242  -0.098654  -0.579901   0.782735  -0.284751  -0.465693   0.001000
 -0.203242  -0.098654  -0.579901   0.782735  -0.284751  -0.465693   0.001000
 -0.203242  -0.098654  -0.579901   0.782735  -0.284751  -0.465693   0.001000
 -0.203242  -0.098654  -0.579901   0.782735  -0.284751  -0.465693   0.001000
 -0.203242  -0.098654  -0.579901   0.782735  -0.284751  -0.465693   0.001000
 -0.203242  -0.098654  -0.579901   0.782735  -0.284751  -0.465693   0.001000
 -0.203242  -0.098654  -0.579901   0.782735  -0.284751  -0.465693   0.001000
 -0.203242  -0.098654  -0.579901   0.782735  -0.284751  -0.465693   0.001000
 -0.203242  -0.098654  -0.579901   0.782735  -0.284751  -0.465693   0.001000
 -0.203242  -0.098654  -0.579901   0.782735  -0.284751  -0.465693   0.001000
 -0.203242  -0.098654  -0.579901   0.782735  -0.284751  -0.465693   0.001000
 -0.203242  -0.098654  -0.579901   0.782735  -0.284751  -0.465693   0.001000
 -0.203242  -0.098654  -0.579901   0.782735  -0.284751  -0.465693   0.001000
 -0.203242  -0.098654  -0.579901   0.782735  -0.284751  -0.465693   0.001000
 -0.203242  -0.098654  -0.579901   0.782735  -0.284751  -0.465693   0.001000
 -0.203242  -0.098654  -0.579901   0.782735  -0.284751  -0.465693   0.001000
 -0.203242  -0.098654  -0.579901   0.782735  -0.284751  -0.465693   0.001000
 -0.214146  -0.103690  -0.582126   0.777509   0.098699  -0.242725   0.001000
 -0.214146  -0.103690  -0.582126   0.777509   0.098699  -0.242725   0.001000
 -0.214146  -0.103690  -0.582126   0.777509   0.098699  -0.242725   0.001000
 -0.214146  -0.103690  -0.582126   0.777509   0.098699  -0.242725   0.001000
 -0.214146  -0.103690  -0.582126   0.777509   0.098699  -0.242725   0.001000
 -0.214146  -0.103690  -0.582126   0.777509   0.098699  -0.242725   0.001000
 -0.214146  -0.103690  -0.582126   0.777509   0.098699  -0.242725   0.001000
 -0.199352  -0.099222  -0.590533   0.775684   0.042002  -0.385324   0.001000
 -0.199352  -0.099222  -0.590533   0.775684   0.042002  -0.385324   0.001000
 -0.199352  -0.099222  -0.590533   0.775684   0.042002  -0.385324   0.001000
 -0.199352  -0.099222  -0.590533   0.775684   0.042002  -0.385324   0.001000
 -0.199352  -0.099222  -0.590533   0.775684   0.042002  -0.385324   0.001000
 -0.199352  -0.099222  -0.590533   0.775684   0.042002  -0.385324   0.001000
 -0.199352  -0.099222  -0.590533   0.775684   0.042002  -0.385324   0.001000
 -0.199352  -0.099222  -0.590533   0.775684   0.042002  -0.385324   0.001000
 -0.199352  -0.099222  -0.590533   0.775684   0.042002  -0.385324   0.001000
 -0.199352  -0.099222  -0.590533   0.775684   0.042002  -0.385324   0.001000
 -0.199352  -0.099222  -0.590533   0.775684   0.042002  -0.385324   0.001000
 -0.199352  -0.099222  -0.590533   0.775684   0.042002  -0.385324   0.001000
 -0.199352  -0.099222  -0.590533   0.775684   0.042002  -0.385324   0.001000
 -0.199352  -0.099222  -0.590533   0.775684   0.042002  -0.385324   0.001000
 -0.199352  -0.099222  -0.590533   0.775684   0.042002  -0.385324   0.001000
 -0.199352  -0.099222  -0.590533   0.775684   0.042002  -0.385324   0.001000
 -0.199352  -0.099222  -0.590533   0.775684   0.042002  -0.385324   0.001000
 -0.199352  -0.099222  -0.590533   0.775684   0.042002  -0.385324   0.001000
 -0.199352  -0.099222  -0.590533   0.775684   0.042002  -0.385324   0.001000
 -0.199352  -0.099222  -0.590533   0.775684   0.042002  -0.385324   0.001000
 -0.201868  -0.097394  -0.585179   0.779313  -0.093080  -0.446854   0.001000
 -0.201868  -0.097394  -0.585179   0.779313  -0.093080  -0.446854   0.001000
 -0.201868  -0.097394  -0.585179   0.779313  -0.093080  -0.446854   0.001000
 -0.201868  -0.097394  -0.585179   0.779313  -0.093080  -0.446854   0.001000
 -0.201868  -0.097394  -0.585179   0.779313  -0.093080  -0.446854   0.001000
 -0.201868  -0.097394  -0.585179   0.779313  -0.093080  -0.446854   0.001000
 -0.201868  -0.097394  -0.585179   0.779313  -0.093080  -0.446854   0.001000
 -0.201868  -0.097394  -0.585179   0.779313  -0.093080  -0.446854   0.001000
 -0.201868  -0.097394  -0.585179   0.779313  -0.093080  -0.446854   0.001000
 -0.201868  -0.097394  -0.585179   0.779313  -0.093080  -0.446854   0.001000
 -0.187734  -0.095236  -0.588827   0.780364  -0.051226  -0.590477   0.001000
 -0.187734  -0.095236  -0.588827   0.780364  -0.051226  -0.590477   0.001000
 -0.187734  -0.095236  -0.588827   0.780364  -0.051226  -0.590477   0.001000
 -0.187734  -0.095236  -0.588827   0.780364  -0.051226  -0.590477   0.001000
 -0.187734  -0.095236  -0.588827   0.780364  -0.051226  -0.590477   0.001000
 -0.201626  -0.095011  -0.581155   0.782674  -0.048801  -0.431579   0.001000
 -0.201626  -0.095011  -0.581155   0.782674  -0.048801  -0.431579   0.001000
 -0.201626  -0.095011  -0.581155   0.782674  -0.048801  -0.431579   0.001000
 -0.201626  -0.095011  -0.581155   0.782674  -0.048801  -0.431579   0.001000
 -0.201626  -0.095011  -0.581155   0.782674  -0.048801  -0.431579   0.001000
 -0.201626  -0.095011  -0.581155   0.782674  -0.048801  -0.431579   0.001000
 -0.201626  -0.095011  -0.581155   0.782674  -0.048801  -0.431579   0.001000
 -0.201626  -0.095011  -0.581155   0.782674  -0.048801  -0.431579   0.001000
 -0.201626  -0.095011  -0.581155   0.782674  -0.048801  -0.431579   0.001000
 -0.201626  -0.095011  -0.581155   0.782674  -0.048801  -0.431579   0.001000
 -0.201626  -0.095011  -0.581155   0.782674  -0.048801  -0.431579   0.001000
 -0.201626  -0.095011  -0.581155   0.782674  -0.048801  -0.431579   0.001000
 -0.201626  -0.095011  -0.581155   0.782674  -0.048801  -0.431579   0.001000
 -0.196994  -0.118375  -0.570882   0.788210   0.095055  -0.366492   0.001000
 -0.196994  -0.118375  -0.570882   0.788210   0.095055  -0.366492   0.001000
 -0.196994  -0.118375  -0.570882   0.788210   0.095055  -0.366492   0.001000
 -0.196994  -0.118375  -0.570882   0.788210   0.095055  -0.366492   0.001000
 -0.196994  -0.118375  -0.570882   0.788210   0.095055  -0.366492   0.001000
 -0.216047  -0.097316  -0.583302   0.776924   0.082472  -0.488530   0.001000
 -0.216047  -0.097316  -0.583302   0.776924   0.082472  -0.488530   0.001000
 -0.216047  -0.097316  -0.583302   0.776924   0.082472  -0.488530   0.001000
 -0.216047  -0.097316  -0.583302   0.776924   0.082472  -0.488530   0.001000
 -0.216047  -0.097316  -0.583302   0.776924   0.082472  -0.488530   0.001000
 -0.216047  -0.097316  -0.583302   0.776924   0.082472  -0.488530   0.001000
 -0.216047  -0.097316  -0.583302   0.776924   0.082472  -0.488530   0.001000
 -0.216047  -0.097316  -0.583302   0.776924   0.082472  -0.488530   0.001000
 -0.216047  -0.097316  -0.583302   0.776924   0.082472  -0.488530   0.001000
 -0.216047  -0.097316  -0.583302   0.776924   0.082472  -0.488530   0.001000
 -0.216047  -0.097316  -0.583302   0.776924   0.082472  -0.488530   0.001000
 -0.216047  -0.097316  -0.583302   0.776924   0.082472  -0.488530   0.001000
 -0.216047  -0.097316  -0.583302   0.776924   0.082472  -0.488530   0.001000
 -0.216047  -0.097316  -0.583302   0.776924   0.082472  -0.488530   0.001000
 -0.216047  -0.097316  -0.583302   0.776924   0.082472  -0.488530   0.001000
 -0.216047  -0.097316  -0.583302   0.776924   0.082472  -0.488530   0.001000
 -0.216047  -0.097316  -0.583302   0.776924   0.082472  -0.488530   0.001000
 -0.216047  -0.097316  -0.583302   0.776924   0.082472  -0.488530   0.001000
 -0.216047  -0.097316  -0.583302   0.776924   0.082472  -0.488530   0.001000
 -0.216047  -0.097316  -0.583302   0.776924   0.082472  -0.488530   0.001000
 -0.216047  -0.097316  -0.583302   0.776924   0.082472  -0.488530   0.001000
 -0.216047  -0.097316  -0.583302   0.776924   0.082472  -0.488530   0.001000
 -0.216047  -0.097316  -0.583302   0.776924   0.082472  -0.488530   0.001000
 -0.216047  -0.097316  -0.583302   0.776924   0.082472  -0.488530   0.001000
 -0.216047  -0.097316  -0.583302   0.776924   0.082472  -0.488530   0.001000
 -0.216047  -0.097316  -0.583302   0.776924   0.082472  -0.488530   0.001000
 -0.216047  -0.097316  -0.583302   0.776924   0.082472  -0.488530   0.001000
 -0.216047  -0.097316  -0.583302   0.776924   0.082472  -0.488530   0.001000
 -0.216047  -0.097316  -0.583302   0.776924   0.082472  -0.488530   0.001000
 -0.216047  -0.097316  -0.583302   0.776924   0.082472  -0.488530   0.001000
 -0.216047  -0.097316  -0.583302   0.776924   0.082472  -0.488530   0.001000
 -0.216047  -0.097316  -0.583302   0.776924   0.082472  -0.488530   0.001000
 -0.216047  -0.097316  -0.583302   0.776924   0.082472  -0.488530   0.001000
 -0.216047  -0.097316  -0.583302   0.776924   0.082472  -0.488530   0.001000
 -0.216047  -0.097316  -0.583302   0.776924   0.082472  -0.488530   0.001000
 -0.216047  -0.097316  -0.583302   0.776924   0.082472  -0.488530   0.001000
 -0.216047  -0.097316  -0.583302   0.776924   0.082472  -0.488530   0.001000
 -0.216047  -0.097316  -0.583302   0.776924   0.082472  -0.488530   0.001000
 -0.216047  -0.097316  -0.583302   0.776924   0.082472  -0.488530   0.001000
 -0.216047  -0.097316  -0.583302   0.776924   0.082472  -0.488530   0.001000
 -0.216047  -0.097316  -0.583302   0.776924   0.082472  -0.488530   0.001000
 -0.194842  -0.109017  -0.571538   0.789618   0.162105  -0.309164   0.001000
 -0.194842  -0.109017  -0.571538   0.789618   0.162105  -0.309164   0.001000
 -0.194842  -0.109017  -0.571538   0.789618   0.162105  -0.309164   0.001000
 -0.194842  -0.109017  -0.571538   0.789618   0.162105  -0.309164   0.001000
 -0.194842  -0.109017  -0.571538   0.789618   0.162105  -0.309164   0.001000
 -0.194842  -0.109017  -0.571538   0.789618   0.162105  -0.309164   0.001000
 -0.194842  -0.109017  -0.571538   0.789618   0.162105  -0.309164   0.001000
 -0.194842  -0.109017  -0.571538   0.789618   0.162105  -0.309164   0.001000
 -0.213313  -0.092722  -0.634312   0.737257  -0.061052  -0.292364   0.001000
 -0.211716  -0.109546  -0.576749   0.781368  -0.101095   0.069554   0.001000
 -0.211716  -0.109546  -0.576749   0.781368  -0.101095   0.069554   0.001000
 -0.211716  -0.109546  -0.576749   0.781368  -0.101095   0.069554   0.001000
 -0.211716  -0.109546  -0.576749   0.781368  -0.101095   0.069554   0.001000
 -0.192919  -0.128827  -0.606467   0.760516   0.085065  -0.454978   0.001000
 -0.225800  -0.095588  -0.582913   0.774655   0.414177  -0.277690   0.001000
 -0.203958  -0.101130  -0.573050   0.787266   0.312247  -0.262251   0.001000
 -0.203958  -0.101130  -0.573050   0.787266   0.312247  -0.262251   0.001000
 -0.203958  -0.101130  -0.573050   0.787266   0.312247  -0.262251   0.001000
 -0.203958  -0.101130  -0.573050   0.787266   0.312247  -0.262251   0.001000
 -0.203958  -0.101130  -0.573050   0.787266   0.312247  -0.262251   0.001000
 -0.196218  -0.121515  -0.558269   0.796912   0.168399  -0.180495   0.001000
 -0.200742  -0.104246  -0.587898   0.776667   0.027659  -0.015449   0.001000
 -0.207959  -0.111483  -0.600565   0.763968  -0.099865  -0.122460   0.001000
 -0.202378  -0.105239  -0.595328   0.770424  -0.052000  -0.523909   0.001000
 -0.202378  -0.105239  -0.595328   0.770424  -0.052000  -0.523909   0.001000
 -0.202378  -0.105239  -0.595328   0.770424  -0.052000  -0.523909   0.001000
 -0.202378  -0.105239  -0.595328   0.770424  -0.052000  -0.523909   0.001000
 -0.202378  -0.105239  -0.595328   0.770424  -0.052000  -0.523909   0.001000
 -0.202378  -0.105239  -0.595328   0.770424  -0.052000  -0.523909   0.001000
 -0.203118  -0.098056  -0.575852   0.785826   0.315022  -0.092230   0.001000
 -0.203118  -0.098056  -0.575852   0.785826   0.315022  -0.092230   0.001000
 -0.228822  -0.089934  -0.594296   0.765744   0.004997  -0.592077   0.001000
 -0.228822  -0.089934  -0.594296   0.765744   0.004997  -0.592077   0.001000
 -0.198213  -0.095778  -0.602535   0.767131   0.272012   0.042545   0.001000
 -0.221206  -0.102834  -0.569917   0.784658  -0.012066  -0.958162   0.001000
 -0.219631  -0.134974  -0.607577   0.751262  -0.328357   0.046261   0.001000
 -0.199601  -0.101575  -0.577151   0.785327  -0.961599  -0.705873   0.001000
 -0.192452  -0.121584  -0.558748   0.797483  -0.561795  -0.642983   0.001000
 -0.205465  -0.112661  -0.599803   0.765067  -0.048771  -0.447311   0.001000
 -0.205465  -0.112661  -0.599803   0.765067  -0.048771  -0.447311   0.001000
 -0.205465  -0.112661  -0.599803   0.765067  -0.048771  -0.447311   0.001000
 -0.203741  -0.103024  -0.582886   0.779820  -0.111138  -0.270728   0.001000
 -0.203741  -0.103024  -0.582886   0.779820  -0.111138  -0.270728   0.001000
 -0.203741  -0.103024  -0.582886   0.779820  -0.111138  -0.270728   0.001000
 -0.203741  -0.103024  -0.582886   0.779820  -0.111138  -0.270728   0.001000
 -0.203741  -0.103024  -0.582886   0.779820  -0.111138  -0.270728   0.001000
 -0.203741  -0.103024  -0.582886   0.779820  -0.111138  -0.270728   0.001000
 -0.203741  -0.103024  -0.582886   0.779820  -0.111138  -0.270728   0.001000
 -0.203741  -0.103024  -0.582886   0.779820  -0.111138  -0.270728   0.001000
 -0.203741  -0.103024  -0.582886   0.779820  -0.111138  -0.270728   0.001000
 -0.203741  -0.103024  -0.582886   0.779820  -0.111138  -0.270728   0.001000
 -0.203741  -0.103024  -0.582886   0.779820  -0.111138  -0.270728   0.001000
 -0.203741  -0.103024  -0.582886   0.779820  -0.111138  -0.270728   0.001000
 -0.203741  -0.103024  -0.582886   0.779820  -0.111138  -0.270728   0.001000
 -0.203741  -0.103024  -0.582886   0.779820  -0.111138  -0.270728   0.001000
 -0.203741  -0.103024  -0.582886   0.779820  -0.111138  -0.270728   0.001000
 -0.203741  -0.103024  -0.582886   0.779820  -0.111138  -0.270728   0.001000
 -0.203741  -0.103024  -0.582886   0.779820  -0.111138  -0.270728   0.001000
 -0.203741  -0.103024  -0.582886   0.779820  -0.111138  -0.270728   0.001000
 -0.203741  -0.103024  -0.582886   0.779820  -0.111138  -0.270728   0.001000
 -0.203741  -0.103024  -0.582886   0.779820  -0.111138  -0.270728   0.001000
 -0.203741  -0.103024  -0.582886   0.779820  -0.111138  -0.270728   0.001000
 -0.203741  -0.103024  -0.582886   0.779820  -0.111138  -0.270728   0.001000
 -0.203741  -0.103024  -0.582886   0.779820  -0.111138  -0.270728   0.001000
 -0.203741  -0.103024  -0.582886   0.779820  -0.111138  -0.270728   0.001000
 -0.203741  -0.103024  -0.582886   0.779820  -0.111138  -0.270728   0.001000
 -0.227818  -0.083468  -0.524237   0.816277  -0.111594  -0.221594   0.001000
 -0.227818  -0.083468  -0.524237   0.816277  -0.111594  -0.221594   0.001000
 -0.220737  -0.099824  -0.592161   0.768541  -0.392521  -0.407624   0.001000
 -0.220737  -0.099824  -0.592161   0.768541  -0.392521  -0.407624   0.001000
 -0.256020  -0.013552  -0.413110   0.873848  -0.395227  -0.581042   0.001000
 -0.206717  -0.100121  -0.583654   0.778840   0.073358  -0.313509   0.001000
 -0.206717  -0.100121  -0.583654   0.778840   0.073358  -0.313509   0.001000
 -0.206717  -0.100121  -0.583654   0.778840   0.073358  -0.313509   0.001000
 -0.206717  -0.100121  -0.583654   0.778840   0.073358  -0.313509   0.001000
 -0.206717  -0.100121  -0.583654   0.778840   0.073358  -0.313509   0.001000
 -0.206717  -0.100121  -0.583654   0.778840   0.073358  -0.313509   0.001000
 -0.206717  -0.100121  -0.583654   0.778840   0.073358  -0.313509   0.001000
 -0.206717  -0.100121  -0.583654   0.778840   0.073358  -0.313509   0.001000
 -0.206717  -0.100121  -0.583654   0.778840   0.073358  -0.313509   0.001000
 -0.206717  -0.100121  -0.583654   0.778840   0.073358  -0.313509   0.001000
 -0.206717  -0.100121  -0.583654   0.778840   0.073358  -0.313509   0.001000
 -0.206717  -0.100121  -0.583654   0.778840   0.073358  -0.313509   0.001000
 -0.206717  -0.100121  -0.583654   0.778840   0.073358  -0.313509   0.001000
 -0.206717  -0.100121  -0.583654   0.778840   0.073358  -0.313509   0.001000
 -0.206717  -0.100121  -0.583654   0.778840   0.073358  -0.313509   0.001000
 -0.206717  -0.100121  -0.583654   0.778840   0.073358  -0.313509   0.001000
 -0.206717  -0.100121  -0.583654   0.778840   0.073358  -0.313509   0.001000
 -0.206717  -0.100121  -0.583654   0.778840   0.073358  -0.313509   0.001000
 -0.206717  -0.100121  -0.583654   0.778840   0.073358  -0.313509   0.001000
 -0.206717  -0.100121  -0.583654   0.778840   0.073358  -0.313509   0.001000
 -0.206717  -0.100121  -0.583654   0.778840   0.073358  -0.313509   0.001000
 -0.206717  -0.100121  -0.583654   0.778840   0.073358  -0.313509   0.001000
 -0.206717  -0.100121  -0.583654   0.778840   0.073358  -0.313509   0.001000
 -0.206717  -0.100121  -0.583654   0.778840   0.073358  -0.313509   0.001000
 -0.200405  -0.085132  -0.601464   0.768656  -0.274493  -0.739871   0.001000
 -0.216240  -0.085343  -0.586729   0.775697  -0.067946  -0.444080   0.001000
 -0.216240  -0.085343  -0.586729   0.775697  -0.067946  -0.444080   0.001000
 -0.216240  -0.085343  -0.586729   0.775697  -0.067946  -0.444080   0.001000
 -0.216240  -0.085343  -0.586729   0.775697  -0.067946  -0.444080   0.001000
 -0.216240  -0.085343  -0.586729   0.775697  -0.067946  -0.444080   0.001000
 -0.216240  -0.085343  -0.586729   0.775697  -0.067946  -0.444080   0.001000
 -0.216240  -0.085343  -0.586729   0.775697  -0.067946  -0.444080   0.001000
 -0.216240  -0.085343  -0.586729   0.775697  -0.067946  -0.444080   0.001000
 -0.216240  -0.085343  -0.586729   0.775697  -0.067946  -0.444080   0.001000
 -0.216240  -0.085343  -0.586729   0.775697  -0.067946  -0.444080   0.001000
 -0.206289  -0.098176  -0.583889   0.779025  -0.135813  -0.188157   0.001000
 -0.206289  -0.098176  -0.583889   0.779025  -0.135813  -0.188157   0.001000
 -0.206289  -0.098176  -0.583889   0.779025  -0.135813  -0.188157   0.001000
 -0.206289  -0.098176  -0.583889   0.779025  -0.135813  -0.188157   0.001000
 -0.206289  -0.098176  -0.583889   0.779025  -0.135813  -0.188157   0.001000
 -0.206289  -0.098176  -0.583889   0.779025  -0.135813  -0.188157   0.001000
 -0.206289  -0.098176  -0.583889   0.779025  -0.135813  -0.188157   0.001000
 -0.206289  -0.098176  -0.583889   0.779025  -0.135813  -0.188157   0.001000
 -0.206289  -0.098176  -0.583889   0.779025  -0.135813  -0.188157   0.001000
 -0.206289  -0.098176  -0.583889   0.779025  -0.135813  -0.188157   0.001000
 -0.206289  -0.098176  -0.583889   0.779025  -0.135813  -0.188157   0.001000
 -0.206289  -0.098176  -0.583889   0.779025  -0.135813  -0.188157   0.001000
 -0.206289  -0.098176  -0.583889   0.779025  -0.135813  -0.188157   0.001000
 -0.206289  -0.098176  -0.583889   0.779025  -0.135813  -0.188157   0.001000
 -0.206289  -0.098176  -0.583889   0.779025  -0.135813  -0.188157   0.001000
 -0.206289  -0.098176  -0.583889   0.779025  -0.135813  -0.188157   0.001000
 -0.206289  -0.098176  -0.583889   0.779025  -0.135813  -0.188157   0.001000
 -0.196952  -0.110905  -0.576072   0.785526   0.143247  -0.401355   0.001000
 -0.196952  -0.110905  -0.576072   0.785526   0.143247  -0.401355   0.001000
 -0.196952  -0.110905  -0.576072   0.785526   0.143247  -0.401355   0.001000
 -0.174973  -0.105499  -0.582624   0.786641  -0.032545  -0.298838   0.001000
 -0.207343  -0.104974  -0.577952   0.782279   0.020940  -0.518784   0.001000
 -0.207343  -0.104974  -0.577952   0.782279   0.020940  -0.518784   0.001000
 -0.207343  -0.104974  -0.577952   0.782279   0.020940  -0.518784   0.001000
 -0.207343  -0.104974  -0.577952   0.782279   0.020940  -0.518784   0.001000
 -0.207343  -0.104974  -0.577952   0.782279   0.020940  -0.518784   0.001000
 -0.207343  -0.104974  -0.577952   0.782279   0.020940  -0.518784   0.001000
 -0.207343  -0.104974  -0.577952   0.782279   0.020940  -0.518784   0.001000
 -0.207343  -0.104974  -0.577952   0.782279   0.020940  -0.518784   0.001000
 -0.207343  -0.104974  -0.577952   0.782279   0.020940  -0.518784   0.001000
 -0.207343  -0.104974  -0.577952   0.782279   0.020940  -0.518784   0.001000
 -0.207343  -0.104974  -0.577952   0.782279   0.020940  -0.518784   0.001000
 -0.207343  -0.104974  -0.577952   0.782279   0.020940  -0.518784   0.001000
 -0.207343  -0.104974  -0.577952   0.782279   0.020940  -0.518784   0.001000
 -0.207343  -0.104974  -0.577952   0.782279   0.020940  -0.518784   0.001000
 -0.206901  -0.095649  -0.589836   0.774685   0.092658  -0.992037   0.001000
 -0.217382  -0.117441  -0.555707   0.793815   0.286516  -0.639393   0.001000
 -0.181864  -0.115287  -0.581390   0.784615  -0.484273  -0.659850   0.001000
 -0.181864  -0.115287  -0.581390   0.784615  -0.484273  -0.659850   0.001000
 -0.178118  -0.128477  -0.584644   0.780999   0.002302  -0.576933   0.001000
 -0.178118  -0.128477  -0.584644   0.780999   0.002302  -0.576933   0.001000
 -0.195270  -0.099793  -0.571015   0.791109  -0.167855  -0.594260   0.001000
 -0.195270  -0.099793  -0.571015   0.791109  -0.167855  -0.594260   0.001000
 -0.195270  -0.099793  -0.571015   0.791109  -0.167855  -0.594260   0.001000
 -0.195646  -0.091747  -0.581859   0.784057  -0.068347  -0.325681   0.001000
 -0.192014  -0.112410  -0.575814   0.786723  -0.334275  -0.439124   0.001000
 -0.192014  -0.112410  -0.575814   0.786723  -0.334275  -0.439124   0.001000
 -0.192014  -0.112410  -0.575814   0.786723  -0.334275  -0.439124   0.001000
 -0.192014  -0.112410  -0.575814   0.786723  -0.334275  -0.439124   0.001000
 -0.204177  -0.101121  -0.585581   0.777934   0.162077  -0.709848   0.001000
 -0.204177  -0.101121  -0.585581   0.777934   0.162077  -0.709848   0.001000
 -0.204177  -0.101121  -0.585581   0.777934   0.162077  -0.709848   0.001000
 -0.197713  -0.097436  -0.587166   0.778878  -0.080766  -0.518099   0.001000
 -0.197713  -0.097436  -0.587166   0.778878  -0.080766  -0.518099   0.001000
 -0.197713  -0.097436  -0.587166   0.778878  -0.080766  -0.518099   0.001000
 -0.183171  -0.115846  -0.587457   0.779694  -0.343938  -0.325627   0.001000
 -0.183171  -0.115846  -0.587457   0.779694  -0.343938  -0.325627   0.001000
 -0.183171  -0.115846  -0.587457   0.779694  -0.343938  -0.325627   0.001000
 -0.183171  -0.115846  -0.587457   0.779694  -0.343938  -0.325627   0.001000
 -0.183171  -0.115846  -0.587457   0.779694  -0.343938  -0.325627   0.001000
 -0.183171  -0.115846  -0.587457   0.779694  -0.343938  -0.325627   0.001000
 -0.183171  -0.115846  -0.587457   0.779694  -0.343938  -0.325627   0.001000
 -0.183171  -0.115846  -0.587457   0.779694  -0.343938  -0.325627   0.001000
 -0.201739  -0.118265  -0.586539   0.775427  -0.354149  -0.578301   0.001000
 -0.199862  -0.098080  -0.572845   0.788850  -0.052825  -0.464424   0.001000
 -0.199862  -0.098080  -0.572845   0.788850  -0.052825  -0.464424   0.001000
 -0.166279  -0.105923  -0.558913   0.805449  -0.536118  -0.704763   0.001000
 -0.188901  -0.112610  -0.573563   0.789089  -0.065616  -0.476484   0.001000
 -0.177018  -0.118809  -0.606815   0.765719  -0.380382  -0.504537   0.001000
 -0.208451  -0.106089  -0.581890   0.778908  -0.094016  -0.517502   0.001000
 -0.208451  -0.106089  -0.581890   0.778908  -0.094016  -0.517502   0.001000
 -0.208451  -0.106089  -0.581890   0.778908  -0.094016  -0.517502   0.001000
 -0.208451  -0.106089  -0.581890   0.778908  -0.094016  -0.517502   0.001000
 -0.208451  -0.106089  -0.581890   0.778908  -0.094016  -0.517502   0.001000
 -0.208451  -0.106089  -0.581890   0.778908  -0.094016  -0.517502   0.001000
 -0.208451  -0.106089  -0.581890   0.778908  -0.094016  -0.517502   0.001000
 -0.208451  -0.106089  -0.581890   0.778908  -0.094016  -0.517502   0.001000
 -0.208451  -0.106089  -0.581890   0.778908  -0.094016  -0.517502   0.001000
 -0.208451  -0.106089  -0.581890   0.778908  -0.094016  -0.517502   0.001000
 -0.208451  -0.106089  -0.581890   0.778908  -0.094016  -0.517502   0.001000
 -0.208451  -0.106089  -0.581890   0.778908  -0.094016  -0.517502   0.001000
 -0.227699  -0.083809  -0.566826   0.787298  -0.186066  -0.772325   0.001000
 -0.197710  -0.118466  -0.593624   0.771030  -0.055458  -0.650323   0.001000
 -0.203879  -0.089902  -0.606714   0.763052  -0.003163  -0.699690   0.001000
 -0.213364  -0.097010  -0.590617   0.772164   0.258765  -0.783263   0.001000
 -0.213364  -0.097010  -0.590617   0.772164   0.258765  -0.783263   0.001000
 -0.215523  -0.114150  -0.576654   0.779737  -0.094016  -0.501772   0.001000
 -0.202586  -0.104665  -0.587509   0.776426   0.099355  -0.238458   0.001000
 -0.202586  -0.104665  -0.587509   0.776426   0.099355  -0.238458   0.001000
 -0.202586  -0.104665  -0.587509   0.776426   0.099355  -0.238458   0.001000
 -0.199878  -0.097013  -0.564813   0.794747  -0.468141  -0.797741   0.001000
 -0.199878  -0.097013  -0.564813   0.794747  -0.468141  -0.797741   0.001000
 -0.204126  -0.106237  -0.579104   0.782103  -0.801158  -0.881363   0.001000
 -0.223648  -0.082178  -0.593427   0.768813  -0.155569  -0.674856   0.001000
 -0.223648  -0.082178  -0.593427   0.768813  -0.155569  -0.674856   0.001000
 -0.224611  -0.090721  -0.583638   0.775040  -0.487170  -1.074488   0.001000
 -0.211061  -0.111133  -0.578014   0.780387  -0.586877  -0.663903   0.001000
 -0.201281  -0.095888  -0.590935   0.775298  -0.028052  -0.686744   0.001000
 -0.201281  -0.095888  -0.590935   0.775298  -0.028052  -0.686744   0.001000
 -0.201281  -0.095888  -0.590935   0.775298  -0.028052  -0.686744   0.001000
 -0.201281  -0.095888  -0.590935   0.775298  -0.028052  -0.686744   0.001000
 -0.229204  -0.093092  -0.607887   0.754502  -0.326917  -0.741936   0.001000
 -0.229204  -0.093092  -0.607887   0.754502  -0.326917  -0.741936   0.001000
 -0.229204  -0.093092  -0.607887   0.754502  -0.326917  -0.741936   0.001000
 -0.229204  -0.093092  -0.607887   0.754502  -0.326917  -0.741936   0.001000
 -0.196536  -0.084125  -0.603084   0.768496  -0.525573  -0.680226   0.001000
 -0.204602  -0.069675  -0.609975   0.762374  -0.557189  -0.467971   0.001000
 -0.192825  -0.103009  -0.590121   0.777152  -0.120418  -0.899215   0.001000
 -0.208025  -0.104266  -0.578522   0.781771  -0.296782  -0.525259   0.001000
 -0.223150  -0.089137  -0.553562   0.797388  -0.358630  -0.462027   0.001000
 -0.216877  -0.090681  -0.587704   0.774174  -0.457614  -0.523838   0.001000
 -0.216877  -0.090681  -0.587704   0.774174  -0.457614  -0.523838   0.001000
 -0.217713  -0.085024  -0.572924   0.785576  -0.364206  -0.521764   0.001000
 -0.217713  -0.085024  -0.572924   0.785576  -0.364206  -0.521764   0.001000
 -0.217713  -0.085024  -0.572924   0.785576  -0.364206  -0.521764   0.001000
 -0.217713  -0.085024  -0.572924   0.785576  -0.364206  -0.521764   0.001000
 -0.217713  -0.085024  -0.572924   0.785576  -0.364206  -0.521764   0.001000
 -0.223936  -0.111004  -0.582458   0.773482  -0.172867  -0.455943   0.001000
 -0.218899  -0.089464  -0.579942   0.779581  -0.269285  -0.558952   0.001000
 -0.201261  -0.102310  -0.577743   0.784372  -0.129165  -0.499568   0.001000
 -0.270347  -0.038060  -0.690979   0.669337  -0.150227  -0.320531   0.001000
 -0.224663  -0.084910  -0.577420   0.780322  -0.201902  -0.321958   0.001000
 -0.201367  -0.105772  -0.566121   0.792320  -0.470417  -0.676360   0.001000
 -0.201367  -0.105772  -0.566121   0.792320  -0.470417  -0.676360   0.001000
 -0.201367  -0.105772  -0.566121   0.792320  -0.470417  -0.676360   0.001000
 -0.207534  -0.091817  -0.576889   0.784665  -0.716849  -0.618711   0.001000
 -0.207534  -0.091817  -0.576889   0.784665  -0.716849  -0.618711   0.001000
 -0.207534  -0.091817  -0.576889   0.784665  -0.716849  -0.618711   0.001000
 -0.207534  -0.091817  -0.576889   0.784665  -0.716849  -0.618711   0.001000
 -0.207534  -0.091817  -0.576889   0.784665  -0.716849  -0.618711   0.001000
 -0.207534  -0.091817  -0.576889   0.784665  -0.716849  -0.618711   0.001000
 -0.207534  -0.091817  -0.576889   0.784665  -0.716849  -0.618711   0.001000
 -0.207534  -0.091817  -0.576889   0.784665  -0.716849  -0.618711   0.001000
 -0.217455  -0.081099  -0.573644   0.785538  -0.322679  -0.492884   0.001000
 -0.220323  -0.110468  -0.594774   0.765179  -0.013313  -0.733121   0.001000
 -0.220323  -0.110468  -0.594774   0.765179  -0.013313  -0.733121   0.001000
 -0.223222  -0.099477  -0.589285   0.770078   0.053057  -0.192509   0.001000
 -0.223222  -0.099477  -0.589285   0.770078   0.053057  -0.192509   0.001000
 -0.223222  -0.099477  -0.589285   0.770078   0.053057  -0.192509   0.001000
 -0.223222  -0.099477  -0.589285   0.770078   0.053057  -0.192509   0.001000
 -0.207667  -0.093478  -0.587805   0.776287  -0.087637  -0.562257   0.001000
 -0.207667  -0.093478  -0.587805   0.776287  -0.087637  -0.562257   0.001000
 -0.207667  -0.093478  -0.587805   0.776287  -0.087637  -0.562257   0.001000
 -0.207667  -0.093478  -0.587805   0.776287  -0.087637  -0.562257   0.001000
 -0.181655  -0.123717  -0.634001   0.741444  -0.717961  -0.149526   0.001000
 -0.200436  -0.104944  -0.579837   0.782688   0.240977  -0.484053   0.001000
 -0.200436  -0.104944  -0.579837   0.782688   0.240977  -0.484053   0.001000
 -0.200436  -0.104944  -0.579837   0.782688   0.240977  -0.484053   0.001000
 -0.200436  -0.104944  -0.579837   0.782688   0.240977  -0.484053   0.001000
 -0.200436  -0.104944  -0.579837   0.782688   0.240977  -0.484053   0.001000
 -0.200436  -0.104944  -0.579837   0.782688   0.240977  -0.484053   0.001000
 -0.207915  -0.085806  -0.585238   0.779041   0.044225  -0.394117   0.001000
 -0.207915  -0.085806  -0.585238   0.779041   0.044225  -0.394117   0.001000
 -0.207915  -0.085806  -0.585238   0.779041   0.044225  -0.394117   0.001000
 -0.220276  -0.091505  -0.580238   0.778735   0.194604  -0.394755   0.001000
 -0.220276  -0.091505  -0.580238   0.778735   0.194604  -0.394755   0.001000
 -0.220276  -0.091505  -0.580238   0.778735   0.194604  -0.394755   0.001000
 -0.220276  -0.091505  -0.580238   0.778735   0.194604  -0.394755   0.001000
 -0.205802  -0.115532  -0.581508   0.778554   0.389029  -0.702144   0.001000
 -0.205802  -0.115532  -0.581508   0.778554   0.389029  -0.702144   0.001000
 -0.206368  -0.097646  -0.592248   0.772735  -0.300451  -0.366824   0.001000
 -0.206368  -0.097646  -0.592248   0.772735  -0.300451  -0.366824   0.001000
 -0.206368  -0.097646  -0.592248   0.772735  -0.300451  -0.366824   0.001000
 -0.206368  -0.097646  -0.592248   0.772735  -0.300451  -0.366824   0.001000
 -0.206368  -0.097646  -0.592248   0.772735  -0.300451  -0.366824   0.001000
 -0.206368  -0.097646  -0.592248   0.772735  -0.300451  -0.366824   0.001000
 -0.206368  -0.097646  -0.592248   0.772735  -0.300451  -0.366824   0.001000
 -0.206368  -0.097646  -0.592248   0.772735  -0.300451  -0.366824   0.001000
 -0.206368  -0.097646  -0.592248   0.772735  -0.300451  -0.366824   0.001000
 -0.206368  -0.097646  -0.592248   0.772735  -0.300451  -0.366824   0.001000
 -0.206368  -0.097646  -0.592248   0.772735  -0.300451  -0.366824   0.001000
 -0.206368  -0.097646  -0.592248   0.772735  -0.300451  -0.366824   0.001000
 -0.206368  -0.097646  -0.592248   0.772735  -0.300451  -0.366824   0.001000
 -0.206368  -0.097646  -0.592248   0.772735  -0.300451  -0.366824   0.001000
 -0.206368  -0.097646  -0.592248   0.772735  -0.300451  -0.366824   0.001000
 -0.206368  -0.097646  -0.592248   0.772735  -0.300451  -0.366824   0.001000
 -0.206368  -0.097646  -0.592248   0.772735  -0.300451  -0.366824   0.001000
 -0.206368  -0.097646  -0.592248   0.772735  -0.300451  -0.366824   0.001000
 -0.206368  -0.097646  -0.592248   0.772735  -0.300451  -0.366824   0.001000
 -0.206368  -0.097646  -0.592248   0.772735  -0.300451  -0.366824   0.001000
 -0.206368  -0.097646  -0.592248   0.772735  -0.300451  -0.366824   0.001000
 -0.206368  -0.097646  -0.592248   0.772735  -0.300451  -0.366824   0.001000
 -0.206368  -0.097646  -0.592248   0.772735  -0.300451  -0.366824   0.001000
 -0.206368  -0.097646  -0.592248   0.772735  -0.300451  -0.366824   0.001000
 -0.206368  -0.097646  -0.592248   0.772735  -0.300451  -0.366824   0.001000
 -0.206368  -0.097646  -0.592248   0.772735  -0.300451  -0.366824   0.001000
 -0.206368  -0.097646  -0.592248   0.772735  -0.300451  -0.366824   0.001000
 -0.206368  -0.097646  -0.592248   0.772735  -0.300451  -0.366824   0.001000
 -0.206368  -0.097646  -0.592248   0.772735  -0.300451  -0.366824   0.001000
 -0.206368  -0.097646  -0.592248   0.772735  -0.300451  -0.366824   0.001000
 -0.206368  -0.097646  -0.592248   0.772735  -0.300451  -0.366824   0.001000
 -0.206368  -0.097646  -0.592248   0.772735  -0.300451  -0.366824   0.001000
 -0.206368  -0.097646  -0.592248   0.772735  -0.300451  -0.366824   0.001000
 -0.206368  -0.097646  -0.592248   0.772735  -0.300451  -0.366824   0.001000
 -0.206368  -0.097646  -0.592248   0.772735  -0.300451  -0.366824   0.001000
 -0.206368  -0.097646  -0.592248   0.772735  -0.300451  -0.366824   0.001000
 -0.206368  -0.097646  -0.592248   0.772735  -0.300451  -0.366824   0.001000
 -0.206368  -0.097646  -0.592248   0.772735  -0.300451  -0.366824   0.001000
 -0.206368  -0.097646  -0.592248   0.772735  -0.300451  -0.366824   0.001000
 -0.206368  -0.097646  -0.592248   0.772735  -0.300451  -0.366824   0.001000
 -0.206368  -0.097646  -0.592248   0.772735  -0.300451  -0.366824   0.001000
 -0.206368  -0.097646  -0.592248   0.772735  -0.300451  -0.366824   0.001000
 -0.206368  -0.097646  -0.592248   0.772735  -0.300451  -0.366824   0.001000
 -0.206368  -0.097646  -0.592248   0.772735  -0.300451  -0.366824   0.001000
 -0.206368  -0.097646  -0.592248   0.772735  -0.300451  -0.366824   0.001000
 -0.206368  -0.097646  -0.592248   0.772735  -0.300451  -0.366824   0.001000
 -0.206368  -0.097646  -0.592248   0.772735  -0.300451  -0.366824   0.001000
 -0.206368  -0.097646  -0.592248   0.772735  -0.300451  -0.366824   0.001000
 -0.206368  -0.097646  -0.592248   0.772735  -0.300451  -0.366824   0.001000
 -0.206368  -0.097646  -0.592248   0.772735  -0.300451  -0.366824   0.001000
 -0.206368  -0.097646  -0.592248   0.772735  -0.300451  -0.366824   0.001000
 -0.206368  -0.097646  -0.592248   0.772735  -0.300451  -0.366824   0.001000
 -0.206368  -0.097646  -0.592248   0.772735  -0.300451  -0.366824   0.001000
 -0.206368  -0.097646  -0.592248   0.772735  -0.300451  -0.366824   0.001000
 -0.206368  -0.097646  -0.592248   0.772735  -0.300451  -0.366824   0.001000
 -0.206368  -0.097646  -0.592248   0.772735  -0.300451  -0.366824   0.001000
 -0.223060  -0.120819  -0.599726   0.758931   0.149939  -0.443251   0.001000
 -0.198108  -0.115912  -0.589419   0.774534  -0.041994  -0.431544   0.001000
 -0.228701  -0.090011  -0.576950   0.778924  -0.232797  -0.481774   0.001000
 -0.210619  -0.116157  -0.575563   0.781585   0.562401  -0.503608   0.001000
 -0.211627  -0.090644  -0.576610   0.783912  -0.891334  -0.503209   0.001000
 -0.200360  -0.107303  -0.589175   0.775381  -1.012269  -0.582017   0.001000
 -0.200360  -0.107303  -0.589175   0.775381  -1.012269  -0.582017   0.001000
 -0.195139  -0.112736  -0.591316   0.774310  -0.040012  -0.274021   0.001000
 -0.195139  -0.112736  -0.591316   0.774310  -0.040012  -0.274021   0.001000
 -0.195139  -0.112736  -0.591316   0.774310  -0.040012  -0.274021   0.001000
 -0.190719  -0.126384  -0.588003   0.775826  -0.269363  -0.210459   0.001000
 -0.190719  -0.126384  -0.588003   0.775826  -0.269363  -0.210459   0.001000
 -0.190719  -0.126384  -0.588003   0.775826  -0.269363  -0.210459   0.001000
 -0.190719  -0.126384  -0.588003   0.775826  -0.269363  -0.210459   0.001000
 -0.190719  -0.126384  -0.588003   0.775826  -0.269363  -0.210459   0.001000
 -0.190719  -0.126384  -0.588003   0.775826  -0.269363  -0.210459   0.001000
 -0.190719  -0.126384  -0.588003   0.775826  -0.269363  -0.210459   0.001000
 -0.190719  -0.126384  -0.588003   0.775826  -0.269363  -0.210459   0.001000
 -0.190719  -0.126384  -0.588003   0.775826  -0.269363  -0.210459   0.001000
 -0.190719  -0.126384  -0.588003   0.775826  -0.269363  -0.210459   0.001000
 -0.190719  -0.126384  -0.588003   0.775826  -0.269363  -0.210459   0.001000
 -0.190719  -0.126384  -0.588003   0.775826  -0.269363  -0.210459   0.001000
 -0.190719  -0.126384  -0.588003   0.775826  -0.269363  -0.210459   0.001000
 -0.181038  -0.129031  -0.571546   0.789881   0.090804  -0.549439   0.001000
 -0.225861  -0.095431  -0.583963   0.773865   0.218279  -0.307087   0.001000
 -0.191644  -0.095583  -0.593187   0.776058  -0.212479  -0.178655   0.001000
 -0.191644  -0.095583  -0.593187   0.776058  -0.212479  -0.178655   0.001000
 -0.200108  -0.108126  -0.589285   0.775247  -0.748029  -0.327679   0.001000
 -0.200108  -0.108126  -0.589285   0.775247  -0.748029  -0.327679   0.001000
 -0.200108  -0.108126  -0.589285   0.775247  -0.748029  -0.327679   0.001000
 -0.200108  -0.108126  -0.589285   0.775247  -0.748029  -0.327679   0.001000
 -0.200108  -0.108126  -0.589285   0.775247  -0.748029  -0.327679   0.001000
 -0.200108  -0.108126  -0.589285   0.775247  -0.748029  -0.327679   0.001000
 -0.200108  -0.108126  -0.589285   0.775247  -0.748029  -0.327679   0.001000
 -0.200108  -0.108126  -0.589285   0.775247  -0.748029  -0.327679   0.001000
 -0.200108  -0.108126  -0.589285   0.775247  -0.748029  -0.327679   0.001000
 -0.200108  -0.108126  -0.589285   0.775247  -0.748029  -0.327679   0.001000
 -0.200108  -0.108126  -0.589285   0.775247  -0.748029  -0.327679   0.001000
 -0.200108  -0.108126  -0.589285   0.775247  -0.748029  -0.327679   0.001000
 -0.200108  -0.108126  -0.589285   0.775247  -0.748029  -0.327679   0.001000
 -0.183825  -0.110481  -0.572686   0.791222  -0.511099   0.003938   0.001000
 -0.214565  -0.101273  -0.611262   0.755026  -0.218172  -0.266489   0.001000
 -0.214565  -0.101273  -0.611262   0.755026  -0.218172  -0.266489   0.001000
 -0.225281  -0.096784  -0.580423   0.776525  -0.329790   0.088288   0.001000
 -0.175332  -0.096831  -0.598109   0.775982  -0.042089  -0.178417   0.001000
 -0.230769  -0.093624  -0.582785   0.773526  -0.232890  -0.399480   0.001000
 -0.202772  -0.105912  -0.575987   0.784796  -0.404617   0.045115   0.001000
 -0.188233  -0.114812  -0.590430   0.776388  -0.866140  -0.298854   0.001000
 -0.188233  -0.114812  -0.590430   0.776388  -0.866140  -0.298854   0.001000
 -0.188233  -0.114812  -0.590430   0.776388  -0.866140  -0.298854   0.001000
 -0.199904  -0.126647  -0.569693   0.787051  -0.660373   0.172240   0.001000
 -0.187098  -0.111672  -0.597031   0.772061  -0.598780  -0.065936   0.001000
 -0.209612  -0.102048  -0.573105   0.785621  -0.621320  -0.217970   0.001000
 -0.210387  -0.100749  -0.588007   0.774490   0.103914  -0.028209   0.001000
 -0.210387  -0.100749  -0.588007   0.774490   0.103914  -0.028209   0.001000
 -0.210387  -0.100749  -0.588007   0.774490   0.103914  -0.028209   0.001000
 -0.210387  -0.100749  -0.588007   0.774490   0.103914  -0.028209   0.001000
 -0.210387  -0.100749  -0.588007   0.774490   0.103914  -0.028209   0.001000
 -0.210387  -0.100749  -0.588007   0.774490   0.103914  -0.028209   0.001000
 -0.210387  -0.100749  -0.588007   0.774490   0.103914  -0.028209   0.001000
 -0.210387  -0.100749  -0.588007   0.774490   0.103914  -0.028209   0.001000
 -0.210387  -0.100749  -0.588007   0.774490   0.103914  -0.028209   0.001000
 -0.210387  -0.100749  -0.588007   0.774490   0.103914  -0.028209   0.001000
 -0.210387  -0.100749  -0.588007   0.774490   0.103914  -0.028209   0.001000
 -0.210387  -0.100749  -0.588007   0.774490   0.103914  -0.028209   0.001000
 -0.210387  -0.100749  -0.588007   0.774490   0.103914  -0.028209   0.001000
 -0.211669  -0.127047  -0.573786   0.780913  -0.066922  -0.235328   0.001000
 -0.152811  -0.160168  -0.801887   0.554952  -1.679815  -1.126512   0.001000
