 -0.515845  -0.688121  -0.479942   0.173346  -0.580486  -0.929764   0.001000
 -0.526423  -0.676424  -0.491660   0.153624  -0.419231  -1.645224   0.001000
 -0.526423  -0.676424  -0.491660   0.153624  -0.419231  -1.645224   0.001000
 -0.526423  -0.676424  -0.491660   0.153624  -0.419231  -1.645224   0.001000
 -0.526423  -0.676424  -0.491660   0.153624  -0.419231  -1.645224   0.001000
 -0.526423  -0.676424  -0.491660   0.153624  -0.419231  -1.645224   0.001000
 -0.526423  -0.676424  -0.491660   0.153624  -0.419231  -1.645224   0.001000
 -0.526423  -0.676424  -0.491660   0.153624  -0.419231  -1.645224   0.001000
 -0.516256  -0.682322  -0.496596   0.145976  -0.343052  -1.807443   0.001000
 -0.516256  -0.682322  -0.496596   0.145976  -0.343052  -1.807443   0.001000
 -0.516256  -0.682322  -0.496596   0.145976  -0.343052  -1.807443   0.001000
 -0.516256  -0.682322  -0.496596   0.145976  -0.343052  -1.807443   0.001000
 -0.516256  -0.682322  -0.496596   0.145976  -0.343052  -1.807443   0.001000
 -0.516256  -0.682322  -0.496596   0.145976  -0.343052  -1.807443   0.001000
 -0.516256  -0.682322  -0.496596   0.145976  -0.343052  -1.807443   0.001000
 -0.516256  -0.682322  -0.496596   0.145976  -0.343052  -1.807443   0.001000
 -0.516256  -0.682322  -0.496596   0.145976  -0.343052  -1.807443   0.001000
 -0.503588  -0.679086  -0.505718   0.171731  -0.455598  -1.485085   0.001000
 -0.508700  -0.684792  -0.503681   0.136341  -0.361780  -1.686353   0.001000
 -0.508700  -0.684792  -0.503681   0.136341  -0.361780  -1.686353   0.001000
 -0.508700  -0.684792  -0.503681   0.136341  -0.361780  -1.686353   0.001000
 -0.508700  -0.684792  -0.503681   0.136341  -0.361780  -1.686353   0.001000
 -0.537170  -0.677313  -0.481175   0.145483  -0.379391  -1.715864   0.001000
 -0.537170  -0.677313  -0.481175   0.145483  -0.379391  -1.715864   0.001000
 -0.518675  -0.677292  -0.497412   0.157584  -0.448510  -1.724109   0.001000
 -0.519486  -0.688026  -0.477538   0.169445  -0.387983  -1.629320   0.001000
 -0.519486  -0.688026  -0.477538   0.169445  -0.387983  -1.629320   0.001000
 -0.519116  -0.692879  -0.468775   0.175176  -0.747417  -1.678824   0.001000
 -0.523552  -0.683830  -0.478001   0.172583  -0.342687  -1.535576   0.001000
 -0.519499  -0.691981  -0.469200   0.176453  -0.454031  -1.546773   0.001000
 -0.519499  -0.691981  -0.469200   0.176453  -0.454031  -1.546773   0.001000
 -0.543342  -0.665953  -0.489994   0.145575  -0.598379  -1.629044   0.001000
 -0.515637  -0.696567  -0.469215   0.169560  -0.408827  -1.640925   0.001000
 -0.515637  -0.696567  -0.469215   0.169560  -0.408827  -1.640925   0.001000
 -0.514713  -0.683577  -0.487314   0.174117  -0.568318  -1.678181   0.001000
 -0.530860  -0.680274  -0.479950   0.158315  -0.904735  -1.578252   0.001000
 -0.490605  -0.704524  -0.487666   0.158538  -0.734781  -1.649097   0.001000
 -0.530053  -0.671509  -0.492146   0.160974  -0.366424  -1.797965   0.001000
 -0.513580  -0.676655  -0.506514   0.147706  -0.369644  -1.356861   0.001000
 -0.513580  -0.676655  -0.506514   0.147706  -0.369644  -1.356861   0.001000
 -0.513580  -0.676655  -0.506514   0.147706  -0.369644  -1.356861   0.001000
 -0.513580  -0.676655  -0.506514   0.147706  -0.369644  -1.356861   0.001000
 -0.513580  -0.676655  -0.506514   0.147706  -0.369644  -1.356861   0.001000
 -0.523183  -0.671754  -0.500750   0.155806  -0.331693  -1.384715   0.001000
 -0.523183  -0.671754  -0.500750   0.155806  -0.331693  -1.384715   0.001000
 -0.523183  -0.671754  -0.500750   0.155806  -0.331693  -1.384715   0.001000
 -0.523183  -0.671754  -0.500750   0.155806  -0.331693  -1.384715   0.001000
 -0.523183  -0.671754  -0.500750   0.155806  -0.331693  -1.384715   0.001000
 -0.523183  -0.671754  -0.500750   0.155806  -0.331693  -1.384715   0.001000
 -0.523183  -0.671754  -0.500750   0.155806  -0.331693  -1.384715   0.001000
 -0.523183  -0.671754  -0.500750   0.155806  -0.331693  -1.384715   0.001000
 -0.523183  -0.671754  -0.500750   0.155806  -0.331693  -1.384715   0.001000
 -0.523183  -0.671754  -0.500750   0.155806  -0.331693  -1.384715   0.001000
 -0.523183  -0.671754  -0.500750   0.155806  -0.331693  -1.384715   0.001000
 -0.523183  -0.671754  -0.500750   0.155806  -0.331693  -1.384715   0.001000
 -0.523183  -0.671754  -0.500750   0.155806  -0.331693  -1.384715   0.001000
 -0.523183  -0.671754  -0.500750   0.155806  -0.331693  -1.384715   0.001000
 -0.523183  -0.671754  -0.500750   0.155806  -0.331693  -1.384715   0.001000
 -0.523183  -0.671754  -0.500750   0.155806  -0.331693  -1.384715   0.001000
 -0.523183  -0.671754  -0.500750   0.155806  -0.331693  -1.384715   0.001000
 -0.523183  -0.671754  -0.500750   0.155806  -0.331693  -1.384715   0.001000
 -0.523183  -0.671754  -0.500750   0.155806  -0.331693  -1.384715   0.001000
 -0.523183  -0.671754  -0.500750   0.155806  -0.331693  -1.384715   0.001000
 -0.523183  -0.671754  -0.500750   0.155806  -0.331693  -1.384715   0.001000
 -0.523183  -0.671754  -0.500750   0.155806  -0.331693  -1.384715   0.001000
 -0.523183  -0.671754  -0.500750   0.155806  -0.331693  -1.384715   0.001000
 -0.470920  -0.702308  -0.514656   0.141872  -0.337818  -1.317540   0.001000
 -0.512296  -0.673016  -0.503899   0.175182  -0.360421  -1.311766   0.001000
 -0.493026  -0.753109  -0.365445   0.237068  -0.370211  -1.644163   0.001000
 -0.528177  -0.686263  -0.473300   0.161428  -0.462908  -1.400860   0.001000
 -0.528014  -0.677353  -0.488524   0.154075  -0.248915  -1.417024   0.001000
 -0.528014  -0.677353  -0.488524   0.154075  -0.248915  -1.417024   0.001000
 -0.528014  -0.677353  -0.488524   0.154075  -0.248915  -1.417024   0.001000
 -0.523442  -0.666351  -0.509183   0.150725  -0.388437  -1.570923   0.001000
 -0.523442  -0.666351  -0.509183   0.150725  -0.388437  -1.570923   0.001000
 -0.523442  -0.666351  -0.509183   0.150725  -0.388437  -1.570923   0.001000
 -0.519624  -0.682732  -0.488992   0.157334  -0.457071  -1.641041   0.001000
 -0.519624  -0.682732  -0.488992   0.157334  -0.457071  -1.641041   0.001000
 -0.519624  -0.682732  -0.488992   0.157334  -0.457071  -1.641041   0.001000
 -0.519624  -0.682732  -0.488992   0.157334  -0.457071  -1.641041   0.001000
 -0.519624  -0.682732  -0.488992   0.157334  -0.457071  -1.641041   0.001000
 -0.519624  -0.682732  -0.488992   0.157334  -0.457071  -1.641041   0.001000
 -0.519624  -0.682732  -0.488992   0.157334  -0.457071  -1.641041   0.001000
 -0.519624  -0.682732  -0.488992   0.157334  -0.457071  -1.641041   0.001000
 -0.519624  -0.682732  -0.488992   0.157334  -0.457071  -1.641041   0.001000
 -0.519624  -0.682732  -0.488992   0.157334  -0.457071  -1.641041   0.001000
 -0.519624  -0.682732  -0.488992   0.157334  -0.457071  -1.641041   0.001000
 -0.519624  -0.682732  -0.488992   0.157334  -0.457071  -1.641041   0.001000
 -0.519624  -0.682732  -0.488992   0.157334  -0.457071  -1.641041   0.001000
 -0.514918  -0.675538  -0.504224   0.155776  -0.455940  -1.657487   0.001000
 -0.515877  -0.675055  -0.491723   0.190736  -0.497375  -1.471280   0.001000
 -0.515877  -0.675055  -0.491723   0.190736  -0.497375  -1.471280   0.001000
 -0.515561  -0.677960  -0.501838   0.150752  -0.499126  -1.571117   0.001000
 -0.515561  -0.677960  -0.501838   0.150752  -0.499126  -1.571117   0.001000
 -0.515561  -0.677960  -0.501838   0.150752  -0.499126  -1.571117   0.001000
 -0.520319  -0.676423  -0.498233   0.153244  -0.374615  -1.503315   0.001000
 -0.520319  -0.676423  -0.498233   0.153244  -0.374615  -1.503315   0.001000
 -0.520319  -0.676423  -0.498233   0.153244  -0.374615  -1.503315   0.001000
 -0.520319  -0.676423  -0.498233   0.153244  -0.374615  -1.503315   0.001000
 -0.512061  -0.678410  -0.500271   0.165172  -0.564017  -1.462365   0.001000
 -0.512061  -0.678410  -0.500271   0.165172  -0.564017  -1.462365   0.001000
 -0.512061  -0.678410  -0.500271   0.165172  -0.564017  -1.462365   0.001000
 -0.541144  -0.683334  -0.476186   0.116039  -0.595168  -1.591523   0.001000
 -0.524810  -0.680422  -0.485514   0.160864  -0.398022  -1.627707   0.001000
 -0.524810  -0.680422  -0.485514   0.160864  -0.398022  -1.627707   0.001000
 -0.524810  -0.680422  -0.485514   0.160864  -0.398022  -1.627707   0.001000
 -0.527560  -0.669885  -0.504410   0.136031  -0.500842  -1.504678   0.001000
 -0.527560  -0.669885  -0.504410   0.136031  -0.500842  -1.504678   0.001000
 -0.515551  -0.679069  -0.501604   0.146511  -0.419599  -1.560949   0.001000
 -0.515551  -0.679069  -0.501604   0.146511  -0.419599  -1.560949   0.001000
 -0.515551  -0.679069  -0.501604   0.146511  -0.419599  -1.560949   0.001000
 -0.515551  -0.679069  -0.501604   0.146511  -0.419599  -1.560949   0.001000
 -0.515551  -0.679069  -0.501604   0.146511  -0.419599  -1.560949   0.001000
 -0.515551  -0.679069  -0.501604   0.146511  -0.419599  -1.560949   0.001000
 -0.515551  -0.679069  -0.501604   0.146511  -0.419599  -1.560949   0.001000
 -0.515551  -0.679069  -0.501604   0.146511  -0.419599  -1.560949   0.001000
 -0.515551  -0.679069  -0.501604   0.146511  -0.419599  -1.560949   0.001000
 -0.515551  -0.679069  -0.501604   0.146511  -0.419599  -1.560949   0.001000
 -0.515551  -0.679069  -0.501604   0.146511  -0.419599  -1.560949   0.001000
 -0.515551  -0.679069  -0.501604   0.146511  -0.419599  -1.560949   0.001000
 -0.520200  -0.677241  -0.498034   0.150660  -0.407066  -1.604023   0.001000
 -0.520200  -0.677241  -0.498034   0.150660  -0.407066  -1.604023   0.001000
 -0.520200  -0.677241  -0.498034   0.150660  -0.407066  -1.604023   0.001000
 -0.520200  -0.677241  -0.498034   0.150660  -0.407066  -1.604023   0.001000
 -0.520200  -0.677241  -0.498034   0.150660  -0.407066  -1.604023   0.001000
 -0.520200  -0.677241  -0.498034   0.150660  -0.407066  -1.604023   0.001000
 -0.520200  -0.677241  -0.498034   0.150660  -0.407066  -1.604023   0.001000
 -0.520200  -0.677241  -0.498034   0.150660  -0.407066  -1.604023   0.001000
 -0.520200  -0.677241  -0.498034   0.150660  -0.407066  -1.604023   0.001000
 -0.520200  -0.677241  -0.498034   0.150660  -0.407066  -1.604023   0.001000
 -0.520200  -0.677241  -0.498034   0.150660  -0.407066  -1.604023   0.001000
 -0.520200  -0.677241  -0.498034   0.150660  -0.407066  -1.604023   0.001000
 -0.520200  -0.677241  -0.498034   0.150660  -0.407066  -1.604023   0.001000
 -0.520200  -0.677241  -0.498034   0.150660  -0.407066  -1.604023   0.001000
 -0.520200  -0.677241  -0.498034   0.150660  -0.407066  -1.604023   0.001000
 -0.520200  -0.677241  -0.498034   0.150660  -0.407066  -1.604023   0.001000
 -0.520200  -0.677241  -0.498034   0.150660  -0.407066  -1.604023   0.001000
 -0.527208  -0.664457  -0.508448   0.148421  -0.490353  -1.595430   0.001000
 -0.527208  -0.664457  -0.508448   0.148421  -0.490353  -1.595430   0.001000
 -0.527208  -0.664457  -0.508448   0.148421  -0.490353  -1.595430   0.001000
 -0.527208  -0.664457  -0.508448   0.148421  -0.490353  -1.595430   0.001000
 -0.527208  -0.664457  -0.508448   0.148421  -0.490353  -1.595430   0.001000
 -0.527208  -0.664457  -0.508448   0.148421  -0.490353  -1.595430   0.001000
 -0.527208  -0.664457  -0.508448   0.148421  -0.490353  -1.595430   0.001000
 -0.527208  -0.664457  -0.508448   0.148421  -0.490353  -1.595430   0.001000
 -0.527208  -0.664457  -0.508448   0.148421  -0.490353  -1.595430   0.001000
 -0.514712  -0.679806  -0.499981   0.151508  -0.343669  -1.522996   0.001000
 -0.514712  -0.679806  -0.499981   0.151508  -0.343669  -1.522996   0.001000
 -0.514712  -0.679806  -0.499981   0.151508  -0.343669  -1.522996   0.001000
 -0.522652  -0.676944  -0.489772   0.169424  -0.443361  -1.607323   0.001000
 -0.535009  -0.664974  -0.504851   0.129234  -0.654954  -1.124215   0.001000
 -0.518036  -0.679666  -0.497676   0.148363  -0.681138  -1.657277   0.001000
 -0.518036  -0.679666  -0.497676   0.148363  -0.681138  -1.657277   0.001000
 -0.518036  -0.679666  -0.497676   0.148363  -0.681138  -1.657277   0.001000
 -0.518036  -0.679666  -0.497676   0.148363  -0.681138  -1.657277   0.001000
 -0.518036  -0.679666  -0.497676   0.148363  -0.681138  -1.657277   0.001000
 -0.518036  -0.679666  -0.497676   0.148363  -0.681138  -1.657277   0.001000
 -0.518036  -0.679666  -0.497676   0.148363  -0.681138  -1.657277   0.001000
 -0.518036  -0.679666  -0.497676   0.148363  -0.681138  -1.657277   0.001000
 -0.511103  -0.694270  -0.488021   0.136374  -0.773160  -1.580819   0.001000
 -0.506823  -0.685111  -0.498847   0.157814  -0.694146  -1.693293   0.001000
 -0.506823  -0.685111  -0.498847   0.157814  -0.694146  -1.693293   0.001000
 -0.520180  -0.697464  -0.456378   0.186214  -0.497896  -1.657304   0.001000
 -0.520642  -0.685676  -0.482983   0.159712  -0.513348  -1.658080   0.001000
 -0.520642  -0.685676  -0.482983   0.159712  -0.513348  -1.658080   0.001000
 -0.520642  -0.685676  -0.482983   0.159712  -0.513348  -1.658080   0.001000
 -0.520642  -0.685676  -0.482983   0.159712  -0.513348  -1.658080   0.001000
 -0.520642  -0.685676  -0.482983   0.159712  -0.513348  -1.658080   0.001000
 -0.520642  -0.685676  -0.482983   0.159712  -0.513348  -1.658080   0.001000
 -0.520642  -0.685676  -0.482983   0.159712  -0.513348  -1.658080   0.001000
 -0.520642  -0.685676  -0.482983   0.159712  -0.513348  -1.658080   0.001000
 -0.520642  -0.685676  -0.482983   0.159712  -0.513348  -1.658080   0.001000
 -0.520642  -0.685676  -0.482983   0.159712  -0.513348  -1.658080   0.001000
 -0.520642  -0.685676  -0.482983   0.159712  -0.513348  -1.658080   0.001000
 -0.520642  -0.685676  -0.482983   0.159712  -0.513348  -1.658080   0.001000
 -0.520642  -0.685676  -0.482983   0.159712  -0.513348  -1.658080   0.001000
 -0.520642  -0.685676  -0.482983   0.159712  -0.513348  -1.658080   0.001000
 -0.520642  -0.685676  -0.482983   0.159712  -0.513348  -1.658080   0.001000
 -0.520642  -0.685676  -0.482983   0.159712  -0.513348  -1.658080   0.001000
 -0.520642  -0.685676  -0.482983   0.159712  -0.513348  -1.658080   0.001000
 -0.520642  -0.685676  -0.482983   0.159712  -0.513348  -1.658080   0.001000
 -0.520642  -0.685676  -0.482983   0.159712  -0.513348  -1.658080   0.001000
 -0.520642  -0.685676  -0.482983   0.159712  -0.513348  -1.658080   0.001000
 -0.520642  -0.685676  -0.482983   0.159712  -0.513348  -1.658080   0.001000
 -0.520642  -0.685676  -0.482983   0.159712  -0.513348  -1.658080   0.001000
 -0.520642  -0.685676  -0.482983   0.159712  -0.513348  -1.658080   0.001000
 -0.520642  -0.685676  -0.482983   0.159712  -0.513348  -1.658080   0.001000
 -0.520642  -0.685676  -0.482983   0.159712  -0.513348  -1.658080   0.001000
 -0.520642  -0.685676  -0.482983   0.159712  -0.513348  -1.658080   0.001000
 -0.520642  -0.685676  -0.482983   0.159712  -0.513348  -1.658080   0.001000
 -0.514256  -0.692563  -0.480483   0.158220  -0.344813  -1.749988   0.001000
 -0.514256  -0.692563  -0.480483   0.158220  -0.344813  -1.749988   0.001000
 -0.514256  -0.692563  -0.480483   0.158220  -0.344813  -1.749988   0.001000
 -0.511976  -0.688739  -0.484218   0.170447  -0.511195  -1.661893   0.001000
 -0.511976  -0.688739  -0.484218   0.170447  -0.511195  -1.661893   0.001000
 -0.523847  -0.670364  -0.501779   0.156250  -0.492466  -1.611531   0.001000
 -0.523847  -0.670364  -0.501779   0.156250  -0.492466  -1.611531   0.001000
 -0.511210  -0.700665  -0.467809   0.169960  -0.590783  -1.619207   0.001000
 -0.511210  -0.700665  -0.467809   0.169960  -0.590783  -1.619207   0.001000
 -0.524406  -0.675947  -0.491218   0.163703  -0.539617  -1.561035   0.001000
 -0.528026  -0.686556  -0.477192   0.148719  -0.577520  -1.614732   0.001000
 -0.528026  -0.686556  -0.477192   0.148719  -0.577520  -1.614732   0.001000
 -0.528026  -0.686556  -0.477192   0.148719  -0.577520  -1.614732   0.001000
 -0.489954  -0.757672  -0.365044   0.229392  -0.652767  -1.608659   0.001000
 -0.489954  -0.757672  -0.365044   0.229392  -0.652767  -1.608659   0.001000
 -0.522272  -0.678468  -0.494132   0.150820  -0.666626  -1.341395   0.001000
 -0.522272  -0.678468  -0.494132   0.150820  -0.666626  -1.341395   0.001000
 -0.522272  -0.678468  -0.494132   0.150820  -0.666626  -1.341395   0.001000
 -0.522272  -0.678468  -0.494132   0.150820  -0.666626  -1.341395   0.001000
 -0.522272  -0.678468  -0.494132   0.150820  -0.666626  -1.341395   0.001000
 -0.522272  -0.678468  -0.494132   0.150820  -0.666626  -1.341395   0.001000
 -0.522272  -0.678468  -0.494132   0.150820  -0.666626  -1.341395   0.001000
 -0.522272  -0.678468  -0.494132   0.150820  -0.666626  -1.341395   0.001000
 -0.522272  -0.678468  -0.494132   0.150820  -0.666626  -1.341395   0.001000
 -0.522272  -0.678468  -0.494132   0.150820  -0.666626  -1.341395   0.001000
 -0.522272  -0.678468  -0.494132   0.150820  -0.666626  -1.341395   0.001000
 -0.522272  -0.678468  -0.494132   0.150820  -0.666626  -1.341395   0.001000
 -0.522272  -0.678468  -0.494132   0.150820  -0.666626  -1.341395   0.001000
 -0.522272  -0.678468  -0.494132   0.150820  -0.666626  -1.341395   0.001000
 -0.522272  -0.678468  -0.494132   0.150820  -0.666626  -1.341395   0.001000
 -0.522272  -0.678468  -0.494132   0.150820  -0.666626  -1.341395   0.001000
 -0.522272  -0.678468  -0.494132   0.150820  -0.666626  -1.341395   0.001000
 -0.522272  -0.678468  -0.494132   0.150820  -0.666626  -1.341395   0.001000
 -0.522272  -0.678468  -0.494132   0.150820  -0.666626  -1.341395   0.001000
 -0.522272  -0.678468  -0.494132   0.150820  -0.666626  -1.341395   0.001000
 -0.522272  -0.678468  -0.494132   0.150820  -0.666626  -1.341395   0.001000
 -0.522272  -0.678468  -0.494132   0.150820  -0.666626  -1.341395   0.001000
 -0.522272  -0.678468  -0.494132   0.150820  -0.666626  -1.341395   0.001000
 -0.522272  -0.678468  -0.494132   0.150820  -0.666626  -1.341395   0.001000
 -0.522272  -0.678468  -0.494132   0.150820  -0.666626  -1.341395   0.001000
 -0.509163  -0.683476  -0.507530   0.126600  -0.539588  -1.491981   0.001000
 -0.509163  -0.683476  -0.507530   0.126600  -0.539588  -1.491981   0.001000
 -0.517898  -0.696408  -0.469661   0.161912  -0.524252  -1.551583   0.001000
 -0.487767  -0.670136  -0.536326   0.159232  -0.209511  -1.353327   0.001000
 -0.514463  -0.690499  -0.480174   0.167245  -0.303826  -1.550982   0.001000
 -0.520412  -0.679757  -0.493761   0.152651  -0.382769  -1.837379   0.001000
 -0.520412  -0.679757  -0.493761   0.152651  -0.382769  -1.837379   0.001000
 -0.520412  -0.679757  -0.493761   0.152651  -0.382769  -1.837379   0.001000
 -0.520412  -0.679757  -0.493761   0.152651  -0.382769  -1.837379   0.001000
 -0.520412  -0.679757  -0.493761   0.152651  -0.382769  -1.837379   0.001000
 -0.520412  -0.679757  -0.493761   0.152651  -0.382769  -1.837379   0.001000
 -0.520412  -0.679757  -0.493761   0.152651  -0.382769  -1.837379   0.001000
 -0.534602  -0.685116  -0.473635   0.143132  -0.365716  -1.652651   0.001000
 -0.522461  -0.679621  -0.490250   0.157495  -0.471374  -1.818989   0.001000
 -0.522461  -0.679621  -0.490250   0.157495  -0.471374  -1.818989   0.001000
 -0.522461  -0.679621  -0.490250   0.157495  -0.471374  -1.818989   0.001000
 -0.522461  -0.679621  -0.490250   0.157495  -0.471374  -1.818989   0.001000
 -0.522461  -0.679621  -0.490250   0.157495  -0.471374  -1.818989   0.001000
 -0.522461  -0.679621  -0.490250   0.157495  -0.471374  -1.818989   0.001000
 -0.522461  -0.679621  -0.490250   0.157495  -0.471374  -1.818989   0.001000
 -0.522461  -0.679621  -0.490250   0.157495  -0.471374  -1.818989   0.001000
 -0.532708  -0.677456  -0.481777   0.158639  -0.233147  -1.638652   0.001000
 -0.519417  -0.681270  -0.492643   0.152905  -0.303006  -1.684922   0.001000
 -0.519417  -0.681270  -0.492643   0.152905  -0.303006  -1.684922   0.001000
 -0.519417  -0.681270  -0.492643   0.152905  -0.303006  -1.684922   0.001000
 -0.519417  -0.681270  -0.492643   0.152905  -0.303006  -1.684922   0.001000
 -0.519417  -0.681270  -0.492643   0.152905  -0.303006  -1.684922   0.001000
 -0.519417  -0.681270  -0.492643   0.152905  -0.303006  -1.684922   0.001000
 -0.519417  -0.681270  -0.492643   0.152905  -0.303006  -1.684922   0.001000
 -0.519417  -0.681270  -0.492643   0.152905  -0.303006  -1.684922   0.001000
 -0.519417  -0.681270  -0.492643   0.152905  -0.303006  -1.684922   0.001000
 -0.519417  -0.681270  -0.492643   0.152905  -0.303006  -1.684922   0.001000
 -0.519107  -0.670717  -0.509140   0.146434  -0.610228  -1.501507   0.001000
 -0.519107  -0.670717  -0.509140   0.146434  -0.610228  -1.501507   0.001000
 -0.519107  -0.670717  -0.509140   0.146434  -0.610228  -1.501507   0.001000
 -0.519107  -0.670717  -0.509140   0.146434  -0.610228  -1.501507   0.001000
 -0.519107  -0.670717  -0.509140   0.146434  -0.610228  -1.501507   0.001000
 -0.519107  -0.670717  -0.509140   0.146434  -0.610228  -1.501507   0.001000
 -0.519107  -0.670717  -0.509140   0.146434  -0.610228  -1.501507   0.001000
 -0.519107  -0.670717  -0.509140   0.146434  -0.610228  -1.501507   0.001000
 -0.519107  -0.670717  -0.509140   0.146434  -0.610228  -1.501507   0.001000
 -0.519107  -0.670717  -0.509140   0.146434  -0.610228  -1.501507   0.001000
 -0.519107  -0.670717  -0.509140   0.146434  -0.610228  -1.501507   0.001000
 -0.519107  -0.670717  -0.509140   0.146434  -0.610228  -1.501507   0.001000
 -0.519107  -0.670717  -0.509140   0.146434  -0.610228  -1.501507   0.001000
 -0.519107  -0.670717  -0.509140   0.146434  -0.610228  -1.501507   0.001000
 -0.519107  -0.670717  -0.509140   0.146434  -0.610228  -1.501507   0.001000
 -0.519107  -0.670717  -0.509140   0.146434  -0.610228  -1.501507   0.001000
 -0.519107  -0.670717  -0.509140   0.146434  -0.610228  -1.501507   0.001000
 -0.519107  -0.670717  -0.509140   0.146434  -0.610228  -1.501507   0.001000
 -0.519107  -0.670717  -0.509140   0.146434  -0.610228  -1.501507   0.001000
 -0.519107  -0.670717  -0.509140   0.146434  -0.610228  -1.501507   0.001000
 -0.519107  -0.670717  -0.509140   0.146434  -0.610228  -1.501507   0.001000
 -0.519107  -0.670717  -0.509140   0.146434  -0.610228  -1.501507   0.001000
 -0.519107  -0.670717  -0.509140   0.146434  -0.610228  -1.501507   0.001000
 -0.519107  -0.670717  -0.509140   0.146434  -0.610228  -1.501507   0.001000
 -0.519107  -0.670717  -0.509140   0.146434  -0.610228  -1.501507   0.001000
 -0.519107  -0.670717  -0.509140   0.146434  -0.610228  -1.501507   0.001000
 -0.527719  -0.676625  -0.483052   0.174217  -0.373325  -1.693149   0.001000
 -0.523792  -0.684436  -0.485925   0.145141  -0.259510  -1.596167   0.001000
 -0.524202  -0.676239  -0.491410   0.162573  -0.382518  -1.668340   0.001000
 -0.524202  -0.676239  -0.491410   0.162573  -0.382518  -1.668340   0.001000
 -0.508377  -0.691236  -0.487002   0.163018  -0.134568  -1.651434   0.001000
 -0.498158  -0.705556  -0.481059   0.150371  -0.252617  -1.692427   0.001000
 -0.528683  -0.672036  -0.501024   0.133557  -0.373846  -1.812652   0.001000
 -0.528683  -0.672036  -0.501024   0.133557  -0.373846  -1.812652   0.001000
 -0.528683  -0.672036  -0.501024   0.133557  -0.373846  -1.812652   0.001000
 -0.528683  -0.672036  -0.501024   0.133557  -0.373846  -1.812652   0.001000
 -0.525895  -0.675738  -0.496323   0.143096  -0.382264  -1.656120   0.001000
 -0.525895  -0.675738  -0.496323   0.143096  -0.382264  -1.656120   0.001000
 -0.525895  -0.675738  -0.496323   0.143096  -0.382264  -1.656120   0.001000
 -0.523562  -0.685787  -0.479082   0.161430  -0.253478  -1.692661   0.001000
 -0.523562  -0.685787  -0.479082   0.161430  -0.253478  -1.692661   0.001000
 -0.524267  -0.679084  -0.491491   0.149753  -0.365797  -1.819233   0.001000
 -0.524267  -0.679084  -0.491491   0.149753  -0.365797  -1.819233   0.001000
 -0.524267  -0.679084  -0.491491   0.149753  -0.365797  -1.819233   0.001000
 -0.524267  -0.679084  -0.491491   0.149753  -0.365797  -1.819233   0.001000
 -0.524131  -0.675818  -0.497431   0.145328  -0.484930  -1.762431   0.001000
 -0.524131  -0.675818  -0.497431   0.145328  -0.484930  -1.762431   0.001000
 -0.524131  -0.675818  -0.497431   0.145328  -0.484930  -1.762431   0.001000
 -0.524131  -0.675818  -0.497431   0.145328  -0.484930  -1.762431   0.001000
 -0.511926  -0.695464  -0.480085   0.154208  -0.292337  -1.680217   0.001000
 -0.515148  -0.690962  -0.476653   0.173193  -0.574341  -1.681780   0.001000
 -0.537232  -0.680717  -0.467250   0.172287  -0.717100  -1.699616   0.001000
 -0.523485  -0.679031  -0.489943   0.157592  -0.503215  -1.392723   0.001000
 -0.523485  -0.679031  -0.489943   0.157592  -0.503215  -1.392723   0.001000
 -0.523485  -0.679031  -0.489943   0.157592  -0.503215  -1.392723   0.001000
 -0.523485  -0.679031  -0.489943   0.157592  -0.503215  -1.392723   0.001000
 -0.523485  -0.679031  -0.489943   0.157592  -0.503215  -1.392723   0.001000
 -0.523485  -0.679031  -0.489943   0.157592  -0.503215  -1.392723   0.001000
 -0.523485  -0.679031  -0.489943   0.157592  -0.503215  -1.392723   0.001000
 -0.523485  -0.679031  -0.489943   0.157592  -0.503215  -1.392723   0.001000
 -0.523485  -0.679031  -0.489943   0.157592  -0.503215  -1.392723   0.001000
 -0.523485  -0.679031  -0.489943   0.157592  -0.503215  -1.392723   0.001000
 -0.523485  -0.679031  -0.489943   0.157592  -0.503215  -1.392723   0.001000
 -0.523485  -0.679031  -0.489943   0.157592  -0.503215  -1.392723   0.001000
 -0.523485  -0.679031  -0.489943   0.157592  -0.503215  -1.392723   0.001000
 -0.523485  -0.679031  -0.489943   0.157592  -0.503215  -1.392723   0.001000
 -0.523485  -0.679031  -0.489943   0.157592  -0.503215  -1.392723   0.001000
 -0.523485  -0.679031  -0.489943   0.157592  -0.503215  -1.392723   0.001000
 -0.523485  -0.679031  -0.489943   0.157592  -0.503215  -1.392723   0.001000
 -0.523485  -0.679031  -0.489943   0.157592  -0.503215  -1.392723   0.001000
 -0.523485  -0.679031  -0.489943   0.157592  -0.503215  -1.392723   0.001000
 -0.526583  -0.686252  -0.479473   0.147899  -0.554085  -1.435033   0.001000
 -0.527689  -0.668023  -0.504750   0.143238  -0.446543  -1.776158   0.001000
 -0.527689  -0.668023  -0.504750   0.143238  -0.446543  -1.776158   0.001000
 -0.523368  -0.659173  -0.519916   0.145821  -0.569836  -1.788735   0.001000
 -0.523368  -0.659173  -0.519916   0.145821  -0.569836  -1.788735   0.001000
 -0.508907  -0.698707  -0.476076   0.161785  -0.452915  -1.623059   0.001000
 -0.508907  -0.698707  -0.476076   0.161785  -0.452915  -1.623059   0.001000
 -0.508907  -0.698707  -0.476076   0.161785  -0.452915  -1.623059   0.001000
 -0.508907  -0.698707  -0.476076   0.161785  -0.452915  -1.623059   0.001000
 -0.531225  -0.684088  -0.471819   0.164954  -0.385704  -1.654096   0.001000
 -0.529170  -0.685389  -0.469959   0.171345  -0.460038  -1.691928   0.001000
 -0.509427  -0.705642  -0.454605   0.189439  -0.274205  -1.638255   0.001000
 -0.519345  -0.696040  -0.467100   0.166213  -0.580614  -1.736096   0.001000
 -0.511074  -0.694025  -0.481720   0.158361  -0.563393  -1.794301   0.001000
 -0.511074  -0.694025  -0.481720   0.158361  -0.563393  -1.794301   0.001000
 -0.511074  -0.694025  -0.481720   0.158361  -0.563393  -1.794301   0.001000
 -0.511074  -0.694025  -0.481720   0.158361  -0.563393  -1.794301   0.001000
 -0.515640  -0.716808  -0.434264   0.178092  -0.421466  -1.581683   0.001000
 -0.490681  -0.692206  -0.504881   0.158677  -0.410959  -1.524802   0.001000
 -0.523194  -0.680439  -0.489674   0.153265  -0.163738  -1.543147   0.001000
 -0.523194  -0.680439  -0.489674   0.153265  -0.163738  -1.543147   0.001000
 -0.528896  -0.665025  -0.503329   0.157069  -0.335478  -1.620659   0.001000
 -0.526996  -0.682546  -0.481953   0.155331  -0.488836  -1.853135   0.001000
 -0.526996  -0.682546  -0.481953   0.155331  -0.488836  -1.853135   0.001000
 -0.526996  -0.682546  -0.481953   0.155331  -0.488836  -1.853135   0.001000
 -0.526996  -0.682546  -0.481953   0.155331  -0.488836  -1.853135   0.001000
 -0.526996  -0.682546  -0.481953   0.155331  -0.488836  -1.853135   0.001000
 -0.521580  -0.677796  -0.497474   0.145140  -0.306163  -1.860140   0.001000
 -0.521580  -0.677796  -0.497474   0.145140  -0.306163  -1.860140   0.001000
 -0.521580  -0.677796  -0.497474   0.145140  -0.306163  -1.860140   0.001000
 -0.521580  -0.677796  -0.497474   0.145140  -0.306163  -1.860140   0.001000
 -0.533024  -0.680724  -0.475097   0.163657  -0.409162  -1.752809   0.001000
 -0.513485  -0.679011  -0.504820   0.142948  -0.313965  -1.550528   0.001000
 -0.513485  -0.679011  -0.504820   0.142948  -0.313965  -1.550528   0.001000
 -0.515402  -0.685050  -0.494276   0.144081  -0.244572  -1.515611   0.001000
 -0.522306  -0.686792  -0.474741   0.173593  -0.467526  -1.459462   0.001000
 -0.522306  -0.686792  -0.474741   0.173593  -0.467526  -1.459462   0.001000
 -0.516304  -0.675237  -0.502379   0.158431  -0.353167  -1.338619   0.001000
 -0.516304  -0.675237  -0.502379   0.158431  -0.353167  -1.338619   0.001000
 -0.516304  -0.675237  -0.502379   0.158431  -0.353167  -1.338619   0.001000
 -0.516304  -0.675237  -0.502379   0.158431  -0.353167  -1.338619   0.001000
 -0.518770  -0.681879  -0.487588   0.167859  -0.333797  -1.341966   0.001000
 -0.523382  -0.685542  -0.476940   0.169206  -0.266790  -1.374036   0.001000
 -0.506999  -0.692462  -0.487790   0.159717  -0.223763  -1.427037   0.001000
 -0.519738  -0.682174  -0.490202   0.155606  -0.366154  -1.364818   0.001000
 -0.525632  -0.679348  -0.485077   0.164005  -0.374677  -1.262484   0.001000
 -0.525632  -0.679348  -0.485077   0.164005  -0.374677  -1.262484   0.001000
 -0.525632  -0.679348  -0.485077   0.164005  -0.374677  -1.262484   0.001000
 -0.517393  -0.682922  -0.491749   0.155258   0.011678  -1.585348   0.001000
 -0.540385  -0.663819  -0.494052   0.152448  -0.353245  -1.769600   0.001000
 -0.528700  -0.654481  -0.516514   0.159201  -0.478066  -1.722516   0.001000
 -0.509829  -0.711594  -0.454553   0.164589  -0.512150  -1.466479   0.001000
 -0.522049  -0.692868  -0.466556   0.172406  -0.536434  -1.535900   0.001000
 -0.524409  -0.690681  -0.470012   0.164450  -0.548119  -1.666613   0.001000
 -0.524409  -0.690681  -0.470012   0.164450  -0.548119  -1.666613   0.001000
 -0.524409  -0.690681  -0.470012   0.164450  -0.548119  -1.666613   0.001000
 -0.522128  -0.686503  -0.478280   0.165359  -0.518770  -1.526083   0.001000
 -0.522128  -0.686503  -0.478280   0.165359  -0.518770  -1.526083   0.001000
 -0.522128  -0.686503  -0.478280   0.165359  -0.518770  -1.526083   0.001000
 -0.522128  -0.686503  -0.478280   0.165359  -0.518770  -1.526083   0.001000
 -0.522128  -0.686503  -0.478280   0.165359  -0.518770  -1.526083   0.001000
 -0.522128  -0.686503  -0.478280   0.165359  -0.518770  -1.526083   0.001000
 -0.522128  -0.686503  -0.478280   0.165359  -0.518770  -1.526083   0.001000
 -0.528044  -0.674802  -0.490023   0.160280  -0.434326  -1.594994   0.001000
 -0.528044  -0.674802  -0.490023   0.160280  -0.434326  -1.594994   0.001000
 -0.528044  -0.674802  -0.490023   0.160280  -0.434326  -1.594994   0.001000
 -0.528044  -0.674802  -0.490023   0.160280  -0.434326  -1.594994   0.001000
 -0.517978  -0.675992  -0.498481   0.162022  -0.316157  -1.506316   0.001000
 -0.529950  -0.677114  -0.475065   0.187034  -0.499967  -1.363783   0.001000
 -0.511394  -0.690377  -0.486065   0.159992  -0.275031  -1.492048   0.001000
 -0.511394  -0.690377  -0.486065   0.159992  -0.275031  -1.492048   0.001000
 -0.511394  -0.690377  -0.486065   0.159992  -0.275031  -1.492048   0.001000
 -0.511394  -0.690377  -0.486065   0.159992  -0.275031  -1.492048   0.001000
 -0.511394  -0.690377  -0.486065   0.159992  -0.275031  -1.492048   0.001000
 -0.518670  -0.678797  -0.500247   0.141309  -0.447016  -1.577269   0.001000
 -0.529393  -0.686018  -0.468533   0.172044  -0.315580  -1.699403   0.001000
 -0.534731  -0.678344  -0.476960   0.162547  -0.305890  -1.559744   0.001000
 -0.530974  -0.674796  -0.490138   0.149939  -0.444806  -1.443779   0.001000
 -0.530974  -0.674796  -0.490138   0.149939  -0.444806  -1.443779   0.001000
 -0.530974  -0.674796  -0.490138   0.149939  -0.444806  -1.443779   0.001000
 -0.530974  -0.674796  -0.490138   0.149939  -0.444806  -1.443779   0.001000
 -0.527084  -0.674271  -0.493146   0.156037  -0.324325  -1.561655   0.001000
 -0.527084  -0.674271  -0.493146   0.156037  -0.324325  -1.561655   0.001000
 -0.527084  -0.674271  -0.493146   0.156037  -0.324325  -1.561655   0.001000
 -0.527084  -0.674271  -0.493146   0.156037  -0.324325  -1.561655   0.001000
 -0.527084  -0.674271  -0.493146   0.156037  -0.324325  -1.561655   0.001000
 -0.527084  -0.674271  -0.493146   0.156037  -0.324325  -1.561655   0.001000
 -0.527084  -0.674271  -0.493146   0.156037  -0.324325  -1.561655   0.001000
 -0.527084  -0.674271  -0.493146   0.156037  -0.324325  -1.561655   0.001000
 -0.527084  -0.674271  -0.493146   0.156037  -0.324325  -1.561655   0.001000
 -0.527084  -0.674271  -0.493146   0.156037  -0.324325  -1.561655   0.001000
 -0.517778  -0.693562  -0.477244   0.152038  -0.440774  -1.555964   0.001000
 -0.508929  -0.681302  -0.504427   0.149574  -0.510394  -1.542849   0.001000
 -0.508929  -0.681302  -0.504427   0.149574  -0.510394  -1.542849   0.001000
 -0.502480  -0.670925  -0.510311   0.192238  -0.612223  -1.689733   0.001000
 -0.523334  -0.688496  -0.479116   0.150144  -0.653434  -1.736102   0.001000
 -0.519152  -0.686948  -0.479568   0.169108  -0.451390  -1.568737   0.001000
 -0.516744  -0.693279  -0.477104   0.157200  -0.499346  -1.646944   0.001000
 -0.516744  -0.693279  -0.477104   0.157200  -0.499346  -1.646944   0.001000
 -0.516744  -0.693279  -0.477104   0.157200  -0.499346  -1.646944   0.001000
 -0.516744  -0.693279  -0.477104   0.157200  -0.499346  -1.646944   0.001000
 -0.520973  -0.688280  -0.478716   0.160276  -0.516078  -1.626380   0.001000
 -0.526218  -0.687254  -0.473110   0.164141  -0.559035  -1.704880   0.001000
 -0.526218  -0.687254  -0.473110   0.164141  -0.559035  -1.704880   0.001000
 -0.526218  -0.687254  -0.473110   0.164141  -0.559035  -1.704880   0.001000
 -0.529218  -0.675204  -0.490583   0.152826  -0.503197  -1.712341   0.001000
 -0.529218  -0.675204  -0.490583   0.152826  -0.503197  -1.712341   0.001000
 -0.529218  -0.675204  -0.490583   0.152826  -0.503197  -1.712341   0.001000
 -0.529218  -0.675204  -0.490583   0.152826  -0.503197  -1.712341   0.001000
 -0.519680  -0.684264  -0.489390   0.149039  -0.449819  -1.565275   0.001000
 -0.519680  -0.684264  -0.489390   0.149039  -0.449819  -1.565275   0.001000
 -0.519680  -0.684264  -0.489390   0.149039  -0.449819  -1.565275   0.001000
 -0.542107  -0.660913  -0.497191   0.148713  -0.407623  -1.642489   0.001000
 -0.507969  -0.685513  -0.497206   0.157562  -0.564814  -1.792157   0.001000
 -0.507969  -0.685513  -0.497206   0.157562  -0.564814  -1.792157   0.001000
 -0.507969  -0.685513  -0.497206   0.157562  -0.564814  -1.792157   0.001000
 -0.527344  -0.671858  -0.483931   0.190591  -0.608816  -1.622892   0.001000
 -0.512684  -0.700709  -0.466895   0.167844  -0.410517  -1.660672   0.001000
 -0.493310  -0.672121  -0.524536   0.172514  -0.545410  -1.833277   0.001000
 -0.522096  -0.684194  -0.488415   0.144031  -0.547438  -1.594035   0.001000
 -0.522096  -0.684194  -0.488415   0.144031  -0.547438  -1.594035   0.001000
 -0.522096  -0.684194  -0.488415   0.144031  -0.547438  -1.594035   0.001000
 -0.522096  -0.684194  -0.488415   0.144031  -0.547438  -1.594035   0.001000
 -0.524498  -0.682030  -0.485332   0.155531  -0.474261  -1.421211   0.001000
 -0.524498  -0.682030  -0.485332   0.155531  -0.474261  -1.421211   0.001000
 -0.529269  -0.682685  -0.478529   0.157562  -0.548766  -1.408659   0.001000
 -0.527962  -0.681185  -0.482016   0.157810  -0.658686  -1.638142   0.001000
 -0.527962  -0.681185  -0.482016   0.157810  -0.658686  -1.638142   0.001000
 -0.527962  -0.681185  -0.482016   0.157810  -0.658686  -1.638142   0.001000
 -0.528610  -0.677413  -0.486430   0.158335  -0.677376  -1.647481   0.001000
 -0.519990  -0.686743  -0.484341   0.152996  -0.620164  -1.705544   0.001000
 -0.519990  -0.686743  -0.484341   0.152996  -0.620164  -1.705544   0.001000
 -0.519990  -0.686743  -0.484341   0.152996  -0.620164  -1.705544   0.001000
 -0.522100  -0.684419  -0.485601   0.152227  -0.682516  -1.662016   0.001000
 -0.522100  -0.684419  -0.485601   0.152227  -0.682516  -1.662016   0.001000
 -0.522100  -0.684419  -0.485601   0.152227  -0.682516  -1.662016   0.001000
 -0.522100  -0.684419  -0.485601   0.152227  -0.682516  -1.662016   0.001000
 -0.522100  -0.684419  -0.485601   0.152227  -0.682516  -1.662016   0.001000
 -0.522100  -0.684419  -0.485601   0.152227  -0.682516  -1.662016   0.001000
 -0.522100  -0.684419  -0.485601   0.152227  -0.682516  -1.662016   0.001000
 -0.522100  -0.684419  -0.485601   0.152227  -0.682516  -1.662016   0.001000
 -0.522100  -0.684419  -0.485601   0.152227  -0.682516  -1.662016   0.001000
 -0.522100  -0.684419  -0.485601   0.152227  -0.682516  -1.662016   0.001000
 -0.522100  -0.684419  -0.485601   0.152227  -0.682516  -1.662016   0.001000
 -0.522100  -0.684419  -0.485601   0.152227  -0.682516  -1.662016   0.001000
 -0.525888  -0.681146  -0.485521   0.154115  -0.596589  -1.582279   0.001000
 -0.525888  -0.681146  -0.485521   0.154115  -0.596589  -1.582279   0.001000
 -0.525888  -0.681146  -0.485521   0.154115  -0.596589  -1.582279   0.001000
 -0.525888  -0.681146  -0.485521   0.154115  -0.596589  -1.582279   0.001000
 -0.525888  -0.681146  -0.485521   0.154115  -0.596589  -1.582279   0.001000
 -0.525888  -0.681146  -0.485521   0.154115  -0.596589  -1.582279   0.001000
 -0.546757  -0.681542  -0.435361   0.216838  -0.629122  -1.594159   0.001000
 -0.522702  -0.677842  -0.494994   0.149311  -0.699514  -1.775832   0.001000
 -0.522702  -0.677842  -0.494994   0.149311  -0.699514  -1.775832   0.001000
 -0.522702  -0.677842  -0.494994   0.149311  -0.699514  -1.775832   0.001000
 -0.522702  -0.677842  -0.494994   0.149311  -0.699514  -1.775832   0.001000
 -0.522702  -0.677842  -0.494994   0.149311  -0.699514  -1.775832   0.001000
 -0.522702  -0.677842  -0.494994   0.149311  -0.699514  -1.775832   0.001000
 -0.522702  -0.677842  -0.494994   0.149311  -0.699514  -1.775832   0.001000
 -0.522702  -0.677842  -0.494994   0.149311  -0.699514  -1.775832   0.001000
 -0.522702  -0.677842  -0.494994   0.149311  -0.699514  -1.775832   0.001000
 -0.522702  -0.677842  -0.494994   0.149311  -0.699514  -1.775832   0.001000
 -0.522702  -0.677842  -0.494994   0.149311  -0.699514  -1.775832   0.001000
 -0.522702  -0.677842  -0.494994   0.149311  -0.699514  -1.775832   0.001000
 -0.522702  -0.677842  -0.494994   0.149311  -0.699514  -1.775832   0.001000
 -0.522702  -0.677842  -0.494994   0.149311  -0.699514  -1.775832   0.001000
 -0.522702  -0.677842  -0.494994   0.149311  -0.699514  -1.775832   0.001000
 -0.522702  -0.677842  -0.494994   0.149311  -0.699514  -1.775832   0.001000
 -0.522702  -0.677842  -0.494994   0.149311  -0.699514  -1.775832   0.001000
 -0.513080  -0.695720  -0.471425   0.174590  -0.728304  -1.490524   0.001000
 -0.513937  -0.679061  -0.504874   0.140881  -0.679672  -1.397352   0.001000
 -0.513937  -0.679061  -0.504874   0.140881  -0.679672  -1.397352   0.001000
 -0.513937  -0.679061  -0.504874   0.140881  -0.679672  -1.397352   0.001000
 -0.513937  -0.679061  -0.504874   0.140881  -0.679672  -1.397352   0.001000
 -0.513937  -0.679061  -0.504874   0.140881  -0.679672  -1.397352   0.001000
 -0.513937  -0.679061  -0.504874   0.140881  -0.679672  -1.397352   0.001000
 -0.513937  -0.679061  -0.504874   0.140881  -0.679672  -1.397352   0.001000
 -0.513937  -0.679061  -0.504874   0.140881  -0.679672  -1.397352   0.001000
 -0.513937  -0.679061  -0.504874   0.140881  -0.679672  -1.397352   0.001000
 -0.513937  -0.679061  -0.504874   0.140881  -0.679672  -1.397352   0.001000
 -0.513937  -0.679061  -0.504874   0.140881  -0.679672  -1.397352   0.001000
 -0.513937  -0.679061  -0.504874   0.140881  -0.679672  -1.397352   0.001000
 -0.513937  -0.679061  -0.504874   0.140881  -0.679672  -1.397352   0.001000
 -0.513937  -0.679061  -0.504874   0.140881  -0.679672  -1.397352   0.001000
 -0.510114  -0.677278  -0.509816   0.145487  -0.681469  -1.355145   0.001000
 -0.510114  -0.677278  -0.509816   0.145487  -0.681469  -1.355145   0.001000
 -0.485466  -0.755213  -0.371450   0.236645  -0.607359  -1.371648   0.001000
 -0.485466  -0.755213  -0.371450   0.236645  -0.607359  -1.371648   0.001000
 -0.528118  -0.679718  -0.483926   0.157770  -0.699399  -1.441491   0.001000
 -0.503301  -0.671403  -0.512482   0.182396  -0.594782  -1.358304   0.001000
 -0.518317  -0.674092  -0.505542   0.146201  -0.603572  -1.437607   0.001000
 -0.518317  -0.674092  -0.505542   0.146201  -0.603572  -1.437607   0.001000
 -0.518317  -0.674092  -0.505542   0.146201  -0.603572  -1.437607   0.001000
 -0.518317  -0.674092  -0.505542   0.146201  -0.603572  -1.437607   0.001000
 -0.518317  -0.674092  -0.505542   0.146201  -0.603572  -1.437607   0.001000
 -0.518317  -0.674092  -0.505542   0.146201  -0.603572  -1.437607   0.001000
 -0.518317  -0.674092  -0.505542   0.146201  -0.603572  -1.437607   0.001000
 -0.518317  -0.674092  -0.505542   0.146201  -0.603572  -1.437607   0.001000
 -0.518317  -0.674092  -0.505542   0.146201  -0.603572  -1.437607   0.001000
 -0.518317  -0.674092  -0.505542   0.146201  -0.603572  -1.437607   0.001000
 -0.518317  -0.674092  -0.505542   0.146201  -0.603572  -1.437607   0.001000
 -0.518317  -0.674092  -0.505542   0.146201  -0.603572  -1.437607   0.001000
 -0.518317  -0.674092  -0.505542   0.146201  -0.603572  -1.437607   0.001000
 -0.518317  -0.674092  -0.505542   0.146201  -0.603572  -1.437607   0.001000
 -0.518317  -0.674092  -0.505542   0.146201  -0.603572  -1.437607   0.001000
 -0.518317  -0.674092  -0.505542   0.146201  -0.603572  -1.437607   0.001000
 -0.518317  -0.674092  -0.505542   0.146201  -0.603572  -1.437607   0.001000
 -0.518317  -0.674092  -0.505542   0.146201  -0.603572  -1.437607   0.001000
 -0.518317  -0.674092  -0.505542   0.146201  -0.603572  -1.437607   0.001000
 -0.518317  -0.674092  -0.505542   0.146201  -0.603572  -1.437607   0.001000
 -0.518317  -0.674092  -0.505542   0.146201  -0.603572  -1.437607   0.001000
 -0.518317  -0.674092  -0.505542   0.146201  -0.603572  -1.437607   0.001000
 -0.518317  -0.674092  -0.505542   0.146201  -0.603572  -1.437607   0.001000
 -0.518317  -0.674092  -0.505542   0.146201  -0.603572  -1.437607   0.001000
 -0.518317  -0.674092  -0.505542   0.146201  -0.603572  -1.437607   0.001000
 -0.518317  -0.674092  -0.505542   0.146201  -0.603572  -1.437607   0.001000
 -0.518317  -0.674092  -0.505542   0.146201  -0.603572  -1.437607   0.001000
 -0.518317  -0.674092  -0.505542   0.146201  -0.603572  -1.437607   0.001000
 -0.518317  -0.674092  -0.505542   0.146201  -0.603572  -1.437607   0.001000
 -0.518317  -0.674092  -0.505542   0.146201  -0.603572  -1.437607   0.001000
 -0.518317  -0.674092  -0.505542   0.146201  -0.603572  -1.437607   0.001000
 -0.518317  -0.674092  -0.505542   0.146201  -0.603572  -1.437607   0.001000
 -0.518317  -0.674092  -0.505542   0.146201  -0.603572  -1.437607   0.001000
 -0.518317  -0.674092  -0.505542   0.146201  -0.603572  -1.437607   0.001000
 -0.518317  -0.674092  -0.505542   0.146201  -0.603572  -1.437607   0.001000
 -0.515358  -0.685397  -0.494324   0.142414  -0.609462  -1.241910   0.001000
 -0.515358  -0.685397  -0.494324   0.142414  -0.609462  -1.241910   0.001000
 -0.515358  -0.685397  -0.494324   0.142414  -0.609462  -1.241910   0.001000
 -0.515358  -0.685397  -0.494324   0.142414  -0.609462  -1.241910   0.001000
 -0.515358  -0.685397  -0.494324   0.142414  -0.609462  -1.241910   0.001000
 -0.528113  -0.656170  -0.520971   0.138298  -0.782739  -1.360643   0.001000
 -0.526746  -0.669063  -0.500230   0.157044  -0.572033  -1.397900   0.001000
 -0.526746  -0.669063  -0.500230   0.157044  -0.572033  -1.397900   0.001000
 -0.526746  -0.669063  -0.500230   0.157044  -0.572033  -1.397900   0.001000
 -0.533476  -0.666741  -0.500102   0.144077  -0.536696  -1.354145   0.001000
 -0.533476  -0.666741  -0.500102   0.144077  -0.536696  -1.354145   0.001000
 -0.533476  -0.666741  -0.500102   0.144077  -0.536696  -1.354145   0.001000
 -0.533476  -0.666741  -0.500102   0.144077  -0.536696  -1.354145   0.001000
 -0.533476  -0.666741  -0.500102   0.144077  -0.536696  -1.354145   0.001000
 -0.533476  -0.666741  -0.500102   0.144077  -0.536696  -1.354145   0.001000
 -0.533476  -0.666741  -0.500102   0.144077  -0.536696  -1.354145   0.001000
 -0.533476  -0.666741  -0.500102   0.144077  -0.536696  -1.354145   0.001000
 -0.533476  -0.666741  -0.500102   0.144077  -0.536696  -1.354145   0.001000
 -0.533476  -0.666741  -0.500102   0.144077  -0.536696  -1.354145   0.001000
 -0.512108  -0.684655  -0.499493   0.139642  -0.696502  -1.396732   0.001000
 -0.512108  -0.684655  -0.499493   0.139642  -0.696502  -1.396732   0.001000
 -0.508987  -0.688057  -0.493784   0.153905  -0.750533  -1.318191   0.001000
 -0.518930  -0.673916  -0.507101   0.139276  -0.621423  -1.315938   0.001000
 -0.518930  -0.673916  -0.507101   0.139276  -0.621423  -1.315938   0.001000
 -0.518930  -0.673916  -0.507101   0.139276  -0.621423  -1.315938   0.001000
 -0.518930  -0.673916  -0.507101   0.139276  -0.621423  -1.315938   0.001000
 -0.506569  -0.676750  -0.510551   0.157275  -0.592555  -1.444394   0.001000
 -0.506569  -0.676750  -0.510551   0.157275  -0.592555  -1.444394   0.001000
 -0.493190  -0.746457  -0.373897   0.244471  -0.609294  -1.586934   0.001000
 -0.515069  -0.682447  -0.497261   0.147315  -0.661604  -1.678347   0.001000
 -0.515069  -0.682447  -0.497261   0.147315  -0.661604  -1.678347   0.001000
 -0.515069  -0.682447  -0.497261   0.147315  -0.661604  -1.678347   0.001000
 -0.518837  -0.672088  -0.508116   0.144650  -0.579262  -1.554344   0.001000
 -0.518837  -0.672088  -0.508116   0.144650  -0.579262  -1.554344   0.001000
 -0.518837  -0.672088  -0.508116   0.144650  -0.579262  -1.554344   0.001000
 -0.518837  -0.672088  -0.508116   0.144650  -0.579262  -1.554344   0.001000
 -0.518837  -0.672088  -0.508116   0.144650  -0.579262  -1.554344   0.001000
 -0.518837  -0.672088  -0.508116   0.144650  -0.579262  -1.554344   0.001000
 -0.518837  -0.672088  -0.508116   0.144650  -0.579262  -1.554344   0.001000
 -0.518837  -0.672088  -0.508116   0.144650  -0.579262  -1.554344   0.001000
 -0.518837  -0.672088  -0.508116   0.144650  -0.579262  -1.554344   0.001000
 -0.518837  -0.672088  -0.508116   0.144650  -0.579262  -1.554344   0.001000
 -0.518837  -0.672088  -0.508116   0.144650  -0.579262  -1.554344   0.001000
 -0.518837  -0.672088  -0.508116   0.144650  -0.579262  -1.554344   0.001000
 -0.518837  -0.672088  -0.508116   0.144650  -0.579262  -1.554344   0.001000
 -0.518837  -0.672088  -0.508116   0.144650  -0.579262  -1.554344   0.001000
 -0.518837  -0.672088  -0.508116   0.144650  -0.579262  -1.554344   0.001000
 -0.518837  -0.672088  -0.508116   0.144650  -0.579262  -1.554344   0.001000
 -0.518837  -0.672088  -0.508116   0.144650  -0.579262  -1.554344   0.001000
 -0.518837  -0.672088  -0.508116   0.144650  -0.579262  -1.554344   0.001000
 -0.518837  -0.672088  -0.508116   0.144650  -0.579262  -1.554344   0.001000
 -0.518837  -0.672088  -0.508116   0.144650  -0.579262  -1.554344   0.001000
 -0.518837  -0.672088  -0.508116   0.144650  -0.579262  -1.554344   0.001000
 -0.518837  -0.672088  -0.508116   0.144650  -0.579262  -1.554344   0.001000
 -0.518837  -0.672088  -0.508116   0.144650  -0.579262  -1.554344   0.001000
 -0.518837  -0.672088  -0.508116   0.144650  -0.579262  -1.554344   0.001000
 -0.518837  -0.672088  -0.508116   0.144650  -0.579262  -1.554344   0.001000
 -0.521391  -0.670080  -0.508244   0.144335  -0.496900  -1.755200   0.001000
 -0.526684  -0.665953  -0.507740   0.145982  -0.650996  -1.592153   0.001000
 -0.526684  -0.665953  -0.507740   0.145982  -0.650996  -1.592153   0.001000
 -0.526684  -0.665953  -0.507740   0.145982  -0.650996  -1.592153   0.001000
 -0.526684  -0.665953  -0.507740   0.145982  -0.650996  -1.592153   0.001000
 -0.526684  -0.665953  -0.507740   0.145982  -0.650996  -1.592153   0.001000
 -0.526684  -0.665953  -0.507740   0.145982  -0.650996  -1.592153   0.001000
 -0.526684  -0.665953  -0.507740   0.145982  -0.650996  -1.592153   0.001000
 -0.526684  -0.665953  -0.507740   0.145982  -0.650996  -1.592153   0.001000
 -0.526684  -0.665953  -0.507740   0.145982  -0.650996  -1.592153   0.001000
 -0.526684  -0.665953  -0.507740   0.145982  -0.650996  -1.592153   0.001000
 -0.526684  -0.665953  -0.507740   0.145982  -0.650996  -1.592153   0.001000
 -0.526684  -0.665953  -0.507740   0.145982  -0.650996  -1.592153   0.001000
 -0.526684  -0.665953  -0.507740   0.145982  -0.650996  -1.592153   0.001000
 -0.514715  -0.675638  -0.505390   0.152195  -0.485992  -1.691432   0.001000
 -0.519868  -0.670602  -0.511696   0.134901  -0.636526  -1.588386   0.001000
 -0.519868  -0.670602  -0.511696   0.134901  -0.636526  -1.588386   0.001000
 -0.519868  -0.670602  -0.511696   0.134901  -0.636526  -1.588386   0.001000
 -0.519868  -0.670602  -0.511696   0.134901  -0.636526  -1.588386   0.001000
 -0.519868  -0.670602  -0.511696   0.134901  -0.636526  -1.588386   0.001000
 -0.521865  -0.672200  -0.503123   0.150568  -0.461463  -1.628805   0.001000
 -0.521865  -0.672200  -0.503123   0.150568  -0.461463  -1.628805   0.001000
 -0.521865  -0.672200  -0.503123   0.150568  -0.461463  -1.628805   0.001000
 -0.511984  -0.683386  -0.499065   0.147618  -0.623416  -1.701984   0.001000
 -0.511984  -0.683386  -0.499065   0.147618  -0.623416  -1.701984   0.001000
 -0.541593  -0.663958  -0.498511   0.131617  -0.735644  -1.518760   0.001000
 -0.523190  -0.678986  -0.490570   0.156818  -0.474485  -1.492687   0.001000
 -0.523190  -0.678986  -0.490570   0.156818  -0.474485  -1.492687   0.001000
 -0.523190  -0.678986  -0.490570   0.156818  -0.474485  -1.492687   0.001000
 -0.523190  -0.678986  -0.490570   0.156818  -0.474485  -1.492687   0.001000
 -0.523190  -0.678986  -0.490570   0.156818  -0.474485  -1.492687   0.001000
 -0.523190  -0.678986  -0.490570   0.156818  -0.474485  -1.492687   0.001000
 -0.523190  -0.678986  -0.490570   0.156818  -0.474485  -1.492687   0.001000
 -0.523190  -0.678986  -0.490570   0.156818  -0.474485  -1.492687   0.001000
 -0.523190  -0.678986  -0.490570   0.156818  -0.474485  -1.492687   0.001000
 -0.523190  -0.678986  -0.490570   0.156818  -0.474485  -1.492687   0.001000
 -0.523190  -0.678986  -0.490570   0.156818  -0.474485  -1.492687   0.001000
 -0.523190  -0.678986  -0.490570   0.156818  -0.474485  -1.492687   0.001000
 -0.523190  -0.678986  -0.490570   0.156818  -0.474485  -1.492687   0.001000
 -0.523190  -0.678986  -0.490570   0.156818  -0.474485  -1.492687   0.001000
 -0.523190  -0.678986  -0.490570   0.156818  -0.474485  -1.492687   0.001000
 -0.523190  -0.678986  -0.490570   0.156818  -0.474485  -1.492687   0.001000
 -0.523190  -0.678986  -0.490570   0.156818  -0.474485  -1.492687   0.001000
 -0.523190  -0.678986  -0.490570   0.156818  -0.474485  -1.492687   0.001000
 -0.523190  -0.678986  -0.490570   0.156818  -0.474485  -1.492687   0.001000
 -0.523190  -0.678986  -0.490570   0.156818  -0.474485  -1.492687   0.001000
 -0.523190  -0.678986  -0.490570   0.156818  -0.474485  -1.492687   0.001000
 -0.523190  -0.678986  -0.490570   0.156818  -0.474485  -1.492687   0.001000
 -0.523190  -0.678986  -0.490570   0.156818  -0.474485  -1.492687   0.001000
 -0.523190  -0.678986  -0.490570   0.156818  -0.474485  -1.492687   0.001000
 -0.523190  -0.678986  -0.490570   0.156818  -0.474485  -1.492687   0.001000
 -0.523190  -0.678986  -0.490570   0.156818  -0.474485  -1.492687   0.001000
 -0.523190  -0.678986  -0.490570   0.156818  -0.474485  -1.492687   0.001000
 -0.523190  -0.678986  -0.490570   0.156818  -0.474485  -1.492687   0.001000
 -0.523190  -0.678986  -0.490570   0.156818  -0.474485  -1.492687   0.001000
 -0.523190  -0.678986  -0.490570   0.156818  -0.474485  -1.492687   0.001000
 -0.523190  -0.678986  -0.490570   0.156818  -0.474485  -1.492687   0.001000
 -0.523190  -0.678986  -0.490570   0.156818  -0.474485  -1.492687   0.001000
 -0.523190  -0.678986  -0.490570   0.156818  -0.474485  -1.492687   0.001000
 -0.523190  -0.678986  -0.490570   0.156818  -0.474485  -1.492687   0.001000
 -0.523190  -0.678986  -0.490570   0.156818  -0.474485  -1.492687   0.001000
 -0.523190  -0.678986  -0.490570   0.156818  -0.474485  -1.492687   0.001000
 -0.523190  -0.678986  -0.490570   0.156818  -0.474485  -1.492687   0.001000
 -0.523190  -0.678986  -0.490570   0.156818  -0.474485  -1.492687   0.001000
 -0.523190  -0.678986  -0.490570   0.156818  -0.474485  -1.492687   0.001000
 -0.523190  -0.678986  -0.490570   0.156818  -0.474485  -1.492687   0.001000
 -0.523190  -0.678986  -0.490570   0.156818  -0.474485  -1.492687   0.001000
 -0.523190  -0.678986  -0.490570   0.156818  -0.474485  -1.492687   0.001000
 -0.523190  -0.678986  -0.490570   0.156818  -0.474485  -1.492687   0.001000
 -0.523190  -0.678986  -0.490570   0.156818  -0.474485  -1.492687   0.001000
 -0.523190  -0.678986  -0.490570   0.156818  -0.474485  -1.492687   0.001000
 -0.523190  -0.678986  -0.490570   0.156818  -0.474485  -1.492687   0.001000
 -0.506113  -0.674471  -0.521966   0.128413  -0.592052  -1.553949   0.001000
 -0.506113  -0.674471  -0.521966   0.128413  -0.592052  -1.553949   0.001000
 -0.506113  -0.674471  -0.521966   0.128413  -0.592052  -1.553949   0.001000
 -0.520044  -0.674403  -0.505008   0.140362  -0.576448  -1.464052   0.001000
 -0.520044  -0.674403  -0.505008   0.140362  -0.576448  -1.464052   0.001000
 -0.520044  -0.674403  -0.505008   0.140362  -0.576448  -1.464052   0.001000
 -0.520044  -0.674403  -0.505008   0.140362  -0.576448  -1.464052   0.001000
 -0.520044  -0.674403  -0.505008   0.140362  -0.576448  -1.464052   0.001000
 -0.520044  -0.674403  -0.505008   0.140362  -0.576448  -1.464052   0.001000
 -0.520044  -0.674403  -0.505008   0.140362  -0.576448  -1.464052   0.001000
 -0.520044  -0.674403  -0.505008   0.140362  -0.576448  -1.464052   0.001000
 -0.520044  -0.674403  -0.505008   0.140362  -0.576448  -1.464052   0.001000
 -0.520044  -0.674403  -0.505008   0.140362  -0.576448  -1.464052   0.001000
 -0.520044  -0.674403  -0.505008   0.140362  -0.576448  -1.464052   0.001000
 -0.520044  -0.674403  -0.505008   0.140362  -0.576448  -1.464052   0.001000
 -0.520044  -0.674403  -0.505008   0.140362  -0.576448  -1.464052   0.001000
 -0.520044  -0.674403  -0.505008   0.140362  -0.576448  -1.464052   0.001000
 -0.520044  -0.674403  -0.505008   0.140362  -0.576448  -1.464052   0.001000
 -0.520044  -0.674403  -0.505008   0.140362  -0.576448  -1.464052   0.001000
 -0.520044  -0.674403  -0.505008   0.140362  -0.576448  -1.464052   0.001000
 -0.520044  -0.674403  -0.505008   0.140362  -0.576448  -1.464052   0.001000
 -0.520044  -0.674403  -0.505008   0.140362  -0.576448  -1.464052   0.001000
 -0.520044  -0.674403  -0.505008   0.140362  -0.576448  -1.464052   0.001000
 -0.520044  -0.674403  -0.505008   0.140362  -0.576448  -1.464052   0.001000
 -0.520044  -0.674403  -0.505008   0.140362  -0.576448  -1.464052   0.001000
 -0.520044  -0.674403  -0.505008   0.140362  -0.576448  -1.464052   0.001000
 -0.520044  -0.674403  -0.505008   0.140362  -0.576448  -1.464052   0.001000
 -0.520044  -0.674403  -0.505008   0.140362  -0.576448  -1.464052   0.001000
 -0.520044  -0.674403  -0.505008   0.140362  -0.576448  -1.464052   0.001000
 -0.520044  -0.674403  -0.505008   0.140362  -0.576448  -1.464052   0.001000
 -0.520044  -0.674403  -0.505008   0.140362  -0.576448  -1.464052   0.001000
 -0.520044  -0.674403  -0.505008   0.140362  -0.576448  -1.464052   0.001000
 -0.520044  -0.674403  -0.505008   0.140362  -0.576448  -1.464052   0.001000
 -0.520044  -0.674403  -0.505008   0.140362  -0.576448  -1.464052   0.001000
 -0.520044  -0.674403  -0.505008   0.140362  -0.576448  -1.464052   0.001000
 -0.520044  -0.674403  -0.505008   0.140362  -0.576448  -1.464052   0.001000
 -0.520044  -0.674403  -0.505008   0.140362  -0.576448  -1.464052   0.001000
 -0.520044  -0.674403  -0.505008   0.140362  -0.576448  -1.464052   0.001000
 -0.520044  -0.674403  -0.505008   0.140362  -0.576448  -1.464052   0.001000
 -0.520044  -0.674403  -0.505008   0.140362  -0.576448  -1.464052   0.001000
 -0.520044  -0.674403  -0.505008   0.140362  -0.576448  -1.464052   0.001000
 -0.520044  -0.674403  -0.505008   0.140362  -0.576448  -1.464052   0.001000
 -0.520044  -0.674403  -0.505008   0.140362  -0.576448  -1.464052   0.001000
 -0.520044  -0.674403  -0.505008   0.140362  -0.576448  -1.464052   0.001000
 -0.520044  -0.674403  -0.505008   0.140362  -0.576448  -1.464052   0.001000
 -0.520044  -0.674403  -0.505008   0.140362  -0.576448  -1.464052   0.001000
 -0.520044  -0.674403  -0.505008   0.140362  -0.576448  -1.464052   0.001000
 -0.479667  -0.768616  -0.363948   0.216082  -0.485469  -1.490951   0.001000
 -0.479667  -0.768616  -0.363948   0.216082  -0.485469  -1.490951   0.001000
 -0.479667  -0.768616  -0.363948   0.216082  -0.485469  -1.490951   0.001000
 -0.479667  -0.768616  -0.363948   0.216082  -0.485469  -1.490951   0.001000
 -0.479667  -0.768616  -0.363948   0.216082  -0.485469  -1.490951   0.001000
 -0.528393  -0.682760  -0.480868   0.152988  -0.518578  -1.473887   0.001000
 -0.528393  -0.682760  -0.480868   0.152988  -0.518578  -1.473887   0.001000
 -0.512496  -0.685598  -0.493883   0.152916  -0.540620  -1.552687   0.001000
 -0.512496  -0.685598  -0.493883   0.152916  -0.540620  -1.552687   0.001000
 -0.512496  -0.685598  -0.493883   0.152916  -0.540620  -1.552687   0.001000
 -0.512496  -0.685598  -0.493883   0.152916  -0.540620  -1.552687   0.001000
 -0.512496  -0.685598  -0.493883   0.152916  -0.540620  -1.552687   0.001000
 -0.512496  -0.685598  -0.493883   0.152916  -0.540620  -1.552687   0.001000
 -0.512496  -0.685598  -0.493883   0.152916  -0.540620  -1.552687   0.001000
 -0.512496  -0.685598  -0.493883   0.152916  -0.540620  -1.552687   0.001000
 -0.512496  -0.685598  -0.493883   0.152916  -0.540620  -1.552687   0.001000
 -0.515851  -0.682031  -0.494016   0.157098  -0.546223  -1.575665   0.001000
 -0.515851  -0.682031  -0.494016   0.157098  -0.546223  -1.575665   0.001000
 -0.515851  -0.682031  -0.494016   0.157098  -0.546223  -1.575665   0.001000
 -0.515851  -0.682031  -0.494016   0.157098  -0.546223  -1.575665   0.001000
 -0.515851  -0.682031  -0.494016   0.157098  -0.546223  -1.575665   0.001000
 -0.515851  -0.682031  -0.494016   0.157098  -0.546223  -1.575665   0.001000
 -0.515851  -0.682031  -0.494016   0.157098  -0.546223  -1.575665   0.001000
 -0.515851  -0.682031  -0.494016   0.157098  -0.546223  -1.575665   0.001000
 -0.515851  -0.682031  -0.494016   0.157098  -0.546223  -1.575665   0.001000
 -0.515851  -0.682031  -0.494016   0.157098  -0.546223  -1.575665   0.001000
 -0.515851  -0.682031  -0.494016   0.157098  -0.546223  -1.575665   0.001000
 -0.515851  -0.682031  -0.494016   0.157098  -0.546223  -1.575665   0.001000
 -0.515851  -0.682031  -0.494016   0.157098  -0.546223  -1.575665   0.001000
 -0.515851  -0.682031  -0.494016   0.157098  -0.546223  -1.575665   0.001000
 -0.515851  -0.682031  -0.494016   0.157098  -0.546223  -1.575665   0.001000
 -0.515851  -0.682031  -0.494016   0.157098  -0.546223  -1.575665   0.001000
 -0.515851  -0.682031  -0.494016   0.157098  -0.546223  -1.575665   0.001000
 -0.515851  -0.682031  -0.494016   0.157098  -0.546223  -1.575665   0.001000
 -0.515851  -0.682031  -0.494016   0.157098  -0.546223  -1.575665   0.001000
 -0.515851  -0.682031  -0.494016   0.157098  -0.546223  -1.575665   0.001000
 -0.515851  -0.682031  -0.494016   0.157098  -0.546223  -1.575665   0.001000
 -0.515851  -0.682031  -0.494016   0.157098  -0.546223  -1.575665   0.001000
 -0.515851  -0.682031  -0.494016   0.157098  -0.546223  -1.575665   0.001000
 -0.515851  -0.682031  -0.494016   0.157098  -0.546223  -1.575665   0.001000
 -0.515851  -0.682031  -0.494016   0.157098  -0.546223  -1.575665   0.001000
 -0.515851  -0.682031  -0.494016   0.157098  -0.546223  -1.575665   0.001000
 -0.515851  -0.682031  -0.494016   0.157098  -0.546223  -1.575665   0.001000
 -0.515851  -0.682031  -0.494016   0.157098  -0.546223  -1.575665   0.001000
 -0.515851  -0.682031  -0.494016   0.157098  -0.546223  -1.575665   0.001000
 -0.515851  -0.682031  -0.494016   0.157098  -0.546223  -1.575665   0.001000
 -0.515851  -0.682031  -0.494016   0.157098  -0.546223  -1.575665   0.001000
 -0.515851  -0.682031  -0.494016   0.157098  -0.546223  -1.575665   0.001000
 -0.515851  -0.682031  -0.494016   0.157098  -0.546223  -1.575665   0.001000
 -0.515851  -0.682031  -0.494016   0.157098  -0.546223  -1.575665   0.001000
 -0.515851  -0.682031  -0.494016   0.157098  -0.546223  -1.575665   0.001000
 -0.515851  -0.682031  -0.494016   0.157098  -0.546223  -1.575665   0.001000
 -0.515851  -0.682031  -0.494016   0.157098  -0.546223  -1.575665   0.001000
 -0.515851  -0.682031  -0.494016   0.157098  -0.546223  -1.575665   0.001000
 -0.515851  -0.682031  -0.494016   0.157098  -0.546223  -1.575665   0.001000
 -0.515851  -0.682031  -0.494016   0.157098  -0.546223  -1.575665   0.001000
 -0.515851  -0.682031  -0.494016   0.157098  -0.546223  -1.575665   0.001000
 -0.515851  -0.682031  -0.494016   0.157098  -0.546223  -1.575665   0.001000
 -0.515851  -0.682031  -0.494016   0.157098  -0.546223  -1.575665   0.001000
 -0.515851  -0.682031  -0.494016   0.157098  -0.546223  -1.575665   0.001000
 -0.515851  -0.682031  -0.494016   0.157098  -0.546223  -1.575665   0.001000
 -0.515851  -0.682031  -0.494016   0.157098  -0.546223  -1.575665   0.001000
 -0.515851  -0.682031  -0.494016   0.157098  -0.546223  -1.575665   0.001000
 -0.515851  -0.682031  -0.494016   0.157098  -0.546223  -1.575665   0.001000
 -0.515851  -0.682031  -0.494016   0.157098  -0.546223  -1.575665   0.001000
 -0.515851  -0.682031  -0.494016   0.157098  -0.546223  -1.575665   0.001000
 -0.524245  -0.672214  -0.499070   0.155642  -0.697999  -1.421915   0.001000
 -0.524245  -0.672214  -0.499070   0.155642  -0.697999  -1.421915   0.001000
 -0.524245  -0.672214  -0.499070   0.155642  -0.697999  -1.421915   0.001000
 -0.524245  -0.672214  -0.499070   0.155642  -0.697999  -1.421915   0.001000
 -0.524245  -0.672214  -0.499070   0.155642  -0.697999  -1.421915   0.001000
 -0.524245  -0.672214  -0.499070   0.155642  -0.697999  -1.421915   0.001000
 -0.524245  -0.672214  -0.499070   0.155642  -0.697999  -1.421915   0.001000
 -0.524245  -0.672214  -0.499070   0.155642  -0.697999  -1.421915   0.001000
 -0.524245  -0.672214  -0.499070   0.155642  -0.697999  -1.421915   0.001000
 -0.524245  -0.672214  -0.499070   0.155642  -0.697999  -1.421915   0.001000
 -0.524245  -0.672214  -0.499070   0.155642  -0.697999  -1.421915   0.001000
 -0.524245  -0.672214  -0.499070   0.155642  -0.697999  -1.421915   0.001000
 -0.524245  -0.672214  -0.499070   0.155642  -0.697999  -1.421915   0.001000
 -0.524245  -0.672214  -0.499070   0.155642  -0.697999  -1.421915   0.001000
 -0.507082  -0.693279  -0.486091   0.161082  -0.589898  -1.536805   0.001000
 -0.507082  -0.693279  -0.486091   0.161082  -0.589898  -1.536805   0.001000
 -0.507082  -0.693279  -0.486091   0.161082  -0.589898  -1.536805   0.001000
 -0.496026  -0.685939  -0.507401   0.161213  -0.593657  -1.483923   0.001000
 -0.525517  -0.675442  -0.498332   0.138834  -0.664716  -1.479620   0.001000
 -0.525517  -0.675442  -0.498332   0.138834  -0.664716  -1.479620   0.001000
 -0.525517  -0.675442  -0.498332   0.138834  -0.664716  -1.479620   0.001000
 -0.525517  -0.675442  -0.498332   0.138834  -0.664716  -1.479620   0.001000
 -0.525517  -0.675442  -0.498332   0.138834  -0.664716  -1.479620   0.001000
 -0.525517  -0.675442  -0.498332   0.138834  -0.664716  -1.479620   0.001000
 -0.525517  -0.675442  -0.498332   0.138834  -0.664716  -1.479620   0.001000
 -0.525517  -0.675442  -0.498332   0.138834  -0.664716  -1.479620   0.001000
 -0.514483  -0.682939  -0.491731   0.164627  -0.591799  -1.467729   0.001000
 -0.513061  -0.678511  -0.501883   0.156538  -0.558176  -1.495063   0.001000
 -0.513061  -0.678511  -0.501883   0.156538  -0.558176  -1.495063   0.001000
 -0.513061  -0.678511  -0.501883   0.156538  -0.558176  -1.495063   0.001000
 -0.513061  -0.678511  -0.501883   0.156538  -0.558176  -1.495063   0.001000
 -0.513061  -0.678511  -0.501883   0.156538  -0.558176  -1.495063   0.001000
 -0.513061  -0.678511  -0.501883   0.156538  -0.558176  -1.495063   0.001000
 -0.513061  -0.678511  -0.501883   0.156538  -0.558176  -1.495063   0.001000
 -0.513061  -0.678511  -0.501883   0.156538  -0.558176  -1.495063   0.001000
 -0.513061  -0.678511  -0.501883   0.156538  -0.558176  -1.495063   0.001000
 -0.513061  -0.678511  -0.501883   0.156538  -0.558176  -1.495063   0.001000
 -0.513061  -0.678511  -0.501883   0.156538  -0.558176  -1.495063   0.001000
 -0.513061  -0.678511  -0.501883   0.156538  -0.558176  -1.495063   0.001000
 -0.513061  -0.678511  -0.501883   0.156538  -0.558176  -1.495063   0.001000
 -0.513061  -0.678511  -0.501883   0.156538  -0.558176  -1.495063   0.001000
 -0.513061  -0.678511  -0.501883   0.156538  -0.558176  -1.495063   0.001000
 -0.513061  -0.678511  -0.501883   0.156538  -0.558176  -1.495063   0.001000
 -0.513061  -0.678511  -0.501883   0.156538  -0.558176  -1.495063   0.001000
 -0.513061  -0.678511  -0.501883   0.156538  -0.558176  -1.495063   0.001000
 -0.513061  -0.678511  -0.501883   0.156538  -0.558176  -1.495063   0.001000
 -0.513061  -0.678511  -0.501883   0.156538  -0.558176  -1.495063   0.001000
 -0.525491  -0.678916  -0.491519   0.146087  -0.549991  -1.447648   0.001000
 -0.525491  -0.678916  -0.491519   0.146087  -0.549991  -1.447648   0.001000
 -0.525491  -0.678916  -0.491519   0.146087  -0.549991  -1.447648   0.001000
 -0.525491  -0.678916  -0.491519   0.146087  -0.549991  -1.447648   0.001000
 -0.525491  -0.678916  -0.491519   0.146087  -0.549991  -1.447648   0.001000
 -0.525491  -0.678916  -0.491519   0.146087  -0.549991  -1.447648   0.001000
 -0.525491  -0.678916  -0.491519   0.146087  -0.549991  -1.447648   0.001000
 -0.525491  -0.678916  -0.491519   0.146087  -0.549991  -1.447648   0.001000
 -0.525491  -0.678916  -0.491519   0.146087  -0.549991  -1.447648   0.001000
 -0.525491  -0.678916  -0.491519   0.146087  -0.549991  -1.447648   0.001000
 -0.525491  -0.678916  -0.491519   0.146087  -0.549991  -1.447648   0.001000
 -0.525491  -0.678916  -0.491519   0.146087  -0.549991  -1.447648   0.001000
 -0.525491  -0.678916  -0.491519   0.146087  -0.549991  -1.447648   0.001000
 -0.525491  -0.678916  -0.491519   0.146087  -0.549991  -1.447648   0.001000
 -0.525491  -0.678916  -0.491519   0.146087  -0.549991  -1.447648   0.001000
 -0.525491  -0.678916  -0.491519   0.146087  -0.549991  -1.447648   0.001000
 -0.525491  -0.678916  -0.491519   0.146087  -0.549991  -1.447648   0.001000
 -0.525491  -0.678916  -0.491519   0.146087  -0.549991  -1.447648   0.001000
 -0.525491  -0.678916  -0.491519   0.146087  -0.549991  -1.447648   0.001000
 -0.525491  -0.678916  -0.491519   0.146087  -0.549991  -1.447648   0.001000
 -0.525491  -0.678916  -0.491519   0.146087  -0.549991  -1.447648   0.001000
 -0.525491  -0.678916  -0.491519   0.146087  -0.549991  -1.447648   0.001000
 -0.525491  -0.678916  -0.491519   0.146087  -0.549991  -1.447648   0.001000
 -0.525491  -0.678916  -0.491519   0.146087  -0.549991  -1.447648   0.001000
 -0.525491  -0.678916  -0.491519   0.146087  -0.549991  -1.447648   0.001000
 -0.525491  -0.678916  -0.491519   0.146087  -0.549991  -1.447648   0.001000
 -0.525491  -0.678916  -0.491519   0.146087  -0.549991  -1.447648   0.001000
 -0.525491  -0.678916  -0.491519   0.146087  -0.549991  -1.447648   0.001000
 -0.525491  -0.678916  -0.491519   0.146087  -0.549991  -1.447648   0.001000
 -0.525491  -0.678916  -0.491519   0.146087  -0.549991  -1.447648   0.001000
 -0.529587  -0.663156  -0.511434   0.134895  -0.487363  -1.464597   0.001000
 -0.529587  -0.663156  -0.511434   0.134895  -0.487363  -1.464597   0.001000
 -0.529587  -0.663156  -0.511434   0.134895  -0.487363  -1.464597   0.001000
 -0.527409  -0.676033  -0.490497   0.155666  -0.664915  -1.663009   0.001000
 -0.527409  -0.676033  -0.490497   0.155666  -0.664915  -1.663009   0.001000
 -0.527409  -0.676033  -0.490497   0.155666  -0.664915  -1.663009   0.001000
 -0.527409  -0.676033  -0.490497   0.155666  -0.664915  -1.663009   0.001000
 -0.527409  -0.676033  -0.490497   0.155666  -0.664915  -1.663009   0.001000
 -0.527409  -0.676033  -0.490497   0.155666  -0.664915  -1.663009   0.001000
 -0.527409  -0.676033  -0.490497   0.155666  -0.664915  -1.663009   0.001000
 -0.527409  -0.676033  -0.490497   0.155666  -0.664915  -1.663009   0.001000
 -0.527409  -0.676033  -0.490497   0.155666  -0.664915  -1.663009   0.001000
 -0.527409  -0.676033  -0.490497   0.155666  -0.664915  -1.663009   0.001000
 -0.527409  -0.676033  -0.490497   0.155666  -0.664915  -1.663009   0.001000
 -0.527409  -0.676033  -0.490497   0.155666  -0.664915  -1.663009   0.001000
 -0.527409  -0.676033  -0.490497   0.155666  -0.664915  -1.663009   0.001000
 -0.527409  -0.676033  -0.490497   0.155666  -0.664915  -1.663009   0.001000
 -0.527409  -0.676033  -0.490497   0.155666  -0.664915  -1.663009   0.001000
 -0.527409  -0.676033  -0.490497   0.155666  -0.664915  -1.663009   0.001000
 -0.527409  -0.676033  -0.490497   0.155666  -0.664915  -1.663009   0.001000
 -0.527409  -0.676033  -0.490497   0.155666  -0.664915  -1.663009   0.001000
 -0.527409  -0.676033  -0.490497   0.155666  -0.664915  -1.663009   0.001000
 -0.527409  -0.676033  -0.490497   0.155666  -0.664915  -1.663009   0.001000
 -0.527409  -0.676033  -0.490497   0.155666  -0.664915  -1.663009   0.001000
 -0.527409  -0.676033  -0.490497   0.155666  -0.664915  -1.663009   0.001000
 -0.514035  -0.683029  -0.492458   0.163478  -0.638922  -1.455532   0.001000
 -0.514035  -0.683029  -0.492458   0.163478  -0.638922  -1.455532   0.001000
 -0.514035  -0.683029  -0.492458   0.163478  -0.638922  -1.455532   0.001000
 -0.514035  -0.683029  -0.492458   0.163478  -0.638922  -1.455532   0.001000
 -0.514035  -0.683029  -0.492458   0.163478  -0.638922  -1.455532   0.001000
 -0.514035  -0.683029  -0.492458   0.163478  -0.638922  -1.455532   0.001000
 -0.514035  -0.683029  -0.492458   0.163478  -0.638922  -1.455532   0.001000
 -0.514035  -0.683029  -0.492458   0.163478  -0.638922  -1.455532   0.001000
 -0.514035  -0.683029  -0.492458   0.163478  -0.638922  -1.455532   0.001000
 -0.514035  -0.683029  -0.492458   0.163478  -0.638922  -1.455532   0.001000
 -0.514035  -0.683029  -0.492458   0.163478  -0.638922  -1.455532   0.001000
 -0.514035  -0.683029  -0.492458   0.163478  -0.638922  -1.455532   0.001000
 -0.514035  -0.683029  -0.492458   0.163478  -0.638922  -1.455532   0.001000
 -0.514035  -0.683029  -0.492458   0.163478  -0.638922  -1.455532   0.001000
 -0.514035  -0.683029  -0.492458   0.163478  -0.638922  -1.455532   0.001000
 -0.521896  -0.686979  -0.484499   0.144721  -0.650856  -1.455920   0.001000
 -0.521967  -0.667404  -0.507765   0.155877  -0.686076  -1.496090   0.001000
 -0.522189  -0.687526  -0.474153   0.172641  -0.686090  -1.419558   0.001000
 -0.519250  -0.669680  -0.512790   0.137672  -0.618821  -1.415695   0.001000
 -0.523816  -0.670754  -0.500037   0.160217  -0.623652  -1.416449   0.001000
 -0.509595  -0.675326  -0.499494   0.186424  -0.666545  -1.316088   0.001000
 -0.515975  -0.678647  -0.501831   0.146198  -0.493525  -1.582730   0.001000
 -0.515975  -0.678647  -0.501831   0.146198  -0.493525  -1.582730   0.001000
 -0.522224  -0.671442  -0.505799   0.143579  -0.664314  -1.472637   0.001000
 -0.522224  -0.671442  -0.505799   0.143579  -0.664314  -1.472637   0.001000
 -0.522224  -0.671442  -0.505799   0.143579  -0.664314  -1.472637   0.001000
 -0.522224  -0.671442  -0.505799   0.143579  -0.664314  -1.472637   0.001000
 -0.522224  -0.671442  -0.505799   0.143579  -0.664314  -1.472637   0.001000
 -0.522224  -0.671442  -0.505799   0.143579  -0.664314  -1.472637   0.001000
 -0.522224  -0.671442  -0.505799   0.143579  -0.664314  -1.472637   0.001000
 -0.522224  -0.671442  -0.505799   0.143579  -0.664314  -1.472637   0.001000
 -0.522224  -0.671442  -0.505799   0.143579  -0.664314  -1.472637   0.001000
 -0.522224  -0.671442  -0.505799   0.143579  -0.664314  -1.472637   0.001000
 -0.522224  -0.671442  -0.505799   0.143579  -0.664314  -1.472637   0.001000
 -0.522224  -0.671442  -0.505799   0.143579  -0.664314  -1.472637   0.001000
 -0.518245  -0.681088  -0.497647   0.141029  -0.666059  -1.497880   0.001000
 -0.518245  -0.681088  -0.497647   0.141029  -0.666059  -1.497880   0.001000
 -0.518245  -0.681088  -0.497647   0.141029  -0.666059  -1.497880   0.001000
 -0.518245  -0.681088  -0.497647   0.141029  -0.666059  -1.497880   0.001000
 -0.518245  -0.681088  -0.497647   0.141029  -0.666059  -1.497880   0.001000
 -0.518245  -0.681088  -0.497647   0.141029  -0.666059  -1.497880   0.001000
 -0.514092  -0.676401  -0.505018   0.152146  -0.666233  -1.495046   0.001000
 -0.538491  -0.666703  -0.499496   0.126641  -0.519171  -1.557942   0.001000
 -0.527677  -0.672267  -0.502635   0.130278  -0.696805  -1.466047   0.001000
 -0.527677  -0.672267  -0.502635   0.130278  -0.696805  -1.466047   0.001000
 -0.514175  -0.683086  -0.497449   0.146838  -0.646648  -1.560538   0.001000
 -0.514175  -0.683086  -0.497449   0.146838  -0.646648  -1.560538   0.001000
 -0.514175  -0.683086  -0.497449   0.146838  -0.646648  -1.560538   0.001000
 -0.514175  -0.683086  -0.497449   0.146838  -0.646648  -1.560538   0.001000
 -0.514175  -0.683086  -0.497449   0.146838  -0.646648  -1.560538   0.001000
 -0.514175  -0.683086  -0.497449   0.146838  -0.646648  -1.560538   0.001000
 -0.514175  -0.683086  -0.497449   0.146838  -0.646648  -1.560538   0.001000
 -0.514175  -0.683086  -0.497449   0.146838  -0.646648  -1.560538   0.001000
 -0.514175  -0.683086  -0.497449   0.146838  -0.646648  -1.560538   0.001000
 -0.514175  -0.683086  -0.497449   0.146838  -0.646648  -1.560538   0.001000
 -0.514175  -0.683086  -0.497449   0.146838  -0.646648  -1.560538   0.001000
 -0.523241  -0.670425  -0.498525   0.167998  -0.797601  -1.577631   0.001000
 -0.513266  -0.677053  -0.508871   0.138595  -0.594417  -1.546090   0.001000
 -0.513266  -0.677053  -0.508871   0.138595  -0.594417  -1.546090   0.001000
 -0.527545  -0.682192  -0.481410   0.156700  -0.878503  -1.621458   0.001000
 -0.524959  -0.674107  -0.499051   0.144727  -0.868494  -1.445327   0.001000
 -0.524959  -0.674107  -0.499051   0.144727  -0.868494  -1.445327   0.001000
 -0.513218  -0.672870  -0.510239   0.153328  -0.756208  -1.496805   0.001000
 -0.522541  -0.682535  -0.482560   0.168025  -0.754789  -1.435562   0.001000
 -0.522541  -0.682535  -0.482560   0.168025  -0.754789  -1.435562   0.001000
 -0.529640  -0.673315  -0.495145   0.144777  -0.787079  -1.668960   0.001000
 -0.527893  -0.670798  -0.499125   0.149111  -0.875303  -1.444995   0.001000
 -0.527893  -0.670798  -0.499125   0.149111  -0.875303  -1.444995   0.001000
 -0.527893  -0.670798  -0.499125   0.149111  -0.875303  -1.444995   0.001000
 -0.527893  -0.670798  -0.499125   0.149111  -0.875303  -1.444995   0.001000
 -0.529012  -0.675463  -0.492743   0.145262  -0.832404  -1.363046   0.001000
 -0.529012  -0.675463  -0.492743   0.145262  -0.832404  -1.363046   0.001000
 -0.528423  -0.670941  -0.497078   0.153366  -0.942494  -1.531415   0.001000
 -0.519918  -0.671433  -0.504940   0.154590  -0.937541  -1.462261   0.001000
 -0.529421  -0.684971  -0.477033   0.151549  -0.798399  -1.527232   0.001000
 -0.529421  -0.684971  -0.477033   0.151549  -0.798399  -1.527232   0.001000
 -0.512533  -0.690143  -0.485956   0.157669  -0.774774  -1.800047   0.001000
 -0.512533  -0.690143  -0.485956   0.157669  -0.774774  -1.800047   0.001000
 -0.512533  -0.690143  -0.485956   0.157669  -0.774774  -1.800047   0.001000
 -0.528428  -0.677771  -0.485819   0.159278  -0.325964  -2.041614   0.001000
 -0.531748  -0.668338  -0.500733   0.140837  -0.523396  -1.758402   0.001000
 -0.531748  -0.668338  -0.500733   0.140837  -0.523396  -1.758402   0.001000
 -0.531748  -0.668338  -0.500733   0.140837  -0.523396  -1.758402   0.001000
 -0.531748  -0.668338  -0.500733   0.140837  -0.523396  -1.758402   0.001000
 -0.531748  -0.668338  -0.500733   0.140837  -0.523396  -1.758402   0.001000
 -0.522172  -0.676912  -0.496296   0.151057  -0.448958  -1.705331   0.001000
 -0.522172  -0.676912  -0.496296   0.151057  -0.448958  -1.705331   0.001000
 -0.522172  -0.676912  -0.496296   0.151057  -0.448958  -1.705331   0.001000
 -0.522172  -0.676912  -0.496296   0.151057  -0.448958  -1.705331   0.001000
 -0.522172  -0.676912  -0.496296   0.151057  -0.448958  -1.705331   0.001000
 -0.522172  -0.676912  -0.496296   0.151057  -0.448958  -1.705331   0.001000
 -0.522172  -0.676912  -0.496296   0.151057  -0.448958  -1.705331   0.001000
 -0.522172  -0.676912  -0.496296   0.151057  -0.448958  -1.705331   0.001000
 -0.522172  -0.676912  -0.496296   0.151057  -0.448958  -1.705331   0.001000
 -0.537890  -0.675291  -0.479307   0.157861  -0.517067  -1.596443   0.001000
 -0.523138  -0.691584  -0.474057   0.152668  -0.384750  -1.558922   0.001000
 -0.520365  -0.681362  -0.496541   0.135695  -0.503517  -1.640781   0.001000
 -0.511130  -0.679796  -0.498760   0.166916  -0.380189  -1.565349   0.001000
