  0.050198   0.921199  -0.383635   0.041198   0.237420  -0.195768   0.001000
  0.055104   0.824006  -0.562335   0.041902   0.283700  -0.009478   0.001000
  0.050708   0.926378  -0.370892   0.041134   0.207684  -0.061216   0.001000
  0.051442   0.822540  -0.564356   0.047795   0.211691   0.232169   0.001000
  0.051442   0.822540  -0.564356   0.047795   0.211691   0.232169   0.001000
  0.051442   0.822540  -0.564356   0.047795   0.211691   0.232169   0.001000
  0.051442   0.822540  -0.564356   0.047795   0.211691   0.232169   0.001000
  0.054505   0.820597  -0.567534   0.039444   0.037151   0.203490   0.001000
  0.054505   0.820597  -0.567534   0.039444   0.037151   0.203490   0.001000
  0.054505   0.820597  -0.567534   0.039444   0.037151   0.203490   0.001000
  0.053561   0.824751  -0.560762   0.049634   0.196419   0.238386   0.001000
  0.049981   0.822774  -0.564460   0.043922   0.024704   0.395055   0.001000
  0.051070   0.831650  -0.551322   0.042352  -0.134616   0.287157   0.001000
  0.052512   0.829484  -0.554603   0.040171  -0.100941   0.396705   0.001000
  0.052512   0.829484  -0.554603   0.040171  -0.100941   0.396705   0.001000
  0.048449   0.825441  -0.561186   0.037007  -0.188809   0.079101   0.001000
  0.048449   0.825441  -0.561186   0.037007  -0.188809   0.079101   0.001000
  0.048449   0.825441  -0.561186   0.037007  -0.188809   0.079101   0.001000
  0.048449   0.825441  -0.561186   0.037007  -0.188809   0.079101   0.001000
  0.048449   0.825441  -0.561186   0.037007  -0.188809   0.079101   0.001000
  0.048449   0.825441  -0.561186   0.037007  -0.188809   0.079101   0.001000
  0.048449   0.825441  -0.561186   0.037007  -0.188809   0.079101   0.001000
  0.048449   0.825441  -0.561186   0.037007  -0.188809   0.079101   0.001000
  0.048449   0.825441  -0.561186   0.037007  -0.188809   0.079101   0.001000
  0.048449   0.825441  -0.561186   0.037007  -0.188809   0.079101   0.001000
  0.048449   0.825441  -0.561186   0.037007  -0.188809   0.079101   0.001000
  0.048449   0.825441  -0.561186   0.037007  -0.188809   0.079101   0.001000
  0.048449   0.825441  -0.561186   0.037007  -0.188809   0.079101   0.001000
  0.055212   0.831701  -0.550603   0.045395   0.033112   0.539107   0.001000
  0.051929   0.825741  -0.560333   0.038513   0.165444   0.305693   0.001000
  0.050234   0.823692  -0.563209   0.042471   0.219912   0.168230   0.001000
  0.050234   0.823692  -0.563209   0.042471   0.219912   0.168230   0.001000
  0.050234   0.823692  -0.563209   0.042471   0.219912   0.168230   0.001000
  0.050234   0.823692  -0.563209   0.042471   0.219912   0.168230   0.001000
  0.045956   0.826269  -0.560240   0.036024   0.073257   0.386938   0.001000
  0.047638   0.927280  -0.368211   0.047993   0.091895   0.271119   0.001000
  0.047638   0.927280  -0.368211   0.047993   0.091895   0.271119   0.001000
  0.047638   0.927280  -0.368211   0.047993   0.091895   0.271119   0.001000
  0.051618   0.827683  -0.557280   0.041409   0.100417   0.177524   0.001000
  0.051618   0.827683  -0.557280   0.041409   0.100417   0.177524   0.001000
  0.051618   0.827683  -0.557280   0.041409   0.100417   0.177524   0.001000
  0.051618   0.827683  -0.557280   0.041409   0.100417   0.177524   0.001000
  0.051618   0.827683  -0.557280   0.041409   0.100417   0.177524   0.001000
  0.051618   0.827683  -0.557280   0.041409   0.100417   0.177524   0.001000
  0.051618   0.827683  -0.557280   0.041409   0.100417   0.177524   0.001000
  0.051618   0.827683  -0.557280   0.041409   0.100417   0.177524   0.001000
  0.051618   0.827683  -0.557280   0.041409   0.100417   0.177524   0.001000
  0.051618   0.827683  -0.557280   0.041409   0.100417   0.177524   0.001000
  0.051618   0.827683  -0.557280   0.041409   0.100417   0.177524   0.001000
  0.051618   0.827683  -0.557280   0.041409   0.100417   0.177524   0.001000
  0.051618   0.827683  -0.557280   0.041409   0.100417   0.177524   0.001000
  0.051618   0.827683  -0.557280   0.041409   0.100417   0.177524   0.001000
  0.051618   0.827683  -0.557280   0.041409   0.100417   0.177524   0.001000
  0.051618   0.827683  -0.557280   0.041409   0.100417   0.177524   0.001000
  0.051618   0.827683  -0.557280   0.041409   0.100417   0.177524   0.001000
  0.051618   0.827683  -0.557280   0.041409   0.100417   0.177524   0.001000
  0.051618   0.827683  -0.557280   0.041409   0.100417   0.177524   0.001000
  0.051618   0.827683  -0.557280   0.041409   0.100417   0.177524   0.001000
  0.051618   0.827683  -0.557280   0.041409   0.100417   0.177524   0.001000
  0.051618   0.827683  -0.557280   0.041409   0.100417   0.177524   0.001000
  0.051618   0.827683  -0.557280   0.041409   0.100417   0.177524   0.001000
  0.051618   0.827683  -0.557280   0.041409   0.100417   0.177524   0.001000
  0.051618   0.827683  -0.557280   0.041409   0.100417   0.177524   0.001000
  0.051618   0.827683  -0.557280   0.041409   0.100417   0.177524   0.001000
  0.051618   0.827683  -0.557280   0.041409   0.100417   0.177524   0.001000
  0.051618   0.827683  -0.557280   0.041409   0.100417   0.177524   0.001000
  0.051618   0.827683  -0.557280   0.041409   0.100417   0.177524   0.001000
  0.051618   0.827683  -0.557280   0.041409   0.100417   0.177524   0.001000
  0.051618   0.827683  -0.557280   0.041409   0.100417   0.177524   0.001000
  0.051618   0.827683  -0.557280   0.041409   0.100417   0.177524   0.001000
  0.051618   0.827683  -0.557280   0.041409   0.100417   0.177524   0.001000
  0.051618   0.827683  -0.557280   0.041409   0.100417   0.177524   0.001000
  0.051618   0.827683  -0.557280   0.041409   0.100417   0.177524   0.001000
  0.051618   0.827683  -0.557280   0.041409   0.100417   0.177524   0.001000
  0.051618   0.827683  -0.557280   0.041409   0.100417   0.177524   0.001000
  0.051618   0.827683  -0.557280   0.041409   0.100417   0.177524   0.001000
  0.051618   0.827683  -0.557280   0.041409   0.100417   0.177524   0.001000
  0.051618   0.827683  -0.557280   0.041409   0.100417   0.177524   0.001000
  0.051618   0.827683  -0.557280   0.041409   0.100417   0.177524   0.001000
  0.051618   0.827683  -0.557280   0.041409   0.100417   0.177524   0.001000
  0.051618   0.827683  -0.557280   0.041409   0.100417   0.177524   0.001000
  0.051618   0.827683  -0.557280   0.041409   0.100417   0.177524   0.001000
  0.051618   0.827683  -0.557280   0.041409   0.100417   0.177524   0.001000
  0.051618   0.827683  -0.557280   0.041409   0.100417   0.177524   0.001000
  0.051618   0.827683  -0.557280   0.041409   0.100417   0.177524   0.001000
  0.051618   0.827683  -0.557280   0.041409   0.100417   0.177524   0.001000
  0.051618   0.827683  -0.557280   0.041409   0.100417   0.177524   0.001000
  0.051618   0.827683  -0.557280   0.041409   0.100417   0.177524   0.001000
  0.051618   0.827683  -0.557280   0.041409   0.100417   0.177524   0.001000
  0.051618   0.827683  -0.557280   0.041409   0.100417   0.177524   0.001000
  0.051618   0.827683  -0.557280   0.041409   0.100417   0.177524   0.001000
  0.051618   0.827683  -0.557280   0.041409   0.100417   0.177524   0.001000
  0.051618   0.827683  -0.557280   0.041409   0.100417   0.177524   0.001000
  0.051618   0.827683  -0.557280   0.041409   0.100417   0.177524   0.001000
  0.050367   0.824908  -0.561491   0.041458   0.009824   0.253499   0.001000
  0.050367   0.824908  -0.561491   0.041458   0.009824   0.253499   0.001000
  0.050367   0.824908  -0.561491   0.041458   0.009824   0.253499   0.001000
  0.050367   0.824908  -0.561491   0.041458   0.009824   0.253499   0.001000
  0.050367   0.824908  -0.561491   0.041458   0.009824   0.253499   0.001000
  0.050367   0.824908  -0.561491   0.041458   0.009824   0.253499   0.001000
  0.050367   0.824908  -0.561491   0.041458   0.009824   0.253499   0.001000
  0.049585   0.830491  -0.553525   0.037896  -0.022592   0.416582   0.001000
  0.059751   0.823940  -0.561759   0.044491   0.098663  -0.246298   0.001000
  0.059751   0.823940  -0.561759   0.044491   0.098663  -0.246298   0.001000
  0.059751   0.823940  -0.561759   0.044491   0.098663  -0.246298   0.001000
  0.059751   0.823940  -0.561759   0.044491   0.098663  -0.246298   0.001000
  0.059751   0.823940  -0.561759   0.044491   0.098663  -0.246298   0.001000
  0.048836   0.926874  -0.369241   0.046694   0.067691  -0.155457   0.001000
  0.050681   0.925922  -0.371239   0.047770   0.002095   0.023485   0.001000
  0.050681   0.925922  -0.371239   0.047770   0.002095   0.023485   0.001000
  0.050681   0.925922  -0.371239   0.047770   0.002095   0.023485   0.001000
  0.050681   0.925922  -0.371239   0.047770   0.002095   0.023485   0.001000
  0.052687   0.926896  -0.368380   0.048820   0.005797  -0.081654   0.001000
  0.052687   0.926896  -0.368380   0.048820   0.005797  -0.081654   0.001000
  0.051826   0.928100  -0.364957   0.052446   0.134689  -0.158729   0.001000
  0.053500   0.828311  -0.556138   0.041835   0.103942  -0.275699   0.001000
  0.053500   0.828311  -0.556138   0.041835   0.103942  -0.275699   0.001000
  0.053500   0.828311  -0.556138   0.041835   0.103942  -0.275699   0.001000
  0.053500   0.828311  -0.556138   0.041835   0.103942  -0.275699   0.001000
  0.053500   0.828311  -0.556138   0.041835   0.103942  -0.275699   0.001000
  0.060199   0.824694  -0.560791   0.042055   0.070785  -0.205276   0.001000
  0.060199   0.824694  -0.560791   0.042055   0.070785  -0.205276   0.001000
  0.060199   0.824694  -0.560791   0.042055   0.070785  -0.205276   0.001000
  0.060199   0.824694  -0.560791   0.042055   0.070785  -0.205276   0.001000
  0.060199   0.824694  -0.560791   0.042055   0.070785  -0.205276   0.001000
  0.060199   0.824694  -0.560791   0.042055   0.070785  -0.205276   0.001000
  0.060199   0.824694  -0.560791   0.042055   0.070785  -0.205276   0.001000
  0.060199   0.824694  -0.560791   0.042055   0.070785  -0.205276   0.001000
  0.060199   0.824694  -0.560791   0.042055   0.070785  -0.205276   0.001000
  0.060199   0.824694  -0.560791   0.042055   0.070785  -0.205276   0.001000
  0.060199   0.824694  -0.560791   0.042055   0.070785  -0.205276   0.001000
  0.060199   0.824694  -0.560791   0.042055   0.070785  -0.205276   0.001000
  0.060199   0.824694  -0.560791   0.042055   0.070785  -0.205276   0.001000
  0.060199   0.824694  -0.560791   0.042055   0.070785  -0.205276   0.001000
  0.060199   0.824694  -0.560791   0.042055   0.070785  -0.205276   0.001000
  0.060199   0.824694  -0.560791   0.042055   0.070785  -0.205276   0.001000
  0.060199   0.824694  -0.560791   0.042055   0.070785  -0.205276   0.001000
  0.060199   0.824694  -0.560791   0.042055   0.070785  -0.205276   0.001000
  0.051843   0.830448  -0.553405   0.037573   0.063564  -0.199007   0.001000
  0.051843   0.830448  -0.553405   0.037573   0.063564  -0.199007   0.001000
  0.051843   0.830448  -0.553405   0.037573   0.063564  -0.199007   0.001000
  0.051843   0.830448  -0.553405   0.037573   0.063564  -0.199007   0.001000
  0.051843   0.830448  -0.553405   0.037573   0.063564  -0.199007   0.001000
  0.051843   0.830448  -0.553405   0.037573   0.063564  -0.199007   0.001000
  0.051843   0.830448  -0.553405   0.037573   0.063564  -0.199007   0.001000
  0.050320   0.923524  -0.377586   0.044714   0.107910  -0.287346   0.001000
  0.061969   0.828565  -0.554549   0.045993   0.082690  -0.189061   0.001000
  0.051670   0.829063  -0.555455   0.038133   0.110636   0.320059   0.001000
  0.064350   0.827231  -0.556269   0.045978  -0.037567   0.158469   0.001000
  0.052420   0.920940  -0.383093   0.048583  -0.087710   0.255024   0.001000
  0.052420   0.920940  -0.383093   0.048583  -0.087710   0.255024   0.001000
  0.052420   0.920940  -0.383093   0.048583  -0.087710   0.255024   0.001000
  0.052420   0.920940  -0.383093   0.048583  -0.087710   0.255024   0.001000
  0.052420   0.920940  -0.383093   0.048583  -0.087710   0.255024   0.001000
  0.043929   0.819937  -0.568912   0.045970   0.229485   0.276796   0.001000
  0.057650   0.826219  -0.558982   0.039710  -0.027045   0.127993   0.001000
  0.044626   0.824310  -0.563176   0.036805   0.016335   0.131854   0.001000
  0.056703   0.821564  -0.565649   0.043102   0.268031  -0.825395   0.001000
  0.052263   0.823612  -0.563155   0.042282   0.362249  -0.255650   0.001000
  0.075236   0.827188  -0.554273   0.053666   0.325896  -0.386566   0.001000
  0.050722   0.830872  -0.552965   0.036163   0.254653  -0.025102   0.001000
  0.050722   0.830872  -0.552965   0.036163   0.254653  -0.025102   0.001000
  0.050722   0.830872  -0.552965   0.036163   0.254653  -0.025102   0.001000
  0.049294   0.823855  -0.563429   0.037162   0.230606   0.076558   0.001000
  0.052404   0.922717  -0.377999   0.054448   0.400618   0.182833   0.001000
  0.053152   0.823440  -0.562980   0.046637   0.344727   0.202751   0.001000
  0.053152   0.823440  -0.562980   0.046637   0.344727   0.202751   0.001000
  0.053152   0.823440  -0.562980   0.046637   0.344727   0.202751   0.001000
  0.048489   0.827221  -0.558093   0.043420   0.205951  -0.011654   0.001000
  0.048489   0.827221  -0.558093   0.043420   0.205951  -0.011654   0.001000
  0.048489   0.827221  -0.558093   0.043420   0.205951  -0.011654   0.001000
  0.048489   0.827221  -0.558093   0.043420   0.205951  -0.011654   0.001000
  0.048489   0.827221  -0.558093   0.043420   0.205951  -0.011654   0.001000
  0.048489   0.827221  -0.558093   0.043420   0.205951  -0.011654   0.001000
  0.048489   0.827221  -0.558093   0.043420   0.205951  -0.011654   0.001000
  0.048489   0.827221  -0.558093   0.043420   0.205951  -0.011654   0.001000
  0.048489   0.827221  -0.558093   0.043420   0.205951  -0.011654   0.001000
  0.048489   0.827221  -0.558093   0.043420   0.205951  -0.011654   0.001000
  0.048489   0.827221  -0.558093   0.043420   0.205951  -0.011654   0.001000
  0.051244   0.830201  -0.553878   0.036869   0.383654  -0.079980   0.001000
  0.051244   0.830201  -0.553878   0.036869   0.383654  -0.079980   0.001000
  0.051244   0.830201  -0.553878   0.036869   0.383654  -0.079980   0.001000
  0.056454   0.825362  -0.560337   0.040154   0.383373   0.153176   0.001000
  0.056454   0.825362  -0.560337   0.040154   0.383373   0.153176   0.001000
  0.056454   0.825362  -0.560337   0.040154   0.383373   0.153176   0.001000
  0.054149   0.824395  -0.562103   0.038490   0.306194  -0.016376   0.001000
  0.054149   0.824395  -0.562103   0.038490   0.306194  -0.016376   0.001000
  0.054149   0.824395  -0.562103   0.038490   0.306194  -0.016376   0.001000
  0.054149   0.824395  -0.562103   0.038490   0.306194  -0.016376   0.001000
  0.054149   0.824395  -0.562103   0.038490   0.306194  -0.016376   0.001000
  0.054149   0.824395  -0.562103   0.038490   0.306194  -0.016376   0.001000
  0.054149   0.824395  -0.562103   0.038490   0.306194  -0.016376   0.001000
  0.054149   0.824395  -0.562103   0.038490   0.306194  -0.016376   0.001000
  0.054149   0.824395  -0.562103   0.038490   0.306194  -0.016376   0.001000
  0.054149   0.824395  -0.562103   0.038490   0.306194  -0.016376   0.001000
  0.054149   0.824395  -0.562103   0.038490   0.306194  -0.016376   0.001000
  0.054149   0.824395  -0.562103   0.038490   0.306194  -0.016376   0.001000
  0.054149   0.824395  -0.562103   0.038490   0.306194  -0.016376   0.001000
  0.054149   0.824395  -0.562103   0.038490   0.306194  -0.016376   0.001000
  0.054149   0.824395  -0.562103   0.038490   0.306194  -0.016376   0.001000
  0.054149   0.824395  -0.562103   0.038490   0.306194  -0.016376   0.001000
  0.054149   0.824395  -0.562103   0.038490   0.306194  -0.016376   0.001000
  0.055087   0.824004  -0.562228   0.043389   0.344283   0.096675   0.001000
  0.052678   0.827084  -0.558321   0.037879   0.366702   0.167244   0.001000
  0.052678   0.827084  -0.558321   0.037879   0.366702   0.167244   0.001000
  0.052678   0.827084  -0.558321   0.037879   0.366702   0.167244   0.001000
  0.052678   0.827084  -0.558321   0.037879   0.366702   0.167244   0.001000
  0.053062   0.822552  -0.564585   0.042856   0.200432   0.159648   0.001000
  0.056222   0.825366  -0.560418   0.039275   0.427136  -0.039078   0.001000
  0.056222   0.825366  -0.560418   0.039275   0.427136  -0.039078   0.001000
  0.056222   0.825366  -0.560418   0.039275   0.427136  -0.039078   0.001000
  0.056222   0.825366  -0.560418   0.039275   0.427136  -0.039078   0.001000
  0.052586   0.825593  -0.560386   0.039985   0.250341  -0.000139   0.001000
  0.052586   0.825593  -0.560386   0.039985   0.250341  -0.000139   0.001000
  0.052586   0.825593  -0.560386   0.039985   0.250341  -0.000139   0.001000
  0.052586   0.825593  -0.560386   0.039985   0.250341  -0.000139   0.001000
  0.052586   0.825593  -0.560386   0.039985   0.250341  -0.000139   0.001000
  0.052586   0.825593  -0.560386   0.039985   0.250341  -0.000139   0.001000
  0.052586   0.825593  -0.560386   0.039985   0.250341  -0.000139   0.001000
  0.049024   0.829197  -0.555664   0.035593   0.337397   0.041711   0.001000
  0.049024   0.829197  -0.555664   0.035593   0.337397   0.041711   0.001000
  0.058704   0.822673  -0.563865   0.042656   0.319847  -0.101063   0.001000
  0.058704   0.822673  -0.563865   0.042656   0.319847  -0.101063   0.001000
  0.057065   0.824327  -0.561748   0.040837   0.343719   0.205446   0.001000
  0.057065   0.824327  -0.561748   0.040837   0.343719   0.205446   0.001000
  0.041079   0.924615  -0.376425   0.041283   0.367041   0.143999   0.001000
  0.051979   0.824481  -0.562072   0.040043   0.382938   0.178464   0.001000
  0.051979   0.824481  -0.562072   0.040043   0.382938   0.178464   0.001000
  0.047374   0.830753  -0.553006   0.042307   0.315673  -0.005736   0.001000
  0.055882   0.829544  -0.554225   0.039611   0.296312  -0.028329   0.001000
  0.055882   0.829544  -0.554225   0.039611   0.296312  -0.028329   0.001000
  0.055882   0.829544  -0.554225   0.039611   0.296312  -0.028329   0.001000
  0.055882   0.829544  -0.554225   0.039611   0.296312  -0.028329   0.001000
  0.039433   0.828275  -0.556021   0.056971   0.261139  -0.079146   0.001000
  0.048926   0.923617  -0.377901   0.041580   0.369751  -0.294243   0.001000
  0.038478   0.919926  -0.388358   0.037861   0.444963   0.083159   0.001000
  0.048828   0.826486  -0.559356   0.040709   0.223377   0.039790   0.001000
  0.048828   0.826486  -0.559356   0.040709   0.223377   0.039790   0.001000
  0.048828   0.826486  -0.559356   0.040709   0.223377   0.039790   0.001000
  0.048828   0.826486  -0.559356   0.040709   0.223377   0.039790   0.001000
  0.051010   0.818886  -0.570148   0.041900   0.369542   0.063496   0.001000
  0.051010   0.818886  -0.570148   0.041900   0.369542   0.063496   0.001000
  0.048794   0.924046  -0.376472   0.045020   0.263538  -0.192784   0.001000
  0.052619   0.925034  -0.372962   0.049422   0.259526  -0.161587   0.001000
  0.052619   0.925034  -0.372962   0.049422   0.259526  -0.161587   0.001000
  0.059078   0.825283  -0.560108   0.041191   0.286273   0.034388   0.001000
  0.059078   0.825283  -0.560108   0.041191   0.286273   0.034388   0.001000
  0.059078   0.825283  -0.560108   0.041191   0.286273   0.034388   0.001000
  0.052789   0.823147  -0.563979   0.039629   0.421799  -0.295029   0.001000
  0.052789   0.823147  -0.563979   0.039629   0.421799  -0.295029   0.001000
  0.052789   0.823147  -0.563979   0.039629   0.421799  -0.295029   0.001000
  0.054160   0.824096  -0.562104   0.044397   0.471702  -0.215558   0.001000
  0.058797   0.924439  -0.372155   0.058784   0.320013  -0.184614   0.001000
  0.047313   0.925594  -0.373214   0.041819   0.406239  -0.151230   0.001000
  0.043898   0.827625  -0.558146   0.039793   0.371365  -0.066403   0.001000
  0.047934   0.807763  -0.584429   0.060523   0.502227  -0.301029   0.001000
  0.053301   0.828762  -0.555122   0.046392   0.283423   0.093163   0.001000
  0.053301   0.828762  -0.555122   0.046392   0.283423   0.093163   0.001000
  0.053301   0.828762  -0.555122   0.046392   0.283423   0.093163   0.001000
  0.053301   0.828762  -0.555122   0.046392   0.283423   0.093163   0.001000
  0.053993   0.823494  -0.563208   0.041711   0.180792   0.067856   0.001000
  0.053993   0.823494  -0.563208   0.041711   0.180792   0.067856   0.001000
  0.053993   0.823494  -0.563208   0.041711   0.180792   0.067856   0.001000
  0.053993   0.823494  -0.563208   0.041711   0.180792   0.067856   0.001000
  0.053993   0.823494  -0.563208   0.041711   0.180792   0.067856   0.001000
  0.053993   0.823494  -0.563208   0.041711   0.180792   0.067856   0.001000
  0.053993   0.823494  -0.563208   0.041711   0.180792   0.067856   0.001000
  0.053993   0.823494  -0.563208   0.041711   0.180792   0.067856   0.001000
  0.053993   0.823494  -0.563208   0.041711   0.180792   0.067856   0.001000
  0.053993   0.823494  -0.563208   0.041711   0.180792   0.067856   0.001000
  0.053993   0.823494  -0.563208   0.041711   0.180792   0.067856   0.001000
  0.053993   0.823494  -0.563208   0.041711   0.180792   0.067856   0.001000
  0.053993   0.823494  -0.563208   0.041711   0.180792   0.067856   0.001000
  0.053993   0.823494  -0.563208   0.041711   0.180792   0.067856   0.001000
  0.053993   0.823494  -0.563208   0.041711   0.180792   0.067856   0.001000
  0.053993   0.823494  -0.563208   0.041711   0.180792   0.067856   0.001000
  0.053993   0.823494  -0.563208   0.041711   0.180792   0.067856   0.001000
  0.053993   0.823494  -0.563208   0.041711   0.180792   0.067856   0.001000
  0.053993   0.823494  -0.563208   0.041711   0.180792   0.067856   0.001000
  0.053993   0.823494  -0.563208   0.041711   0.180792   0.067856   0.001000
  0.053993   0.823494  -0.563208   0.041711   0.180792   0.067856   0.001000
  0.053993   0.823494  -0.563208   0.041711   0.180792   0.067856   0.001000
  0.053993   0.823494  -0.563208   0.041711   0.180792   0.067856   0.001000
  0.053993   0.823494  -0.563208   0.041711   0.180792   0.067856   0.001000
  0.053993   0.823494  -0.563208   0.041711   0.180792   0.067856   0.001000
  0.053993   0.823494  -0.563208   0.041711   0.180792   0.067856   0.001000
  0.053993   0.823494  -0.563208   0.041711   0.180792   0.067856   0.001000
  0.053993   0.823494  -0.563208   0.041711   0.180792   0.067856   0.001000
  0.053993   0.823494  -0.563208   0.041711   0.180792   0.067856   0.001000
  0.053993   0.823494  -0.563208   0.041711   0.180792   0.067856   0.001000
  0.053993   0.823494  -0.563208   0.041711   0.180792   0.067856   0.001000
  0.053993   0.823494  -0.563208   0.041711   0.180792   0.067856   0.001000
  0.053993   0.823494  -0.563208   0.041711   0.180792   0.067856   0.001000
  0.053993   0.823494  -0.563208   0.041711   0.180792   0.067856   0.001000
  0.053993   0.823494  -0.563208   0.041711   0.180792   0.067856   0.001000
  0.053993   0.823494  -0.563208   0.041711   0.180792   0.067856   0.001000
  0.053993   0.823494  -0.563208   0.041711   0.180792   0.067856   0.001000
  0.053993   0.823494  -0.563208   0.041711   0.180792   0.067856   0.001000
  0.053993   0.823494  -0.563208   0.041711   0.180792   0.067856   0.001000
  0.053993   0.823494  -0.563208   0.041711   0.180792   0.067856   0.001000
  0.053993   0.823494  -0.563208   0.041711   0.180792   0.067856   0.001000
  0.053993   0.823494  -0.563208   0.041711   0.180792   0.067856   0.001000
  0.053993   0.823494  -0.563208   0.041711   0.180792   0.067856   0.001000
  0.053993   0.823494  -0.563208   0.041711   0.180792   0.067856   0.001000
  0.053993   0.823494  -0.563208   0.041711   0.180792   0.067856   0.001000
  0.050049   0.925652  -0.371851   0.048890   0.167912   0.009382   0.001000
  0.045821   0.820985  -0.567451   0.043403   0.259914   0.093106   0.001000
  0.049096   0.824713  -0.561696   0.043997   0.249212   0.106718   0.001000
  0.049096   0.824713  -0.561696   0.043997   0.249212   0.106718   0.001000
  0.049096   0.824713  -0.561696   0.043997   0.249212   0.106718   0.001000
  0.049096   0.824713  -0.561696   0.043997   0.249212   0.106718   0.001000
  0.057025   0.824274  -0.561520   0.044901   0.241187   0.086486   0.001000
  0.057025   0.824274  -0.561520   0.044901   0.241187   0.086486   0.001000
  0.050127   0.923245  -0.378330   0.044418   0.245295   0.155362   0.001000
  0.050613   0.827331  -0.557797   0.042718   0.171301   0.081110   0.001000
  0.050613   0.827331  -0.557797   0.042718   0.171301   0.081110   0.001000
  0.050613   0.827331  -0.557797   0.042718   0.171301   0.081110   0.001000
  0.050613   0.827331  -0.557797   0.042718   0.171301   0.081110   0.001000
  0.050613   0.827331  -0.557797   0.042718   0.171301   0.081110   0.001000
  0.050613   0.827331  -0.557797   0.042718   0.171301   0.081110   0.001000
  0.050613   0.827331  -0.557797   0.042718   0.171301   0.081110   0.001000
  0.050613   0.827331  -0.557797   0.042718   0.171301   0.081110   0.001000
  0.050613   0.827331  -0.557797   0.042718   0.171301   0.081110   0.001000
  0.050613   0.827331  -0.557797   0.042718   0.171301   0.081110   0.001000
  0.050613   0.827331  -0.557797   0.042718   0.171301   0.081110   0.001000
  0.050613   0.827331  -0.557797   0.042718   0.171301   0.081110   0.001000
  0.050613   0.827331  -0.557797   0.042718   0.171301   0.081110   0.001000
  0.050613   0.827331  -0.557797   0.042718   0.171301   0.081110   0.001000
  0.050613   0.827331  -0.557797   0.042718   0.171301   0.081110   0.001000
  0.050613   0.827331  -0.557797   0.042718   0.171301   0.081110   0.001000
  0.050613   0.827331  -0.557797   0.042718   0.171301   0.081110   0.001000
  0.050613   0.827331  -0.557797   0.042718   0.171301   0.081110   0.001000
  0.050613   0.827331  -0.557797   0.042718   0.171301   0.081110   0.001000
  0.050613   0.827331  -0.557797   0.042718   0.171301   0.081110   0.001000
  0.050371   0.821551  -0.563924   0.067128   0.175500   0.159011   0.001000
  0.045528   0.924518  -0.375722   0.045014   0.188097   0.133380   0.001000
  0.045528   0.924518  -0.375722   0.045014   0.188097   0.133380   0.001000
  0.045528   0.924518  -0.375722   0.045014   0.188097   0.133380   0.001000
  0.045528   0.924518  -0.375722   0.045014   0.188097   0.133380   0.001000
  0.045528   0.924518  -0.375722   0.045014   0.188097   0.133380   0.001000
  0.045528   0.924518  -0.375722   0.045014   0.188097   0.133380   0.001000
  0.045528   0.924518  -0.375722   0.045014   0.188097   0.133380   0.001000
  0.059003   0.820116  -0.567640   0.041385   0.226604   0.012622   0.001000
  0.052743   0.827770  -0.556527   0.047880   0.131324   0.059639   0.001000
  0.054363   0.826660  -0.558685   0.039357   0.216080   0.095107   0.001000
  0.054363   0.826660  -0.558685   0.039357   0.216080   0.095107   0.001000
  0.054363   0.826660  -0.558685   0.039357   0.216080   0.095107   0.001000
  0.054363   0.826660  -0.558685   0.039357   0.216080   0.095107   0.001000
  0.054363   0.826660  -0.558685   0.039357   0.216080   0.095107   0.001000
  0.054363   0.826660  -0.558685   0.039357   0.216080   0.095107   0.001000
  0.054363   0.826660  -0.558685   0.039357   0.216080   0.095107   0.001000
  0.054363   0.826660  -0.558685   0.039357   0.216080   0.095107   0.001000
  0.054363   0.826660  -0.558685   0.039357   0.216080   0.095107   0.001000
  0.054363   0.826660  -0.558685   0.039357   0.216080   0.095107   0.001000
  0.054363   0.826660  -0.558685   0.039357   0.216080   0.095107   0.001000
  0.054363   0.826660  -0.558685   0.039357   0.216080   0.095107   0.001000
  0.054363   0.826660  -0.558685   0.039357   0.216080   0.095107   0.001000
  0.054363   0.826660  -0.558685   0.039357   0.216080   0.095107   0.001000
  0.054363   0.826660  -0.558685   0.039357   0.216080   0.095107   0.001000
  0.049592   0.826974  -0.558288   0.044376   0.166072   0.214669   0.001000
  0.049592   0.826974  -0.558288   0.044376   0.166072   0.214669   0.001000
  0.049592   0.826974  -0.558288   0.044376   0.166072   0.214669   0.001000
  0.049592   0.826974  -0.558288   0.044376   0.166072   0.214669   0.001000
  0.049592   0.826974  -0.558288   0.044376   0.166072   0.214669   0.001000
  0.049592   0.826974  -0.558288   0.044376   0.166072   0.214669   0.001000
  0.049592   0.826974  -0.558288   0.044376   0.166072   0.214669   0.001000
  0.049592   0.826974  -0.558288   0.044376   0.166072   0.214669   0.001000
  0.049592   0.826974  -0.558288   0.044376   0.166072   0.214669   0.001000
  0.049592   0.826974  -0.558288   0.044376   0.166072   0.214669   0.001000
  0.049592   0.826974  -0.558288   0.044376   0.166072   0.214669   0.001000
  0.049592   0.826974  -0.558288   0.044376   0.166072   0.214669   0.001000
  0.049592   0.826974  -0.558288   0.044376   0.166072   0.214669   0.001000
  0.049592   0.826974  -0.558288   0.044376   0.166072   0.214669   0.001000
  0.050606   0.819797  -0.568837   0.042390   0.243728  -0.003776   0.001000
  0.050606   0.819797  -0.568837   0.042390   0.243728  -0.003776   0.001000
  0.050606   0.819797  -0.568837   0.042390   0.243728  -0.003776   0.001000
  0.048947   0.824096  -0.562760   0.042089   0.133491   0.068391   0.001000
  0.048947   0.824096  -0.562760   0.042089   0.133491   0.068391   0.001000
  0.048947   0.824096  -0.562760   0.042089   0.133491   0.068391   0.001000
  0.048947   0.824096  -0.562760   0.042089   0.133491   0.068391   0.001000
  0.048947   0.824096  -0.562760   0.042089   0.133491   0.068391   0.001000
  0.055182   0.915350  -0.395850   0.048905   0.192096   0.093799   0.001000
  0.048656   0.925536  -0.372535   0.047263   0.181098   0.090927   0.001000
  0.048656   0.925536  -0.372535   0.047263   0.181098   0.090927   0.001000
  0.048656   0.925536  -0.372535   0.047263   0.181098   0.090927   0.001000
  0.048656   0.925536  -0.372535   0.047263   0.181098   0.090927   0.001000
  0.048656   0.925536  -0.372535   0.047263   0.181098   0.090927   0.001000
  0.060373   0.921307  -0.379241   0.061036   0.225540   0.032193   0.001000
  0.043777   0.817861  -0.571670   0.048799   0.149604  -0.104091   0.001000
  0.056098   0.828898  -0.555275   0.038077   0.082049  -0.008422   0.001000
  0.056098   0.828898  -0.555275   0.038077   0.082049  -0.008422   0.001000
  0.056098   0.828898  -0.555275   0.038077   0.082049  -0.008422   0.001000
  0.056098   0.828898  -0.555275   0.038077   0.082049  -0.008422   0.001000
  0.056098   0.828898  -0.555275   0.038077   0.082049  -0.008422   0.001000
  0.056098   0.828898  -0.555275   0.038077   0.082049  -0.008422   0.001000
  0.056098   0.828898  -0.555275   0.038077   0.082049  -0.008422   0.001000
  0.056098   0.828898  -0.555275   0.038077   0.082049  -0.008422   0.001000
  0.054015   0.816180  -0.573686   0.042623   0.288875   0.137315   0.001000
  0.054394   0.825641  -0.560065   0.041040   0.204247   0.116754   0.001000
  0.054394   0.825641  -0.560065   0.041040   0.204247   0.116754   0.001000
  0.054394   0.825641  -0.560065   0.041040   0.204247   0.116754   0.001000
  0.054394   0.825641  -0.560065   0.041040   0.204247   0.116754   0.001000
  0.054394   0.825641  -0.560065   0.041040   0.204247   0.116754   0.001000
  0.054394   0.825641  -0.560065   0.041040   0.204247   0.116754   0.001000
  0.054394   0.825641  -0.560065   0.041040   0.204247   0.116754   0.001000
  0.054394   0.825641  -0.560065   0.041040   0.204247   0.116754   0.001000
  0.054394   0.825641  -0.560065   0.041040   0.204247   0.116754   0.001000
  0.054394   0.825641  -0.560065   0.041040   0.204247   0.116754   0.001000
  0.054394   0.825641  -0.560065   0.041040   0.204247   0.116754   0.001000
  0.054394   0.825641  -0.560065   0.041040   0.204247   0.116754   0.001000
  0.054394   0.825641  -0.560065   0.041040   0.204247   0.116754   0.001000
  0.054394   0.825641  -0.560065   0.041040   0.204247   0.116754   0.001000
  0.054394   0.825641  -0.560065   0.041040   0.204247   0.116754   0.001000
  0.054394   0.825641  -0.560065   0.041040   0.204247   0.116754   0.001000
  0.054394   0.825641  -0.560065   0.041040   0.204247   0.116754   0.001000
  0.054394   0.825641  -0.560065   0.041040   0.204247   0.116754   0.001000
  0.054394   0.825641  -0.560065   0.041040   0.204247   0.116754   0.001000
  0.054394   0.825641  -0.560065   0.041040   0.204247   0.116754   0.001000
  0.054394   0.825641  -0.560065   0.041040   0.204247   0.116754   0.001000
  0.054394   0.825641  -0.560065   0.041040   0.204247   0.116754   0.001000
  0.054394   0.825641  -0.560065   0.041040   0.204247   0.116754   0.001000
  0.054394   0.825641  -0.560065   0.041040   0.204247   0.116754   0.001000
  0.054394   0.825641  -0.560065   0.041040   0.204247   0.116754   0.001000
  0.054394   0.825641  -0.560065   0.041040   0.204247   0.116754   0.001000
  0.054394   0.825641  -0.560065   0.041040   0.204247   0.116754   0.001000
  0.054394   0.825641  -0.560065   0.041040   0.204247   0.116754   0.001000
  0.054394   0.825641  -0.560065   0.041040   0.204247   0.116754   0.001000
  0.054394   0.825641  -0.560065   0.041040   0.204247   0.116754   0.001000
  0.054394   0.825641  -0.560065   0.041040   0.204247   0.116754   0.001000
  0.054394   0.825641  -0.560065   0.041040   0.204247   0.116754   0.001000
  0.054394   0.825641  -0.560065   0.041040   0.204247   0.116754   0.001000
  0.054394   0.825641  -0.560065   0.041040   0.204247   0.116754   0.001000
  0.054394   0.825641  -0.560065   0.041040   0.204247   0.116754   0.001000
  0.054394   0.825641  -0.560065   0.041040   0.204247   0.116754   0.001000
  0.054394   0.825641  -0.560065   0.041040   0.204247   0.116754   0.001000
  0.054394   0.825641  -0.560065   0.041040   0.204247   0.116754   0.001000
  0.054394   0.825641  -0.560065   0.041040   0.204247   0.116754   0.001000
  0.054394   0.825641  -0.560065   0.041040   0.204247   0.116754   0.001000
  0.054394   0.825641  -0.560065   0.041040   0.204247   0.116754   0.001000
  0.046435   0.822934  -0.565033   0.036902   0.241074   0.060480   0.001000
  0.046435   0.822934  -0.565033   0.036902   0.241074   0.060480   0.001000
  0.046435   0.822934  -0.565033   0.036902   0.241074   0.060480   0.001000
  0.046435   0.822934  -0.565033   0.036902   0.241074   0.060480   0.001000
  0.046435   0.822934  -0.565033   0.036902   0.241074   0.060480   0.001000
  0.046435   0.822934  -0.565033   0.036902   0.241074   0.060480   0.001000
  0.046435   0.822934  -0.565033   0.036902   0.241074   0.060480   0.001000
  0.049165   0.819325  -0.569768   0.040676   0.107619   0.195577   0.001000
  0.047322   0.826070  -0.560069   0.041143   0.233675   0.099619   0.001000
  0.047322   0.826070  -0.560069   0.041143   0.233675   0.099619   0.001000
  0.047322   0.826070  -0.560069   0.041143   0.233675   0.099619   0.001000
  0.041579   0.823325  -0.564484   0.042019   0.089267   0.064312   0.001000
  0.054359   0.827015  -0.557593   0.046698   0.123185   0.092287   0.001000
  0.054359   0.827015  -0.557593   0.046698   0.123185   0.092287   0.001000
  0.054359   0.827015  -0.557593   0.046698   0.123185   0.092287   0.001000
  0.054359   0.827015  -0.557593   0.046698   0.123185   0.092287   0.001000
  0.054359   0.827015  -0.557593   0.046698   0.123185   0.092287   0.001000
  0.054359   0.827015  -0.557593   0.046698   0.123185   0.092287   0.001000
  0.054359   0.827015  -0.557593   0.046698   0.123185   0.092287   0.001000
  0.054359   0.827015  -0.557593   0.046698   0.123185   0.092287   0.001000
  0.054359   0.827015  -0.557593   0.046698   0.123185   0.092287   0.001000
  0.054359   0.827015  -0.557593   0.046698   0.123185   0.092287   0.001000
  0.049160   0.820085  -0.568483   0.043258   0.289860   0.078414   0.001000
  0.049160   0.820085  -0.568483   0.043258   0.289860   0.078414   0.001000
  0.050896   0.925030  -0.373189   0.049591   0.277980   0.233421   0.001000
  0.050896   0.925030  -0.373189   0.049591   0.277980   0.233421   0.001000
  0.050896   0.925030  -0.373189   0.049591   0.277980   0.233421   0.001000
  0.052600   0.823355  -0.563071   0.047654   0.154318   0.251572   0.001000
  0.057071   0.817062  -0.572294   0.040405   0.155747   0.181797   0.001000
  0.048301   0.822447  -0.565247   0.041763   0.149904   0.008673   0.001000
  0.050144   0.826918  -0.558566   0.041170   0.243591   0.100429   0.001000
  0.050144   0.826918  -0.558566   0.041170   0.243591   0.100429   0.001000
  0.044183   0.821864  -0.566782   0.036694   0.205820   0.082486   0.001000
  0.044183   0.821864  -0.566782   0.036694   0.205820   0.082486   0.001000
  0.044183   0.821864  -0.566782   0.036694   0.205820   0.082486   0.001000
  0.052885   0.818786  -0.569925   0.044466   0.077762   0.090795   0.001000
  0.052885   0.818786  -0.569925   0.044466   0.077762   0.090795   0.001000
  0.052885   0.818786  -0.569925   0.044466   0.077762   0.090795   0.001000
  0.049267   0.827337  -0.557147   0.051701   0.142294   0.138234   0.001000
  0.049267   0.827337  -0.557147   0.051701   0.142294   0.138234   0.001000
  0.049267   0.827337  -0.557147   0.051701   0.142294   0.138234   0.001000
  0.049267   0.827337  -0.557147   0.051701   0.142294   0.138234   0.001000
  0.048983   0.824235  -0.562377   0.044379   0.273955  -0.008096   0.001000
  0.048983   0.824235  -0.562377   0.044379   0.273955  -0.008096   0.001000
  0.048983   0.824235  -0.562377   0.044379   0.273955  -0.008096   0.001000
  0.048983   0.824235  -0.562377   0.044379   0.273955  -0.008096   0.001000
  0.048983   0.824235  -0.562377   0.044379   0.273955  -0.008096   0.001000
  0.048983   0.824235  -0.562377   0.044379   0.273955  -0.008096   0.001000
  0.048983   0.824235  -0.562377   0.044379   0.273955  -0.008096   0.001000
  0.048983   0.824235  -0.562377   0.044379   0.273955  -0.008096   0.001000
  0.048983   0.824235  -0.562377   0.044379   0.273955  -0.008096   0.001000
  0.058666   0.833531  -0.547668   0.042937   0.207430   0.160894   0.001000
  0.058666   0.833531  -0.547668   0.042937   0.207430   0.160894   0.001000
  0.058666   0.833531  -0.547668   0.042937   0.207430   0.160894   0.001000
  0.058666   0.833531  -0.547668   0.042937   0.207430   0.160894   0.001000
  0.058666   0.833531  -0.547668   0.042937   0.207430   0.160894   0.001000
  0.050060   0.823238  -0.562926   0.053745   0.175774   0.074642   0.001000
  0.050830   0.825603  -0.560408   0.041706   0.148907   0.100216   0.001000
  0.050830   0.825603  -0.560408   0.041706   0.148907   0.100216   0.001000
  0.050830   0.825603  -0.560408   0.041706   0.148907   0.100216   0.001000
  0.050830   0.825603  -0.560408   0.041706   0.148907   0.100216   0.001000
  0.050830   0.825603  -0.560408   0.041706   0.148907   0.100216   0.001000
  0.050830   0.825603  -0.560408   0.041706   0.148907   0.100216   0.001000
  0.054050   0.826925  -0.558124   0.042089   0.133588   0.272166   0.001000
  0.054050   0.826925  -0.558124   0.042089   0.133588   0.272166   0.001000
  0.052531   0.826662  -0.558264   0.047026   0.179099   0.046979   0.001000
  0.052531   0.826662  -0.558264   0.047026   0.179099   0.046979   0.001000
  0.052531   0.826662  -0.558264   0.047026   0.179099   0.046979   0.001000
  0.052531   0.826662  -0.558264   0.047026   0.179099   0.046979   0.001000
  0.048923   0.917856  -0.391120   0.046600   0.244033  -0.005841   0.001000
  0.044205   0.922306  -0.381859   0.039761   0.096754   0.158828   0.001000
  0.054195   0.822539  -0.564645   0.040854   0.106770   0.094363   0.001000
  0.054195   0.822539  -0.564645   0.040854   0.106770   0.094363   0.001000
  0.054195   0.822539  -0.564645   0.040854   0.106770   0.094363   0.001000
  0.054195   0.822539  -0.564645   0.040854   0.106770   0.094363   0.001000
  0.054195   0.822539  -0.564645   0.040854   0.106770   0.094363   0.001000
  0.054195   0.822539  -0.564645   0.040854   0.106770   0.094363   0.001000
  0.054195   0.822539  -0.564645   0.040854   0.106770   0.094363   0.001000
  0.054195   0.822539  -0.564645   0.040854   0.106770   0.094363   0.001000
  0.054195   0.822539  -0.564645   0.040854   0.106770   0.094363   0.001000
  0.054195   0.822539  -0.564645   0.040854   0.106770   0.094363   0.001000
  0.054195   0.822539  -0.564645   0.040854   0.106770   0.094363   0.001000
  0.054195   0.822539  -0.564645   0.040854   0.106770   0.094363   0.001000
  0.062721   0.817574  -0.570413   0.047611   0.206746   0.171073   0.001000
  0.059776   0.827433  -0.556182   0.049418   0.123409   0.059558   0.001000
  0.059776   0.827433  -0.556182   0.049418   0.123409   0.059558   0.001000
  0.059776   0.827433  -0.556182   0.049418   0.123409   0.059558   0.001000
  0.045128   0.825110  -0.561422   0.044301   0.183792   0.108516   0.001000
  0.045128   0.825110  -0.561422   0.044301   0.183792   0.108516   0.001000
  0.045128   0.825110  -0.561422   0.044301   0.183792   0.108516   0.001000
  0.045128   0.825110  -0.561422   0.044301   0.183792   0.108516   0.001000
  0.045128   0.825110  -0.561422   0.044301   0.183792   0.108516   0.001000
  0.054554   0.925578  -0.371634   0.047093   0.209449   0.120051   0.001000
  0.050805   0.825074  -0.561190   0.041680   0.202318   0.091565   0.001000
  0.050805   0.825074  -0.561190   0.041680   0.202318   0.091565   0.001000
  0.050805   0.825074  -0.561190   0.041680   0.202318   0.091565   0.001000
  0.050805   0.825074  -0.561190   0.041680   0.202318   0.091565   0.001000
  0.050805   0.825074  -0.561190   0.041680   0.202318   0.091565   0.001000
  0.050805   0.825074  -0.561190   0.041680   0.202318   0.091565   0.001000
  0.050805   0.825074  -0.561190   0.041680   0.202318   0.091565   0.001000
  0.050805   0.825074  -0.561190   0.041680   0.202318   0.091565   0.001000
  0.050805   0.825074  -0.561190   0.041680   0.202318   0.091565   0.001000
  0.051641   0.827684  -0.557271   0.041492   0.311060   0.078912   0.001000
  0.051641   0.827684  -0.557271   0.041492   0.311060   0.078912   0.001000
  0.051641   0.827684  -0.557271   0.041492   0.311060   0.078912   0.001000
  0.050915   0.827611  -0.557414   0.041928   0.350267   0.167719   0.001000
  0.050915   0.827611  -0.557414   0.041928   0.350267   0.167719   0.001000
  0.050915   0.827611  -0.557414   0.041928   0.350267   0.167719   0.001000
  0.054033   0.825515  -0.560317   0.040620   0.298319   0.163040   0.001000
  0.054033   0.825515  -0.560317   0.040620   0.298319   0.163040   0.001000
  0.055010   0.826553  -0.558555   0.042427   0.314640   0.231900   0.001000
  0.055010   0.826553  -0.558555   0.042427   0.314640   0.231900   0.001000
  0.045545   0.809686  -0.582175   0.058364   0.183063   0.219850   0.001000
  0.051337   0.826963  -0.558349   0.041742   0.239603   0.315712   0.001000
  0.049476   0.823825  -0.562695   0.047329   0.111687   0.457509   0.001000
  0.049839   0.821749  -0.566166   0.041251   0.223370   0.324435   0.001000
  0.053511   0.825345  -0.560493   0.042321   0.243190   0.221991   0.001000
  0.053511   0.825345  -0.560493   0.042321   0.243190   0.221991   0.001000
  0.053511   0.825345  -0.560493   0.042321   0.243190   0.221991   0.001000
  0.053511   0.825345  -0.560493   0.042321   0.243190   0.221991   0.001000
  0.053511   0.825345  -0.560493   0.042321   0.243190   0.221991   0.001000
  0.053511   0.825345  -0.560493   0.042321   0.243190   0.221991   0.001000
  0.048517   0.824675  -0.561641   0.046004   0.140268   0.126127   0.001000
  0.048517   0.824675  -0.561641   0.046004   0.140268   0.126127   0.001000
  0.048517   0.824675  -0.561641   0.046004   0.140268   0.126127   0.001000
  0.048517   0.824675  -0.561641   0.046004   0.140268   0.126127   0.001000
  0.055826   0.821388  -0.566246   0.039622   0.091825   0.160288   0.001000
  0.055826   0.821388  -0.566246   0.039622   0.091825   0.160288   0.001000
  0.056030   0.822258  -0.564591   0.044598   0.185769   0.070228   0.001000
  0.056030   0.822258  -0.564591   0.044598   0.185769   0.070228   0.001000
  0.056030   0.822258  -0.564591   0.044598   0.185769   0.070228   0.001000
  0.056030   0.822258  -0.564591   0.044598   0.185769   0.070228   0.001000
  0.056030   0.822258  -0.564591   0.044598   0.185769   0.070228   0.001000
  0.056030   0.822258  -0.564591   0.044598   0.185769   0.070228   0.001000
  0.050091   0.822232  -0.565741   0.036908   0.193311   0.070939   0.001000
  0.050091   0.822232  -0.565741   0.036908   0.193311   0.070939   0.001000
  0.050091   0.822232  -0.565741   0.036908   0.193311   0.070939   0.001000
  0.054438   0.821047  -0.566807   0.040588   0.185078   0.185546   0.001000
  0.054438   0.821047  -0.566807   0.040588   0.185078   0.185546   0.001000
  0.054438   0.821047  -0.566807   0.040588   0.185078   0.185546   0.001000
  0.055573   0.816805  -0.572187   0.048408   0.184240   0.032228   0.001000
  0.051988   0.824808  -0.561121   0.046179   0.379953  -0.050857   0.001000
  0.051988   0.824808  -0.561121   0.046179   0.379953  -0.050857   0.001000
  0.067265   0.822617  -0.562450   0.049256   0.331594   0.135877   0.001000
  0.042948   0.831800  -0.551915   0.040668   0.299684   0.090965   0.001000
  0.045316   0.922979  -0.379415   0.045825   0.321273  -0.001119   0.001000
  0.045316   0.922979  -0.379415   0.045825   0.321273  -0.001119   0.001000
  0.045316   0.922979  -0.379415   0.045825   0.321273  -0.001119   0.001000
  0.045316   0.922979  -0.379415   0.045825   0.321273  -0.001119   0.001000
  0.045316   0.922979  -0.379415   0.045825   0.321273  -0.001119   0.001000
  0.045316   0.922979  -0.379415   0.045825   0.321273  -0.001119   0.001000
  0.055245   0.822383  -0.564904   0.038946   0.242001  -0.011032   0.001000
  0.055245   0.822383  -0.564904   0.038946   0.242001  -0.011032   0.001000
  0.055245   0.822383  -0.564904   0.038946   0.242001  -0.011032   0.001000
  0.055245   0.822383  -0.564904   0.038946   0.242001  -0.011032   0.001000
  0.055245   0.822383  -0.564904   0.038946   0.242001  -0.011032   0.001000
  0.055245   0.822383  -0.564904   0.038946   0.242001  -0.011032   0.001000
  0.055245   0.822383  -0.564904   0.038946   0.242001  -0.011032   0.001000
  0.055245   0.822383  -0.564904   0.038946   0.242001  -0.011032   0.001000
  0.055245   0.822383  -0.564904   0.038946   0.242001  -0.011032   0.001000
  0.055245   0.822383  -0.564904   0.038946   0.242001  -0.011032   0.001000
  0.055245   0.822383  -0.564904   0.038946   0.242001  -0.011032   0.001000
  0.055245   0.822383  -0.564904   0.038946   0.242001  -0.011032   0.001000
  0.055245   0.822383  -0.564904   0.038946   0.242001  -0.011032   0.001000
  0.055245   0.822383  -0.564904   0.038946   0.242001  -0.011032   0.001000
  0.055245   0.822383  -0.564904   0.038946   0.242001  -0.011032   0.001000
  0.055245   0.822383  -0.564904   0.038946   0.242001  -0.011032   0.001000
  0.055245   0.822383  -0.564904   0.038946   0.242001  -0.011032   0.001000
  0.046956   0.827146  -0.558746   0.037777   0.192159   0.165699   0.001000
  0.049102   0.924707  -0.374450   0.047896   0.239779   0.061249   0.001000
  0.049102   0.924707  -0.374450   0.047896   0.239779   0.061249   0.001000
  0.049102   0.924707  -0.374450   0.047896   0.239779   0.061249   0.001000
  0.052892   0.919042  -0.387289   0.050719   0.275817   0.142576   0.001000
  0.052892   0.919042  -0.387289   0.050719   0.275817   0.142576   0.001000
  0.052892   0.919042  -0.387289   0.050719   0.275817   0.142576   0.001000
  0.052018   0.826159  -0.558980   0.047936   0.255576  -0.207344   0.001000
  0.053323   0.822530  -0.564680   0.041683   0.139889   0.060529   0.001000
  0.053323   0.822530  -0.564680   0.041683   0.139889   0.060529   0.001000
  0.053323   0.822530  -0.564680   0.041683   0.139889   0.060529   0.001000
  0.053323   0.822530  -0.564680   0.041683   0.139889   0.060529   0.001000
  0.053323   0.822530  -0.564680   0.041683   0.139889   0.060529   0.001000
  0.053323   0.822530  -0.564680   0.041683   0.139889   0.060529   0.001000
  0.053323   0.822530  -0.564680   0.041683   0.139889   0.060529   0.001000
  0.053323   0.822530  -0.564680   0.041683   0.139889   0.060529   0.001000
  0.053323   0.822530  -0.564680   0.041683   0.139889   0.060529   0.001000
  0.053323   0.822530  -0.564680   0.041683   0.139889   0.060529   0.001000
  0.053323   0.822530  -0.564680   0.041683   0.139889   0.060529   0.001000
  0.053323   0.822530  -0.564680   0.041683   0.139889   0.060529   0.001000
  0.053323   0.822530  -0.564680   0.041683   0.139889   0.060529   0.001000
  0.053323   0.822530  -0.564680   0.041683   0.139889   0.060529   0.001000
  0.053323   0.822530  -0.564680   0.041683   0.139889   0.060529   0.001000
  0.053323   0.822530  -0.564680   0.041683   0.139889   0.060529   0.001000
  0.053323   0.822530  -0.564680   0.041683   0.139889   0.060529   0.001000
  0.053323   0.822530  -0.564680   0.041683   0.139889   0.060529   0.001000
  0.053323   0.822530  -0.564680   0.041683   0.139889   0.060529   0.001000
  0.053323   0.822530  -0.564680   0.041683   0.139889   0.060529   0.001000
  0.053323   0.822530  -0.564680   0.041683   0.139889   0.060529   0.001000
  0.053323   0.822530  -0.564680   0.041683   0.139889   0.060529   0.001000
  0.053323   0.822530  -0.564680   0.041683   0.139889   0.060529   0.001000
  0.053323   0.822530  -0.564680   0.041683   0.139889   0.060529   0.001000
  0.053323   0.822530  -0.564680   0.041683   0.139889   0.060529   0.001000
  0.053323   0.822530  -0.564680   0.041683   0.139889   0.060529   0.001000
  0.053323   0.822530  -0.564680   0.041683   0.139889   0.060529   0.001000
  0.053323   0.822530  -0.564680   0.041683   0.139889   0.060529   0.001000
  0.053323   0.822530  -0.564680   0.041683   0.139889   0.060529   0.001000
  0.053323   0.822530  -0.564680   0.041683   0.139889   0.060529   0.001000
  0.053323   0.822530  -0.564680   0.041683   0.139889   0.060529   0.001000
  0.053323   0.822530  -0.564680   0.041683   0.139889   0.060529   0.001000
  0.053323   0.822530  -0.564680   0.041683   0.139889   0.060529   0.001000
  0.053323   0.822530  -0.564680   0.041683   0.139889   0.060529   0.001000
  0.053323   0.822530  -0.564680   0.041683   0.139889   0.060529   0.001000
  0.053323   0.822530  -0.564680   0.041683   0.139889   0.060529   0.001000
  0.053323   0.822530  -0.564680   0.041683   0.139889   0.060529   0.001000
  0.053323   0.822530  -0.564680   0.041683   0.139889   0.060529   0.001000
  0.053323   0.822530  -0.564680   0.041683   0.139889   0.060529   0.001000
  0.053323   0.822530  -0.564680   0.041683   0.139889   0.060529   0.001000
  0.053323   0.822530  -0.564680   0.041683   0.139889   0.060529   0.001000
  0.053323   0.822530  -0.564680   0.041683   0.139889   0.060529   0.001000
  0.053323   0.822530  -0.564680   0.041683   0.139889   0.060529   0.001000
  0.053323   0.822530  -0.564680   0.041683   0.139889   0.060529   0.001000
  0.053323   0.822530  -0.564680   0.041683   0.139889   0.060529   0.001000
  0.053323   0.822530  -0.564680   0.041683   0.139889   0.060529   0.001000
  0.053323   0.822530  -0.564680   0.041683   0.139889   0.060529   0.001000
  0.053323   0.822530  -0.564680   0.041683   0.139889   0.060529   0.001000
  0.053323   0.822530  -0.564680   0.041683   0.139889   0.060529   0.001000
  0.053323   0.822530  -0.564680   0.041683   0.139889   0.060529   0.001000
  0.053323   0.822530  -0.564680   0.041683   0.139889   0.060529   0.001000
  0.053323   0.822530  -0.564680   0.041683   0.139889   0.060529   0.001000
  0.053323   0.822530  -0.564680   0.041683   0.139889   0.060529   0.001000
  0.053323   0.822530  -0.564680   0.041683   0.139889   0.060529   0.001000
  0.053323   0.822530  -0.564680   0.041683   0.139889   0.060529   0.001000
  0.053323   0.822530  -0.564680   0.041683   0.139889   0.060529   0.001000
  0.053323   0.822530  -0.564680   0.041683   0.139889   0.060529   0.001000
  0.053323   0.822530  -0.564680   0.041683   0.139889   0.060529   0.001000
  0.053323   0.822530  -0.564680   0.041683   0.139889   0.060529   0.001000
  0.053323   0.822530  -0.564680   0.041683   0.139889   0.060529   0.001000
  0.053323   0.822530  -0.564680   0.041683   0.139889   0.060529   0.001000
  0.053323   0.822530  -0.564680   0.041683   0.139889   0.060529   0.001000
  0.053323   0.822530  -0.564680   0.041683   0.139889   0.060529   0.001000
  0.053323   0.822530  -0.564680   0.041683   0.139889   0.060529   0.001000
  0.053323   0.822530  -0.564680   0.041683   0.139889   0.060529   0.001000
  0.053323   0.822530  -0.564680   0.041683   0.139889   0.060529   0.001000
  0.053323   0.822530  -0.564680   0.041683   0.139889   0.060529   0.001000
  0.053323   0.822530  -0.564680   0.041683   0.139889   0.060529   0.001000
  0.053323   0.822530  -0.564680   0.041683   0.139889   0.060529   0.001000
  0.053323   0.822530  -0.564680   0.041683   0.139889   0.060529   0.001000
  0.053323   0.822530  -0.564680   0.041683   0.139889   0.060529   0.001000
  0.053323   0.822530  -0.564680   0.041683   0.139889   0.060529   0.001000
  0.053323   0.822530  -0.564680   0.041683   0.139889   0.060529   0.001000
  0.053323   0.822530  -0.564680   0.041683   0.139889   0.060529   0.001000
  0.058913   0.824543  -0.561238   0.040872   0.218469   0.088172   0.001000
  0.058913   0.824543  -0.561238   0.040872   0.218469   0.088172   0.001000
  0.058913   0.824543  -0.561238   0.040872   0.218469   0.088172   0.001000
  0.058913   0.824543  -0.561238   0.040872   0.218469   0.088172   0.001000
  0.053267   0.825389  -0.560594   0.040369   0.162934   0.139800   0.001000
  0.053267   0.825389  -0.560594   0.040369   0.162934   0.139800   0.001000
  0.053267   0.825389  -0.560594   0.040369   0.162934   0.139800   0.001000
  0.053267   0.825389  -0.560594   0.040369   0.162934   0.139800   0.001000
  0.053267   0.825389  -0.560594   0.040369   0.162934   0.139800   0.001000
  0.053267   0.825389  -0.560594   0.040369   0.162934   0.139800   0.001000
  0.053267   0.825389  -0.560594   0.040369   0.162934   0.139800   0.001000
  0.053267   0.825389  -0.560594   0.040369   0.162934   0.139800   0.001000
  0.053267   0.825389  -0.560594   0.040369   0.162934   0.139800   0.001000
  0.053267   0.825389  -0.560594   0.040369   0.162934   0.139800   0.001000
  0.053267   0.825389  -0.560594   0.040369   0.162934   0.139800   0.001000
  0.053267   0.825389  -0.560594   0.040369   0.162934   0.139800   0.001000
  0.053267   0.825389  -0.560594   0.040369   0.162934   0.139800   0.001000
  0.053267   0.825389  -0.560594   0.040369   0.162934   0.139800   0.001000
  0.053267   0.825389  -0.560594   0.040369   0.162934   0.139800   0.001000
  0.053267   0.825389  -0.560594   0.040369   0.162934   0.139800   0.001000
  0.053267   0.825389  -0.560594   0.040369   0.162934   0.139800   0.001000
  0.053267   0.825389  -0.560594   0.040369   0.162934   0.139800   0.001000
  0.053267   0.825389  -0.560594   0.040369   0.162934   0.139800   0.001000
  0.053267   0.825389  -0.560594   0.040369   0.162934   0.139800   0.001000
  0.055582   0.828678  -0.555379   0.041920   0.290158   0.011893   0.001000
  0.065550   0.922800  -0.377018   0.044734   0.306857   0.177311   0.001000
  0.052764   0.923650  -0.375781   0.053620   0.179398   0.074816   0.001000
  0.052764   0.923650  -0.375781   0.053620   0.179398   0.074816   0.001000
  0.052764   0.923650  -0.375781   0.053620   0.179398   0.074816   0.001000
  0.052764   0.923650  -0.375781   0.053620   0.179398   0.074816   0.001000
  0.045411   0.924448  -0.375654   0.047099   0.175039   0.026767   0.001000
  0.045411   0.924448  -0.375654   0.047099   0.175039   0.026767   0.001000
  0.045411   0.924448  -0.375654   0.047099   0.175039   0.026767   0.001000
  0.045411   0.924448  -0.375654   0.047099   0.175039   0.026767   0.001000
  0.045411   0.924448  -0.375654   0.047099   0.175039   0.026767   0.001000
  0.045411   0.924448  -0.375654   0.047099   0.175039   0.026767   0.001000
  0.059873   0.827530  -0.556696   0.041226   0.309016  -0.000036   0.001000
  0.059873   0.827530  -0.556696   0.041226   0.309016  -0.000036   0.001000
  0.059873   0.827530  -0.556696   0.041226   0.309016  -0.000036   0.001000
  0.059873   0.827530  -0.556696   0.041226   0.309016  -0.000036   0.001000
  0.060465   0.823802  -0.562117   0.041447   0.261419   0.108310   0.001000
  0.054908   0.822776  -0.564317   0.039634   0.058378  -0.000337   0.001000
  0.054908   0.822776  -0.564317   0.039634   0.058378  -0.000337   0.001000
  0.054908   0.822776  -0.564317   0.039634   0.058378  -0.000337   0.001000
  0.054908   0.822776  -0.564317   0.039634   0.058378  -0.000337   0.001000
  0.054908   0.822776  -0.564317   0.039634   0.058378  -0.000337   0.001000
  0.054908   0.822776  -0.564317   0.039634   0.058378  -0.000337   0.001000
  0.054908   0.822776  -0.564317   0.039634   0.058378  -0.000337   0.001000
  0.054908   0.822776  -0.564317   0.039634   0.058378  -0.000337   0.001000
  0.054908   0.822776  -0.564317   0.039634   0.058378  -0.000337   0.001000
  0.054908   0.822776  -0.564317   0.039634   0.058378  -0.000337   0.001000
  0.054908   0.822776  -0.564317   0.039634   0.058378  -0.000337   0.001000
  0.054908   0.822776  -0.564317   0.039634   0.058378  -0.000337   0.001000
  0.054908   0.822776  -0.564317   0.039634   0.058378  -0.000337   0.001000
  0.054908   0.822776  -0.564317   0.039634   0.058378  -0.000337   0.001000
  0.054908   0.822776  -0.564317   0.039634   0.058378  -0.000337   0.001000
  0.054908   0.822776  -0.564317   0.039634   0.058378  -0.000337   0.001000
  0.054908   0.822776  -0.564317   0.039634   0.058378  -0.000337   0.001000
  0.054908   0.822776  -0.564317   0.039634   0.058378  -0.000337   0.001000
  0.054908   0.822776  -0.564317   0.039634   0.058378  -0.000337   0.001000
  0.054908   0.822776  -0.564317   0.039634   0.058378  -0.000337   0.001000
  0.054908   0.822776  -0.564317   0.039634   0.058378  -0.000337   0.001000
  0.054908   0.822776  -0.564317   0.039634   0.058378  -0.000337   0.001000
  0.054908   0.822776  -0.564317   0.039634   0.058378  -0.000337   0.001000
  0.054908   0.822776  -0.564317   0.039634   0.058378  -0.000337   0.001000
  0.054908   0.822776  -0.564317   0.039634   0.058378  -0.000337   0.001000
  0.054908   0.822776  -0.564317   0.039634   0.058378  -0.000337   0.001000
  0.054908   0.822776  -0.564317   0.039634   0.058378  -0.000337   0.001000
  0.054908   0.822776  -0.564317   0.039634   0.058378  -0.000337   0.001000
  0.054908   0.822776  -0.564317   0.039634   0.058378  -0.000337   0.001000
  0.054908   0.822776  -0.564317   0.039634   0.058378  -0.000337   0.001000
  0.054908   0.822776  -0.564317   0.039634   0.058378  -0.000337   0.001000
  0.054908   0.822776  -0.564317   0.039634   0.058378  -0.000337   0.001000
  0.054908   0.822776  -0.564317   0.039634   0.058378  -0.000337   0.001000
  0.054908   0.822776  -0.564317   0.039634   0.058378  -0.000337   0.001000
  0.054908   0.822776  -0.564317   0.039634   0.058378  -0.000337   0.001000
  0.054908   0.822776  -0.564317   0.039634   0.058378  -0.000337   0.001000
  0.054908   0.822776  -0.564317   0.039634   0.058378  -0.000337   0.001000
  0.054908   0.822776  -0.564317   0.039634   0.058378  -0.000337   0.001000
  0.048812   0.822793  -0.564236   0.047608   0.373060  -0.059505   0.001000
  0.048812   0.822793  -0.564236   0.047608   0.373060  -0.059505   0.001000
  0.046889   0.824161  -0.562828   0.042262   0.179064  -0.069626   0.001000
  0.050116   0.922351  -0.380372   0.045544   0.327379  -0.082960   0.001000
  0.050116   0.922351  -0.380372   0.045544   0.327379  -0.082960   0.001000
  0.050116   0.922351  -0.380372   0.045544   0.327379  -0.082960   0.001000
  0.050116   0.922351  -0.380372   0.045544   0.327379  -0.082960   0.001000
  0.051162   0.826761  -0.558686   0.041463   0.213865   0.035055   0.001000
  0.051162   0.826761  -0.558686   0.041463   0.213865   0.035055   0.001000
  0.051162   0.826761  -0.558686   0.041463   0.213865   0.035055   0.001000
  0.051162   0.826761  -0.558686   0.041463   0.213865   0.035055   0.001000
  0.051162   0.826761  -0.558686   0.041463   0.213865   0.035055   0.001000
  0.051162   0.826761  -0.558686   0.041463   0.213865   0.035055   0.001000
  0.051162   0.826761  -0.558686   0.041463   0.213865   0.035055   0.001000
  0.051162   0.826761  -0.558686   0.041463   0.213865   0.035055   0.001000
  0.051162   0.826761  -0.558686   0.041463   0.213865   0.035055   0.001000
  0.051162   0.826761  -0.558686   0.041463   0.213865   0.035055   0.001000
  0.051162   0.826761  -0.558686   0.041463   0.213865   0.035055   0.001000
  0.051162   0.826761  -0.558686   0.041463   0.213865   0.035055   0.001000
  0.051162   0.826761  -0.558686   0.041463   0.213865   0.035055   0.001000
  0.051162   0.826761  -0.558686   0.041463   0.213865   0.035055   0.001000
  0.051162   0.826761  -0.558686   0.041463   0.213865   0.035055   0.001000
  0.051162   0.826761  -0.558686   0.041463   0.213865   0.035055   0.001000
  0.051162   0.826761  -0.558686   0.041463   0.213865   0.035055   0.001000
  0.051162   0.826761  -0.558686   0.041463   0.213865   0.035055   0.001000
  0.051162   0.826761  -0.558686   0.041463   0.213865   0.035055   0.001000
  0.068803   0.834410  -0.543705   0.058404   0.187318   0.008183   0.001000
  0.068803   0.834410  -0.543705   0.058404   0.187318   0.008183   0.001000
  0.048240   0.922301  -0.380552   0.047047   0.323226  -0.093561   0.001000
  0.048240   0.922301  -0.380552   0.047047   0.323226  -0.093561   0.001000
  0.048240   0.922301  -0.380552   0.047047   0.323226  -0.093561   0.001000
  0.048240   0.922301  -0.380552   0.047047   0.323226  -0.093561   0.001000
  0.048240   0.922301  -0.380552   0.047047   0.323226  -0.093561   0.001000
  0.058214   0.821583  -0.565637   0.040846   0.434646  -0.062619   0.001000
  0.053703   0.831079  -0.551887   0.042942   0.205535  -0.638363   0.001000
  0.050023   0.824325  -0.562459   0.040319   0.427677  -0.207364   0.001000
  0.049934   0.829564  -0.554904   0.037563   0.092230   0.415529   0.001000
  0.050448   0.823827  -0.563024   0.042054   0.060111   0.393766   0.001000
  0.050448   0.823827  -0.563024   0.042054   0.060111   0.393766   0.001000
  0.050448   0.823827  -0.563024   0.042054   0.060111   0.393766   0.001000
  0.056593   0.819790  -0.568090   0.044892   0.060189   0.486874   0.001000
  0.051048   0.924132  -0.374929   0.052941   0.219536  -0.431667   0.001000
  0.055965   0.820537  -0.567428   0.040150   0.276409  -0.437857   0.001000
  0.048961   0.920181  -0.384988   0.051516   0.280110  -0.506284   0.001000
  0.056438   0.831262  -0.551382   0.042383   0.235216  -0.295188   0.001000
  0.056438   0.831262  -0.551382   0.042383   0.235216  -0.295188   0.001000
  0.056438   0.831262  -0.551382   0.042383   0.235216  -0.295188   0.001000
  0.056438   0.831262  -0.551382   0.042383   0.235216  -0.295188   0.001000
  0.050409   0.825918  -0.559975   0.041785   0.247196  -0.512485   0.001000
  0.052760   0.827584  -0.557040   0.045039   0.266362  -0.478197   0.001000
  0.046051   0.927464  -0.368592   0.042772   0.104585  -0.386800   0.001000
  0.058571   0.827426  -0.556066   0.052215   0.302536  -0.428280   0.001000
  0.048231   0.827184  -0.557531   0.050993   0.049913   0.005868   0.001000
  0.061194   0.828551  -0.554751   0.044834   0.031796   0.107852   0.001000
  0.050438   0.821784  -0.565108   0.052729   0.103727   0.211331   0.001000
  0.048200   0.826034  -0.559698   0.045642   0.112986  -0.092465   0.001000
  0.048200   0.826034  -0.559698   0.045642   0.112986  -0.092465   0.001000
  0.048200   0.826034  -0.559698   0.045642   0.112986  -0.092465   0.001000
  0.048200   0.826034  -0.559698   0.045642   0.112986  -0.092465   0.001000
  0.048200   0.826034  -0.559698   0.045642   0.112986  -0.092465   0.001000
  0.052957   0.827632  -0.557046   0.043823   0.105761   0.117305   0.001000
  0.052957   0.827632  -0.557046   0.043823   0.105761   0.117305   0.001000
  0.052957   0.827632  -0.557046   0.043823   0.105761   0.117305   0.001000
  0.052957   0.827632  -0.557046   0.043823   0.105761   0.117305   0.001000
  0.052957   0.827632  -0.557046   0.043823   0.105761   0.117305   0.001000
  0.052957   0.827632  -0.557046   0.043823   0.105761   0.117305   0.001000
  0.052957   0.827632  -0.557046   0.043823   0.105761   0.117305   0.001000
  0.052957   0.827632  -0.557046   0.043823   0.105761   0.117305   0.001000
  0.052957   0.827632  -0.557046   0.043823   0.105761   0.117305   0.001000
  0.052957   0.827632  -0.557046   0.043823   0.105761   0.117305   0.001000
  0.052957   0.827632  -0.557046   0.043823   0.105761   0.117305   0.001000
  0.052957   0.827632  -0.557046   0.043823   0.105761   0.117305   0.001000
  0.052957   0.827632  -0.557046   0.043823   0.105761   0.117305   0.001000
  0.052957   0.827632  -0.557046   0.043823   0.105761   0.117305   0.001000
  0.052957   0.827632  -0.557046   0.043823   0.105761   0.117305   0.001000
  0.052957   0.827632  -0.557046   0.043823   0.105761   0.117305   0.001000
  0.052957   0.827632  -0.557046   0.043823   0.105761   0.117305   0.001000
  0.052957   0.827632  -0.557046   0.043823   0.105761   0.117305   0.001000
  0.052957   0.827632  -0.557046   0.043823   0.105761   0.117305   0.001000
  0.052957   0.827632  -0.557046   0.043823   0.105761   0.117305   0.001000
  0.052957   0.827632  -0.557046   0.043823   0.105761   0.117305   0.001000
  0.052957   0.827632  -0.557046   0.043823   0.105761   0.117305   0.001000
  0.052957   0.827632  -0.557046   0.043823   0.105761   0.117305   0.001000
  0.052957   0.827632  -0.557046   0.043823   0.105761   0.117305   0.001000
  0.052957   0.827632  -0.557046   0.043823   0.105761   0.117305   0.001000
  0.052957   0.827632  -0.557046   0.043823   0.105761   0.117305   0.001000
  0.052957   0.827632  -0.557046   0.043823   0.105761   0.117305   0.001000
  0.052957   0.827632  -0.557046   0.043823   0.105761   0.117305   0.001000
  0.052957   0.827632  -0.557046   0.043823   0.105761   0.117305   0.001000
  0.052957   0.827632  -0.557046   0.043823   0.105761   0.117305   0.001000
  0.052957   0.827632  -0.557046   0.043823   0.105761   0.117305   0.001000
  0.052957   0.827632  -0.557046   0.043823   0.105761   0.117305   0.001000
  0.052957   0.827632  -0.557046   0.043823   0.105761   0.117305   0.001000
  0.052957   0.827632  -0.557046   0.043823   0.105761   0.117305   0.001000
  0.052957   0.827632  -0.557046   0.043823   0.105761   0.117305   0.001000
  0.052957   0.827632  -0.557046   0.043823   0.105761   0.117305   0.001000
  0.052957   0.827632  -0.557046   0.043823   0.105761   0.117305   0.001000
  0.052957   0.827632  -0.557046   0.043823   0.105761   0.117305   0.001000
  0.052957   0.827632  -0.557046   0.043823   0.105761   0.117305   0.001000
  0.051227   0.831329  -0.550772   0.054017   0.078909   0.151638   0.001000
  0.058718   0.833206  -0.547984   0.045101   0.141763  -0.049453   0.001000
  0.058718   0.833206  -0.547984   0.045101   0.141763  -0.049453   0.001000
  0.047883   0.925959  -0.372279   0.041413   0.054805  -0.010423   0.001000
  0.047883   0.925959  -0.372279   0.041413   0.054805  -0.010423   0.001000
  0.059871   0.826368  -0.558350   0.042137   0.130048   0.013007   0.001000
  0.059871   0.826368  -0.558350   0.042137   0.130048   0.013007   0.001000
  0.059871   0.826368  -0.558350   0.042137   0.130048   0.013007   0.001000
  0.059871   0.826368  -0.558350   0.042137   0.130048   0.013007   0.001000
  0.059871   0.826368  -0.558350   0.042137   0.130048   0.013007   0.001000
  0.059871   0.826368  -0.558350   0.042137   0.130048   0.013007   0.001000
  0.059871   0.826368  -0.558350   0.042137   0.130048   0.013007   0.001000
  0.059871   0.826368  -0.558350   0.042137   0.130048   0.013007   0.001000
  0.059871   0.826368  -0.558350   0.042137   0.130048   0.013007   0.001000
  0.059871   0.826368  -0.558350   0.042137   0.130048   0.013007   0.001000
  0.059871   0.826368  -0.558350   0.042137   0.130048   0.013007   0.001000
  0.059871   0.826368  -0.558350   0.042137   0.130048   0.013007   0.001000
  0.059871   0.826368  -0.558350   0.042137   0.130048   0.013007   0.001000
  0.059871   0.826368  -0.558350   0.042137   0.130048   0.013007   0.001000
  0.059871   0.826368  -0.558350   0.042137   0.130048   0.013007   0.001000
  0.059871   0.826368  -0.558350   0.042137   0.130048   0.013007   0.001000
  0.059871   0.826368  -0.558350   0.042137   0.130048   0.013007   0.001000
  0.059871   0.826368  -0.558350   0.042137   0.130048   0.013007   0.001000
  0.059871   0.826368  -0.558350   0.042137   0.130048   0.013007   0.001000
  0.059871   0.826368  -0.558350   0.042137   0.130048   0.013007   0.001000
  0.059871   0.826368  -0.558350   0.042137   0.130048   0.013007   0.001000
  0.047866   0.827713  -0.557089   0.047453   0.172990  -0.133005   0.001000
  0.047866   0.827713  -0.557089   0.047453   0.172990  -0.133005   0.001000
  0.050747   0.824581  -0.561575   0.046101   0.200766   0.133172   0.001000
  0.055801   0.830563  -0.552506   0.042301   0.266062   0.204289   0.001000
  0.055599   0.831479  -0.551356   0.039484   0.216452   0.190780   0.001000
  0.049387   0.922072  -0.381219   0.044909   0.336862   0.201839   0.001000
  0.046883   0.829962  -0.553978   0.045541   0.473864  -0.091746   0.001000
  0.053551   0.826685  -0.558091   0.047524   0.347864  -0.094730   0.001000
  0.053551   0.826685  -0.558091   0.047524   0.347864  -0.094730   0.001000
  0.054458   0.829745  -0.554251   0.036918   0.411231  -0.118501   0.001000
  0.054458   0.829745  -0.554251   0.036918   0.411231  -0.118501   0.001000
  0.052240   0.924076  -0.375069   0.051750   0.445222  -0.168191   0.001000
  0.052615   0.825249  -0.560511   0.044985   0.372649  -0.212914   0.001000
  0.049769   0.826594  -0.558830   0.044446   0.311025  -0.196961   0.001000
  0.052831   0.819062  -0.569510   0.044768   0.235253   0.057334   0.001000
  0.048126   0.824370  -0.562351   0.043128   0.273568   0.137162   0.001000
  0.048126   0.824370  -0.562351   0.043128   0.273568   0.137162   0.001000
  0.048126   0.824370  -0.562351   0.043128   0.273568   0.137162   0.001000
  0.045648   0.822060  -0.565749   0.045405   0.342098   0.180910   0.001000
  0.055018   0.826358  -0.558770   0.043380   0.286363   0.277157   0.001000
  0.056842   0.825218  -0.560156   0.044825   0.363758   0.145162   0.001000
  0.048493   0.828485  -0.556881   0.033827   0.304922  -0.093701   0.001000
  0.041853   0.827809  -0.557733   0.043753   0.210285  -0.331714   0.001000
  0.052777   0.825811  -0.560055   0.039873   0.472769   0.259336   0.001000
  0.051968   0.826556  -0.558803   0.042940   0.322668  -0.114348   0.001000
  0.052856   0.823942  -0.562398   0.045108   0.409366   0.141608   0.001000
  0.051139   0.824459  -0.562079   0.041468   0.358227   0.172360   0.001000
  0.050445   0.823071  -0.564267   0.040149   0.352908   0.180530   0.001000
  0.050445   0.823071  -0.564267   0.040149   0.352908   0.180530   0.001000
  0.050445   0.823071  -0.564267   0.040149   0.352908   0.180530   0.001000
  0.048286   0.922583  -0.380053   0.045486   0.366030  -0.186543   0.001000
  0.046031   0.832219  -0.550422   0.048256   0.514699  -0.192363   0.001000
  0.050792   0.923506  -0.376608   0.052181   0.256426  -0.248630   0.001000
  0.050792   0.923506  -0.376608   0.052181   0.256426  -0.248630   0.001000
  0.048206   0.922760  -0.379247   0.048603   0.423530  -0.350744   0.001000
  0.046532   0.823390  -0.563974   0.042388   0.403487  -0.099509   0.001000
  0.047509   0.829009  -0.555940   0.037653   0.300221  -0.094781   0.001000
  0.045040   0.918312  -0.391132   0.041120   0.361555  -0.338987   0.001000
  0.052588   0.923096  -0.377648   0.050095   0.396757  -0.224051   0.001000
  0.049424   0.827429  -0.557946   0.040184   0.217523  -0.411012   0.001000
  0.049424   0.827429  -0.557946   0.040184   0.217523  -0.411012   0.001000
  0.049424   0.827429  -0.557946   0.040184   0.217523  -0.411012   0.001000
  0.053293   0.829859  -0.554135   0.037785   0.223589   0.315028   0.001000
  0.057320   0.829933  -0.553304   0.042203   0.277964   0.141615   0.001000
  0.053288   0.826596  -0.558748   0.041219   0.542111   0.037903   0.001000
  0.056663   0.823263  -0.563422   0.039780   0.490732  -0.246029   0.001000
  0.061591   0.824314  -0.561100   0.043343   0.315208  -0.243275   0.001000
  0.052903   0.828397  -0.556037   0.042222   0.256191  -0.392026   0.001000
  0.051854   0.827694  -0.557527   0.037376   0.376187   0.074862   0.001000
  0.052832   0.823930  -0.562648   0.042140   0.410582  -0.357838   0.001000
  0.052035   0.924879  -0.372996   0.052592   0.497320  -0.397069   0.001000
  0.051691   0.824400  -0.562167   0.040759   0.547101  -0.239715   0.001000
  0.060198   0.822884  -0.563462   0.041819   0.412071  -0.248816   0.001000
  0.057604   0.826793  -0.558021   0.041326   0.326023  -0.177891   0.001000
  0.057604   0.826793  -0.558021   0.041326   0.326023  -0.177891   0.001000
  0.057604   0.826793  -0.558021   0.041326   0.326023  -0.177891   0.001000
  0.057604   0.826793  -0.558021   0.041326   0.326023  -0.177891   0.001000
  0.054169   0.827023  -0.558281   0.037701   0.548660  -0.151332   0.001000
  0.053534   0.821945  -0.565521   0.041545   0.500589  -0.290664   0.001000
  0.055036   0.824779  -0.561136   0.042863   0.357174  -0.171067   0.001000
  0.055036   0.824779  -0.561136   0.042863   0.357174  -0.171067   0.001000
  0.055036   0.824779  -0.561136   0.042863   0.357174  -0.171067   0.001000
  0.055036   0.824779  -0.561136   0.042863   0.357174  -0.171067   0.001000
  0.055036   0.824779  -0.561136   0.042863   0.357174  -0.171067   0.001000
  0.055036   0.824779  -0.561136   0.042863   0.357174  -0.171067   0.001000
  0.057635   0.810169  -0.581568   0.045647   0.271507  -0.168701   0.001000
  0.051572   0.822772  -0.564254   0.044761   0.318834  -0.195684   0.001000
  0.050373   0.824161  -0.561638   0.052769   0.406565  -0.234609   0.001000
  0.052484   0.823617  -0.563327   0.039533   0.262500  -0.014416   0.001000
  0.052484   0.823617  -0.563327   0.039533   0.262500  -0.014416   0.001000
  0.052484   0.823617  -0.563327   0.039533   0.262500  -0.014416   0.001000
  0.052484   0.823617  -0.563327   0.039533   0.262500  -0.014416   0.001000
  0.052484   0.823617  -0.563327   0.039533   0.262500  -0.014416   0.001000
  0.052484   0.823617  -0.563327   0.039533   0.262500  -0.014416   0.001000
  0.052484   0.823617  -0.563327   0.039533   0.262500  -0.014416   0.001000
  0.052484   0.823617  -0.563327   0.039533   0.262500  -0.014416   0.001000
  0.052484   0.823617  -0.563327   0.039533   0.262500  -0.014416   0.001000
  0.052484   0.823617  -0.563327   0.039533   0.262500  -0.014416   0.001000
  0.052484   0.823617  -0.563327   0.039533   0.262500  -0.014416   0.001000
  0.050276   0.824290  -0.562567   0.039203   0.291050  -0.078978   0.001000
  0.057605   0.820649  -0.566827   0.043858   0.217599  -0.186100   0.001000
  0.057605   0.820649  -0.566827   0.043858   0.217599  -0.186100   0.001000
  0.057605   0.820649  -0.566827   0.043858   0.217599  -0.186100   0.001000
  0.049102   0.820136  -0.568160   0.046489   0.331897  -0.085943   0.001000
  0.056068   0.823264  -0.562863   0.047732   0.252896  -0.278770   0.001000
  0.056068   0.823264  -0.562863   0.047732   0.252896  -0.278770   0.001000
  0.049172   0.824201  -0.562603   0.041861   0.307177  -0.186636   0.001000
  0.055353   0.826381  -0.558944   0.040150   0.324049  -0.015543   0.001000
  0.055353   0.826381  -0.558944   0.040150   0.324049  -0.015543   0.001000
  0.055353   0.826381  -0.558944   0.040150   0.324049  -0.015543   0.001000
  0.055353   0.826381  -0.558944   0.040150   0.324049  -0.015543   0.001000
  0.055353   0.826381  -0.558944   0.040150   0.324049  -0.015543   0.001000
  0.055353   0.826381  -0.558944   0.040150   0.324049  -0.015543   0.001000
  0.055353   0.826381  -0.558944   0.040150   0.324049  -0.015543   0.001000
  0.055353   0.826381  -0.558944   0.040150   0.324049  -0.015543   0.001000
  0.053179   0.826765  -0.558450   0.042019   0.356429   0.014967   0.001000
  0.054234   0.828440  -0.556103   0.038677   0.463723  -0.043333   0.001000
  0.046335   0.921578  -0.382742   0.045338   0.267534  -0.217089   0.001000
  0.048701   0.823289  -0.564066   0.040659   0.366448   0.008561   0.001000
  0.048701   0.823289  -0.564066   0.040659   0.366448   0.008561   0.001000
  0.048701   0.823289  -0.564066   0.040659   0.366448   0.008561   0.001000
  0.043037   0.827288  -0.558339   0.044720   0.345563  -0.124031   0.001000
  0.052070   0.824440  -0.562200   0.038961   0.369565   0.053343   0.001000
  0.052070   0.824440  -0.562200   0.038961   0.369565   0.053343   0.001000
  0.052103   0.919200  -0.386500   0.054535   0.225303  -0.230019   0.001000
  0.047008   0.922890  -0.379622   0.044179   0.285049  -0.106245   0.001000
  0.055845   0.825431  -0.559692   0.047862   0.464961  -0.057600   0.001000
