 -0.442179  -0.298517  -0.613475   0.582249  -0.044157  -1.311757   0.001000
 -0.404381  -0.337085  -0.596017   0.606312  -0.425753  -0.874386   0.001000
 -0.404381  -0.337085  -0.596017   0.606312  -0.425753  -0.874386   0.001000
 -0.410801  -0.325858  -0.596446   0.607710  -0.409057  -0.848762   0.001000
 -0.410801  -0.325858  -0.596446   0.607710  -0.409057  -0.848762   0.001000
 -0.410801  -0.325858  -0.596446   0.607710  -0.409057  -0.848762   0.001000
 -0.411172  -0.337023  -0.577533   0.619523  -0.524807  -0.605610   0.001000
 -0.414452  -0.327992  -0.595053   0.605445  -0.578408  -0.813354   0.001000
 -0.390922  -0.350147  -0.585787   0.617601  -0.321119  -0.628816   0.001000
 -0.390922  -0.350147  -0.585787   0.617601  -0.321119  -0.628816   0.001000
 -0.420077  -0.336209  -0.587257   0.604672  -0.452947  -0.629395   0.001000
 -0.397000  -0.348782  -0.586801   0.613520  -0.407243  -0.607723   0.001000
 -0.397000  -0.348782  -0.586801   0.613520  -0.407243  -0.607723   0.001000
 -0.397000  -0.348782  -0.586801   0.613520  -0.407243  -0.607723   0.001000
 -0.402816  -0.342774  -0.589594   0.610430  -0.458928  -0.776487   0.001000
 -0.402816  -0.342774  -0.589594   0.610430  -0.458928  -0.776487   0.001000
 -0.402816  -0.342774  -0.589594   0.610430  -0.458928  -0.776487   0.001000
 -0.402816  -0.342774  -0.589594   0.610430  -0.458928  -0.776487   0.001000
 -0.406573  -0.344228  -0.583718   0.612764  -0.378373  -0.884472   0.001000
 -0.424271  -0.315921  -0.589968   0.610022  -0.308297  -0.824085   0.001000
 -0.404719  -0.334083  -0.596097   0.607667  -0.528542  -0.700542   0.001000
 -0.404719  -0.334083  -0.596097   0.607667  -0.528542  -0.700542   0.001000
 -0.404719  -0.334083  -0.596097   0.607667  -0.528542  -0.700542   0.001000
 -0.415041  -0.328629  -0.592785   0.606919  -0.397552  -0.608666   0.001000
 -0.415041  -0.328629  -0.592785   0.606919  -0.397552  -0.608666   0.001000
 -0.415041  -0.328629  -0.592785   0.606919  -0.397552  -0.608666   0.001000
 -0.415041  -0.328629  -0.592785   0.606919  -0.397552  -0.608666   0.001000
 -0.415041  -0.328629  -0.592785   0.606919  -0.397552  -0.608666   0.001000
 -0.415041  -0.328629  -0.592785   0.606919  -0.397552  -0.608666   0.001000
 -0.414829  -0.324132  -0.590585   0.611608  -0.298531  -0.799825   0.001000
 -0.414829  -0.324132  -0.590585   0.611608  -0.298531  -0.799825   0.001000
 -0.414829  -0.324132  -0.590585   0.611608  -0.298531  -0.799825   0.001000
 -0.414829  -0.324132  -0.590585   0.611608  -0.298531  -0.799825   0.001000
 -0.414829  -0.324132  -0.590585   0.611608  -0.298531  -0.799825   0.001000
 -0.414829  -0.324132  -0.590585   0.611608  -0.298531  -0.799825   0.001000
 -0.414829  -0.324132  -0.590585   0.611608  -0.298531  -0.799825   0.001000
 -0.414829  -0.324132  -0.590585   0.611608  -0.298531  -0.799825   0.001000
 -0.414829  -0.324132  -0.590585   0.611608  -0.298531  -0.799825   0.001000
 -0.414829  -0.324132  -0.590585   0.611608  -0.298531  -0.799825   0.001000
 -0.409542  -0.323041  -0.593647   0.612783  -0.276983  -0.979254   0.001000
 -0.409542  -0.323041  -0.593647   0.612783  -0.276983  -0.979254   0.001000
 -0.409542  -0.323041  -0.593647   0.612783  -0.276983  -0.979254   0.001000
 -0.409542  -0.323041  -0.593647   0.612783  -0.276983  -0.979254   0.001000
 -0.409542  -0.323041  -0.593647   0.612783  -0.276983  -0.979254   0.001000
 -0.409542  -0.323041  -0.593647   0.612783  -0.276983  -0.979254   0.001000
 -0.409542  -0.323041  -0.593647   0.612783  -0.276983  -0.979254   0.001000
 -0.409542  -0.323041  -0.593647   0.612783  -0.276983  -0.979254   0.001000
 -0.409542  -0.323041  -0.593647   0.612783  -0.276983  -0.979254   0.001000
 -0.409542  -0.323041  -0.593647   0.612783  -0.276983  -0.979254   0.001000
 -0.420126  -0.327924  -0.593255   0.603332  -0.276036  -0.883271   0.001000
 -0.420126  -0.327924  -0.593255   0.603332  -0.276036  -0.883271   0.001000
 -0.420126  -0.327924  -0.593255   0.603332  -0.276036  -0.883271   0.001000
 -0.401071  -0.318161  -0.590123   0.624236  -0.332261  -0.749912   0.001000
 -0.401071  -0.318161  -0.590123   0.624236  -0.332261  -0.749912   0.001000
 -0.401071  -0.318161  -0.590123   0.624236  -0.332261  -0.749912   0.001000
 -0.401071  -0.318161  -0.590123   0.624236  -0.332261  -0.749912   0.001000
 -0.409359  -0.334164  -0.594506   0.606071  -0.357604  -0.868377   0.001000
 -0.409359  -0.334164  -0.594506   0.606071  -0.357604  -0.868377   0.001000
 -0.409359  -0.334164  -0.594506   0.606071  -0.357604  -0.868377   0.001000
 -0.409359  -0.334164  -0.594506   0.606071  -0.357604  -0.868377   0.001000
 -0.409359  -0.334164  -0.594506   0.606071  -0.357604  -0.868377   0.001000
 -0.409359  -0.334164  -0.594506   0.606071  -0.357604  -0.868377   0.001000
 -0.409359  -0.334164  -0.594506   0.606071  -0.357604  -0.868377   0.001000
 -0.409359  -0.334164  -0.594506   0.606071  -0.357604  -0.868377   0.001000
 -0.409359  -0.334164  -0.594506   0.606071  -0.357604  -0.868377   0.001000
 -0.409359  -0.334164  -0.594506   0.606071  -0.357604  -0.868377   0.001000
 -0.409359  -0.334164  -0.594506   0.606071  -0.357604  -0.868377   0.001000
 -0.409359  -0.334164  -0.594506   0.606071  -0.357604  -0.868377   0.001000
 -0.409359  -0.334164  -0.594506   0.606071  -0.357604  -0.868377   0.001000
 -0.409359  -0.334164  -0.594506   0.606071  -0.357604  -0.868377   0.001000
 -0.409359  -0.334164  -0.594506   0.606071  -0.357604  -0.868377   0.001000
 -0.409359  -0.334164  -0.594506   0.606071  -0.357604  -0.868377   0.001000
 -0.409359  -0.334164  -0.594506   0.606071  -0.357604  -0.868377   0.001000
 -0.409359  -0.334164  -0.594506   0.606071  -0.357604  -0.868377   0.001000
 -0.409359  -0.334164  -0.594506   0.606071  -0.357604  -0.868377   0.001000
 -0.409359  -0.334164  -0.594506   0.606071  -0.357604  -0.868377   0.001000
 -0.409359  -0.334164  -0.594506   0.606071  -0.357604  -0.868377   0.001000
 -0.409359  -0.334164  -0.594506   0.606071  -0.357604  -0.868377   0.001000
 -0.409359  -0.334164  -0.594506   0.606071  -0.357604  -0.868377   0.001000
 -0.409359  -0.334164  -0.594506   0.606071  -0.357604  -0.868377   0.001000
 -0.409359  -0.334164  -0.594506   0.606071  -0.357604  -0.868377   0.001000
 -0.409359  -0.334164  -0.594506   0.606071  -0.357604  -0.868377   0.001000
 -0.400709  -0.335617  -0.594712   0.610828  -0.405554  -0.804479   0.001000
 -0.400709  -0.335617  -0.594712   0.610828  -0.405554  -0.804479   0.001000
 -0.400709  -0.335617  -0.594712   0.610828  -0.405554  -0.804479   0.001000
 -0.400709  -0.335617  -0.594712   0.610828  -0.405554  -0.804479   0.001000
 -0.403254  -0.334257  -0.589120   0.615302  -0.466982  -0.828103   0.001000
 -0.403254  -0.334257  -0.589120   0.615302  -0.466982  -0.828103   0.001000
 -0.403254  -0.334257  -0.589120   0.615302  -0.466982  -0.828103   0.001000
 -0.414131  -0.324179  -0.601907   0.600926  -0.465156  -0.804915   0.001000
 -0.414131  -0.324179  -0.601907   0.600926  -0.465156  -0.804915   0.001000
 -0.414131  -0.324179  -0.601907   0.600926  -0.465156  -0.804915   0.001000
 -0.414131  -0.324179  -0.601907   0.600926  -0.465156  -0.804915   0.001000
 -0.414131  -0.324179  -0.601907   0.600926  -0.465156  -0.804915   0.001000
 -0.414131  -0.324179  -0.601907   0.600926  -0.465156  -0.804915   0.001000
 -0.414131  -0.324179  -0.601907   0.600926  -0.465156  -0.804915   0.001000
 -0.414131  -0.324179  -0.601907   0.600926  -0.465156  -0.804915   0.001000
 -0.414131  -0.324179  -0.601907   0.600926  -0.465156  -0.804915   0.001000
 -0.414131  -0.324179  -0.601907   0.600926  -0.465156  -0.804915   0.001000
 -0.391541  -0.349304  -0.582118   0.621145  -0.310611  -0.825637   0.001000
 -0.391541  -0.349304  -0.582118   0.621145  -0.310611  -0.825637   0.001000
 -0.391541  -0.349304  -0.582118   0.621145  -0.310611  -0.825637   0.001000
 -0.391541  -0.349304  -0.582118   0.621145  -0.310611  -0.825637   0.001000
 -0.391541  -0.349304  -0.582118   0.621145  -0.310611  -0.825637   0.001000
 -0.391541  -0.349304  -0.582118   0.621145  -0.310611  -0.825637   0.001000
 -0.391541  -0.349304  -0.582118   0.621145  -0.310611  -0.825637   0.001000
 -0.391541  -0.349304  -0.582118   0.621145  -0.310611  -0.825637   0.001000
 -0.391541  -0.349304  -0.582118   0.621145  -0.310611  -0.825637   0.001000
 -0.391541  -0.349304  -0.582118   0.621145  -0.310611  -0.825637   0.001000
 -0.391541  -0.349304  -0.582118   0.621145  -0.310611  -0.825637   0.001000
 -0.391541  -0.349304  -0.582118   0.621145  -0.310611  -0.825637   0.001000
 -0.391541  -0.349304  -0.582118   0.621145  -0.310611  -0.825637   0.001000
 -0.391541  -0.349304  -0.582118   0.621145  -0.310611  -0.825637   0.001000
 -0.391541  -0.349304  -0.582118   0.621145  -0.310611  -0.825637   0.001000
 -0.391541  -0.349304  -0.582118   0.621145  -0.310611  -0.825637   0.001000
 -0.391541  -0.349304  -0.582118   0.621145  -0.310611  -0.825637   0.001000
 -0.391541  -0.349304  -0.582118   0.621145  -0.310611  -0.825637   0.001000
 -0.391541  -0.349304  -0.582118   0.621145  -0.310611  -0.825637   0.001000
 -0.391541  -0.349304  -0.582118   0.621145  -0.310611  -0.825637   0.001000
 -0.391541  -0.349304  -0.582118   0.621145  -0.310611  -0.825637   0.001000
 -0.391541  -0.349304  -0.582118   0.621145  -0.310611  -0.825637   0.001000
 -0.391541  -0.349304  -0.582118   0.621145  -0.310611  -0.825637   0.001000
 -0.391541  -0.349304  -0.582118   0.621145  -0.310611  -0.825637   0.001000
 -0.391541  -0.349304  -0.582118   0.621145  -0.310611  -0.825637   0.001000
 -0.391541  -0.349304  -0.582118   0.621145  -0.310611  -0.825637   0.001000
 -0.391541  -0.349304  -0.582118   0.621145  -0.310611  -0.825637   0.001000
 -0.391541  -0.349304  -0.582118   0.621145  -0.310611  -0.825637   0.001000
 -0.391541  -0.349304  -0.582118   0.621145  -0.310611  -0.825637   0.001000
 -0.391541  -0.349304  -0.582118   0.621145  -0.310611  -0.825637   0.001000
 -0.391541  -0.349304  -0.582118   0.621145  -0.310611  -0.825637   0.001000
 -0.391541  -0.349304  -0.582118   0.621145  -0.310611  -0.825637   0.001000
 -0.391541  -0.349304  -0.582118   0.621145  -0.310611  -0.825637   0.001000
 -0.391541  -0.349304  -0.582118   0.621145  -0.310611  -0.825637   0.001000
 -0.391541  -0.349304  -0.582118   0.621145  -0.310611  -0.825637   0.001000
 -0.403113  -0.309691  -0.586168   0.630871  -0.374117  -0.775431   0.001000
 -0.394639  -0.342182  -0.585872   0.619617  -0.366943  -0.812078   0.001000
 -0.394639  -0.342182  -0.585872   0.619617  -0.366943  -0.812078   0.001000
 -0.394639  -0.342182  -0.585872   0.619617  -0.366943  -0.812078   0.001000
 -0.394639  -0.342182  -0.585872   0.619617  -0.366943  -0.812078   0.001000
 -0.394639  -0.342182  -0.585872   0.619617  -0.366943  -0.812078   0.001000
 -0.394639  -0.342182  -0.585872   0.619617  -0.366943  -0.812078   0.001000
 -0.394639  -0.342182  -0.585872   0.619617  -0.366943  -0.812078   0.001000
 -0.394639  -0.342182  -0.585872   0.619617  -0.366943  -0.812078   0.001000
 -0.394639  -0.342182  -0.585872   0.619617  -0.366943  -0.812078   0.001000
 -0.394639  -0.342182  -0.585872   0.619617  -0.366943  -0.812078   0.001000
 -0.394639  -0.342182  -0.585872   0.619617  -0.366943  -0.812078   0.001000
 -0.394639  -0.342182  -0.585872   0.619617  -0.366943  -0.812078   0.001000
 -0.394639  -0.342182  -0.585872   0.619617  -0.366943  -0.812078   0.001000
 -0.394639  -0.342182  -0.585872   0.619617  -0.366943  -0.812078   0.001000
 -0.394639  -0.342182  -0.585872   0.619617  -0.366943  -0.812078   0.001000
 -0.394639  -0.342182  -0.585872   0.619617  -0.366943  -0.812078   0.001000
 -0.394639  -0.342182  -0.585872   0.619617  -0.366943  -0.812078   0.001000
 -0.394639  -0.342182  -0.585872   0.619617  -0.366943  -0.812078   0.001000
 -0.394639  -0.342182  -0.585872   0.619617  -0.366943  -0.812078   0.001000
 -0.394639  -0.342182  -0.585872   0.619617  -0.366943  -0.812078   0.001000
 -0.394639  -0.342182  -0.585872   0.619617  -0.366943  -0.812078   0.001000
 -0.394639  -0.342182  -0.585872   0.619617  -0.366943  -0.812078   0.001000
 -0.394639  -0.342182  -0.585872   0.619617  -0.366943  -0.812078   0.001000
 -0.394639  -0.342182  -0.585872   0.619617  -0.366943  -0.812078   0.001000
 -0.394639  -0.342182  -0.585872   0.619617  -0.366943  -0.812078   0.001000
 -0.394639  -0.342182  -0.585872   0.619617  -0.366943  -0.812078   0.001000
 -0.394639  -0.342182  -0.585872   0.619617  -0.366943  -0.812078   0.001000
 -0.394639  -0.342182  -0.585872   0.619617  -0.366943  -0.812078   0.001000
 -0.394639  -0.342182  -0.585872   0.619617  -0.366943  -0.812078   0.001000
 -0.394639  -0.342182  -0.585872   0.619617  -0.366943  -0.812078   0.001000
 -0.394639  -0.342182  -0.585872   0.619617  -0.366943  -0.812078   0.001000
 -0.394639  -0.342182  -0.585872   0.619617  -0.366943  -0.812078   0.001000
 -0.394639  -0.342182  -0.585872   0.619617  -0.366943  -0.812078   0.001000
 -0.394639  -0.342182  -0.585872   0.619617  -0.366943  -0.812078   0.001000
 -0.394639  -0.342182  -0.585872   0.619617  -0.366943  -0.812078   0.001000
 -0.394639  -0.342182  -0.585872   0.619617  -0.366943  -0.812078   0.001000
 -0.391810  -0.343311  -0.590722   0.616174  -0.245591  -0.624975   0.001000
 -0.391810  -0.343311  -0.590722   0.616174  -0.245591  -0.624975   0.001000
 -0.391810  -0.343311  -0.590722   0.616174  -0.245591  -0.624975   0.001000
 -0.391810  -0.343311  -0.590722   0.616174  -0.245591  -0.624975   0.001000
 -0.391810  -0.343311  -0.590722   0.616174  -0.245591  -0.624975   0.001000
 -0.391810  -0.343311  -0.590722   0.616174  -0.245591  -0.624975   0.001000
 -0.391810  -0.343311  -0.590722   0.616174  -0.245591  -0.624975   0.001000
 -0.423897  -0.329239  -0.591249   0.601945  -0.556298  -0.898659   0.001000
 -0.423897  -0.329239  -0.591249   0.601945  -0.556298  -0.898659   0.001000
 -0.404506  -0.340073  -0.593186   0.607335  -0.229947  -0.766727   0.001000
 -0.404506  -0.340073  -0.593186   0.607335  -0.229947  -0.766727   0.001000
 -0.404506  -0.340073  -0.593186   0.607335  -0.229947  -0.766727   0.001000
 -0.404506  -0.340073  -0.593186   0.607335  -0.229947  -0.766727   0.001000
 -0.404506  -0.340073  -0.593186   0.607335  -0.229947  -0.766727   0.001000
 -0.404506  -0.340073  -0.593186   0.607335  -0.229947  -0.766727   0.001000
 -0.404506  -0.340073  -0.593186   0.607335  -0.229947  -0.766727   0.001000
 -0.404506  -0.340073  -0.593186   0.607335  -0.229947  -0.766727   0.001000
 -0.404506  -0.340073  -0.593186   0.607335  -0.229947  -0.766727   0.001000
 -0.404506  -0.340073  -0.593186   0.607335  -0.229947  -0.766727   0.001000
 -0.404506  -0.340073  -0.593186   0.607335  -0.229947  -0.766727   0.001000
 -0.409338  -0.327795  -0.586264   0.617485  -0.197564  -0.723762   0.001000
 -0.409338  -0.327795  -0.586264   0.617485  -0.197564  -0.723762   0.001000
 -0.409338  -0.327795  -0.586264   0.617485  -0.197564  -0.723762   0.001000
 -0.409338  -0.327795  -0.586264   0.617485  -0.197564  -0.723762   0.001000
 -0.403907  -0.342967  -0.589413   0.609775  -0.169753  -0.777154   0.001000
 -0.403907  -0.342967  -0.589413   0.609775  -0.169753  -0.777154   0.001000
 -0.403907  -0.342967  -0.589413   0.609775  -0.169753  -0.777154   0.001000
 -0.403907  -0.342967  -0.589413   0.609775  -0.169753  -0.777154   0.001000
 -0.403907  -0.342967  -0.589413   0.609775  -0.169753  -0.777154   0.001000
 -0.397545  -0.320976  -0.602264   0.613360  -0.276214  -0.782012   0.001000
 -0.399740  -0.337227  -0.598652   0.606714  -0.334180  -0.678222   0.001000
 -0.399740  -0.337227  -0.598652   0.606714  -0.334180  -0.678222   0.001000
 -0.405976  -0.343670  -0.592931   0.604571  -0.389445  -0.774821   0.001000
 -0.405976  -0.343670  -0.592931   0.604571  -0.389445  -0.774821   0.001000
 -0.416909  -0.332579  -0.582459   0.613448  -0.224256  -0.894928   0.001000
 -0.415975  -0.323830  -0.588743   0.612764  -0.384081  -0.880610   0.001000
 -0.415975  -0.323830  -0.588743   0.612764  -0.384081  -0.880610   0.001000
 -0.407904  -0.328624  -0.587047   0.617249  -0.387222  -0.783892   0.001000
 -0.424327  -0.326590  -0.584717   0.609418  -0.433573  -0.915979   0.001000
 -0.400674  -0.331383  -0.596435   0.611482  -0.426077  -0.796894   0.001000
 -0.406850  -0.333376  -0.594826   0.607877  -0.327968  -0.944484   0.001000
 -0.406850  -0.333376  -0.594826   0.607877  -0.327968  -0.944484   0.001000
 -0.406850  -0.333376  -0.594826   0.607877  -0.327968  -0.944484   0.001000
 -0.406850  -0.333376  -0.594826   0.607877  -0.327968  -0.944484   0.001000
 -0.406850  -0.333376  -0.594826   0.607877  -0.327968  -0.944484   0.001000
 -0.406850  -0.333376  -0.594826   0.607877  -0.327968  -0.944484   0.001000
 -0.406850  -0.333376  -0.594826   0.607877  -0.327968  -0.944484   0.001000
 -0.406850  -0.333376  -0.594826   0.607877  -0.327968  -0.944484   0.001000
 -0.406850  -0.333376  -0.594826   0.607877  -0.327968  -0.944484   0.001000
 -0.406850  -0.333376  -0.594826   0.607877  -0.327968  -0.944484   0.001000
 -0.414499  -0.325265  -0.603989   0.597989  -0.181170  -0.912162   0.001000
 -0.414499  -0.325265  -0.603989   0.597989  -0.181170  -0.912162   0.001000
 -0.414499  -0.325265  -0.603989   0.597989  -0.181170  -0.912162   0.001000
 -0.414499  -0.325265  -0.603989   0.597989  -0.181170  -0.912162   0.001000
 -0.414499  -0.325265  -0.603989   0.597989  -0.181170  -0.912162   0.001000
 -0.414499  -0.325265  -0.603989   0.597989  -0.181170  -0.912162   0.001000
 -0.414499  -0.325265  -0.603989   0.597989  -0.181170  -0.912162   0.001000
 -0.414499  -0.325265  -0.603989   0.597989  -0.181170  -0.912162   0.001000
 -0.414499  -0.325265  -0.603989   0.597989  -0.181170  -0.912162   0.001000
 -0.404284  -0.338908  -0.587016   0.614091  -0.147027  -0.733992   0.001000
 -0.404284  -0.338908  -0.587016   0.614091  -0.147027  -0.733992   0.001000
 -0.422928  -0.382158  -0.577673   0.584279  -0.249555  -0.834048   0.001000
 -0.409000  -0.325920  -0.590756   0.614412  -0.280323  -0.844963   0.001000
 -0.409000  -0.325920  -0.590756   0.614412  -0.280323  -0.844963   0.001000
 -0.409000  -0.325920  -0.590756   0.614412  -0.280323  -0.844963   0.001000
 -0.407543  -0.327316  -0.599157   0.606451  -0.451422  -0.838700   0.001000
 -0.424337  -0.317142  -0.600100   0.599366  -0.340692  -0.814631   0.001000
 -0.424337  -0.317142  -0.600100   0.599366  -0.340692  -0.814631   0.001000
 -0.424337  -0.317142  -0.600100   0.599366  -0.340692  -0.814631   0.001000
 -0.424337  -0.317142  -0.600100   0.599366  -0.340692  -0.814631   0.001000
 -0.424337  -0.317142  -0.600100   0.599366  -0.340692  -0.814631   0.001000
 -0.424337  -0.317142  -0.600100   0.599366  -0.340692  -0.814631   0.001000
 -0.424337  -0.317142  -0.600100   0.599366  -0.340692  -0.814631   0.001000
 -0.424337  -0.317142  -0.600100   0.599366  -0.340692  -0.814631   0.001000
 -0.424337  -0.317142  -0.600100   0.599366  -0.340692  -0.814631   0.001000
 -0.424337  -0.317142  -0.600100   0.599366  -0.340692  -0.814631   0.001000
 -0.424337  -0.317142  -0.600100   0.599366  -0.340692  -0.814631   0.001000
 -0.424337  -0.317142  -0.600100   0.599366  -0.340692  -0.814631   0.001000
 -0.424337  -0.317142  -0.600100   0.599366  -0.340692  -0.814631   0.001000
 -0.424337  -0.317142  -0.600100   0.599366  -0.340692  -0.814631   0.001000
 -0.424337  -0.317142  -0.600100   0.599366  -0.340692  -0.814631   0.001000
 -0.424337  -0.317142  -0.600100   0.599366  -0.340692  -0.814631   0.001000
 -0.402573  -0.317693  -0.612145   0.601901  -0.284811  -0.819844   0.001000
 -0.402084  -0.311761  -0.614596   0.602831  -0.208839  -0.744915   0.001000
 -0.407567  -0.329618  -0.595087   0.609190  -0.253261  -0.722009   0.001000
 -0.407567  -0.329618  -0.595087   0.609190  -0.253261  -0.722009   0.001000
 -0.407567  -0.329618  -0.595087   0.609190  -0.253261  -0.722009   0.001000
 -0.407567  -0.329618  -0.595087   0.609190  -0.253261  -0.722009   0.001000
 -0.407567  -0.329618  -0.595087   0.609190  -0.253261  -0.722009   0.001000
 -0.407567  -0.329618  -0.595087   0.609190  -0.253261  -0.722009   0.001000
 -0.407567  -0.329618  -0.595087   0.609190  -0.253261  -0.722009   0.001000
 -0.398858  -0.337918  -0.593304   0.612139  -0.205218  -0.805131   0.001000
 -0.398858  -0.337918  -0.593304   0.612139  -0.205218  -0.805131   0.001000
 -0.398858  -0.337918  -0.593304   0.612139  -0.205218  -0.805131   0.001000
 -0.398858  -0.337918  -0.593304   0.612139  -0.205218  -0.805131   0.001000
 -0.406665  -0.330426  -0.586075   0.618028  -0.150723  -0.771656   0.001000
 -0.406665  -0.330426  -0.586075   0.618028  -0.150723  -0.771656   0.001000
 -0.410673  -0.339924  -0.581693   0.614355  -0.302673  -0.815853   0.001000
 -0.404889  -0.330509  -0.596938   0.608681  -0.179640  -0.721662   0.001000
 -0.404889  -0.330509  -0.596938   0.608681  -0.179640  -0.721662   0.001000
 -0.404889  -0.330509  -0.596938   0.608681  -0.179640  -0.721662   0.001000
 -0.404889  -0.330509  -0.596938   0.608681  -0.179640  -0.721662   0.001000
 -0.404889  -0.330509  -0.596938   0.608681  -0.179640  -0.721662   0.001000
 -0.404889  -0.330509  -0.596938   0.608681  -0.179640  -0.721662   0.001000
 -0.404889  -0.330509  -0.596938   0.608681  -0.179640  -0.721662   0.001000
 -0.416900  -0.331864  -0.588758   0.607803  -0.374795  -0.735920   0.001000
 -0.419714  -0.320095  -0.590618   0.610368  -0.247308  -0.747522   0.001000
 -0.419714  -0.320095  -0.590618   0.610368  -0.247308  -0.747522   0.001000
 -0.419714  -0.320095  -0.590618   0.610368  -0.247308  -0.747522   0.001000
 -0.409332  -0.338631  -0.584926   0.612893  -0.197101  -0.771640   0.001000
 -0.409332  -0.338631  -0.584926   0.612893  -0.197101  -0.771640   0.001000
 -0.409332  -0.338631  -0.584926   0.612893  -0.197101  -0.771640   0.001000
 -0.404194  -0.330171  -0.589558   0.616471  -0.384626  -0.982755   0.001000
 -0.404194  -0.330171  -0.589558   0.616471  -0.384626  -0.982755   0.001000
 -0.404194  -0.330171  -0.589558   0.616471  -0.384626  -0.982755   0.001000
 -0.404194  -0.330171  -0.589558   0.616471  -0.384626  -0.982755   0.001000
 -0.404194  -0.330171  -0.589558   0.616471  -0.384626  -0.982755   0.001000
 -0.408561  -0.332610  -0.595583   0.606406  -0.311731  -1.013435   0.001000
 -0.408561  -0.332610  -0.595583   0.606406  -0.311731  -1.013435   0.001000
 -0.408561  -0.332610  -0.595583   0.606406  -0.311731  -1.013435   0.001000
 -0.408561  -0.332610  -0.595583   0.606406  -0.311731  -1.013435   0.001000
 -0.408561  -0.332610  -0.595583   0.606406  -0.311731  -1.013435   0.001000
 -0.408561  -0.332610  -0.595583   0.606406  -0.311731  -1.013435   0.001000
 -0.408561  -0.332610  -0.595583   0.606406  -0.311731  -1.013435   0.001000
 -0.414437  -0.328589  -0.589749   0.610301  -0.461049  -1.170739   0.001000
 -0.426638  -0.317065  -0.603317   0.594524  -0.475799  -1.032606   0.001000
 -0.413400  -0.329794  -0.598386   0.601889  -0.408559  -0.922887   0.001000
 -0.417968  -0.333641  -0.567508   0.626036  -0.386434  -0.795763   0.001000
 -0.417968  -0.333641  -0.567508   0.626036  -0.386434  -0.795763   0.001000
 -0.398320  -0.339314  -0.586167   0.618559  -0.289548  -0.914749   0.001000
 -0.398320  -0.339314  -0.586167   0.618559  -0.289548  -0.914749   0.001000
 -0.398320  -0.339314  -0.586167   0.618559  -0.289548  -0.914749   0.001000
 -0.398320  -0.339314  -0.586167   0.618559  -0.289548  -0.914749   0.001000
 -0.398320  -0.339314  -0.586167   0.618559  -0.289548  -0.914749   0.001000
 -0.398320  -0.339314  -0.586167   0.618559  -0.289548  -0.914749   0.001000
 -0.398320  -0.339314  -0.586167   0.618559  -0.289548  -0.914749   0.001000
 -0.398320  -0.339314  -0.586167   0.618559  -0.289548  -0.914749   0.001000
 -0.398320  -0.339314  -0.586167   0.618559  -0.289548  -0.914749   0.001000
 -0.398320  -0.339314  -0.586167   0.618559  -0.289548  -0.914749   0.001000
 -0.327205  -0.291105  -0.631054   0.640286  -0.259259  -1.065708   0.001000
 -0.413362  -0.325560  -0.590022   0.612387  -0.319651  -0.772804   0.001000
 -0.413362  -0.325560  -0.590022   0.612387  -0.319651  -0.772804   0.001000
 -0.413362  -0.325560  -0.590022   0.612387  -0.319651  -0.772804   0.001000
 -0.413362  -0.325560  -0.590022   0.612387  -0.319651  -0.772804   0.001000
 -0.413362  -0.325560  -0.590022   0.612387  -0.319651  -0.772804   0.001000
 -0.413362  -0.325560  -0.590022   0.612387  -0.319651  -0.772804   0.001000
 -0.413362  -0.325560  -0.590022   0.612387  -0.319651  -0.772804   0.001000
 -0.413362  -0.325560  -0.590022   0.612387  -0.319651  -0.772804   0.001000
 -0.413362  -0.325560  -0.590022   0.612387  -0.319651  -0.772804   0.001000
 -0.413362  -0.325560  -0.590022   0.612387  -0.319651  -0.772804   0.001000
 -0.413362  -0.325560  -0.590022   0.612387  -0.319651  -0.772804   0.001000
 -0.413362  -0.325560  -0.590022   0.612387  -0.319651  -0.772804   0.001000
 -0.413362  -0.325560  -0.590022   0.612387  -0.319651  -0.772804   0.001000
 -0.413362  -0.325560  -0.590022   0.612387  -0.319651  -0.772804   0.001000
 -0.413362  -0.325560  -0.590022   0.612387  -0.319651  -0.772804   0.001000
 -0.413362  -0.325560  -0.590022   0.612387  -0.319651  -0.772804   0.001000
 -0.413362  -0.325560  -0.590022   0.612387  -0.319651  -0.772804   0.001000
 -0.413362  -0.325560  -0.590022   0.612387  -0.319651  -0.772804   0.001000
 -0.413362  -0.325560  -0.590022   0.612387  -0.319651  -0.772804   0.001000
 -0.413362  -0.325560  -0.590022   0.612387  -0.319651  -0.772804   0.001000
 -0.413362  -0.325560  -0.590022   0.612387  -0.319651  -0.772804   0.001000
 -0.413362  -0.325560  -0.590022   0.612387  -0.319651  -0.772804   0.001000
 -0.413362  -0.325560  -0.590022   0.612387  -0.319651  -0.772804   0.001000
 -0.413362  -0.325560  -0.590022   0.612387  -0.319651  -0.772804   0.001000
 -0.413362  -0.325560  -0.590022   0.612387  -0.319651  -0.772804   0.001000
 -0.413362  -0.325560  -0.590022   0.612387  -0.319651  -0.772804   0.001000
 -0.413362  -0.325560  -0.590022   0.612387  -0.319651  -0.772804   0.001000
 -0.419165  -0.320726  -0.596357   0.604809  -0.427657  -0.721823   0.001000
 -0.419165  -0.320726  -0.596357   0.604809  -0.427657  -0.721823   0.001000
 -0.419165  -0.320726  -0.596357   0.604809  -0.427657  -0.721823   0.001000
 -0.419165  -0.320726  -0.596357   0.604809  -0.427657  -0.721823   0.001000
 -0.419165  -0.320726  -0.596357   0.604809  -0.427657  -0.721823   0.001000
 -0.419165  -0.320726  -0.596357   0.604809  -0.427657  -0.721823   0.001000
 -0.419165  -0.320726  -0.596357   0.604809  -0.427657  -0.721823   0.001000
 -0.419165  -0.320726  -0.596357   0.604809  -0.427657  -0.721823   0.001000
 -0.419165  -0.320726  -0.596357   0.604809  -0.427657  -0.721823   0.001000
 -0.419165  -0.320726  -0.596357   0.604809  -0.427657  -0.721823   0.001000
 -0.424826  -0.321159  -0.591239   0.605653  -0.554831  -0.719868   0.001000
 -0.396836  -0.339165  -0.588450   0.617426  -0.208123  -1.269749   0.001000
 -0.409131  -0.327777  -0.657353   0.541351  -0.248939  -0.884391   0.001000
 -0.403138  -0.324577  -0.666436   0.536650  -0.143143  -0.908146   0.001000
 -0.397798  -0.319314  -0.662241   0.548846  -0.245578  -0.959008   0.001000
 -0.397798  -0.319314  -0.662241   0.548846  -0.245578  -0.959008   0.001000
 -0.399810  -0.331156  -0.652604   0.551902  -0.184974  -0.905921   0.001000
 -0.399810  -0.331156  -0.652604   0.551902  -0.184974  -0.905921   0.001000
 -0.399810  -0.331156  -0.652604   0.551902  -0.184974  -0.905921   0.001000
 -0.399810  -0.331156  -0.652604   0.551902  -0.184974  -0.905921   0.001000
 -0.399810  -0.331156  -0.652604   0.551902  -0.184974  -0.905921   0.001000
 -0.399810  -0.331156  -0.652604   0.551902  -0.184974  -0.905921   0.001000
 -0.399810  -0.331156  -0.652604   0.551902  -0.184974  -0.905921   0.001000
 -0.399810  -0.331156  -0.652604   0.551902  -0.184974  -0.905921   0.001000
 -0.399810  -0.331156  -0.652604   0.551902  -0.184974  -0.905921   0.001000
 -0.394879  -0.337117  -0.633752   0.573394  -0.138750  -0.933186   0.001000
 -0.399532  -0.321437  -0.661993   0.546642  -0.184896  -0.860171   0.001000
 -0.399532  -0.321437  -0.661993   0.546642  -0.184896  -0.860171   0.001000
 -0.399532  -0.321437  -0.661993   0.546642  -0.184896  -0.860171   0.001000
 -0.399532  -0.321437  -0.661993   0.546642  -0.184896  -0.860171   0.001000
 -0.399532  -0.321437  -0.661993   0.546642  -0.184896  -0.860171   0.001000
 -0.406197  -0.331495  -0.660288   0.537713  -0.217480  -0.866546   0.001000
 -0.400216  -0.339288  -0.652232   0.547087  -0.104515  -0.939868   0.001000
 -0.400216  -0.339288  -0.652232   0.547087  -0.104515  -0.939868   0.001000
 -0.400216  -0.339288  -0.652232   0.547087  -0.104515  -0.939868   0.001000
 -0.387706  -0.347997  -0.645789   0.558156  -0.154121  -0.997074   0.001000
 -0.387706  -0.347997  -0.645789   0.558156  -0.154121  -0.997074   0.001000
 -0.387706  -0.347997  -0.645789   0.558156  -0.154121  -0.997074   0.001000
 -0.387706  -0.347997  -0.645789   0.558156  -0.154121  -0.997074   0.001000
 -0.387355  -0.352348  -0.652924   0.547263  -0.039044  -0.821178   0.001000
 -0.412054  -0.333207  -0.649239   0.545595  -0.078670  -0.802951   0.001000
 -0.412054  -0.333207  -0.649239   0.545595  -0.078670  -0.802951   0.001000
 -0.392538  -0.354478  -0.646274   0.550082  -0.182494  -0.767787   0.001000
 -0.402915  -0.326577  -0.655144   0.549357  -0.142668  -0.768584   0.001000
 -0.402915  -0.326577  -0.655144   0.549357  -0.142668  -0.768584   0.001000
 -0.402915  -0.326577  -0.655144   0.549357  -0.142668  -0.768584   0.001000
 -0.402915  -0.326577  -0.655144   0.549357  -0.142668  -0.768584   0.001000
 -0.394639  -0.341590  -0.652887   0.548922  -0.054046  -1.041488   0.001000
 -0.394639  -0.341590  -0.652887   0.548922  -0.054046  -1.041488   0.001000
 -0.394639  -0.341590  -0.652887   0.548922  -0.054046  -1.041488   0.001000
 -0.393210  -0.347101  -0.647887   0.552403  -0.135237  -0.788520   0.001000
 -0.393210  -0.347101  -0.647887   0.552403  -0.135237  -0.788520   0.001000
 -0.393210  -0.347101  -0.647887   0.552403  -0.135237  -0.788520   0.001000
 -0.379395  -0.347911  -0.646783   0.562751  -0.075655  -1.011897   0.001000
 -0.396387  -0.334033  -0.651794   0.553592  -0.171499  -0.758750   0.001000
 -0.395083  -0.336027  -0.653701   0.551063  -0.251734  -0.894827   0.001000
 -0.395083  -0.336027  -0.653701   0.551063  -0.251734  -0.894827   0.001000
 -0.395083  -0.336027  -0.653701   0.551063  -0.251734  -0.894827   0.001000
 -0.395083  -0.336027  -0.653701   0.551063  -0.251734  -0.894827   0.001000
 -0.395083  -0.336027  -0.653701   0.551063  -0.251734  -0.894827   0.001000
 -0.395083  -0.336027  -0.653701   0.551063  -0.251734  -0.894827   0.001000
 -0.395083  -0.336027  -0.653701   0.551063  -0.251734  -0.894827   0.001000
 -0.395083  -0.336027  -0.653701   0.551063  -0.251734  -0.894827   0.001000
 -0.395083  -0.336027  -0.653701   0.551063  -0.251734  -0.894827   0.001000
 -0.395083  -0.336027  -0.653701   0.551063  -0.251734  -0.894827   0.001000
 -0.395083  -0.336027  -0.653701   0.551063  -0.251734  -0.894827   0.001000
 -0.395083  -0.336027  -0.653701   0.551063  -0.251734  -0.894827   0.001000
 -0.395083  -0.336027  -0.653701   0.551063  -0.251734  -0.894827   0.001000
 -0.395083  -0.336027  -0.653701   0.551063  -0.251734  -0.894827   0.001000
 -0.395083  -0.336027  -0.653701   0.551063  -0.251734  -0.894827   0.001000
 -0.395083  -0.336027  -0.653701   0.551063  -0.251734  -0.894827   0.001000
 -0.395083  -0.336027  -0.653701   0.551063  -0.251734  -0.894827   0.001000
 -0.407370  -0.323498  -0.659301   0.542883  -0.204868  -0.852864   0.001000
 -0.407370  -0.323498  -0.659301   0.542883  -0.204868  -0.852864   0.001000
 -0.407370  -0.323498  -0.659301   0.542883  -0.204868  -0.852864   0.001000
 -0.407370  -0.323498  -0.659301   0.542883  -0.204868  -0.852864   0.001000
 -0.407370  -0.323498  -0.659301   0.542883  -0.204868  -0.852864   0.001000
 -0.407370  -0.323498  -0.659301   0.542883  -0.204868  -0.852864   0.001000
 -0.407370  -0.323498  -0.659301   0.542883  -0.204868  -0.852864   0.001000
 -0.407370  -0.323498  -0.659301   0.542883  -0.204868  -0.852864   0.001000
 -0.407370  -0.323498  -0.659301   0.542883  -0.204868  -0.852864   0.001000
 -0.407370  -0.323498  -0.659301   0.542883  -0.204868  -0.852864   0.001000
 -0.407370  -0.323498  -0.659301   0.542883  -0.204868  -0.852864   0.001000
 -0.407370  -0.323498  -0.659301   0.542883  -0.204868  -0.852864   0.001000
 -0.406346  -0.320218  -0.646756   0.560401  -0.238684  -0.877849   0.001000
 -0.399783  -0.326560  -0.661523   0.543984  -0.160835  -0.961166   0.001000
 -0.399783  -0.326560  -0.661523   0.543984  -0.160835  -0.961166   0.001000
 -0.399783  -0.326560  -0.661523   0.543984  -0.160835  -0.961166   0.001000
 -0.398889  -0.330815  -0.657847   0.546522  -0.120127  -0.930475   0.001000
 -0.398889  -0.330815  -0.657847   0.546522  -0.120127  -0.930475   0.001000
 -0.398889  -0.330815  -0.657847   0.546522  -0.120127  -0.930475   0.001000
 -0.398889  -0.330815  -0.657847   0.546522  -0.120127  -0.930475   0.001000
 -0.398889  -0.330815  -0.657847   0.546522  -0.120127  -0.930475   0.001000
 -0.396526  -0.330561  -0.656949   0.549468  -0.181417  -0.940963   0.001000
 -0.396526  -0.330561  -0.656949   0.549468  -0.181417  -0.940963   0.001000
 -0.396526  -0.330561  -0.656949   0.549468  -0.181417  -0.940963   0.001000
 -0.396526  -0.330561  -0.656949   0.549468  -0.181417  -0.940963   0.001000
 -0.403862  -0.356053  -0.646198   0.540879  -0.238366  -1.026597   0.001000
 -0.390530  -0.338471  -0.659519   0.545856  -0.201146  -0.832731   0.001000
 -0.399702  -0.334848  -0.654999   0.546893  -0.094662  -0.928456   0.001000
 -0.399702  -0.334848  -0.654999   0.546893  -0.094662  -0.928456   0.001000
 -0.399702  -0.334848  -0.654999   0.546893  -0.094662  -0.928456   0.001000
 -0.403582  -0.338967  -0.651505   0.545677  -0.207757  -0.886829   0.001000
 -0.403582  -0.338967  -0.651505   0.545677  -0.207757  -0.886829   0.001000
 -0.404510  -0.340477  -0.646318   0.550200  -0.163626  -0.926952   0.001000
 -0.412795  -0.318778  -0.649334   0.553485  -0.075253  -0.945658   0.001000
 -0.405121  -0.329202  -0.650173   0.552066  -0.199254  -0.814458   0.001000
 -0.405121  -0.329202  -0.650173   0.552066  -0.199254  -0.814458   0.001000
 -0.405121  -0.329202  -0.650173   0.552066  -0.199254  -0.814458   0.001000
 -0.404161  -0.331874  -0.649847   0.551554  -0.339075  -0.887142   0.001000
 -0.380393  -0.355743  -0.654023   0.548636  -0.304363  -0.893937   0.001000
 -0.380393  -0.355743  -0.654023   0.548636  -0.304363  -0.893937   0.001000
 -0.380393  -0.355743  -0.654023   0.548636  -0.304363  -0.893937   0.001000
 -0.380393  -0.355743  -0.654023   0.548636  -0.304363  -0.893937   0.001000
 -0.380393  -0.355743  -0.654023   0.548636  -0.304363  -0.893937   0.001000
 -0.380393  -0.355743  -0.654023   0.548636  -0.304363  -0.893937   0.001000
 -0.397370  -0.334395  -0.661431   0.541097  -0.165122  -0.823496   0.001000
 -0.397370  -0.334395  -0.661431   0.541097  -0.165122  -0.823496   0.001000
 -0.397370  -0.334395  -0.661431   0.541097  -0.165122  -0.823496   0.001000
 -0.397370  -0.334395  -0.661431   0.541097  -0.165122  -0.823496   0.001000
 -0.400985  -0.345931  -0.654374   0.539758  -0.146306  -0.931654   0.001000
 -0.405495  -0.320010  -0.646553   0.561370  -0.008879  -0.891439   0.001000
 -0.397164  -0.335272  -0.641326   0.564406  -0.015672  -0.963040   0.001000
 -0.391954  -0.335239  -0.653877   0.553562  -0.048577  -0.938442   0.001000
 -0.391954  -0.335239  -0.653877   0.553562  -0.048577  -0.938442   0.001000
 -0.391954  -0.335239  -0.653877   0.553562  -0.048577  -0.938442   0.001000
 -0.388216  -0.347184  -0.652862   0.550021  -0.153171  -0.875113   0.001000
 -0.388216  -0.347184  -0.652862   0.550021  -0.153171  -0.875113   0.001000
 -0.388216  -0.347184  -0.652862   0.550021  -0.153171  -0.875113   0.001000
 -0.404056  -0.342853  -0.643078   0.552848  -0.332660  -0.974140   0.001000
 -0.404056  -0.342853  -0.643078   0.552848  -0.332660  -0.974140   0.001000
 -0.394146  -0.338150  -0.647077   0.558207  -0.159480  -1.013944   0.001000
 -0.394146  -0.338150  -0.647077   0.558207  -0.159480  -1.013944   0.001000
 -0.394146  -0.338150  -0.647077   0.558207  -0.159480  -1.013944   0.001000
 -0.398408  -0.337688  -0.655243   0.545797  -0.225243  -0.943370   0.001000
 -0.398408  -0.337688  -0.655243   0.545797  -0.225243  -0.943370   0.001000
 -0.398408  -0.337688  -0.655243   0.545797  -0.225243  -0.943370   0.001000
 -0.398408  -0.337688  -0.655243   0.545797  -0.225243  -0.943370   0.001000
 -0.398408  -0.337688  -0.655243   0.545797  -0.225243  -0.943370   0.001000
 -0.398408  -0.337688  -0.655243   0.545797  -0.225243  -0.943370   0.001000
 -0.398408  -0.337688  -0.655243   0.545797  -0.225243  -0.943370   0.001000
 -0.398408  -0.337688  -0.655243   0.545797  -0.225243  -0.943370   0.001000
 -0.398408  -0.337688  -0.655243   0.545797  -0.225243  -0.943370   0.001000
 -0.398408  -0.337688  -0.655243   0.545797  -0.225243  -0.943370   0.001000
 -0.398408  -0.337688  -0.655243   0.545797  -0.225243  -0.943370   0.001000
 -0.390527  -0.341203  -0.655356   0.549162  -0.245072  -0.948368   0.001000
 -0.390527  -0.341203  -0.655356   0.549162  -0.245072  -0.948368   0.001000
 -0.390527  -0.341203  -0.655356   0.549162  -0.245072  -0.948368   0.001000
 -0.390527  -0.341203  -0.655356   0.549162  -0.245072  -0.948368   0.001000
 -0.390527  -0.341203  -0.655356   0.549162  -0.245072  -0.948368   0.001000
 -0.390527  -0.341203  -0.655356   0.549162  -0.245072  -0.948368   0.001000
 -0.390527  -0.341203  -0.655356   0.549162  -0.245072  -0.948368   0.001000
 -0.388620  -0.332575  -0.649553   0.562539  -0.148728  -0.887134   0.001000
 -0.406630  -0.332801  -0.642339   0.557939  -0.141160  -0.786354   0.001000
 -0.389486  -0.338625  -0.658196   0.548099  -0.151144  -0.759195   0.001000
 -0.406377  -0.336515  -0.653952   0.542183  -0.292616  -0.725292   0.001000
 -0.394432  -0.342444  -0.648362   0.553879  -0.128882  -0.915318   0.001000
 -0.394432  -0.342444  -0.648362   0.553879  -0.128882  -0.915318   0.001000
 -0.394432  -0.342444  -0.648362   0.553879  -0.128882  -0.915318   0.001000
 -0.394432  -0.342444  -0.648362   0.553879  -0.128882  -0.915318   0.001000
 -0.394432  -0.342444  -0.648362   0.553879  -0.128882  -0.915318   0.001000
 -0.379516  -0.354871  -0.646109   0.559086  -0.066597  -0.948427   0.001000
 -0.390629  -0.339545  -0.660229   0.544257  -0.128039  -0.786917   0.001000
 -0.398592  -0.339114  -0.659410   0.539727  -0.122251  -0.922302   0.001000
 -0.398592  -0.339114  -0.659410   0.539727  -0.122251  -0.922302   0.001000
 -0.402343  -0.330223  -0.650332   0.553300  -0.094025  -0.944440   0.001000
 -0.402343  -0.330223  -0.650332   0.553300  -0.094025  -0.944440   0.001000
 -0.402343  -0.330223  -0.650332   0.553300  -0.094025  -0.944440   0.001000
 -0.402343  -0.330223  -0.650332   0.553300  -0.094025  -0.944440   0.001000
 -0.402343  -0.330223  -0.650332   0.553300  -0.094025  -0.944440   0.001000
 -0.402343  -0.330223  -0.650332   0.553300  -0.094025  -0.944440   0.001000
 -0.402343  -0.330223  -0.650332   0.553300  -0.094025  -0.944440   0.001000
 -0.396417  -0.332706  -0.662705   0.541280  -0.138063  -0.901204   0.001000
 -0.396417  -0.332706  -0.662705   0.541280  -0.138063  -0.901204   0.001000
 -0.396417  -0.332706  -0.662705   0.541280  -0.138063  -0.901204   0.001000
 -0.392910  -0.337535  -0.652037   0.553659  -0.108554  -0.955433   0.001000
 -0.392910  -0.337535  -0.652037   0.553659  -0.108554  -0.955433   0.001000
 -0.392910  -0.337535  -0.652037   0.553659  -0.108554  -0.955433   0.001000
 -0.392910  -0.337535  -0.652037   0.553659  -0.108554  -0.955433   0.001000
 -0.392910  -0.337535  -0.652037   0.553659  -0.108554  -0.955433   0.001000
 -0.392910  -0.337535  -0.652037   0.553659  -0.108554  -0.955433   0.001000
 -0.392910  -0.337535  -0.652037   0.553659  -0.108554  -0.955433   0.001000
 -0.392910  -0.337535  -0.652037   0.553659  -0.108554  -0.955433   0.001000
 -0.392910  -0.337535  -0.652037   0.553659  -0.108554  -0.955433   0.001000
 -0.392910  -0.337535  -0.652037   0.553659  -0.108554  -0.955433   0.001000
 -0.380939  -0.350176  -0.648220   0.558635  -0.068790  -0.938155   0.001000
 -0.380939  -0.350176  -0.648220   0.558635  -0.068790  -0.938155   0.001000
 -0.380939  -0.350176  -0.648220   0.558635  -0.068790  -0.938155   0.001000
 -0.380939  -0.350176  -0.648220   0.558635  -0.068790  -0.938155   0.001000
 -0.380939  -0.350176  -0.648220   0.558635  -0.068790  -0.938155   0.001000
 -0.380939  -0.350176  -0.648220   0.558635  -0.068790  -0.938155   0.001000
 -0.380939  -0.350176  -0.648220   0.558635  -0.068790  -0.938155   0.001000
 -0.396750  -0.327602  -0.662964   0.543824  -0.192895  -0.883582   0.001000
 -0.398169  -0.322387  -0.649885   0.561407  -0.173334  -0.960522   0.001000
 -0.398169  -0.322387  -0.649885   0.561407  -0.173334  -0.960522   0.001000
 -0.388009  -0.379773  -0.619629   0.566817  -0.099914  -0.921054   0.001000
 -0.400743  -0.342122  -0.653163   0.543816  -0.223491  -0.829567   0.001000
 -0.389645  -0.347405  -0.655331   0.545920  -0.175602  -0.884171   0.001000
 -0.389645  -0.347405  -0.655331   0.545920  -0.175602  -0.884171   0.001000
 -0.389645  -0.347405  -0.655331   0.545920  -0.175602  -0.884171   0.001000
 -0.389645  -0.347405  -0.655331   0.545920  -0.175602  -0.884171   0.001000
 -0.389645  -0.347405  -0.655331   0.545920  -0.175602  -0.884171   0.001000
 -0.389645  -0.347405  -0.655331   0.545920  -0.175602  -0.884171   0.001000
 -0.389645  -0.347405  -0.655331   0.545920  -0.175602  -0.884171   0.001000
 -0.389645  -0.347405  -0.655331   0.545920  -0.175602  -0.884171   0.001000
 -0.395810  -0.334071  -0.649427   0.556754  -0.103996  -0.883147   0.001000
 -0.395810  -0.334071  -0.649427   0.556754  -0.103996  -0.883147   0.001000
 -0.395810  -0.334071  -0.649427   0.556754  -0.103996  -0.883147   0.001000
 -0.395810  -0.334071  -0.649427   0.556754  -0.103996  -0.883147   0.001000
 -0.387755  -0.349052  -0.650692   0.551733  -0.184598  -0.842700   0.001000
 -0.387755  -0.349052  -0.650692   0.551733  -0.184598  -0.842700   0.001000
 -0.387755  -0.349052  -0.650692   0.551733  -0.184598  -0.842700   0.001000
 -0.387755  -0.349052  -0.650692   0.551733  -0.184598  -0.842700   0.001000
 -0.387755  -0.349052  -0.650692   0.551733  -0.184598  -0.842700   0.001000
 -0.387755  -0.349052  -0.650692   0.551733  -0.184598  -0.842700   0.001000
 -0.387755  -0.349052  -0.650692   0.551733  -0.184598  -0.842700   0.001000
 -0.387755  -0.349052  -0.650692   0.551733  -0.184598  -0.842700   0.001000
 -0.387755  -0.349052  -0.650692   0.551733  -0.184598  -0.842700   0.001000
 -0.387755  -0.349052  -0.650692   0.551733  -0.184598  -0.842700   0.001000
 -0.387755  -0.349052  -0.650692   0.551733  -0.184598  -0.842700   0.001000
 -0.387755  -0.349052  -0.650692   0.551733  -0.184598  -0.842700   0.001000
 -0.387755  -0.349052  -0.650692   0.551733  -0.184598  -0.842700   0.001000
 -0.387755  -0.349052  -0.650692   0.551733  -0.184598  -0.842700   0.001000
 -0.387755  -0.349052  -0.650692   0.551733  -0.184598  -0.842700   0.001000
 -0.387755  -0.349052  -0.650692   0.551733  -0.184598  -0.842700   0.001000
 -0.387755  -0.349052  -0.650692   0.551733  -0.184598  -0.842700   0.001000
 -0.387755  -0.349052  -0.650692   0.551733  -0.184598  -0.842700   0.001000
 -0.387755  -0.349052  -0.650692   0.551733  -0.184598  -0.842700   0.001000
 -0.387755  -0.349052  -0.650692   0.551733  -0.184598  -0.842700   0.001000
 -0.387755  -0.349052  -0.650692   0.551733  -0.184598  -0.842700   0.001000
 -0.387755  -0.349052  -0.650692   0.551733  -0.184598  -0.842700   0.001000
 -0.385757  -0.335275  -0.653064   0.558829  -0.093720  -0.921009   0.001000
 -0.416935  -0.322272  -0.644617   0.553873  -0.185544  -0.751363   0.001000
 -0.394779  -0.333308  -0.659649   0.545819  -0.206569  -0.816169   0.001000
 -0.404545  -0.321828  -0.660612   0.544391  -0.159695  -0.576180   0.001000
 -0.393813  -0.335603  -0.642984   0.564671  -0.146613  -0.781616   0.001000
 -0.411008  -0.340995  -0.650663   0.539845  -0.256427  -0.869027   0.001000
 -0.412751  -0.333166  -0.644740   0.550406  -0.311801  -0.925320   0.001000
 -0.395378  -0.331516  -0.654534   0.552593  -0.306277  -0.894575   0.001000
 -0.395378  -0.331516  -0.654534   0.552593  -0.306277  -0.894575   0.001000
 -0.395378  -0.331516  -0.654534   0.552593  -0.306277  -0.894575   0.001000
 -0.395378  -0.331516  -0.654534   0.552593  -0.306277  -0.894575   0.001000
 -0.395378  -0.331516  -0.654534   0.552593  -0.306277  -0.894575   0.001000
 -0.397867  -0.331841  -0.665514   0.537284  -0.419456  -0.922171   0.001000
 -0.402574  -0.322534  -0.663993   0.541313  -0.330496  -0.915640   0.001000
 -0.402574  -0.322534  -0.663993   0.541313  -0.330496  -0.915640   0.001000
 -0.402574  -0.322534  -0.663993   0.541313  -0.330496  -0.915640   0.001000
 -0.395806  -0.337810  -0.654245   0.548804  -0.300707  -0.902614   0.001000
 -0.395806  -0.337810  -0.654245   0.548804  -0.300707  -0.902614   0.001000
 -0.395806  -0.337810  -0.654245   0.548804  -0.300707  -0.902614   0.001000
 -0.395806  -0.337810  -0.654245   0.548804  -0.300707  -0.902614   0.001000
 -0.395806  -0.337810  -0.654245   0.548804  -0.300707  -0.902614   0.001000
 -0.395806  -0.337810  -0.654245   0.548804  -0.300707  -0.902614   0.001000
 -0.395806  -0.337810  -0.654245   0.548804  -0.300707  -0.902614   0.001000
 -0.395806  -0.337810  -0.654245   0.548804  -0.300707  -0.902614   0.001000
 -0.395806  -0.337810  -0.654245   0.548804  -0.300707  -0.902614   0.001000
 -0.395806  -0.337810  -0.654245   0.548804  -0.300707  -0.902614   0.001000
 -0.395806  -0.337810  -0.654245   0.548804  -0.300707  -0.902614   0.001000
 -0.395806  -0.337810  -0.654245   0.548804  -0.300707  -0.902614   0.001000
 -0.395806  -0.337810  -0.654245   0.548804  -0.300707  -0.902614   0.001000
 -0.395806  -0.337810  -0.654245   0.548804  -0.300707  -0.902614   0.001000
 -0.395806  -0.337810  -0.654245   0.548804  -0.300707  -0.902614   0.001000
 -0.395806  -0.337810  -0.654245   0.548804  -0.300707  -0.902614   0.001000
 -0.395806  -0.337810  -0.654245   0.548804  -0.300707  -0.902614   0.001000
 -0.395806  -0.337810  -0.654245   0.548804  -0.300707  -0.902614   0.001000
 -0.395806  -0.337810  -0.654245   0.548804  -0.300707  -0.902614   0.001000
 -0.395806  -0.337810  -0.654245   0.548804  -0.300707  -0.902614   0.001000
 -0.395806  -0.337810  -0.654245   0.548804  -0.300707  -0.902614   0.001000
 -0.395806  -0.337810  -0.654245   0.548804  -0.300707  -0.902614   0.001000
 -0.395806  -0.337810  -0.654245   0.548804  -0.300707  -0.902614   0.001000
 -0.395806  -0.337810  -0.654245   0.548804  -0.300707  -0.902614   0.001000
 -0.395806  -0.337810  -0.654245   0.548804  -0.300707  -0.902614   0.001000
 -0.395806  -0.337810  -0.654245   0.548804  -0.300707  -0.902614   0.001000
 -0.395806  -0.337810  -0.654245   0.548804  -0.300707  -0.902614   0.001000
 -0.395806  -0.337810  -0.654245   0.548804  -0.300707  -0.902614   0.001000
 -0.395806  -0.337810  -0.654245   0.548804  -0.300707  -0.902614   0.001000
 -0.395806  -0.337810  -0.654245   0.548804  -0.300707  -0.902614   0.001000
 -0.395806  -0.337810  -0.654245   0.548804  -0.300707  -0.902614   0.001000
 -0.395806  -0.337810  -0.654245   0.548804  -0.300707  -0.902614   0.001000
 -0.395806  -0.337810  -0.654245   0.548804  -0.300707  -0.902614   0.001000
 -0.395806  -0.337810  -0.654245   0.548804  -0.300707  -0.902614   0.001000
 -0.395806  -0.337810  -0.654245   0.548804  -0.300707  -0.902614   0.001000
 -0.395806  -0.337810  -0.654245   0.548804  -0.300707  -0.902614   0.001000
 -0.395806  -0.337810  -0.654245   0.548804  -0.300707  -0.902614   0.001000
 -0.395806  -0.337810  -0.654245   0.548804  -0.300707  -0.902614   0.001000
 -0.395806  -0.337810  -0.654245   0.548804  -0.300707  -0.902614   0.001000
 -0.395806  -0.337810  -0.654245   0.548804  -0.300707  -0.902614   0.001000
 -0.395806  -0.337810  -0.654245   0.548804  -0.300707  -0.902614   0.001000
 -0.395806  -0.337810  -0.654245   0.548804  -0.300707  -0.902614   0.001000
 -0.395806  -0.337810  -0.654245   0.548804  -0.300707  -0.902614   0.001000
 -0.395806  -0.337810  -0.654245   0.548804  -0.300707  -0.902614   0.001000
 -0.395806  -0.337810  -0.654245   0.548804  -0.300707  -0.902614   0.001000
 -0.395806  -0.337810  -0.654245   0.548804  -0.300707  -0.902614   0.001000
 -0.416553  -0.306467  -0.658397   0.546877  -0.253578  -0.876287   0.001000
 -0.433842  -0.286419  -0.673061   0.526054  -0.366775  -0.949602   0.001000
 -0.433842  -0.286419  -0.673061   0.526054  -0.366775  -0.949602   0.001000
 -0.433842  -0.286419  -0.673061   0.526054  -0.366775  -0.949602   0.001000
 -0.433842  -0.286419  -0.673061   0.526054  -0.366775  -0.949602   0.001000
 -0.433842  -0.286419  -0.673061   0.526054  -0.366775  -0.949602   0.001000
 -0.388004  -0.349429  -0.651076   0.550865  -0.322272  -0.922005   0.001000
 -0.388004  -0.349429  -0.651076   0.550865  -0.322272  -0.922005   0.001000
 -0.388004  -0.349429  -0.651076   0.550865  -0.322272  -0.922005   0.001000
 -0.388004  -0.349429  -0.651076   0.550865  -0.322272  -0.922005   0.001000
 -0.388004  -0.349429  -0.651076   0.550865  -0.322272  -0.922005   0.001000
 -0.388004  -0.349429  -0.651076   0.550865  -0.322272  -0.922005   0.001000
 -0.388004  -0.349429  -0.651076   0.550865  -0.322272  -0.922005   0.001000
 -0.388004  -0.349429  -0.651076   0.550865  -0.322272  -0.922005   0.001000
 -0.388004  -0.349429  -0.651076   0.550865  -0.322272  -0.922005   0.001000
 -0.388004  -0.349429  -0.651076   0.550865  -0.322272  -0.922005   0.001000
 -0.388004  -0.349429  -0.651076   0.550865  -0.322272  -0.922005   0.001000
 -0.388004  -0.349429  -0.651076   0.550865  -0.322272  -0.922005   0.001000
 -0.388004  -0.349429  -0.651076   0.550865  -0.322272  -0.922005   0.001000
 -0.388004  -0.349429  -0.651076   0.550865  -0.322272  -0.922005   0.001000
 -0.388004  -0.349429  -0.651076   0.550865  -0.322272  -0.922005   0.001000
 -0.388004  -0.349429  -0.651076   0.550865  -0.322272  -0.922005   0.001000
 -0.388004  -0.349429  -0.651076   0.550865  -0.322272  -0.922005   0.001000
 -0.388004  -0.349429  -0.651076   0.550865  -0.322272  -0.922005   0.001000
 -0.388004  -0.349429  -0.651076   0.550865  -0.322272  -0.922005   0.001000
 -0.388004  -0.349429  -0.651076   0.550865  -0.322272  -0.922005   0.001000
 -0.388004  -0.349429  -0.651076   0.550865  -0.322272  -0.922005   0.001000
 -0.388004  -0.349429  -0.651076   0.550865  -0.322272  -0.922005   0.001000
 -0.388004  -0.349429  -0.651076   0.550865  -0.322272  -0.922005   0.001000
 -0.388004  -0.349429  -0.651076   0.550865  -0.322272  -0.922005   0.001000
 -0.388004  -0.349429  -0.651076   0.550865  -0.322272  -0.922005   0.001000
 -0.388004  -0.349429  -0.651076   0.550865  -0.322272  -0.922005   0.001000
 -0.388004  -0.349429  -0.651076   0.550865  -0.322272  -0.922005   0.001000
 -0.388004  -0.349429  -0.651076   0.550865  -0.322272  -0.922005   0.001000
 -0.388004  -0.349429  -0.651076   0.550865  -0.322272  -0.922005   0.001000
 -0.391533  -0.343108  -0.654581   0.548181  -0.309335  -0.917370   0.001000
 -0.391533  -0.343108  -0.654581   0.548181  -0.309335  -0.917370   0.001000
 -0.398456  -0.334438  -0.647538   0.556847  -0.270006  -0.974880   0.001000
 -0.395574  -0.338547  -0.648464   0.555339  -0.068293  -0.949770   0.001000
 -0.395574  -0.338547  -0.648464   0.555339  -0.068293  -0.949770   0.001000
 -0.395574  -0.338547  -0.648464   0.555339  -0.068293  -0.949770   0.001000
 -0.399364  -0.337733  -0.651122   0.549987  -0.379458  -0.613520   0.001000
 -0.399364  -0.337733  -0.651122   0.549987  -0.379458  -0.613520   0.001000
 -0.406144  -0.330632  -0.654308   0.545537  -0.242615  -0.867991   0.001000
 -0.406144  -0.330632  -0.654308   0.545537  -0.242615  -0.867991   0.001000
 -0.406144  -0.330632  -0.654308   0.545537  -0.242615  -0.867991   0.001000
 -0.406144  -0.330632  -0.654308   0.545537  -0.242615  -0.867991   0.001000
 -0.381989  -0.339305  -0.646434   0.566639  -0.256802  -0.869993   0.001000
 -0.401744  -0.328170  -0.648849   0.556687  -0.345568  -0.647086   0.001000
 -0.392902  -0.331752  -0.661280   0.546148  -0.338173  -0.790045   0.001000
 -0.392902  -0.331752  -0.661280   0.546148  -0.338173  -0.790045   0.001000
 -0.392902  -0.331752  -0.661280   0.546148  -0.338173  -0.790045   0.001000
 -0.392902  -0.331752  -0.661280   0.546148  -0.338173  -0.790045   0.001000
 -0.401299  -0.336325  -0.654818   0.545030  -0.273648  -0.775442   0.001000
 -0.393141  -0.341134  -0.651336   0.552113  -0.174451  -0.723190   0.001000
 -0.393141  -0.341134  -0.651336   0.552113  -0.174451  -0.723190   0.001000
 -0.393141  -0.341134  -0.651336   0.552113  -0.174451  -0.723190   0.001000
 -0.393141  -0.341134  -0.651336   0.552113  -0.174451  -0.723190   0.001000
 -0.392319  -0.346619  -0.649489   0.551457  -0.402131  -0.711694   0.001000
 -0.392319  -0.346619  -0.649489   0.551457  -0.402131  -0.711694   0.001000
 -0.392319  -0.346619  -0.649489   0.551457  -0.402131  -0.711694   0.001000
 -0.392319  -0.346619  -0.649489   0.551457  -0.402131  -0.711694   0.001000
 -0.392319  -0.346619  -0.649489   0.551457  -0.402131  -0.711694   0.001000
 -0.392319  -0.346619  -0.649489   0.551457  -0.402131  -0.711694   0.001000
 -0.400006  -0.326277  -0.657676   0.548636  -0.174545  -0.925512   0.001000
 -0.400006  -0.326277  -0.657676   0.548636  -0.174545  -0.925512   0.001000
 -0.392284  -0.341443  -0.656275   0.546657  -0.196618  -0.856116   0.001000
 -0.392284  -0.341443  -0.656275   0.546657  -0.196618  -0.856116   0.001000
 -0.392284  -0.341443  -0.656275   0.546657  -0.196618  -0.856116   0.001000
 -0.392284  -0.341443  -0.656275   0.546657  -0.196618  -0.856116   0.001000
 -0.394318  -0.345314  -0.648439   0.552085  -0.135472  -0.964726   0.001000
 -0.394318  -0.345314  -0.648439   0.552085  -0.135472  -0.964726   0.001000
 -0.394318  -0.345314  -0.648439   0.552085  -0.135472  -0.964726   0.001000
 -0.394318  -0.345314  -0.648439   0.552085  -0.135472  -0.964726   0.001000
 -0.411341  -0.325984  -0.601014   0.602757  -0.199383  -0.893212   0.001000
 -0.400037  -0.346599  -0.643063   0.553453  -0.248591  -1.131832   0.001000
 -0.389035  -0.334207  -0.665713   0.542018  -0.427069  -1.001433   0.001000
 -0.389035  -0.334207  -0.665713   0.542018  -0.427069  -1.001433   0.001000
 -0.404023  -0.334520  -0.650143   0.549706  -0.188649  -1.019753   0.001000
 -0.404023  -0.334520  -0.650143   0.549706  -0.188649  -1.019753   0.001000
 -0.404023  -0.334520  -0.650143   0.549706  -0.188649  -1.019753   0.001000
 -0.404023  -0.334520  -0.650143   0.549706  -0.188649  -1.019753   0.001000
 -0.393428  -0.339116  -0.652113   0.552235  -0.148797  -0.992618   0.001000
 -0.393428  -0.339116  -0.652113   0.552235  -0.148797  -0.992618   0.001000
 -0.393428  -0.339116  -0.652113   0.552235  -0.148797  -0.992618   0.001000
 -0.393428  -0.339116  -0.652113   0.552235  -0.148797  -0.992618   0.001000
 -0.393428  -0.339116  -0.652113   0.552235  -0.148797  -0.992618   0.001000
 -0.393428  -0.339116  -0.652113   0.552235  -0.148797  -0.992618   0.001000
 -0.393428  -0.339116  -0.652113   0.552235  -0.148797  -0.992618   0.001000
 -0.393428  -0.339116  -0.652113   0.552235  -0.148797  -0.992618   0.001000
 -0.393428  -0.339116  -0.652113   0.552235  -0.148797  -0.992618   0.001000
 -0.393428  -0.339116  -0.652113   0.552235  -0.148797  -0.992618   0.001000
 -0.393428  -0.339116  -0.652113   0.552235  -0.148797  -0.992618   0.001000
 -0.393428  -0.339116  -0.652113   0.552235  -0.148797  -0.992618   0.001000
 -0.393428  -0.339116  -0.652113   0.552235  -0.148797  -0.992618   0.001000
 -0.393428  -0.339116  -0.652113   0.552235  -0.148797  -0.992618   0.001000
 -0.393428  -0.339116  -0.652113   0.552235  -0.148797  -0.992618   0.001000
 -0.393428  -0.339116  -0.652113   0.552235  -0.148797  -0.992618   0.001000
 -0.393428  -0.339116  -0.652113   0.552235  -0.148797  -0.992618   0.001000
 -0.393428  -0.339116  -0.652113   0.552235  -0.148797  -0.992618   0.001000
 -0.393428  -0.339116  -0.652113   0.552235  -0.148797  -0.992618   0.001000
 -0.393428  -0.339116  -0.652113   0.552235  -0.148797  -0.992618   0.001000
 -0.393428  -0.339116  -0.652113   0.552235  -0.148797  -0.992618   0.001000
 -0.393428  -0.339116  -0.652113   0.552235  -0.148797  -0.992618   0.001000
 -0.393428  -0.339116  -0.652113   0.552235  -0.148797  -0.992618   0.001000
 -0.393508  -0.342400  -0.662495   0.537600  -0.312414  -0.780610   0.001000
 -0.404668  -0.332091  -0.662888   0.535292  -0.258227  -0.956108   0.001000
 -0.404668  -0.332091  -0.662888   0.535292  -0.258227  -0.956108   0.001000
 -0.382577  -0.350399  -0.643522   0.562792  -0.198609  -0.935342   0.001000
 -0.382577  -0.350399  -0.643522   0.562792  -0.198609  -0.935342   0.001000
 -0.382577  -0.350399  -0.643522   0.562792  -0.198609  -0.935342   0.001000
 -0.382577  -0.350399  -0.643522   0.562792  -0.198609  -0.935342   0.001000
 -0.382577  -0.350399  -0.643522   0.562792  -0.198609  -0.935342   0.001000
 -0.382577  -0.350399  -0.643522   0.562792  -0.198609  -0.935342   0.001000
 -0.382577  -0.350399  -0.643522   0.562792  -0.198609  -0.935342   0.001000
 -0.382577  -0.350399  -0.643522   0.562792  -0.198609  -0.935342   0.001000
 -0.382577  -0.350399  -0.643522   0.562792  -0.198609  -0.935342   0.001000
 -0.382577  -0.350399  -0.643522   0.562792  -0.198609  -0.935342   0.001000
 -0.382577  -0.350399  -0.643522   0.562792  -0.198609  -0.935342   0.001000
 -0.382577  -0.350399  -0.643522   0.562792  -0.198609  -0.935342   0.001000
 -0.382577  -0.350399  -0.643522   0.562792  -0.198609  -0.935342   0.001000
 -0.382577  -0.350399  -0.643522   0.562792  -0.198609  -0.935342   0.001000
 -0.382577  -0.350399  -0.643522   0.562792  -0.198609  -0.935342   0.001000
 -0.382577  -0.350399  -0.643522   0.562792  -0.198609  -0.935342   0.001000
 -0.382577  -0.350399  -0.643522   0.562792  -0.198609  -0.935342   0.001000
 -0.382577  -0.350399  -0.643522   0.562792  -0.198609  -0.935342   0.001000
 -0.382577  -0.350399  -0.643522   0.562792  -0.198609  -0.935342   0.001000
 -0.382577  -0.350399  -0.643522   0.562792  -0.198609  -0.935342   0.001000
 -0.382577  -0.350399  -0.643522   0.562792  -0.198609  -0.935342   0.001000
 -0.382577  -0.350399  -0.643522   0.562792  -0.198609  -0.935342   0.001000
 -0.382577  -0.350399  -0.643522   0.562792  -0.198609  -0.935342   0.001000
 -0.382577  -0.350399  -0.643522   0.562792  -0.198609  -0.935342   0.001000
 -0.382577  -0.350399  -0.643522   0.562792  -0.198609  -0.935342   0.001000
 -0.393114  -0.337735  -0.661083   0.542556  -0.181651  -0.915779   0.001000
 -0.393114  -0.337735  -0.661083   0.542556  -0.181651  -0.915779   0.001000
 -0.393114  -0.337735  -0.661083   0.542556  -0.181651  -0.915779   0.001000
 -0.393114  -0.337735  -0.661083   0.542556  -0.181651  -0.915779   0.001000
 -0.393114  -0.337735  -0.661083   0.542556  -0.181651  -0.915779   0.001000
 -0.393114  -0.337735  -0.661083   0.542556  -0.181651  -0.915779   0.001000
 -0.393114  -0.337735  -0.661083   0.542556  -0.181651  -0.915779   0.001000
 -0.393114  -0.337735  -0.661083   0.542556  -0.181651  -0.915779   0.001000
 -0.393114  -0.337735  -0.661083   0.542556  -0.181651  -0.915779   0.001000
 -0.393114  -0.337735  -0.661083   0.542556  -0.181651  -0.915779   0.001000
 -0.393114  -0.337735  -0.661083   0.542556  -0.181651  -0.915779   0.001000
 -0.393114  -0.337735  -0.661083   0.542556  -0.181651  -0.915779   0.001000
 -0.385948  -0.327774  -0.666717   0.546898  -0.338786  -0.985025   0.001000
 -0.406263  -0.320635  -0.666238   0.536908  -0.214491  -0.938941   0.001000
 -0.389573  -0.344674  -0.647104   0.557395  -0.156883  -0.800151   0.001000
 -0.389573  -0.344674  -0.647104   0.557395  -0.156883  -0.800151   0.001000
 -0.389573  -0.344674  -0.647104   0.557395  -0.156883  -0.800151   0.001000
 -0.389573  -0.344674  -0.647104   0.557395  -0.156883  -0.800151   0.001000
 -0.389573  -0.344674  -0.647104   0.557395  -0.156883  -0.800151   0.001000
 -0.389573  -0.344674  -0.647104   0.557395  -0.156883  -0.800151   0.001000
 -0.389573  -0.344674  -0.647104   0.557395  -0.156883  -0.800151   0.001000
 -0.389573  -0.344674  -0.647104   0.557395  -0.156883  -0.800151   0.001000
 -0.389573  -0.344674  -0.647104   0.557395  -0.156883  -0.800151   0.001000
 -0.389573  -0.344674  -0.647104   0.557395  -0.156883  -0.800151   0.001000
 -0.389573  -0.344674  -0.647104   0.557395  -0.156883  -0.800151   0.001000
 -0.389573  -0.344674  -0.647104   0.557395  -0.156883  -0.800151   0.001000
 -0.389573  -0.344674  -0.647104   0.557395  -0.156883  -0.800151   0.001000
 -0.389573  -0.344674  -0.647104   0.557395  -0.156883  -0.800151   0.001000
 -0.389573  -0.344674  -0.647104   0.557395  -0.156883  -0.800151   0.001000
 -0.389573  -0.344674  -0.647104   0.557395  -0.156883  -0.800151   0.001000
 -0.401316  -0.329905  -0.647719   0.557287  -0.253210  -0.862885   0.001000
 -0.401316  -0.329905  -0.647719   0.557287  -0.253210  -0.862885   0.001000
 -0.401316  -0.329905  -0.647719   0.557287  -0.253210  -0.862885   0.001000
 -0.401316  -0.329905  -0.647719   0.557287  -0.253210  -0.862885   0.001000
 -0.401316  -0.329905  -0.647719   0.557287  -0.253210  -0.862885   0.001000
 -0.401316  -0.329905  -0.647719   0.557287  -0.253210  -0.862885   0.001000
 -0.401316  -0.329905  -0.647719   0.557287  -0.253210  -0.862885   0.001000
 -0.401316  -0.329905  -0.647719   0.557287  -0.253210  -0.862885   0.001000
 -0.401316  -0.329905  -0.647719   0.557287  -0.253210  -0.862885   0.001000
 -0.401316  -0.329905  -0.647719   0.557287  -0.253210  -0.862885   0.001000
 -0.401316  -0.329905  -0.647719   0.557287  -0.253210  -0.862885   0.001000
 -0.401316  -0.329905  -0.647719   0.557287  -0.253210  -0.862885   0.001000
 -0.401316  -0.329905  -0.647719   0.557287  -0.253210  -0.862885   0.001000
 -0.401316  -0.329905  -0.647719   0.557287  -0.253210  -0.862885   0.001000
 -0.401316  -0.329905  -0.647719   0.557287  -0.253210  -0.862885   0.001000
 -0.401316  -0.329905  -0.647719   0.557287  -0.253210  -0.862885   0.001000
 -0.401316  -0.329905  -0.647719   0.557287  -0.253210  -0.862885   0.001000
 -0.401316  -0.329905  -0.647719   0.557287  -0.253210  -0.862885   0.001000
 -0.401316  -0.329905  -0.647719   0.557287  -0.253210  -0.862885   0.001000
 -0.401316  -0.329905  -0.647719   0.557287  -0.253210  -0.862885   0.001000
 -0.401316  -0.329905  -0.647719   0.557287  -0.253210  -0.862885   0.001000
 -0.401316  -0.329905  -0.647719   0.557287  -0.253210  -0.862885   0.001000
 -0.401316  -0.329905  -0.647719   0.557287  -0.253210  -0.862885   0.001000
 -0.401316  -0.329905  -0.647719   0.557287  -0.253210  -0.862885   0.001000
 -0.401316  -0.329905  -0.647719   0.557287  -0.253210  -0.862885   0.001000
 -0.401316  -0.329905  -0.647719   0.557287  -0.253210  -0.862885   0.001000
 -0.391139  -0.341976  -0.660412   0.542143  -0.147335  -0.969374   0.001000
 -0.396738  -0.337545  -0.649045   0.554439  -0.172766  -0.867694   0.001000
 -0.396738  -0.337545  -0.649045   0.554439  -0.172766  -0.867694   0.001000
 -0.396738  -0.337545  -0.649045   0.554439  -0.172766  -0.867694   0.001000
 -0.396738  -0.337545  -0.649045   0.554439  -0.172766  -0.867694   0.001000
 -0.396738  -0.337545  -0.649045   0.554439  -0.172766  -0.867694   0.001000
 -0.396738  -0.337545  -0.649045   0.554439  -0.172766  -0.867694   0.001000
 -0.396738  -0.337545  -0.649045   0.554439  -0.172766  -0.867694   0.001000
 -0.396738  -0.337545  -0.649045   0.554439  -0.172766  -0.867694   0.001000
 -0.396738  -0.337545  -0.649045   0.554439  -0.172766  -0.867694   0.001000
 -0.396738  -0.337545  -0.649045   0.554439  -0.172766  -0.867694   0.001000
 -0.396738  -0.337545  -0.649045   0.554439  -0.172766  -0.867694   0.001000
 -0.396738  -0.337545  -0.649045   0.554439  -0.172766  -0.867694   0.001000
 -0.396738  -0.337545  -0.649045   0.554439  -0.172766  -0.867694   0.001000
 -0.396738  -0.337545  -0.649045   0.554439  -0.172766  -0.867694   0.001000
 -0.396738  -0.337545  -0.649045   0.554439  -0.172766  -0.867694   0.001000
 -0.396738  -0.337545  -0.649045   0.554439  -0.172766  -0.867694   0.001000
 -0.396738  -0.337545  -0.649045   0.554439  -0.172766  -0.867694   0.001000
 -0.396738  -0.337545  -0.649045   0.554439  -0.172766  -0.867694   0.001000
 -0.396738  -0.337545  -0.649045   0.554439  -0.172766  -0.867694   0.001000
 -0.396738  -0.337545  -0.649045   0.554439  -0.172766  -0.867694   0.001000
 -0.396738  -0.337545  -0.649045   0.554439  -0.172766  -0.867694   0.001000
 -0.396738  -0.337545  -0.649045   0.554439  -0.172766  -0.867694   0.001000
 -0.396738  -0.337545  -0.649045   0.554439  -0.172766  -0.867694   0.001000
 -0.396738  -0.337545  -0.649045   0.554439  -0.172766  -0.867694   0.001000
 -0.396738  -0.337545  -0.649045   0.554439  -0.172766  -0.867694   0.001000
 -0.396738  -0.337545  -0.649045   0.554439  -0.172766  -0.867694   0.001000
 -0.396738  -0.337545  -0.649045   0.554439  -0.172766  -0.867694   0.001000
 -0.396738  -0.337545  -0.649045   0.554439  -0.172766  -0.867694   0.001000
 -0.396738  -0.337545  -0.649045   0.554439  -0.172766  -0.867694   0.001000
 -0.396738  -0.337545  -0.649045   0.554439  -0.172766  -0.867694   0.001000
 -0.396738  -0.337545  -0.649045   0.554439  -0.172766  -0.867694   0.001000
 -0.396738  -0.337545  -0.649045   0.554439  -0.172766  -0.867694   0.001000
 -0.396738  -0.337545  -0.649045   0.554439  -0.172766  -0.867694   0.001000
 -0.396738  -0.337545  -0.649045   0.554439  -0.172766  -0.867694   0.001000
 -0.396738  -0.337545  -0.649045   0.554439  -0.172766  -0.867694   0.001000
 -0.396738  -0.337545  -0.649045   0.554439  -0.172766  -0.867694   0.001000
 -0.396738  -0.337545  -0.649045   0.554439  -0.172766  -0.867694   0.001000
 -0.396738  -0.337545  -0.649045   0.554439  -0.172766  -0.867694   0.001000
 -0.396738  -0.337545  -0.649045   0.554439  -0.172766  -0.867694   0.001000
 -0.396738  -0.337545  -0.649045   0.554439  -0.172766  -0.867694   0.001000
 -0.396738  -0.337545  -0.649045   0.554439  -0.172766  -0.867694   0.001000
 -0.396738  -0.337545  -0.649045   0.554439  -0.172766  -0.867694   0.001000
 -0.396738  -0.337545  -0.649045   0.554439  -0.172766  -0.867694   0.001000
 -0.396738  -0.337545  -0.649045   0.554439  -0.172766  -0.867694   0.001000
 -0.384331  -0.341836  -0.665678   0.540658  -0.248501  -0.878428   0.001000
 -0.395070  -0.339426  -0.646932   0.556946  -0.170935  -0.774774   0.001000
 -0.395070  -0.339426  -0.646932   0.556946  -0.170935  -0.774774   0.001000
 -0.395070  -0.339426  -0.646932   0.556946  -0.170935  -0.774774   0.001000
 -0.395070  -0.339426  -0.646932   0.556946  -0.170935  -0.774774   0.001000
 -0.395070  -0.339426  -0.646932   0.556946  -0.170935  -0.774774   0.001000
 -0.395070  -0.339426  -0.646932   0.556946  -0.170935  -0.774774   0.001000
 -0.395070  -0.339426  -0.646932   0.556946  -0.170935  -0.774774   0.001000
 -0.395070  -0.339426  -0.646932   0.556946  -0.170935  -0.774774   0.001000
 -0.395070  -0.339426  -0.646932   0.556946  -0.170935  -0.774774   0.001000
 -0.395070  -0.339426  -0.646932   0.556946  -0.170935  -0.774774   0.001000
 -0.395070  -0.339426  -0.646932   0.556946  -0.170935  -0.774774   0.001000
 -0.395070  -0.339426  -0.646932   0.556946  -0.170935  -0.774774   0.001000
 -0.395070  -0.339426  -0.646932   0.556946  -0.170935  -0.774774   0.001000
 -0.395070  -0.339426  -0.646932   0.556946  -0.170935  -0.774774   0.001000
 -0.400576  -0.330210  -0.652310   0.552262  -0.094252  -0.796694   0.001000
 -0.400576  -0.330210  -0.652310   0.552262  -0.094252  -0.796694   0.001000
 -0.400576  -0.330210  -0.652310   0.552262  -0.094252  -0.796694   0.001000
 -0.402548  -0.323232  -0.655170   0.551569  -0.173461  -0.816609   0.001000
 -0.393180  -0.336318  -0.660275   0.544369  -0.282343  -0.877928   0.001000
 -0.393180  -0.336318  -0.660275   0.544369  -0.282343  -0.877928   0.001000
 -0.393180  -0.336318  -0.660275   0.544369  -0.282343  -0.877928   0.001000
 -0.366169  -0.347454  -0.652273   0.565453  -0.233335  -0.836745   0.001000
 -0.390103  -0.340060  -0.637231   0.571065  -0.259240  -0.781124   0.001000
 -0.390103  -0.340060  -0.637231   0.571065  -0.259240  -0.781124   0.001000
 -0.364411  -0.351440  -0.675113   0.536579  -0.177942  -0.905162   0.001000
 -0.398532  -0.333747  -0.640611   0.565157  -0.280503  -0.978142   0.001000
 -0.398532  -0.333747  -0.640611   0.565157  -0.280503  -0.978142   0.001000
 -0.407567  -0.341762  -0.646919   0.546428  -0.280899  -0.947490   0.001000
 -0.391861  -0.368858  -0.654138   0.531500  -0.145420  -0.956514   0.001000
 -0.382797  -0.348268  -0.651047   0.555260  -0.218200  -1.030913   0.001000
 -0.382797  -0.348268  -0.651047   0.555260  -0.218200  -1.030913   0.001000
 -0.382797  -0.348268  -0.651047   0.555260  -0.218200  -1.030913   0.001000
 -0.396193  -0.341106  -0.650365   0.551092  -0.150198  -1.039034   0.001000
 -0.396193  -0.341106  -0.650365   0.551092  -0.150198  -1.039034   0.001000
 -0.396193  -0.341106  -0.650365   0.551092  -0.150198  -1.039034   0.001000
 -0.382147  -0.347836  -0.648708   0.558705  -0.188795  -0.936432   0.001000
 -0.389595  -0.343599  -0.659193   0.543709  -0.112413  -1.101086   0.001000
 -0.389595  -0.343599  -0.659193   0.543709  -0.112413  -1.101086   0.001000
 -0.389595  -0.343599  -0.659193   0.543709  -0.112413  -1.101086   0.001000
 -0.391306  -0.336753  -0.660354   0.545353  -0.211234  -1.042509   0.001000
 -0.391306  -0.336753  -0.660354   0.545353  -0.211234  -1.042509   0.001000
 -0.391306  -0.336753  -0.660354   0.545353  -0.211234  -1.042509   0.001000
 -0.391306  -0.336753  -0.660354   0.545353  -0.211234  -1.042509   0.001000
 -0.391306  -0.336753  -0.660354   0.545353  -0.211234  -1.042509   0.001000
 -0.391306  -0.336753  -0.660354   0.545353  -0.211234  -1.042509   0.001000
 -0.391306  -0.336753  -0.660354   0.545353  -0.211234  -1.042509   0.001000
 -0.391306  -0.336753  -0.660354   0.545353  -0.211234  -1.042509   0.001000
 -0.391306  -0.336753  -0.660354   0.545353  -0.211234  -1.042509   0.001000
 -0.391306  -0.336753  -0.660354   0.545353  -0.211234  -1.042509   0.001000
 -0.391306  -0.336753  -0.660354   0.545353  -0.211234  -1.042509   0.001000
 -0.391306  -0.336753  -0.660354   0.545353  -0.211234  -1.042509   0.001000
 -0.391306  -0.336753  -0.660354   0.545353  -0.211234  -1.042509   0.001000
 -0.391306  -0.336753  -0.660354   0.545353  -0.211234  -1.042509   0.001000
 -0.391306  -0.336753  -0.660354   0.545353  -0.211234  -1.042509   0.001000
 -0.428503  -0.310597  -0.673269   0.516356  -0.112594  -1.036139   0.001000
 -0.428503  -0.310597  -0.673269   0.516356  -0.112594  -1.036139   0.001000
 -0.396109  -0.339431  -0.648169   0.554762  -0.290317  -1.014345   0.001000
 -0.380719  -0.335046  -0.649697   0.566296  -0.235912  -1.137479   0.001000
 -0.390244  -0.345578  -0.651428   0.551295  -0.246822  -0.992567   0.001000
 -0.390244  -0.345578  -0.651428   0.551295  -0.246822  -0.992567   0.001000
 -0.390244  -0.345578  -0.651428   0.551295  -0.246822  -0.992567   0.001000
 -0.390244  -0.345578  -0.651428   0.551295  -0.246822  -0.992567   0.001000
 -0.390244  -0.345578  -0.651428   0.551295  -0.246822  -0.992567   0.001000
 -0.390244  -0.345578  -0.651428   0.551295  -0.246822  -0.992567   0.001000
 -0.390244  -0.345578  -0.651428   0.551295  -0.246822  -0.992567   0.001000
 -0.390244  -0.345578  -0.651428   0.551295  -0.246822  -0.992567   0.001000
 -0.390244  -0.345578  -0.651428   0.551295  -0.246822  -0.992567   0.001000
 -0.390244  -0.345578  -0.651428   0.551295  -0.246822  -0.992567   0.001000
 -0.390244  -0.345578  -0.651428   0.551295  -0.246822  -0.992567   0.001000
 -0.390244  -0.345578  -0.651428   0.551295  -0.246822  -0.992567   0.001000
 -0.390244  -0.345578  -0.651428   0.551295  -0.246822  -0.992567   0.001000
 -0.390244  -0.345578  -0.651428   0.551295  -0.246822  -0.992567   0.001000
 -0.390244  -0.345578  -0.651428   0.551295  -0.246822  -0.992567   0.001000
 -0.390244  -0.345578  -0.651428   0.551295  -0.246822  -0.992567   0.001000
 -0.390244  -0.345578  -0.651428   0.551295  -0.246822  -0.992567   0.001000
 -0.390244  -0.345578  -0.651428   0.551295  -0.246822  -0.992567   0.001000
 -0.390244  -0.345578  -0.651428   0.551295  -0.246822  -0.992567   0.001000
 -0.390244  -0.345578  -0.651428   0.551295  -0.246822  -0.992567   0.001000
 -0.390244  -0.345578  -0.651428   0.551295  -0.246822  -0.992567   0.001000
 -0.390244  -0.345578  -0.651428   0.551295  -0.246822  -0.992567   0.001000
 -0.393397  -0.334222  -0.654239   0.552726  -0.342043  -0.831866   0.001000
 -0.393397  -0.334222  -0.654239   0.552726  -0.342043  -0.831866   0.001000
 -0.393397  -0.334222  -0.654239   0.552726  -0.342043  -0.831866   0.001000
 -0.391121  -0.330537  -0.661687   0.547667  -0.288524  -0.832449   0.001000
 -0.391121  -0.330537  -0.661687   0.547667  -0.288524  -0.832449   0.001000
 -0.391121  -0.330537  -0.661687   0.547667  -0.288524  -0.832449   0.001000
 -0.391121  -0.330537  -0.661687   0.547667  -0.288524  -0.832449   0.001000
 -0.398275  -0.333339  -0.660549   0.542160  -0.307454  -0.838693   0.001000
 -0.398275  -0.333339  -0.660549   0.542160  -0.307454  -0.838693   0.001000
 -0.398275  -0.333339  -0.660549   0.542160  -0.307454  -0.838693   0.001000
 -0.398275  -0.333339  -0.660549   0.542160  -0.307454  -0.838693   0.001000
 -0.395275  -0.341933  -0.655625   0.544973  -0.379698  -1.073051   0.001000
 -0.395275  -0.341933  -0.655625   0.544973  -0.379698  -1.073051   0.001000
 -0.372543  -0.362458  -0.671394   0.528266  -0.241559  -1.023429   0.001000
 -0.404008  -0.325674  -0.657011   0.546855  -0.122979  -1.051336   0.001000
 -0.404008  -0.325674  -0.657011   0.546855  -0.122979  -1.051336   0.001000
 -0.404008  -0.325674  -0.657011   0.546855  -0.122979  -1.051336   0.001000
 -0.404008  -0.325674  -0.657011   0.546855  -0.122979  -1.051336   0.001000
 -0.404008  -0.325674  -0.657011   0.546855  -0.122979  -1.051336   0.001000
 -0.404008  -0.325674  -0.657011   0.546855  -0.122979  -1.051336   0.001000
 -0.404008  -0.325674  -0.657011   0.546855  -0.122979  -1.051336   0.001000
 -0.404008  -0.325674  -0.657011   0.546855  -0.122979  -1.051336   0.001000
 -0.404008  -0.325674  -0.657011   0.546855  -0.122979  -1.051336   0.001000
 -0.405106  -0.334148  -0.655325   0.542939  -0.272484  -1.057194   0.001000
 -0.405106  -0.334148  -0.655325   0.542939  -0.272484  -1.057194   0.001000
 -0.405106  -0.334148  -0.655325   0.542939  -0.272484  -1.057194   0.001000
 -0.405106  -0.334148  -0.655325   0.542939  -0.272484  -1.057194   0.001000
 -0.407302  -0.324290  -0.655791   0.546699  -0.206510  -0.924993   0.001000
 -0.400625  -0.330723  -0.655694   0.547893  -0.259073  -0.970014   0.001000
 -0.400625  -0.330723  -0.655694   0.547893  -0.259073  -0.970014   0.001000
 -0.400625  -0.330723  -0.655694   0.547893  -0.259073  -0.970014   0.001000
 -0.400625  -0.330723  -0.655694   0.547893  -0.259073  -0.970014   0.001000
 -0.400625  -0.330723  -0.655694   0.547893  -0.259073  -0.970014   0.001000
 -0.391654  -0.333368  -0.661617   0.545652  -0.100914  -0.830176   0.001000
 -0.391654  -0.333368  -0.661617   0.545652  -0.100914  -0.830176   0.001000
 -0.402373  -0.330185  -0.655682   0.546951  -0.196624  -0.964182   0.001000
 -0.402373  -0.330185  -0.655682   0.546951  -0.196624  -0.964182   0.001000
 -0.406289  -0.337875  -0.648297   0.548161  -0.254174  -0.947339   0.001000
 -0.400130  -0.343152  -0.631078   0.569107  -0.176317  -0.877203   0.001000
 -0.387053  -0.340020  -0.656944   0.550455  -0.188204  -0.976718   0.001000
 -0.405557  -0.332446  -0.659707   0.538321   0.028983  -1.038683   0.001000
 -0.397779  -0.333116  -0.654060   0.550464  -0.075645  -0.995422   0.001000
 -0.397779  -0.333116  -0.654060   0.550464  -0.075645  -0.995422   0.001000
 -0.412950  -0.340494  -0.643584   0.547117  -0.396066  -0.897515   0.001000
 -0.396346  -0.331011  -0.660525   0.545022  -0.284430  -0.901620   0.001000
 -0.396346  -0.331011  -0.660525   0.545022  -0.284430  -0.901620   0.001000
 -0.396346  -0.331011  -0.660525   0.545022  -0.284430  -0.901620   0.001000
 -0.396346  -0.331011  -0.660525   0.545022  -0.284430  -0.901620   0.001000
 -0.396346  -0.331011  -0.660525   0.545022  -0.284430  -0.901620   0.001000
 -0.396346  -0.331011  -0.660525   0.545022  -0.284430  -0.901620   0.001000
 -0.391783  -0.339948  -0.661044   0.542182  -0.184184  -0.974480   0.001000
 -0.391783  -0.339948  -0.661044   0.542182  -0.184184  -0.974480   0.001000
 -0.391018  -0.344782  -0.634475   0.570676  -0.082057  -0.889002   0.001000
 -0.403699  -0.326638  -0.657392   0.546050  -0.117232  -0.713621   0.001000
