 -0.328201  -0.132037  -0.639749   0.682328   0.585889  -0.847567   0.001000
 -0.320078  -0.140689  -0.637064   0.686955   0.554039  -0.724461   0.001000
 -0.315705  -0.132557  -0.626113   0.700529   0.503979  -0.779373   0.001000
 -0.318589  -0.115532  -0.642799   0.686996   0.391282  -0.826191   0.001000
 -0.318589  -0.115532  -0.642799   0.686996   0.391282  -0.826191   0.001000
 -0.318589  -0.115532  -0.642799   0.686996   0.391282  -0.826191   0.001000
 -0.318589  -0.115532  -0.642799   0.686996   0.391282  -0.826191   0.001000
 -0.318589  -0.115532  -0.642799   0.686996   0.391282  -0.826191   0.001000
 -0.318589  -0.115532  -0.642799   0.686996   0.391282  -0.826191   0.001000
 -0.318589  -0.115532  -0.642799   0.686996   0.391282  -0.826191   0.001000
 -0.318589  -0.115532  -0.642799   0.686996   0.391282  -0.826191   0.001000
 -0.318589  -0.115532  -0.642799   0.686996   0.391282  -0.826191   0.001000
 -0.315904  -0.120629  -0.637941   0.691870   0.260660  -0.888019   0.001000
 -0.315904  -0.120629  -0.637941   0.691870   0.260660  -0.888019   0.001000
 -0.315904  -0.120629  -0.637941   0.691870   0.260660  -0.888019   0.001000
 -0.315904  -0.120629  -0.637941   0.691870   0.260660  -0.888019   0.001000
 -0.324050  -0.124771  -0.638551   0.686787   0.427517  -0.846143   0.001000
 -0.324050  -0.124771  -0.638551   0.686787   0.427517  -0.846143   0.001000
 -0.324050  -0.124771  -0.638551   0.686787   0.427517  -0.846143   0.001000
 -0.324050  -0.124771  -0.638551   0.686787   0.427517  -0.846143   0.001000
 -0.309202  -0.132331  -0.640388   0.690497   0.508391  -0.777665   0.001000
 -0.309202  -0.132331  -0.640388   0.690497   0.508391  -0.777665   0.001000
 -0.316074  -0.132803  -0.642611   0.685209   0.479413  -0.764776   0.001000
 -0.313310  -0.131724  -0.645006   0.684437   0.460409  -0.772715   0.001000
 -0.296753  -0.140487  -0.641421   0.693383   0.359416  -0.762677   0.001000
 -0.302194  -0.109797  -0.645543   0.692746   0.309510  -0.933935   0.001000
 -0.314066  -0.122884  -0.646667   0.684166   0.372107  -0.739900   0.001000
 -0.314066  -0.122884  -0.646667   0.684166   0.372107  -0.739900   0.001000
 -0.314066  -0.122884  -0.646667   0.684166   0.372107  -0.739900   0.001000
 -0.324694  -0.130896  -0.633927   0.689621   0.318800  -0.859456   0.001000
 -0.324694  -0.130896  -0.633927   0.689621   0.318800  -0.859456   0.001000
 -0.303414  -0.136981  -0.642778   0.689937   0.419945  -0.945402   0.001000
 -0.319497  -0.132550  -0.646343   0.680142   0.440376  -0.887389   0.001000
 -0.319497  -0.132550  -0.646343   0.680142   0.440376  -0.887389   0.001000
 -0.319497  -0.132550  -0.646343   0.680142   0.440376  -0.887389   0.001000
 -0.319497  -0.132550  -0.646343   0.680142   0.440376  -0.887389   0.001000
 -0.319497  -0.132550  -0.646343   0.680142   0.440376  -0.887389   0.001000
 -0.308612  -0.133290  -0.641770   0.689292   0.481078  -0.854788   0.001000
 -0.308612  -0.133290  -0.641770   0.689292   0.481078  -0.854788   0.001000
 -0.308612  -0.133290  -0.641770   0.689292   0.481078  -0.854788   0.001000
 -0.308612  -0.133290  -0.641770   0.689292   0.481078  -0.854788   0.001000
 -0.308612  -0.133290  -0.641770   0.689292   0.481078  -0.854788   0.001000
 -0.308612  -0.133290  -0.641770   0.689292   0.481078  -0.854788   0.001000
 -0.308612  -0.133290  -0.641770   0.689292   0.481078  -0.854788   0.001000
 -0.317888  -0.144788  -0.621383   0.701332   0.333745  -0.903462   0.001000
 -0.317888  -0.144788  -0.621383   0.701332   0.333745  -0.903462   0.001000
 -0.327651  -0.124871  -0.644439   0.679522   0.444218  -0.882285   0.001000
 -0.313682  -0.136568  -0.640647   0.687405   0.451668  -0.783903   0.001000
 -0.313682  -0.136568  -0.640647   0.687405   0.451668  -0.783903   0.001000
 -0.313682  -0.136568  -0.640647   0.687405   0.451668  -0.783903   0.001000
 -0.313682  -0.136568  -0.640647   0.687405   0.451668  -0.783903   0.001000
 -0.313682  -0.136568  -0.640647   0.687405   0.451668  -0.783903   0.001000
 -0.313682  -0.136568  -0.640647   0.687405   0.451668  -0.783903   0.001000
 -0.313682  -0.136568  -0.640647   0.687405   0.451668  -0.783903   0.001000
 -0.313682  -0.136568  -0.640647   0.687405   0.451668  -0.783903   0.001000
 -0.312992  -0.120863  -0.653113   0.678875   0.230122  -0.794987   0.001000
 -0.314908  -0.131424  -0.645873   0.682941   0.341473  -0.862709   0.001000
 -0.300227  -0.132212  -0.641930   0.693044   0.315435  -0.816958   0.001000
 -0.331673  -0.130307  -0.645440   0.675589   0.429341  -0.846880   0.001000
 -0.326116  -0.121915  -0.633279   0.691190   0.348168  -0.769280   0.001000
 -0.314686  -0.132661  -0.636591   0.691466   0.361077  -0.792353   0.001000
 -0.314686  -0.132661  -0.636591   0.691466   0.361077  -0.792353   0.001000
 -0.314686  -0.132661  -0.636591   0.691466   0.361077  -0.792353   0.001000
 -0.314686  -0.132661  -0.636591   0.691466   0.361077  -0.792353   0.001000
 -0.314686  -0.132661  -0.636591   0.691466   0.361077  -0.792353   0.001000
 -0.314686  -0.132661  -0.636591   0.691466   0.361077  -0.792353   0.001000
 -0.314686  -0.132661  -0.636591   0.691466   0.361077  -0.792353   0.001000
 -0.314686  -0.132661  -0.636591   0.691466   0.361077  -0.792353   0.001000
 -0.314686  -0.132661  -0.636591   0.691466   0.361077  -0.792353   0.001000
 -0.314686  -0.132661  -0.636591   0.691466   0.361077  -0.792353   0.001000
 -0.318558  -0.131917  -0.646482   0.680573   0.397137  -0.926777   0.001000
 -0.317004  -0.116369  -0.647577   0.683089   0.227788  -0.883371   0.001000
 -0.311007  -0.125974  -0.635725   0.695169   0.343549  -0.927676   0.001000
 -0.311007  -0.125974  -0.635725   0.695169   0.343549  -0.927676   0.001000
 -0.317995  -0.134464  -0.627364   0.698006   0.403033  -0.888435   0.001000
 -0.319802  -0.120021  -0.645120   0.683477   0.310650  -0.955285   0.001000
 -0.330474  -0.119641  -0.631904   0.690775   0.502583  -0.784972   0.001000
 -0.325965  -0.113536  -0.644794   0.681980   0.435175  -0.808825   0.001000
 -0.325965  -0.113536  -0.644794   0.681980   0.435175  -0.808825   0.001000
 -0.325965  -0.113536  -0.644794   0.681980   0.435175  -0.808825   0.001000
 -0.325965  -0.113536  -0.644794   0.681980   0.435175  -0.808825   0.001000
 -0.325965  -0.113536  -0.644794   0.681980   0.435175  -0.808825   0.001000
 -0.325965  -0.113536  -0.644794   0.681980   0.435175  -0.808825   0.001000
 -0.325965  -0.113536  -0.644794   0.681980   0.435175  -0.808825   0.001000
 -0.325965  -0.113536  -0.644794   0.681980   0.435175  -0.808825   0.001000
 -0.325965  -0.113536  -0.644794   0.681980   0.435175  -0.808825   0.001000
 -0.309736  -0.130156  -0.655249   0.676588   0.404611  -0.863976   0.001000
 -0.313253  -0.122385  -0.648388   0.682999   0.430326  -0.859528   0.001000
 -0.313253  -0.122385  -0.648388   0.682999   0.430326  -0.859528   0.001000
 -0.313253  -0.122385  -0.648388   0.682999   0.430326  -0.859528   0.001000
 -0.313253  -0.122385  -0.648388   0.682999   0.430326  -0.859528   0.001000
 -0.313253  -0.122385  -0.648388   0.682999   0.430326  -0.859528   0.001000
 -0.301240  -0.137952  -0.643411   0.690106   0.416719  -0.700762   0.001000
 -0.301240  -0.137952  -0.643411   0.690106   0.416719  -0.700762   0.001000
 -0.301240  -0.137952  -0.643411   0.690106   0.416719  -0.700762   0.001000
 -0.301240  -0.137952  -0.643411   0.690106   0.416719  -0.700762   0.001000
 -0.301240  -0.137952  -0.643411   0.690106   0.416719  -0.700762   0.001000
 -0.301240  -0.137952  -0.643411   0.690106   0.416719  -0.700762   0.001000
 -0.301240  -0.137952  -0.643411   0.690106   0.416719  -0.700762   0.001000
 -0.301240  -0.137952  -0.643411   0.690106   0.416719  -0.700762   0.001000
 -0.313843  -0.129061  -0.638793   0.690499   0.390522  -0.659917   0.001000
 -0.312472  -0.132901  -0.645952   0.683699   0.437935  -0.787021   0.001000
 -0.312472  -0.132901  -0.645952   0.683699   0.437935  -0.787021   0.001000
 -0.312472  -0.132901  -0.645952   0.683699   0.437935  -0.787021   0.001000
 -0.312472  -0.132901  -0.645952   0.683699   0.437935  -0.787021   0.001000
 -0.312472  -0.132901  -0.645952   0.683699   0.437935  -0.787021   0.001000
 -0.310448  -0.125683  -0.650274   0.681886   0.370107  -0.752553   0.001000
 -0.310448  -0.125683  -0.650274   0.681886   0.370107  -0.752553   0.001000
 -0.328399  -0.130912  -0.646921   0.675654   0.402355  -0.712279   0.001000
 -0.301301  -0.133749  -0.639746   0.694301   0.567129  -0.793898   0.001000
 -0.320863  -0.118535  -0.639364   0.688629   0.452883  -0.830182   0.001000
 -0.320863  -0.118535  -0.639364   0.688629   0.452883  -0.830182   0.001000
 -0.343397  -0.109337  -0.638759   0.679788   0.335818  -0.842553   0.001000
 -0.343397  -0.109337  -0.638759   0.679788   0.335818  -0.842553   0.001000
 -0.294336  -0.148675  -0.637391   0.696415   0.372300  -0.973527   0.001000
 -0.294336  -0.148675  -0.637391   0.696415   0.372300  -0.973527   0.001000
 -0.315374  -0.134299  -0.636618   0.690811   0.365035  -0.840061   0.001000
 -0.315374  -0.134299  -0.636618   0.690811   0.365035  -0.840061   0.001000
 -0.315374  -0.134299  -0.636618   0.690811   0.365035  -0.840061   0.001000
 -0.315374  -0.134299  -0.636618   0.690811   0.365035  -0.840061   0.001000
 -0.315374  -0.134299  -0.636618   0.690811   0.365035  -0.840061   0.001000
 -0.315374  -0.134299  -0.636618   0.690811   0.365035  -0.840061   0.001000
 -0.315374  -0.134299  -0.636618   0.690811   0.365035  -0.840061   0.001000
 -0.315374  -0.134299  -0.636618   0.690811   0.365035  -0.840061   0.001000
 -0.315374  -0.134299  -0.636618   0.690811   0.365035  -0.840061   0.001000
 -0.315374  -0.134299  -0.636618   0.690811   0.365035  -0.840061   0.001000
 -0.315374  -0.134299  -0.636618   0.690811   0.365035  -0.840061   0.001000
 -0.315374  -0.134299  -0.636618   0.690811   0.365035  -0.840061   0.001000
 -0.315374  -0.134299  -0.636618   0.690811   0.365035  -0.840061   0.001000
 -0.315374  -0.134299  -0.636618   0.690811   0.365035  -0.840061   0.001000
 -0.315374  -0.134299  -0.636618   0.690811   0.365035  -0.840061   0.001000
 -0.315374  -0.134299  -0.636618   0.690811   0.365035  -0.840061   0.001000
 -0.315374  -0.134299  -0.636618   0.690811   0.365035  -0.840061   0.001000
 -0.315374  -0.134299  -0.636618   0.690811   0.365035  -0.840061   0.001000
 -0.315374  -0.134299  -0.636618   0.690811   0.365035  -0.840061   0.001000
 -0.315374  -0.134299  -0.636618   0.690811   0.365035  -0.840061   0.001000
 -0.315374  -0.134299  -0.636618   0.690811   0.365035  -0.840061   0.001000
 -0.315374  -0.134299  -0.636618   0.690811   0.365035  -0.840061   0.001000
 -0.315374  -0.134299  -0.636618   0.690811   0.365035  -0.840061   0.001000
 -0.315374  -0.134299  -0.636618   0.690811   0.365035  -0.840061   0.001000
 -0.315374  -0.134299  -0.636618   0.690811   0.365035  -0.840061   0.001000
 -0.315374  -0.134299  -0.636618   0.690811   0.365035  -0.840061   0.001000
 -0.326976  -0.150834  -0.649247   0.669936   0.409612  -0.842841   0.001000
 -0.281483  -0.145300  -0.638599   0.701318   0.327971  -0.831331   0.001000
 -0.307215  -0.130934  -0.640542   0.691506   0.387444  -0.789212   0.001000
 -0.307215  -0.130934  -0.640542   0.691506   0.387444  -0.789212   0.001000
 -0.307215  -0.130934  -0.640542   0.691506   0.387444  -0.789212   0.001000
 -0.296384  -0.120650  -0.641012   0.697642   0.457313  -0.855489   0.001000
 -0.296384  -0.120650  -0.641012   0.697642   0.457313  -0.855489   0.001000
 -0.328692  -0.112527  -0.635790   0.689254   0.423902  -0.752577   0.001000
 -0.303663  -0.124347  -0.645425   0.689749   0.363161  -0.750708   0.001000
 -0.317079  -0.115087  -0.619929   0.708451   0.409690  -0.773645   0.001000
 -0.314883  -0.126101  -0.644068   0.685656   0.457174  -0.860154   0.001000
 -0.298992  -0.108054  -0.744604   0.586936   0.499789  -0.847074   0.001000
 -0.298992  -0.108054  -0.744604   0.586936   0.499789  -0.847074   0.001000
 -0.342113  -0.103933  -0.647091   0.673372   0.355939  -0.797271   0.001000
 -0.337242  -0.105233  -0.644958   0.677660   0.333351  -0.757740   0.001000
 -0.337242  -0.105233  -0.644958   0.677660   0.333351  -0.757740   0.001000
 -0.337242  -0.105233  -0.644958   0.677660   0.333351  -0.757740   0.001000
 -0.337242  -0.105233  -0.644958   0.677660   0.333351  -0.757740   0.001000
 -0.337242  -0.105233  -0.644958   0.677660   0.333351  -0.757740   0.001000
 -0.337242  -0.105233  -0.644958   0.677660   0.333351  -0.757740   0.001000
 -0.337242  -0.105233  -0.644958   0.677660   0.333351  -0.757740   0.001000
 -0.337242  -0.105233  -0.644958   0.677660   0.333351  -0.757740   0.001000
 -0.289899  -0.137771  -0.645371   0.693163   0.254232  -0.684113   0.001000
 -0.299707  -0.143390  -0.636030   0.696477   0.410544  -0.805895   0.001000
 -0.299707  -0.143390  -0.636030   0.696477   0.410544  -0.805895   0.001000
 -0.299707  -0.143390  -0.636030   0.696477   0.410544  -0.805895   0.001000
 -0.299707  -0.143390  -0.636030   0.696477   0.410544  -0.805895   0.001000
 -0.299707  -0.143390  -0.636030   0.696477   0.410544  -0.805895   0.001000
 -0.299707  -0.143390  -0.636030   0.696477   0.410544  -0.805895   0.001000
 -0.299707  -0.143390  -0.636030   0.696477   0.410544  -0.805895   0.001000
 -0.299707  -0.143390  -0.636030   0.696477   0.410544  -0.805895   0.001000
 -0.299707  -0.143390  -0.636030   0.696477   0.410544  -0.805895   0.001000
 -0.299707  -0.143390  -0.636030   0.696477   0.410544  -0.805895   0.001000
 -0.299707  -0.143390  -0.636030   0.696477   0.410544  -0.805895   0.001000
 -0.299707  -0.143390  -0.636030   0.696477   0.410544  -0.805895   0.001000
 -0.299707  -0.143390  -0.636030   0.696477   0.410544  -0.805895   0.001000
 -0.283073  -0.118201  -0.653442   0.692035   0.414424  -0.710408   0.001000
 -0.306863  -0.124009  -0.637445   0.695788   0.462667  -0.770035   0.001000
 -0.306863  -0.124009  -0.637445   0.695788   0.462667  -0.770035   0.001000
 -0.306863  -0.124009  -0.637445   0.695788   0.462667  -0.770035   0.001000
 -0.316280  -0.132227  -0.640042   0.687626   0.371315  -0.644133   0.001000
 -0.316280  -0.132227  -0.640042   0.687626   0.371315  -0.644133   0.001000
 -0.316280  -0.132227  -0.640042   0.687626   0.371315  -0.644133   0.001000
 -0.316280  -0.132227  -0.640042   0.687626   0.371315  -0.644133   0.001000
 -0.316280  -0.132227  -0.640042   0.687626   0.371315  -0.644133   0.001000
 -0.316280  -0.132227  -0.640042   0.687626   0.371315  -0.644133   0.001000
 -0.316280  -0.132227  -0.640042   0.687626   0.371315  -0.644133   0.001000
 -0.332448  -0.128619  -0.637949   0.682610   0.404734  -0.714749   0.001000
 -0.332448  -0.128619  -0.637949   0.682610   0.404734  -0.714749   0.001000
 -0.208576  -0.226746  -0.756297   0.577146   0.300110  -0.942393   0.001000
 -0.311009  -0.109207  -0.674391   0.660715   0.360214  -0.746327   0.001000
 -0.335101  -0.103971  -0.645792   0.678122   0.280322  -0.817653   0.001000
 -0.335101  -0.103971  -0.645792   0.678122   0.280322  -0.817653   0.001000
 -0.337576  -0.103974  -0.645685   0.676995   0.414722  -0.645637   0.001000
 -0.337576  -0.103974  -0.645685   0.676995   0.414722  -0.645637   0.001000
 -0.307922  -0.137351  -0.635108   0.694951   0.459250  -0.730830   0.001000
 -0.307922  -0.137351  -0.635108   0.694951   0.459250  -0.730830   0.001000
 -0.307922  -0.137351  -0.635108   0.694951   0.459250  -0.730830   0.001000
 -0.307922  -0.137351  -0.635108   0.694951   0.459250  -0.730830   0.001000
 -0.307922  -0.137351  -0.635108   0.694951   0.459250  -0.730830   0.001000
 -0.305156  -0.129816  -0.641602   0.691646   0.487929  -0.699423   0.001000
 -0.305156  -0.129816  -0.641602   0.691646   0.487929  -0.699423   0.001000
 -0.305156  -0.129816  -0.641602   0.691646   0.487929  -0.699423   0.001000
 -0.308365  -0.134513  -0.639738   0.691052   0.447979  -0.726417   0.001000
 -0.308365  -0.134513  -0.639738   0.691052   0.447979  -0.726417   0.001000
 -0.308365  -0.134513  -0.639738   0.691052   0.447979  -0.726417   0.001000
 -0.308365  -0.134513  -0.639738   0.691052   0.447979  -0.726417   0.001000
 -0.308365  -0.134513  -0.639738   0.691052   0.447979  -0.726417   0.001000
 -0.308365  -0.134513  -0.639738   0.691052   0.447979  -0.726417   0.001000
 -0.308365  -0.134513  -0.639738   0.691052   0.447979  -0.726417   0.001000
 -0.308365  -0.134513  -0.639738   0.691052   0.447979  -0.726417   0.001000
 -0.308365  -0.134513  -0.639738   0.691052   0.447979  -0.726417   0.001000
 -0.300239  -0.134185  -0.650638   0.684486   0.533365  -0.670224   0.001000
 -0.319881  -0.125384  -0.644355   0.683199   0.386930  -0.700426   0.001000
 -0.319881  -0.125384  -0.644355   0.683199   0.386930  -0.700426   0.001000
 -0.319881  -0.125384  -0.644355   0.683199   0.386930  -0.700426   0.001000
 -0.319881  -0.125384  -0.644355   0.683199   0.386930  -0.700426   0.001000
 -0.319881  -0.125384  -0.644355   0.683199   0.386930  -0.700426   0.001000
 -0.319881  -0.125384  -0.644355   0.683199   0.386930  -0.700426   0.001000
 -0.319881  -0.125384  -0.644355   0.683199   0.386930  -0.700426   0.001000
 -0.319881  -0.125384  -0.644355   0.683199   0.386930  -0.700426   0.001000
 -0.326079  -0.111994  -0.635865   0.690511   0.311181  -0.728411   0.001000
 -0.326079  -0.111994  -0.635865   0.690511   0.311181  -0.728411   0.001000
 -0.335939  -0.118299  -0.637078   0.683581   0.349119  -0.791189   0.001000
 -0.335939  -0.118299  -0.637078   0.683581   0.349119  -0.791189   0.001000
 -0.335939  -0.118299  -0.637078   0.683581   0.349119  -0.791189   0.001000
 -0.335939  -0.118299  -0.637078   0.683581   0.349119  -0.791189   0.001000
 -0.332191  -0.118369  -0.644874   0.678068   0.400726  -0.704703   0.001000
 -0.332191  -0.118369  -0.644874   0.678068   0.400726  -0.704703   0.001000
 -0.332191  -0.118369  -0.644874   0.678068   0.400726  -0.704703   0.001000
 -0.332191  -0.118369  -0.644874   0.678068   0.400726  -0.704703   0.001000
 -0.332191  -0.118369  -0.644874   0.678068   0.400726  -0.704703   0.001000
 -0.332191  -0.118369  -0.644874   0.678068   0.400726  -0.704703   0.001000
 -0.332191  -0.118369  -0.644874   0.678068   0.400726  -0.704703   0.001000
 -0.332191  -0.118369  -0.644874   0.678068   0.400726  -0.704703   0.001000
 -0.321180  -0.112309  -0.650113   0.679399   0.374637  -0.726117   0.001000
 -0.320173  -0.121480  -0.640307   0.687560   0.374190  -0.843147   0.001000
 -0.320173  -0.121480  -0.640307   0.687560   0.374190  -0.843147   0.001000
 -0.320173  -0.121480  -0.640307   0.687560   0.374190  -0.843147   0.001000
 -0.320173  -0.121480  -0.640307   0.687560   0.374190  -0.843147   0.001000
 -0.320173  -0.121480  -0.640307   0.687560   0.374190  -0.843147   0.001000
 -0.327140  -0.106830  -0.659685   0.668119   0.277139  -0.735505   0.001000
 -0.321340  -0.120518  -0.643434   0.684258   0.260608  -0.729866   0.001000
 -0.321340  -0.120518  -0.643434   0.684258   0.260608  -0.729866   0.001000
 -0.321340  -0.120518  -0.643434   0.684258   0.260608  -0.729866   0.001000
 -0.321340  -0.120518  -0.643434   0.684258   0.260608  -0.729866   0.001000
 -0.321340  -0.120518  -0.643434   0.684258   0.260608  -0.729866   0.001000
 -0.321340  -0.120518  -0.643434   0.684258   0.260608  -0.729866   0.001000
 -0.321340  -0.120518  -0.643434   0.684258   0.260608  -0.729866   0.001000
 -0.321340  -0.120518  -0.643434   0.684258   0.260608  -0.729866   0.001000
 -0.321340  -0.120518  -0.643434   0.684258   0.260608  -0.729866   0.001000
 -0.321340  -0.120518  -0.643434   0.684258   0.260608  -0.729866   0.001000
 -0.321340  -0.120518  -0.643434   0.684258   0.260608  -0.729866   0.001000
 -0.321340  -0.120518  -0.643434   0.684258   0.260608  -0.729866   0.001000
 -0.321340  -0.120518  -0.643434   0.684258   0.260608  -0.729866   0.001000
 -0.321340  -0.120518  -0.643434   0.684258   0.260608  -0.729866   0.001000
 -0.321340  -0.120518  -0.643434   0.684258   0.260608  -0.729866   0.001000
 -0.321340  -0.120518  -0.643434   0.684258   0.260608  -0.729866   0.001000
 -0.321340  -0.120518  -0.643434   0.684258   0.260608  -0.729866   0.001000
 -0.321340  -0.120518  -0.643434   0.684258   0.260608  -0.729866   0.001000
 -0.321340  -0.120518  -0.643434   0.684258   0.260608  -0.729866   0.001000
 -0.321340  -0.120518  -0.643434   0.684258   0.260608  -0.729866   0.001000
 -0.321340  -0.120518  -0.643434   0.684258   0.260608  -0.729866   0.001000
 -0.321340  -0.120518  -0.643434   0.684258   0.260608  -0.729866   0.001000
 -0.321340  -0.120518  -0.643434   0.684258   0.260608  -0.729866   0.001000
 -0.321340  -0.120518  -0.643434   0.684258   0.260608  -0.729866   0.001000
 -0.321340  -0.120518  -0.643434   0.684258   0.260608  -0.729866   0.001000
 -0.321340  -0.120518  -0.643434   0.684258   0.260608  -0.729866   0.001000
 -0.321340  -0.120518  -0.643434   0.684258   0.260608  -0.729866   0.001000
 -0.321340  -0.120518  -0.643434   0.684258   0.260608  -0.729866   0.001000
 -0.321340  -0.120518  -0.643434   0.684258   0.260608  -0.729866   0.001000
 -0.321340  -0.120518  -0.643434   0.684258   0.260608  -0.729866   0.001000
 -0.321340  -0.120518  -0.643434   0.684258   0.260608  -0.729866   0.001000
 -0.321340  -0.120518  -0.643434   0.684258   0.260608  -0.729866   0.001000
 -0.321340  -0.120518  -0.643434   0.684258   0.260608  -0.729866   0.001000
 -0.321340  -0.120518  -0.643434   0.684258   0.260608  -0.729866   0.001000
 -0.321340  -0.120518  -0.643434   0.684258   0.260608  -0.729866   0.001000
 -0.321340  -0.120518  -0.643434   0.684258   0.260608  -0.729866   0.001000
 -0.321340  -0.120518  -0.643434   0.684258   0.260608  -0.729866   0.001000
 -0.321340  -0.120518  -0.643434   0.684258   0.260608  -0.729866   0.001000
 -0.321340  -0.120518  -0.643434   0.684258   0.260608  -0.729866   0.001000
 -0.321340  -0.120518  -0.643434   0.684258   0.260608  -0.729866   0.001000
 -0.321340  -0.120518  -0.643434   0.684258   0.260608  -0.729866   0.001000
 -0.321340  -0.120518  -0.643434   0.684258   0.260608  -0.729866   0.001000
 -0.321340  -0.120518  -0.643434   0.684258   0.260608  -0.729866   0.001000
 -0.321340  -0.120518  -0.643434   0.684258   0.260608  -0.729866   0.001000
 -0.321340  -0.120518  -0.643434   0.684258   0.260608  -0.729866   0.001000
 -0.321340  -0.120518  -0.643434   0.684258   0.260608  -0.729866   0.001000
 -0.321340  -0.120518  -0.643434   0.684258   0.260608  -0.729866   0.001000
 -0.321340  -0.120518  -0.643434   0.684258   0.260608  -0.729866   0.001000
 -0.321340  -0.120518  -0.643434   0.684258   0.260608  -0.729866   0.001000
 -0.321340  -0.120518  -0.643434   0.684258   0.260608  -0.729866   0.001000
 -0.321340  -0.120518  -0.643434   0.684258   0.260608  -0.729866   0.001000
 -0.321340  -0.120518  -0.643434   0.684258   0.260608  -0.729866   0.001000
 -0.321340  -0.120518  -0.643434   0.684258   0.260608  -0.729866   0.001000
 -0.321340  -0.120518  -0.643434   0.684258   0.260608  -0.729866   0.001000
 -0.321340  -0.120518  -0.643434   0.684258   0.260608  -0.729866   0.001000
 -0.321340  -0.120518  -0.643434   0.684258   0.260608  -0.729866   0.001000
 -0.321340  -0.120518  -0.643434   0.684258   0.260608  -0.729866   0.001000
 -0.321340  -0.120518  -0.643434   0.684258   0.260608  -0.729866   0.001000
 -0.321340  -0.120518  -0.643434   0.684258   0.260608  -0.729866   0.001000
 -0.321340  -0.120518  -0.643434   0.684258   0.260608  -0.729866   0.001000
 -0.321340  -0.120518  -0.643434   0.684258   0.260608  -0.729866   0.001000
 -0.321340  -0.120518  -0.643434   0.684258   0.260608  -0.729866   0.001000
 -0.321340  -0.120518  -0.643434   0.684258   0.260608  -0.729866   0.001000
 -0.321340  -0.120518  -0.643434   0.684258   0.260608  -0.729866   0.001000
 -0.321340  -0.120518  -0.643434   0.684258   0.260608  -0.729866   0.001000
 -0.321340  -0.120518  -0.643434   0.684258   0.260608  -0.729866   0.001000
 -0.321340  -0.120518  -0.643434   0.684258   0.260608  -0.729866   0.001000
 -0.321340  -0.120518  -0.643434   0.684258   0.260608  -0.729866   0.001000
 -0.308770  -0.123785  -0.634953   0.697261   0.367465  -0.769249   0.001000
 -0.308770  -0.123785  -0.634953   0.697261   0.367465  -0.769249   0.001000
 -0.308770  -0.123785  -0.634953   0.697261   0.367465  -0.769249   0.001000
 -0.308770  -0.123785  -0.634953   0.697261   0.367465  -0.769249   0.001000
 -0.308770  -0.123785  -0.634953   0.697261   0.367465  -0.769249   0.001000
 -0.308770  -0.123785  -0.634953   0.697261   0.367465  -0.769249   0.001000
 -0.308770  -0.123785  -0.634953   0.697261   0.367465  -0.769249   0.001000
 -0.308770  -0.123785  -0.634953   0.697261   0.367465  -0.769249   0.001000
 -0.321681  -0.150943  -0.620794   0.698822   0.377891  -0.750726   0.001000
 -0.311228  -0.125631  -0.646362   0.685252   0.339129  -0.640681   0.001000
 -0.311228  -0.125631  -0.646362   0.685252   0.339129  -0.640681   0.001000
 -0.311228  -0.125631  -0.646362   0.685252   0.339129  -0.640681   0.001000
 -0.311228  -0.125631  -0.646362   0.685252   0.339129  -0.640681   0.001000
 -0.311228  -0.125631  -0.646362   0.685252   0.339129  -0.640681   0.001000
 -0.311228  -0.125631  -0.646362   0.685252   0.339129  -0.640681   0.001000
 -0.311228  -0.125631  -0.646362   0.685252   0.339129  -0.640681   0.001000
 -0.311228  -0.125631  -0.646362   0.685252   0.339129  -0.640681   0.001000
 -0.311228  -0.125631  -0.646362   0.685252   0.339129  -0.640681   0.001000
 -0.311228  -0.125631  -0.646362   0.685252   0.339129  -0.640681   0.001000
 -0.311228  -0.125631  -0.646362   0.685252   0.339129  -0.640681   0.001000
 -0.346811  -0.100367  -0.636633   0.681430   0.387329  -0.727721   0.001000
 -0.346811  -0.100367  -0.636633   0.681430   0.387329  -0.727721   0.001000
 -0.346811  -0.100367  -0.636633   0.681430   0.387329  -0.727721   0.001000
 -0.346811  -0.100367  -0.636633   0.681430   0.387329  -0.727721   0.001000
 -0.346811  -0.100367  -0.636633   0.681430   0.387329  -0.727721   0.001000
 -0.346811  -0.100367  -0.636633   0.681430   0.387329  -0.727721   0.001000
 -0.309778  -0.117692  -0.654698   0.679379   0.440360  -0.731411   0.001000
 -0.319129  -0.119444  -0.641804   0.687006   0.351402  -0.898860   0.001000
 -0.325518  -0.121089  -0.638240   0.687041   0.509287  -0.915418   0.001000
 -0.316495  -0.118002  -0.634925   0.694822   0.405545  -0.867336   0.001000
 -0.316495  -0.118002  -0.634925   0.694822   0.405545  -0.867336   0.001000
 -0.316495  -0.118002  -0.634925   0.694822   0.405545  -0.867336   0.001000
 -0.316495  -0.118002  -0.634925   0.694822   0.405545  -0.867336   0.001000
 -0.316495  -0.118002  -0.634925   0.694822   0.405545  -0.867336   0.001000
 -0.317146  -0.125226  -0.641794   0.686904   0.357440  -0.845122   0.001000
 -0.317146  -0.125226  -0.641794   0.686904   0.357440  -0.845122   0.001000
 -0.317146  -0.125226  -0.641794   0.686904   0.357440  -0.845122   0.001000
 -0.317146  -0.125226  -0.641794   0.686904   0.357440  -0.845122   0.001000
 -0.317146  -0.125226  -0.641794   0.686904   0.357440  -0.845122   0.001000
 -0.317146  -0.125226  -0.641794   0.686904   0.357440  -0.845122   0.001000
 -0.317146  -0.125226  -0.641794   0.686904   0.357440  -0.845122   0.001000
 -0.317146  -0.125226  -0.641794   0.686904   0.357440  -0.845122   0.001000
 -0.317146  -0.125226  -0.641794   0.686904   0.357440  -0.845122   0.001000
 -0.317146  -0.125226  -0.641794   0.686904   0.357440  -0.845122   0.001000
 -0.317146  -0.125226  -0.641794   0.686904   0.357440  -0.845122   0.001000
 -0.317146  -0.125226  -0.641794   0.686904   0.357440  -0.845122   0.001000
 -0.317146  -0.125226  -0.641794   0.686904   0.357440  -0.845122   0.001000
 -0.317146  -0.125226  -0.641794   0.686904   0.357440  -0.845122   0.001000
 -0.317146  -0.125226  -0.641794   0.686904   0.357440  -0.845122   0.001000
 -0.317146  -0.125226  -0.641794   0.686904   0.357440  -0.845122   0.001000
 -0.317146  -0.125226  -0.641794   0.686904   0.357440  -0.845122   0.001000
 -0.317146  -0.125226  -0.641794   0.686904   0.357440  -0.845122   0.001000
 -0.317146  -0.125226  -0.641794   0.686904   0.357440  -0.845122   0.001000
 -0.317146  -0.125226  -0.641794   0.686904   0.357440  -0.845122   0.001000
 -0.317146  -0.125226  -0.641794   0.686904   0.357440  -0.845122   0.001000
 -0.317146  -0.125226  -0.641794   0.686904   0.357440  -0.845122   0.001000
 -0.317146  -0.125226  -0.641794   0.686904   0.357440  -0.845122   0.001000
 -0.317146  -0.125226  -0.641794   0.686904   0.357440  -0.845122   0.001000
 -0.317146  -0.125226  -0.641794   0.686904   0.357440  -0.845122   0.001000
 -0.317146  -0.125226  -0.641794   0.686904   0.357440  -0.845122   0.001000
 -0.317146  -0.125226  -0.641794   0.686904   0.357440  -0.845122   0.001000
 -0.317146  -0.125226  -0.641794   0.686904   0.357440  -0.845122   0.001000
 -0.317146  -0.125226  -0.641794   0.686904   0.357440  -0.845122   0.001000
 -0.317146  -0.125226  -0.641794   0.686904   0.357440  -0.845122   0.001000
 -0.317146  -0.125226  -0.641794   0.686904   0.357440  -0.845122   0.001000
 -0.317146  -0.125226  -0.641794   0.686904   0.357440  -0.845122   0.001000
 -0.317146  -0.125226  -0.641794   0.686904   0.357440  -0.845122   0.001000
 -0.317146  -0.125226  -0.641794   0.686904   0.357440  -0.845122   0.001000
 -0.317146  -0.125226  -0.641794   0.686904   0.357440  -0.845122   0.001000
 -0.317146  -0.125226  -0.641794   0.686904   0.357440  -0.845122   0.001000
 -0.317146  -0.125226  -0.641794   0.686904   0.357440  -0.845122   0.001000
 -0.317146  -0.125226  -0.641794   0.686904   0.357440  -0.845122   0.001000
 -0.317146  -0.125226  -0.641794   0.686904   0.357440  -0.845122   0.001000
 -0.317146  -0.125226  -0.641794   0.686904   0.357440  -0.845122   0.001000
 -0.317146  -0.125226  -0.641794   0.686904   0.357440  -0.845122   0.001000
 -0.317146  -0.125226  -0.641794   0.686904   0.357440  -0.845122   0.001000
 -0.317146  -0.125226  -0.641794   0.686904   0.357440  -0.845122   0.001000
 -0.317146  -0.125226  -0.641794   0.686904   0.357440  -0.845122   0.001000
 -0.317146  -0.125226  -0.641794   0.686904   0.357440  -0.845122   0.001000
 -0.317146  -0.125226  -0.641794   0.686904   0.357440  -0.845122   0.001000
 -0.317146  -0.125226  -0.641794   0.686904   0.357440  -0.845122   0.001000
 -0.317146  -0.125226  -0.641794   0.686904   0.357440  -0.845122   0.001000
 -0.317146  -0.125226  -0.641794   0.686904   0.357440  -0.845122   0.001000
 -0.317146  -0.125226  -0.641794   0.686904   0.357440  -0.845122   0.001000
 -0.317146  -0.125226  -0.641794   0.686904   0.357440  -0.845122   0.001000
 -0.317146  -0.125226  -0.641794   0.686904   0.357440  -0.845122   0.001000
 -0.317146  -0.125226  -0.641794   0.686904   0.357440  -0.845122   0.001000
 -0.317146  -0.125226  -0.641794   0.686904   0.357440  -0.845122   0.001000
 -0.317146  -0.125226  -0.641794   0.686904   0.357440  -0.845122   0.001000
 -0.323791  -0.125995  -0.641164   0.684247   0.404699  -0.839315   0.001000
 -0.323791  -0.125995  -0.641164   0.684247   0.404699  -0.839315   0.001000
 -0.323791  -0.125995  -0.641164   0.684247   0.404699  -0.839315   0.001000
 -0.323791  -0.125995  -0.641164   0.684247   0.404699  -0.839315   0.001000
 -0.312085  -0.128810  -0.638099   0.691983   0.351029  -0.912255   0.001000
 -0.312085  -0.128810  -0.638099   0.691983   0.351029  -0.912255   0.001000
 -0.312085  -0.128810  -0.638099   0.691983   0.351029  -0.912255   0.001000
 -0.312085  -0.128810  -0.638099   0.691983   0.351029  -0.912255   0.001000
 -0.312085  -0.128810  -0.638099   0.691983   0.351029  -0.912255   0.001000
 -0.312085  -0.128810  -0.638099   0.691983   0.351029  -0.912255   0.001000
 -0.312085  -0.128810  -0.638099   0.691983   0.351029  -0.912255   0.001000
 -0.312085  -0.128810  -0.638099   0.691983   0.351029  -0.912255   0.001000
 -0.312085  -0.128810  -0.638099   0.691983   0.351029  -0.912255   0.001000
 -0.312085  -0.128810  -0.638099   0.691983   0.351029  -0.912255   0.001000
 -0.312085  -0.128810  -0.638099   0.691983   0.351029  -0.912255   0.001000
 -0.320268  -0.130053  -0.641240   0.685074   0.315007  -0.771778   0.001000
 -0.320268  -0.130053  -0.641240   0.685074   0.315007  -0.771778   0.001000
 -0.320268  -0.130053  -0.641240   0.685074   0.315007  -0.771778   0.001000
 -0.320268  -0.130053  -0.641240   0.685074   0.315007  -0.771778   0.001000
 -0.334460  -0.121016  -0.634435   0.686283   0.410025  -0.896576   0.001000
 -0.294975  -0.152200  -0.637967   0.694855   0.361281  -0.813051   0.001000
 -0.331839  -0.123280  -0.643657   0.678521   0.302101  -0.942341   0.001000
 -0.312637  -0.131818  -0.647501   0.682367   0.239245  -0.791031   0.001000
 -0.312637  -0.131818  -0.647501   0.682367   0.239245  -0.791031   0.001000
 -0.312637  -0.131818  -0.647501   0.682367   0.239245  -0.791031   0.001000
 -0.312637  -0.131818  -0.647501   0.682367   0.239245  -0.791031   0.001000
 -0.312637  -0.131818  -0.647501   0.682367   0.239245  -0.791031   0.001000
 -0.312637  -0.131818  -0.647501   0.682367   0.239245  -0.791031   0.001000
 -0.311420  -0.133232  -0.641405   0.688380   0.287334  -0.853987   0.001000
 -0.311420  -0.133232  -0.641405   0.688380   0.287334  -0.853987   0.001000
 -0.311420  -0.133232  -0.641405   0.688380   0.287334  -0.853987   0.001000
 -0.311420  -0.133232  -0.641405   0.688380   0.287334  -0.853987   0.001000
 -0.311420  -0.133232  -0.641405   0.688380   0.287334  -0.853987   0.001000
 -0.311420  -0.133232  -0.641405   0.688380   0.287334  -0.853987   0.001000
 -0.319607  -0.125066  -0.642642   0.684998   0.304948  -0.841828   0.001000
 -0.319607  -0.125066  -0.642642   0.684998   0.304948  -0.841828   0.001000
 -0.319607  -0.125066  -0.642642   0.684998   0.304948  -0.841828   0.001000
 -0.319607  -0.125066  -0.642642   0.684998   0.304948  -0.841828   0.001000
 -0.319607  -0.125066  -0.642642   0.684998   0.304948  -0.841828   0.001000
 -0.319607  -0.125066  -0.642642   0.684998   0.304948  -0.841828   0.001000
 -0.319607  -0.125066  -0.642642   0.684998   0.304948  -0.841828   0.001000
 -0.319607  -0.125066  -0.642642   0.684998   0.304948  -0.841828   0.001000
 -0.319607  -0.125066  -0.642642   0.684998   0.304948  -0.841828   0.001000
 -0.319607  -0.125066  -0.642642   0.684998   0.304948  -0.841828   0.001000
 -0.319607  -0.125066  -0.642642   0.684998   0.304948  -0.841828   0.001000
 -0.319607  -0.125066  -0.642642   0.684998   0.304948  -0.841828   0.001000
 -0.319607  -0.125066  -0.642642   0.684998   0.304948  -0.841828   0.001000
 -0.319607  -0.125066  -0.642642   0.684998   0.304948  -0.841828   0.001000
 -0.319607  -0.125066  -0.642642   0.684998   0.304948  -0.841828   0.001000
 -0.319607  -0.125066  -0.642642   0.684998   0.304948  -0.841828   0.001000
 -0.319607  -0.125066  -0.642642   0.684998   0.304948  -0.841828   0.001000
 -0.319607  -0.125066  -0.642642   0.684998   0.304948  -0.841828   0.001000
 -0.319607  -0.125066  -0.642642   0.684998   0.304948  -0.841828   0.001000
 -0.319607  -0.125066  -0.642642   0.684998   0.304948  -0.841828   0.001000
 -0.319607  -0.125066  -0.642642   0.684998   0.304948  -0.841828   0.001000
 -0.319607  -0.125066  -0.642642   0.684998   0.304948  -0.841828   0.001000
 -0.319607  -0.125066  -0.642642   0.684998   0.304948  -0.841828   0.001000
 -0.319607  -0.125066  -0.642642   0.684998   0.304948  -0.841828   0.001000
 -0.319607  -0.125066  -0.642642   0.684998   0.304948  -0.841828   0.001000
 -0.319607  -0.125066  -0.642642   0.684998   0.304948  -0.841828   0.001000
 -0.319607  -0.125066  -0.642642   0.684998   0.304948  -0.841828   0.001000
 -0.319607  -0.125066  -0.642642   0.684998   0.304948  -0.841828   0.001000
 -0.319607  -0.125066  -0.642642   0.684998   0.304948  -0.841828   0.001000
 -0.319607  -0.125066  -0.642642   0.684998   0.304948  -0.841828   0.001000
 -0.319607  -0.125066  -0.642642   0.684998   0.304948  -0.841828   0.001000
 -0.319607  -0.125066  -0.642642   0.684998   0.304948  -0.841828   0.001000
 -0.319607  -0.125066  -0.642642   0.684998   0.304948  -0.841828   0.001000
 -0.319607  -0.125066  -0.642642   0.684998   0.304948  -0.841828   0.001000
 -0.319607  -0.125066  -0.642642   0.684998   0.304948  -0.841828   0.001000
 -0.306146  -0.124668  -0.643321   0.690558   0.289323  -0.838032   0.001000
 -0.332336  -0.109866  -0.651614   0.672965   0.370667  -0.812235   0.001000
 -0.332336  -0.109866  -0.651614   0.672965   0.370667  -0.812235   0.001000
 -0.332336  -0.109866  -0.651614   0.672965   0.370667  -0.812235   0.001000
 -0.332336  -0.109866  -0.651614   0.672965   0.370667  -0.812235   0.001000
 -0.322608  -0.118964  -0.638367   0.688665   0.411001  -0.866511   0.001000
 -0.322608  -0.118964  -0.638367   0.688665   0.411001  -0.866511   0.001000
 -0.322608  -0.118964  -0.638367   0.688665   0.411001  -0.866511   0.001000
 -0.322608  -0.118964  -0.638367   0.688665   0.411001  -0.866511   0.001000
 -0.322608  -0.118964  -0.638367   0.688665   0.411001  -0.866511   0.001000
 -0.322608  -0.118964  -0.638367   0.688665   0.411001  -0.866511   0.001000
 -0.322608  -0.118964  -0.638367   0.688665   0.411001  -0.866511   0.001000
 -0.322608  -0.118964  -0.638367   0.688665   0.411001  -0.866511   0.001000
 -0.322608  -0.118964  -0.638367   0.688665   0.411001  -0.866511   0.001000
 -0.322608  -0.118964  -0.638367   0.688665   0.411001  -0.866511   0.001000
 -0.322608  -0.118964  -0.638367   0.688665   0.411001  -0.866511   0.001000
 -0.325903  -0.120446  -0.641982   0.683476   0.306390  -0.760923   0.001000
 -0.325903  -0.120446  -0.641982   0.683476   0.306390  -0.760923   0.001000
 -0.325903  -0.120446  -0.641982   0.683476   0.306390  -0.760923   0.001000
 -0.325903  -0.120446  -0.641982   0.683476   0.306390  -0.760923   0.001000
 -0.325903  -0.120446  -0.641982   0.683476   0.306390  -0.760923   0.001000
 -0.325903  -0.120446  -0.641982   0.683476   0.306390  -0.760923   0.001000
 -0.325903  -0.120446  -0.641982   0.683476   0.306390  -0.760923   0.001000
 -0.325903  -0.120446  -0.641982   0.683476   0.306390  -0.760923   0.001000
 -0.333795  -0.123211  -0.636658   0.684154   0.387683  -0.831907   0.001000
 -0.346301  -0.112031  -0.646522   0.670473   0.410303  -0.845009   0.001000
 -0.346301  -0.112031  -0.646522   0.670473   0.410303  -0.845009   0.001000
 -0.346301  -0.112031  -0.646522   0.670473   0.410303  -0.845009   0.001000
 -0.346301  -0.112031  -0.646522   0.670473   0.410303  -0.845009   0.001000
 -0.346301  -0.112031  -0.646522   0.670473   0.410303  -0.845009   0.001000
 -0.346301  -0.112031  -0.646522   0.670473   0.410303  -0.845009   0.001000
 -0.346301  -0.112031  -0.646522   0.670473   0.410303  -0.845009   0.001000
 -0.346301  -0.112031  -0.646522   0.670473   0.410303  -0.845009   0.001000
 -0.346301  -0.112031  -0.646522   0.670473   0.410303  -0.845009   0.001000
 -0.346301  -0.112031  -0.646522   0.670473   0.410303  -0.845009   0.001000
 -0.346301  -0.112031  -0.646522   0.670473   0.410303  -0.845009   0.001000
 -0.346301  -0.112031  -0.646522   0.670473   0.410303  -0.845009   0.001000
 -0.346301  -0.112031  -0.646522   0.670473   0.410303  -0.845009   0.001000
 -0.345001  -0.112499  -0.612359   0.702378   0.374304  -0.934270   0.001000
 -0.326505  -0.100516  -0.638974   0.689205   0.435200  -0.890406   0.001000
 -0.326264  -0.125170  -0.633755   0.690100   0.398176  -0.933273   0.001000
 -0.326264  -0.125170  -0.633755   0.690100   0.398176  -0.933273   0.001000
 -0.325590  -0.120197  -0.648934   0.677074   0.380948  -0.982319   0.001000
 -0.329001  -0.110981  -0.653634   0.672461   0.403849  -0.871145   0.001000
 -0.315912  -0.118982  -0.648719   0.682060   0.336387  -0.927574   0.001000
 -0.315912  -0.118982  -0.648719   0.682060   0.336387  -0.927574   0.001000
 -0.315912  -0.118982  -0.648719   0.682060   0.336387  -0.927574   0.001000
 -0.315045  -0.134631  -0.636041   0.691428   0.425909  -0.891470   0.001000
 -0.315045  -0.134631  -0.636041   0.691428   0.425909  -0.891470   0.001000
 -0.315045  -0.134631  -0.636041   0.691428   0.425909  -0.891470   0.001000
 -0.315045  -0.134631  -0.636041   0.691428   0.425909  -0.891470   0.001000
 -0.318308  -0.136434  -0.641922   0.684106   0.381674  -0.900317   0.001000
 -0.316496  -0.112851  -0.644212   0.687085   0.339179  -0.927437   0.001000
 -0.330752  -0.123481  -0.638981   0.683417   0.332099  -0.904275   0.001000
 -0.331695  -0.128077  -0.632789   0.687861   0.381226  -0.916496   0.001000
 -0.331695  -0.128077  -0.632789   0.687861   0.381226  -0.916496   0.001000
 -0.309170  -0.122145  -0.644888   0.688196   0.241280  -0.997066   0.001000
 -0.309170  -0.122145  -0.644888   0.688196   0.241280  -0.997066   0.001000
 -0.329063  -0.124093  -0.648159   0.675432   0.317099  -0.878990   0.001000
 -0.329063  -0.124093  -0.648159   0.675432   0.317099  -0.878990   0.001000
 -0.340016  -0.128570  -0.618653   0.696512   0.255218  -0.980222   0.001000
 -0.319296  -0.114312  -0.643992   0.685753   0.363220  -0.981555   0.001000
 -0.319296  -0.114312  -0.643992   0.685753   0.363220  -0.981555   0.001000
 -0.319296  -0.114312  -0.643992   0.685753   0.363220  -0.981555   0.001000
 -0.319296  -0.114312  -0.643992   0.685753   0.363220  -0.981555   0.001000
 -0.319296  -0.114312  -0.643992   0.685753   0.363220  -0.981555   0.001000
 -0.319296  -0.114312  -0.643992   0.685753   0.363220  -0.981555   0.001000
 -0.319296  -0.114312  -0.643992   0.685753   0.363220  -0.981555   0.001000
 -0.319296  -0.114312  -0.643992   0.685753   0.363220  -0.981555   0.001000
 -0.319296  -0.114312  -0.643992   0.685753   0.363220  -0.981555   0.001000
 -0.319296  -0.114312  -0.643992   0.685753   0.363220  -0.981555   0.001000
 -0.319296  -0.114312  -0.643992   0.685753   0.363220  -0.981555   0.001000
 -0.316272  -0.123056  -0.643723   0.685894   0.179777  -0.984750   0.001000
 -0.316272  -0.123056  -0.643723   0.685894   0.179777  -0.984750   0.001000
 -0.316272  -0.123056  -0.643723   0.685894   0.179777  -0.984750   0.001000
 -0.316272  -0.123056  -0.643723   0.685894   0.179777  -0.984750   0.001000
 -0.316272  -0.123056  -0.643723   0.685894   0.179777  -0.984750   0.001000
 -0.316272  -0.123056  -0.643723   0.685894   0.179777  -0.984750   0.001000
 -0.316272  -0.123056  -0.643723   0.685894   0.179777  -0.984750   0.001000
 -0.316272  -0.123056  -0.643723   0.685894   0.179777  -0.984750   0.001000
 -0.316272  -0.123056  -0.643723   0.685894   0.179777  -0.984750   0.001000
 -0.316272  -0.123056  -0.643723   0.685894   0.179777  -0.984750   0.001000
 -0.316272  -0.123056  -0.643723   0.685894   0.179777  -0.984750   0.001000
 -0.316272  -0.123056  -0.643723   0.685894   0.179777  -0.984750   0.001000
 -0.316272  -0.123056  -0.643723   0.685894   0.179777  -0.984750   0.001000
 -0.316272  -0.123056  -0.643723   0.685894   0.179777  -0.984750   0.001000
 -0.316272  -0.123056  -0.643723   0.685894   0.179777  -0.984750   0.001000
 -0.316272  -0.123056  -0.643723   0.685894   0.179777  -0.984750   0.001000
 -0.316272  -0.123056  -0.643723   0.685894   0.179777  -0.984750   0.001000
 -0.316272  -0.123056  -0.643723   0.685894   0.179777  -0.984750   0.001000
 -0.316272  -0.123056  -0.643723   0.685894   0.179777  -0.984750   0.001000
 -0.316272  -0.123056  -0.643723   0.685894   0.179777  -0.984750   0.001000
 -0.316272  -0.123056  -0.643723   0.685894   0.179777  -0.984750   0.001000
 -0.316272  -0.123056  -0.643723   0.685894   0.179777  -0.984750   0.001000
 -0.316272  -0.123056  -0.643723   0.685894   0.179777  -0.984750   0.001000
 -0.316272  -0.123056  -0.643723   0.685894   0.179777  -0.984750   0.001000
 -0.316272  -0.123056  -0.643723   0.685894   0.179777  -0.984750   0.001000
 -0.316272  -0.123056  -0.643723   0.685894   0.179777  -0.984750   0.001000
 -0.316272  -0.123056  -0.643723   0.685894   0.179777  -0.984750   0.001000
 -0.316272  -0.123056  -0.643723   0.685894   0.179777  -0.984750   0.001000
 -0.316272  -0.123056  -0.643723   0.685894   0.179777  -0.984750   0.001000
 -0.316272  -0.123056  -0.643723   0.685894   0.179777  -0.984750   0.001000
 -0.305638  -0.130705  -0.642704   0.690241   0.283748  -0.943236   0.001000
 -0.305638  -0.130705  -0.642704   0.690241   0.283748  -0.943236   0.001000
 -0.305638  -0.130705  -0.642704   0.690241   0.283748  -0.943236   0.001000
 -0.308779  -0.128168  -0.648580   0.683793   0.234933  -0.936847   0.001000
 -0.325212  -0.129672  -0.636989   0.686780   0.220873  -1.024982   0.001000
 -0.323144  -0.116067  -0.638469   0.688813   0.123894  -0.959722   0.001000
 -0.323144  -0.116067  -0.638469   0.688813   0.123894  -0.959722   0.001000
 -0.323144  -0.116067  -0.638469   0.688813   0.123894  -0.959722   0.001000
 -0.350330  -0.105901  -0.647255   0.668667   0.243264  -0.535413   0.001000
 -0.354953  -0.082062  -0.641235   0.675346   0.215803  -0.652350   0.001000
 -0.354953  -0.082062  -0.641235   0.675346   0.215803  -0.652350   0.001000
 -0.354953  -0.082062  -0.641235   0.675346   0.215803  -0.652350   0.001000
 -0.354953  -0.082062  -0.641235   0.675346   0.215803  -0.652350   0.001000
 -0.354953  -0.082062  -0.641235   0.675346   0.215803  -0.652350   0.001000
 -0.354953  -0.082062  -0.641235   0.675346   0.215803  -0.652350   0.001000
 -0.354953  -0.082062  -0.641235   0.675346   0.215803  -0.652350   0.001000
 -0.354953  -0.082062  -0.641235   0.675346   0.215803  -0.652350   0.001000
 -0.351821  -0.094189  -0.644806   0.671994   0.326306  -0.699113   0.001000
 -0.351821  -0.094189  -0.644806   0.671994   0.326306  -0.699113   0.001000
 -0.351821  -0.094189  -0.644806   0.671994   0.326306  -0.699113   0.001000
 -0.351821  -0.094189  -0.644806   0.671994   0.326306  -0.699113   0.001000
 -0.351821  -0.094189  -0.644806   0.671994   0.326306  -0.699113   0.001000
 -0.351821  -0.094189  -0.644806   0.671994   0.326306  -0.699113   0.001000
 -0.341819  -0.103381  -0.643337   0.677192   0.357357  -0.693450   0.001000
 -0.341819  -0.103381  -0.643337   0.677192   0.357357  -0.693450   0.001000
 -0.345793  -0.106658  -0.650604   0.667657   0.341790  -0.713274   0.001000
 -0.342778  -0.090418  -0.651542   0.670686   0.307157  -0.727396   0.001000
 -0.342778  -0.090418  -0.651542   0.670686   0.307157  -0.727396   0.001000
 -0.361324  -0.080713  -0.646914   0.666658   0.373128  -0.700422   0.001000
 -0.331698  -0.108978  -0.645155   0.679614   0.426581  -0.678641   0.001000
 -0.343943  -0.119573  -0.633620   0.682592   0.426266  -0.696049   0.001000
 -0.336772  -0.110096  -0.639467   0.682309   0.334664  -0.638114   0.001000
 -0.342127  -0.109255  -0.643070   0.676368   0.425898  -0.811519   0.001000
 -0.348044  -0.084481  -0.643061   0.676905   0.219673  -0.752918   0.001000
 -0.346694  -0.100815  -0.648048   0.670577   0.144663  -0.795252   0.001000
 -0.356277  -0.092608  -0.636531   0.677730   0.251484  -0.738751   0.001000
 -0.338653  -0.103589  -0.648870   0.673462   0.165876  -0.835894   0.001000
 -0.338653  -0.103589  -0.648870   0.673462   0.165876  -0.835894   0.001000
 -0.338653  -0.103589  -0.648870   0.673462   0.165876  -0.835894   0.001000
 -0.338653  -0.103589  -0.648870   0.673462   0.165876  -0.835894   0.001000
 -0.338653  -0.103589  -0.648870   0.673462   0.165876  -0.835894   0.001000
 -0.338653  -0.103589  -0.648870   0.673462   0.165876  -0.835894   0.001000
 -0.338653  -0.103589  -0.648870   0.673462   0.165876  -0.835894   0.001000
 -0.329650  -0.100074  -0.651596   0.675824   0.149520  -0.719325   0.001000
 -0.349029  -0.131402  -0.634060   0.677408   0.132758  -0.688152   0.001000
 -0.327046  -0.105906  -0.647027   0.680574   0.133795  -0.821767   0.001000
 -0.327046  -0.105906  -0.647027   0.680574   0.133795  -0.821767   0.001000
 -0.342038  -0.097803  -0.638713   0.682269   0.197057  -0.793527   0.001000
 -0.342038  -0.097803  -0.638713   0.682269   0.197057  -0.793527   0.001000
 -0.358460  -0.086636  -0.641946   0.672239   0.164233  -0.741556   0.001000
 -0.358460  -0.086636  -0.641946   0.672239   0.164233  -0.741556   0.001000
 -0.307601  -0.124565  -0.635809   0.696859   0.291850  -0.954505   0.001000
 -0.321495  -0.130453  -0.638089   0.687361   0.322767  -0.892917   0.001000
 -0.296163  -0.128792  -0.639841   0.697354   0.323171  -0.901078   0.001000
 -0.328348  -0.114534  -0.635371   0.689473   0.374138  -0.597755   0.001000
 -0.329224  -0.124008  -0.632365   0.690180   0.310671  -0.673264   0.001000
 -0.329224  -0.124008  -0.632365   0.690180   0.310671  -0.673264   0.001000
 -0.329224  -0.124008  -0.632365   0.690180   0.310671  -0.673264   0.001000
 -0.329224  -0.124008  -0.632365   0.690180   0.310671  -0.673264   0.001000
 -0.329224  -0.124008  -0.632365   0.690180   0.310671  -0.673264   0.001000
 -0.329224  -0.124008  -0.632365   0.690180   0.310671  -0.673264   0.001000
 -0.353500  -0.097584  -0.643872   0.671523   0.242362  -0.780695   0.001000
 -0.321249  -0.120920  -0.653443   0.674678   0.177209  -0.759221   0.001000
 -0.321249  -0.120920  -0.653443   0.674678   0.177209  -0.759221   0.001000
 -0.312825  -0.107069  -0.654021   0.680392   0.277462  -0.789188   0.001000
 -0.333901  -0.117604  -0.631624   0.689732   0.170449  -0.790013   0.001000
 -0.333901  -0.117604  -0.631624   0.689732   0.170449  -0.790013   0.001000
 -0.331650  -0.116080  -0.644940   0.678665   0.146364  -0.724782   0.001000
 -0.331650  -0.116080  -0.644940   0.678665   0.146364  -0.724782   0.001000
 -0.331650  -0.116080  -0.644940   0.678665   0.146364  -0.724782   0.001000
 -0.331650  -0.116080  -0.644940   0.678665   0.146364  -0.724782   0.001000
 -0.331650  -0.116080  -0.644940   0.678665   0.146364  -0.724782   0.001000
 -0.331650  -0.116080  -0.644940   0.678665   0.146364  -0.724782   0.001000
 -0.331650  -0.116080  -0.644940   0.678665   0.146364  -0.724782   0.001000
 -0.331650  -0.116080  -0.644940   0.678665   0.146364  -0.724782   0.001000
 -0.331650  -0.116080  -0.644940   0.678665   0.146364  -0.724782   0.001000
 -0.331650  -0.116080  -0.644940   0.678665   0.146364  -0.724782   0.001000
 -0.332538  -0.113344  -0.634520   0.688445   0.223040  -0.727352   0.001000
 -0.332538  -0.113344  -0.634520   0.688445   0.223040  -0.727352   0.001000
 -0.332538  -0.113344  -0.634520   0.688445   0.223040  -0.727352   0.001000
 -0.335757  -0.115597  -0.640771   0.680674   0.252923  -0.802100   0.001000
 -0.335757  -0.115597  -0.640771   0.680674   0.252923  -0.802100   0.001000
 -0.335757  -0.115597  -0.640771   0.680674   0.252923  -0.802100   0.001000
 -0.335757  -0.115597  -0.640771   0.680674   0.252923  -0.802100   0.001000
 -0.335757  -0.115597  -0.640771   0.680674   0.252923  -0.802100   0.001000
 -0.335757  -0.115597  -0.640771   0.680674   0.252923  -0.802100   0.001000
 -0.335757  -0.115597  -0.640771   0.680674   0.252923  -0.802100   0.001000
 -0.335757  -0.115597  -0.640771   0.680674   0.252923  -0.802100   0.001000
 -0.335757  -0.115597  -0.640771   0.680674   0.252923  -0.802100   0.001000
 -0.335757  -0.115597  -0.640771   0.680674   0.252923  -0.802100   0.001000
 -0.335757  -0.115597  -0.640771   0.680674   0.252923  -0.802100   0.001000
 -0.335757  -0.115597  -0.640771   0.680674   0.252923  -0.802100   0.001000
 -0.335757  -0.115597  -0.640771   0.680674   0.252923  -0.802100   0.001000
 -0.335757  -0.115597  -0.640771   0.680674   0.252923  -0.802100   0.001000
 -0.335757  -0.115597  -0.640771   0.680674   0.252923  -0.802100   0.001000
 -0.335757  -0.115597  -0.640771   0.680674   0.252923  -0.802100   0.001000
 -0.335757  -0.115597  -0.640771   0.680674   0.252923  -0.802100   0.001000
 -0.335757  -0.115597  -0.640771   0.680674   0.252923  -0.802100   0.001000
 -0.335757  -0.115597  -0.640771   0.680674   0.252923  -0.802100   0.001000
 -0.335757  -0.115597  -0.640771   0.680674   0.252923  -0.802100   0.001000
 -0.335757  -0.115597  -0.640771   0.680674   0.252923  -0.802100   0.001000
 -0.335757  -0.115597  -0.640771   0.680674   0.252923  -0.802100   0.001000
 -0.335757  -0.115597  -0.640771   0.680674   0.252923  -0.802100   0.001000
 -0.335757  -0.115597  -0.640771   0.680674   0.252923  -0.802100   0.001000
 -0.335757  -0.115597  -0.640771   0.680674   0.252923  -0.802100   0.001000
 -0.335757  -0.115597  -0.640771   0.680674   0.252923  -0.802100   0.001000
 -0.335757  -0.115597  -0.640771   0.680674   0.252923  -0.802100   0.001000
 -0.335757  -0.115597  -0.640771   0.680674   0.252923  -0.802100   0.001000
 -0.335757  -0.115597  -0.640771   0.680674   0.252923  -0.802100   0.001000
 -0.335757  -0.115597  -0.640771   0.680674   0.252923  -0.802100   0.001000
 -0.335757  -0.115597  -0.640771   0.680674   0.252923  -0.802100   0.001000
 -0.335757  -0.115597  -0.640771   0.680674   0.252923  -0.802100   0.001000
 -0.335757  -0.115597  -0.640771   0.680674   0.252923  -0.802100   0.001000
 -0.335757  -0.115597  -0.640771   0.680674   0.252923  -0.802100   0.001000
 -0.335757  -0.115597  -0.640771   0.680674   0.252923  -0.802100   0.001000
 -0.335757  -0.115597  -0.640771   0.680674   0.252923  -0.802100   0.001000
 -0.335757  -0.115597  -0.640771   0.680674   0.252923  -0.802100   0.001000
 -0.328761  -0.109360  -0.656519   0.670029   0.197745  -0.722204   0.001000
 -0.328761  -0.109360  -0.656519   0.670029   0.197745  -0.722204   0.001000
 -0.328761  -0.109360  -0.656519   0.670029   0.197745  -0.722204   0.001000
 -0.354538  -0.086462  -0.642184   0.674112   0.097176  -0.717359   0.001000
 -0.354538  -0.086462  -0.642184   0.674112   0.097176  -0.717359   0.001000
 -0.354538  -0.086462  -0.642184   0.674112   0.097176  -0.717359   0.001000
 -0.354538  -0.086462  -0.642184   0.674112   0.097176  -0.717359   0.001000
 -0.354538  -0.086462  -0.642184   0.674112   0.097176  -0.717359   0.001000
 -0.354538  -0.086462  -0.642184   0.674112   0.097176  -0.717359   0.001000
 -0.354538  -0.086462  -0.642184   0.674112   0.097176  -0.717359   0.001000
 -0.335684  -0.097728  -0.648010   0.676645   0.233787  -0.745569   0.001000
 -0.335684  -0.097728  -0.648010   0.676645   0.233787  -0.745569   0.001000
 -0.326170  -0.068097  -0.652784   0.680331   0.085148  -0.748907   0.001000
 -0.314094  -0.129157  -0.643501   0.685981   0.144931  -0.760125   0.001000
 -0.314094  -0.129157  -0.643501   0.685981   0.144931  -0.760125   0.001000
 -0.314094  -0.129157  -0.643501   0.685981   0.144931  -0.760125   0.001000
 -0.314094  -0.129157  -0.643501   0.685981   0.144931  -0.760125   0.001000
 -0.314094  -0.129157  -0.643501   0.685981   0.144931  -0.760125   0.001000
 -0.314094  -0.129157  -0.643501   0.685981   0.144931  -0.760125   0.001000
 -0.314094  -0.129157  -0.643501   0.685981   0.144931  -0.760125   0.001000
 -0.314094  -0.129157  -0.643501   0.685981   0.144931  -0.760125   0.001000
 -0.314094  -0.129157  -0.643501   0.685981   0.144931  -0.760125   0.001000
 -0.314094  -0.129157  -0.643501   0.685981   0.144931  -0.760125   0.001000
 -0.335437  -0.102956  -0.641383   0.682283   0.153219  -0.795594   0.001000
 -0.335437  -0.102956  -0.641383   0.682283   0.153219  -0.795594   0.001000
 -0.335437  -0.102956  -0.641383   0.682283   0.153219  -0.795594   0.001000
 -0.335437  -0.102956  -0.641383   0.682283   0.153219  -0.795594   0.001000
 -0.335437  -0.102956  -0.641383   0.682283   0.153219  -0.795594   0.001000
 -0.335437  -0.102956  -0.641383   0.682283   0.153219  -0.795594   0.001000
 -0.335437  -0.102956  -0.641383   0.682283   0.153219  -0.795594   0.001000
 -0.372524  -0.106486  -0.633197   0.670036   0.181462  -0.755145   0.001000
 -0.332252  -0.103879  -0.653149   0.672469   0.161138  -0.798586   0.001000
 -0.332252  -0.103879  -0.653149   0.672469   0.161138  -0.798586   0.001000
 -0.330960  -0.107346  -0.639792   0.685279   0.292814  -0.927610   0.001000
 -0.353696  -0.096945  -0.650255   0.665334   0.215724  -0.747345   0.001000
 -0.353696  -0.096945  -0.650255   0.665334   0.215724  -0.747345   0.001000
 -0.353696  -0.096945  -0.650255   0.665334   0.215724  -0.747345   0.001000
 -0.338992  -0.103041  -0.644413   0.677643   0.196813  -0.686631   0.001000
 -0.338992  -0.103041  -0.644413   0.677643   0.196813  -0.686631   0.001000
 -0.338992  -0.103041  -0.644413   0.677643   0.196813  -0.686631   0.001000
 -0.338992  -0.103041  -0.644413   0.677643   0.196813  -0.686631   0.001000
 -0.338992  -0.103041  -0.644413   0.677643   0.196813  -0.686631   0.001000
 -0.338992  -0.103041  -0.644413   0.677643   0.196813  -0.686631   0.001000
 -0.338992  -0.103041  -0.644413   0.677643   0.196813  -0.686631   0.001000
 -0.338992  -0.103041  -0.644413   0.677643   0.196813  -0.686631   0.001000
 -0.338992  -0.103041  -0.644413   0.677643   0.196813  -0.686631   0.001000
 -0.338992  -0.103041  -0.644413   0.677643   0.196813  -0.686631   0.001000
 -0.338992  -0.103041  -0.644413   0.677643   0.196813  -0.686631   0.001000
 -0.338992  -0.103041  -0.644413   0.677643   0.196813  -0.686631   0.001000
 -0.338992  -0.103041  -0.644413   0.677643   0.196813  -0.686631   0.001000
 -0.338992  -0.103041  -0.644413   0.677643   0.196813  -0.686631   0.001000
 -0.338992  -0.103041  -0.644413   0.677643   0.196813  -0.686631   0.001000
 -0.338992  -0.103041  -0.644413   0.677643   0.196813  -0.686631   0.001000
 -0.338992  -0.103041  -0.644413   0.677643   0.196813  -0.686631   0.001000
 -0.338992  -0.103041  -0.644413   0.677643   0.196813  -0.686631   0.001000
 -0.338992  -0.103041  -0.644413   0.677643   0.196813  -0.686631   0.001000
 -0.338992  -0.103041  -0.644413   0.677643   0.196813  -0.686631   0.001000
 -0.338992  -0.103041  -0.644413   0.677643   0.196813  -0.686631   0.001000
 -0.338992  -0.103041  -0.644413   0.677643   0.196813  -0.686631   0.001000
 -0.338992  -0.103041  -0.644413   0.677643   0.196813  -0.686631   0.001000
 -0.338992  -0.103041  -0.644413   0.677643   0.196813  -0.686631   0.001000
 -0.338992  -0.103041  -0.644413   0.677643   0.196813  -0.686631   0.001000
 -0.338992  -0.103041  -0.644413   0.677643   0.196813  -0.686631   0.001000
 -0.347618  -0.106149  -0.645005   0.672208   0.220756  -0.728593   0.001000
 -0.347618  -0.106149  -0.645005   0.672208   0.220756  -0.728593   0.001000
 -0.347618  -0.106149  -0.645005   0.672208   0.220756  -0.728593   0.001000
 -0.356163  -0.099279  -0.650324   0.663604   0.077267  -0.834433   0.001000
 -0.317783  -0.108341  -0.661618   0.670476   0.124918  -0.827679   0.001000
 -0.317783  -0.108341  -0.661618   0.670476   0.124918  -0.827679   0.001000
 -0.338072  -0.108003  -0.661568   0.660583   0.045391  -0.787824   0.001000
 -0.338072  -0.108003  -0.661568   0.660583   0.045391  -0.787824   0.001000
 -0.336192  -0.119291  -0.647175   0.673728   0.073097  -0.731541   0.001000
 -0.341608  -0.114769  -0.646642   0.672299   0.283264  -0.825805   0.001000
 -0.308793  -0.063708  -0.663935   0.678069   0.188911  -0.763541   0.001000
 -0.318494  -0.107815  -0.646612   0.684712   0.248901  -0.756178   0.001000
 -0.318494  -0.107815  -0.646612   0.684712   0.248901  -0.756178   0.001000
 -0.320527  -0.117338  -0.646491   0.682308   0.261204  -0.786647   0.001000
 -0.320527  -0.117338  -0.646491   0.682308   0.261204  -0.786647   0.001000
 -0.320527  -0.117338  -0.646491   0.682308   0.261204  -0.786647   0.001000
 -0.320527  -0.117338  -0.646491   0.682308   0.261204  -0.786647   0.001000
 -0.320527  -0.117338  -0.646491   0.682308   0.261204  -0.786647   0.001000
 -0.320527  -0.117338  -0.646491   0.682308   0.261204  -0.786647   0.001000
 -0.326291  -0.119345  -0.638259   0.686962   0.186580  -0.747142   0.001000
 -0.326291  -0.119345  -0.638259   0.686962   0.186580  -0.747142   0.001000
 -0.326291  -0.119345  -0.638259   0.686962   0.186580  -0.747142   0.001000
 -0.326291  -0.119345  -0.638259   0.686962   0.186580  -0.747142   0.001000
 -0.326291  -0.119345  -0.638259   0.686962   0.186580  -0.747142   0.001000
 -0.326291  -0.119345  -0.638259   0.686962   0.186580  -0.747142   0.001000
 -0.326291  -0.119345  -0.638259   0.686962   0.186580  -0.747142   0.001000
 -0.326291  -0.119345  -0.638259   0.686962   0.186580  -0.747142   0.001000
 -0.326291  -0.119345  -0.638259   0.686962   0.186580  -0.747142   0.001000
 -0.326291  -0.119345  -0.638259   0.686962   0.186580  -0.747142   0.001000
 -0.326291  -0.119345  -0.638259   0.686962   0.186580  -0.747142   0.001000
 -0.326291  -0.119345  -0.638259   0.686962   0.186580  -0.747142   0.001000
 -0.326291  -0.119345  -0.638259   0.686962   0.186580  -0.747142   0.001000
 -0.326291  -0.119345  -0.638259   0.686962   0.186580  -0.747142   0.001000
 -0.326291  -0.119345  -0.638259   0.686962   0.186580  -0.747142   0.001000
 -0.326291  -0.119345  -0.638259   0.686962   0.186580  -0.747142   0.001000
 -0.326291  -0.119345  -0.638259   0.686962   0.186580  -0.747142   0.001000
 -0.326291  -0.119345  -0.638259   0.686962   0.186580  -0.747142   0.001000
 -0.326291  -0.119345  -0.638259   0.686962   0.186580  -0.747142   0.001000
 -0.326291  -0.119345  -0.638259   0.686962   0.186580  -0.747142   0.001000
 -0.326291  -0.119345  -0.638259   0.686962   0.186580  -0.747142   0.001000
 -0.326291  -0.119345  -0.638259   0.686962   0.186580  -0.747142   0.001000
 -0.326291  -0.119345  -0.638259   0.686962   0.186580  -0.747142   0.001000
 -0.326291  -0.119345  -0.638259   0.686962   0.186580  -0.747142   0.001000
 -0.326291  -0.119345  -0.638259   0.686962   0.186580  -0.747142   0.001000
 -0.326291  -0.119345  -0.638259   0.686962   0.186580  -0.747142   0.001000
 -0.326291  -0.119345  -0.638259   0.686962   0.186580  -0.747142   0.001000
 -0.326291  -0.119345  -0.638259   0.686962   0.186580  -0.747142   0.001000
 -0.326291  -0.119345  -0.638259   0.686962   0.186580  -0.747142   0.001000
 -0.326291  -0.119345  -0.638259   0.686962   0.186580  -0.747142   0.001000
 -0.316491  -0.119122  -0.647003   0.683396   0.134985  -0.790538   0.001000
 -0.332000  -0.105713  -0.647634   0.677621   0.213899  -0.761413   0.001000
 -0.332000  -0.105713  -0.647634   0.677621   0.213899  -0.761413   0.001000
 -0.332000  -0.105713  -0.647634   0.677621   0.213899  -0.761413   0.001000
 -0.332000  -0.105713  -0.647634   0.677621   0.213899  -0.761413   0.001000
 -0.332000  -0.105713  -0.647634   0.677621   0.213899  -0.761413   0.001000
 -0.332000  -0.105713  -0.647634   0.677621   0.213899  -0.761413   0.001000
 -0.332000  -0.105713  -0.647634   0.677621   0.213899  -0.761413   0.001000
 -0.332000  -0.105713  -0.647634   0.677621   0.213899  -0.761413   0.001000
 -0.332000  -0.105713  -0.647634   0.677621   0.213899  -0.761413   0.001000
 -0.332000  -0.105713  -0.647634   0.677621   0.213899  -0.761413   0.001000
 -0.332000  -0.105713  -0.647634   0.677621   0.213899  -0.761413   0.001000
 -0.332000  -0.105713  -0.647634   0.677621   0.213899  -0.761413   0.001000
 -0.332000  -0.105713  -0.647634   0.677621   0.213899  -0.761413   0.001000
 -0.332000  -0.105713  -0.647634   0.677621   0.213899  -0.761413   0.001000
 -0.332000  -0.105713  -0.647634   0.677621   0.213899  -0.761413   0.001000
 -0.332000  -0.105713  -0.647634   0.677621   0.213899  -0.761413   0.001000
 -0.332000  -0.105713  -0.647634   0.677621   0.213899  -0.761413   0.001000
 -0.332000  -0.105713  -0.647634   0.677621   0.213899  -0.761413   0.001000
 -0.316224  -0.117024  -0.643791   0.686906   0.162255  -0.720080   0.001000
 -0.316224  -0.117024  -0.643791   0.686906   0.162255  -0.720080   0.001000
 -0.307393  -0.111007  -0.658241   0.678164   0.138925  -0.788221   0.001000
 -0.334140  -0.120606  -0.635774   0.685271   0.220442  -0.780873   0.001000
 -0.334140  -0.120606  -0.635774   0.685271   0.220442  -0.780873   0.001000
 -0.339594  -0.114034  -0.649562   0.670628   0.273811  -0.768041   0.001000
 -0.318659  -0.122997  -0.650698   0.678174   0.237694  -0.771231   0.001000
 -0.318659  -0.122997  -0.650698   0.678174   0.237694  -0.771231   0.001000
 -0.318659  -0.122997  -0.650698   0.678174   0.237694  -0.771231   0.001000
 -0.318659  -0.122997  -0.650698   0.678174   0.237694  -0.771231   0.001000
 -0.318659  -0.122997  -0.650698   0.678174   0.237694  -0.771231   0.001000
 -0.318659  -0.122997  -0.650698   0.678174   0.237694  -0.771231   0.001000
 -0.318659  -0.122997  -0.650698   0.678174   0.237694  -0.771231   0.001000
 -0.320076  -0.116494  -0.649985   0.679338   0.182398  -0.780499   0.001000
 -0.320076  -0.116494  -0.649985   0.679338   0.182398  -0.780499   0.001000
 -0.320076  -0.116494  -0.649985   0.679338   0.182398  -0.780499   0.001000
 -0.320076  -0.116494  -0.649985   0.679338   0.182398  -0.780499   0.001000
 -0.320076  -0.116494  -0.649985   0.679338   0.182398  -0.780499   0.001000
 -0.320076  -0.116494  -0.649985   0.679338   0.182398  -0.780499   0.001000
 -0.320076  -0.116494  -0.649985   0.679338   0.182398  -0.780499   0.001000
 -0.320076  -0.116494  -0.649985   0.679338   0.182398  -0.780499   0.001000
 -0.320076  -0.116494  -0.649985   0.679338   0.182398  -0.780499   0.001000
 -0.318875  -0.123355  -0.649942   0.678732   0.273245  -0.783868   0.001000
 -0.338091  -0.112542  -0.636370   0.684151   0.419687  -0.793498   0.001000
 -0.338091  -0.112542  -0.636370   0.684151   0.419687  -0.793498   0.001000
 -0.338091  -0.112542  -0.636370   0.684151   0.419687  -0.793498   0.001000
 -0.338091  -0.112542  -0.636370   0.684151   0.419687  -0.793498   0.001000
 -0.351999  -0.094698  -0.644080   0.672525   0.471996  -0.827116   0.001000
 -0.351999  -0.094698  -0.644080   0.672525   0.471996  -0.827116   0.001000
 -0.351999  -0.094698  -0.644080   0.672525   0.471996  -0.827116   0.001000
 -0.351999  -0.094698  -0.644080   0.672525   0.471996  -0.827116   0.001000
 -0.351999  -0.094698  -0.644080   0.672525   0.471996  -0.827116   0.001000
 -0.318164  -0.119752  -0.639041   0.689969   0.529135  -0.832543   0.001000
 -0.318164  -0.119752  -0.639041   0.689969   0.529135  -0.832543   0.001000
 -0.334352  -0.100785  -0.643411   0.681230   0.297424  -0.929397   0.001000
 -0.334352  -0.100785  -0.643411   0.681230   0.297424  -0.929397   0.001000
 -0.327420  -0.110184  -0.632509   0.693245   0.390282  -0.880959   0.001000
 -0.340117  -0.104928  -0.638480   0.682389   0.354797  -0.968399   0.001000
 -0.325114  -0.132475  -0.635389   0.687773   0.336114  -0.972886   0.001000
 -0.350130  -0.100408  -0.648669   0.668248   0.488276  -0.838321   0.001000
 -0.350130  -0.100408  -0.648669   0.668248   0.488276  -0.838321   0.001000
 -0.326492  -0.135273  -0.634745   0.687170   0.272893  -0.908932   0.001000
 -0.326492  -0.135273  -0.634745   0.687170   0.272893  -0.908932   0.001000
 -0.326492  -0.135273  -0.634745   0.687170   0.272893  -0.908932   0.001000
 -0.306262  -0.128742  -0.644187   0.688950   0.276354  -0.973435   0.001000
 -0.306262  -0.128742  -0.644187   0.688950   0.276354  -0.973435   0.001000
 -0.306262  -0.128742  -0.644187   0.688950   0.276354  -0.973435   0.001000
 -0.306262  -0.128742  -0.644187   0.688950   0.276354  -0.973435   0.001000
 -0.306262  -0.128742  -0.644187   0.688950   0.276354  -0.973435   0.001000
 -0.307472  -0.130372  -0.638830   0.693080   0.317176  -0.896138   0.001000
 -0.316106  -0.130496  -0.640092   0.687990   0.318784  -0.686743   0.001000
 -0.316106  -0.130496  -0.640092   0.687990   0.318784  -0.686743   0.001000
 -0.316106  -0.130496  -0.640092   0.687990   0.318784  -0.686743   0.001000
 -0.316106  -0.130496  -0.640092   0.687990   0.318784  -0.686743   0.001000
 -0.316106  -0.130496  -0.640092   0.687990   0.318784  -0.686743   0.001000
 -0.316106  -0.130496  -0.640092   0.687990   0.318784  -0.686743   0.001000
 -0.316106  -0.130496  -0.640092   0.687990   0.318784  -0.686743   0.001000
 -0.316106  -0.130496  -0.640092   0.687990   0.318784  -0.686743   0.001000
 -0.316106  -0.130496  -0.640092   0.687990   0.318784  -0.686743   0.001000
 -0.316106  -0.130496  -0.640092   0.687990   0.318784  -0.686743   0.001000
 -0.316106  -0.130496  -0.640092   0.687990   0.318784  -0.686743   0.001000
 -0.316106  -0.130496  -0.640092   0.687990   0.318784  -0.686743   0.001000
 -0.316106  -0.130496  -0.640092   0.687990   0.318784  -0.686743   0.001000
 -0.316106  -0.130496  -0.640092   0.687990   0.318784  -0.686743   0.001000
 -0.316106  -0.130496  -0.640092   0.687990   0.318784  -0.686743   0.001000
 -0.316106  -0.130496  -0.640092   0.687990   0.318784  -0.686743   0.001000
 -0.316106  -0.130496  -0.640092   0.687990   0.318784  -0.686743   0.001000
 -0.317236  -0.132561  -0.633627   0.693041   0.380436  -0.945301   0.001000
 -0.316253  -0.127137  -0.637471   0.690978   0.400763  -0.943813   0.001000
 -0.316517  -0.121817  -0.642162   0.687463   0.337113  -0.977564   0.001000
 -0.325728  -0.115592  -0.642822   0.683608   0.328158  -0.930189   0.001000
 -0.325728  -0.115592  -0.642822   0.683608   0.328158  -0.930189   0.001000
 -0.325728  -0.115592  -0.642822   0.683608   0.328158  -0.930189   0.001000
 -0.325728  -0.115592  -0.642822   0.683608   0.328158  -0.930189   0.001000
 -0.325728  -0.115592  -0.642822   0.683608   0.328158  -0.930189   0.001000
 -0.325728  -0.115592  -0.642822   0.683608   0.328158  -0.930189   0.001000
 -0.325728  -0.115592  -0.642822   0.683608   0.328158  -0.930189   0.001000
 -0.325728  -0.115592  -0.642822   0.683608   0.328158  -0.930189   0.001000
 -0.220280  -0.171094  -0.670367   0.687613   0.354809  -0.931671   0.001000
 -0.316807  -0.124039  -0.641572   0.687483   0.306177  -0.910578   0.001000
 -0.316807  -0.124039  -0.641572   0.687483   0.306177  -0.910578   0.001000
 -0.316807  -0.124039  -0.641572   0.687483   0.306177  -0.910578   0.001000
 -0.316807  -0.124039  -0.641572   0.687483   0.306177  -0.910578   0.001000
 -0.316807  -0.124039  -0.641572   0.687483   0.306177  -0.910578   0.001000
 -0.316807  -0.124039  -0.641572   0.687483   0.306177  -0.910578   0.001000
 -0.316807  -0.124039  -0.641572   0.687483   0.306177  -0.910578   0.001000
 -0.316807  -0.124039  -0.641572   0.687483   0.306177  -0.910578   0.001000
 -0.316807  -0.124039  -0.641572   0.687483   0.306177  -0.910578   0.001000
 -0.316807  -0.124039  -0.641572   0.687483   0.306177  -0.910578   0.001000
 -0.316807  -0.124039  -0.641572   0.687483   0.306177  -0.910578   0.001000
 -0.316807  -0.124039  -0.641572   0.687483   0.306177  -0.910578   0.001000
 -0.316807  -0.124039  -0.641572   0.687483   0.306177  -0.910578   0.001000
 -0.316807  -0.124039  -0.641572   0.687483   0.306177  -0.910578   0.001000
 -0.316807  -0.124039  -0.641572   0.687483   0.306177  -0.910578   0.001000
 -0.316807  -0.124039  -0.641572   0.687483   0.306177  -0.910578   0.001000
 -0.316807  -0.124039  -0.641572   0.687483   0.306177  -0.910578   0.001000
 -0.316807  -0.124039  -0.641572   0.687483   0.306177  -0.910578   0.001000
 -0.316807  -0.124039  -0.641572   0.687483   0.306177  -0.910578   0.001000
 -0.316807  -0.124039  -0.641572   0.687483   0.306177  -0.910578   0.001000
 -0.316807  -0.124039  -0.641572   0.687483   0.306177  -0.910578   0.001000
 -0.316807  -0.124039  -0.641572   0.687483   0.306177  -0.910578   0.001000
 -0.316807  -0.124039  -0.641572   0.687483   0.306177  -0.910578   0.001000
 -0.294755  -0.133923  -0.657431   0.680418   0.435513  -0.883695   0.001000
 -0.314991  -0.137774  -0.635102   0.691697   0.373855  -0.903376   0.001000
 -0.314991  -0.137774  -0.635102   0.691697   0.373855  -0.903376   0.001000
 -0.314991  -0.137774  -0.635102   0.691697   0.373855  -0.903376   0.001000
 -0.314991  -0.137774  -0.635102   0.691697   0.373855  -0.903376   0.001000
 -0.305727  -0.136094  -0.638733   0.692842   0.345911  -0.872923   0.001000
 -0.305727  -0.136094  -0.638733   0.692842   0.345911  -0.872923   0.001000
 -0.305727  -0.136094  -0.638733   0.692842   0.345911  -0.872923   0.001000
 -0.311209  -0.132360  -0.640812   0.689195   0.380082  -0.900994   0.001000
 -0.311209  -0.132360  -0.640812   0.689195   0.380082  -0.900994   0.001000
 -0.311209  -0.132360  -0.640812   0.689195   0.380082  -0.900994   0.001000
 -0.311209  -0.132360  -0.640812   0.689195   0.380082  -0.900994   0.001000
 -0.311209  -0.132360  -0.640812   0.689195   0.380082  -0.900994   0.001000
 -0.311209  -0.132360  -0.640812   0.689195   0.380082  -0.900994   0.001000
 -0.311209  -0.132360  -0.640812   0.689195   0.380082  -0.900994   0.001000
 -0.311209  -0.132360  -0.640812   0.689195   0.380082  -0.900994   0.001000
 -0.311209  -0.132360  -0.640812   0.689195   0.380082  -0.900994   0.001000
 -0.311209  -0.132360  -0.640812   0.689195   0.380082  -0.900994   0.001000
 -0.311209  -0.132360  -0.640812   0.689195   0.380082  -0.900994   0.001000
 -0.311209  -0.132360  -0.640812   0.689195   0.380082  -0.900994   0.001000
 -0.311209  -0.132360  -0.640812   0.689195   0.380082  -0.900994   0.001000
 -0.311209  -0.132360  -0.640812   0.689195   0.380082  -0.900994   0.001000
 -0.311209  -0.132360  -0.640812   0.689195   0.380082  -0.900994   0.001000
 -0.311209  -0.132360  -0.640812   0.689195   0.380082  -0.900994   0.001000
 -0.311209  -0.132360  -0.640812   0.689195   0.380082  -0.900994   0.001000
 -0.311209  -0.132360  -0.640812   0.689195   0.380082  -0.900994   0.001000
 -0.311209  -0.132360  -0.640812   0.689195   0.380082  -0.900994   0.001000
 -0.311209  -0.132360  -0.640812   0.689195   0.380082  -0.900994   0.001000
 -0.311209  -0.132360  -0.640812   0.689195   0.380082  -0.900994   0.001000
 -0.311209  -0.132360  -0.640812   0.689195   0.380082  -0.900994   0.001000
 -0.311209  -0.132360  -0.640812   0.689195   0.380082  -0.900994   0.001000
 -0.311209  -0.132360  -0.640812   0.689195   0.380082  -0.900994   0.001000
 -0.311209  -0.132360  -0.640812   0.689195   0.380082  -0.900994   0.001000
 -0.311209  -0.132360  -0.640812   0.689195   0.380082  -0.900994   0.001000
 -0.311209  -0.132360  -0.640812   0.689195   0.380082  -0.900994   0.001000
 -0.311209  -0.132360  -0.640812   0.689195   0.380082  -0.900994   0.001000
 -0.311209  -0.132360  -0.640812   0.689195   0.380082  -0.900994   0.001000
 -0.311209  -0.132360  -0.640812   0.689195   0.380082  -0.900994   0.001000
 -0.311209  -0.132360  -0.640812   0.689195   0.380082  -0.900994   0.001000
 -0.311209  -0.132360  -0.640812   0.689195   0.380082  -0.900994   0.001000
 -0.311209  -0.132360  -0.640812   0.689195   0.380082  -0.900994   0.001000
 -0.311209  -0.132360  -0.640812   0.689195   0.380082  -0.900994   0.001000
 -0.311209  -0.132360  -0.640812   0.689195   0.380082  -0.900994   0.001000
 -0.311209  -0.132360  -0.640812   0.689195   0.380082  -0.900994   0.001000
 -0.311209  -0.132360  -0.640812   0.689195   0.380082  -0.900994   0.001000
 -0.311209  -0.132360  -0.640812   0.689195   0.380082  -0.900994   0.001000
 -0.311209  -0.132360  -0.640812   0.689195   0.380082  -0.900994   0.001000
 -0.311209  -0.132360  -0.640812   0.689195   0.380082  -0.900994   0.001000
 -0.311209  -0.132360  -0.640812   0.689195   0.380082  -0.900994   0.001000
 -0.311209  -0.132360  -0.640812   0.689195   0.380082  -0.900994   0.001000
 -0.311209  -0.132360  -0.640812   0.689195   0.380082  -0.900994   0.001000
 -0.311209  -0.132360  -0.640812   0.689195   0.380082  -0.900994   0.001000
 -0.311209  -0.132360  -0.640812   0.689195   0.380082  -0.900994   0.001000
 -0.311209  -0.132360  -0.640812   0.689195   0.380082  -0.900994   0.001000
 -0.311209  -0.132360  -0.640812   0.689195   0.380082  -0.900994   0.001000
 -0.311209  -0.132360  -0.640812   0.689195   0.380082  -0.900994   0.001000
 -0.311209  -0.132360  -0.640812   0.689195   0.380082  -0.900994   0.001000
 -0.311209  -0.132360  -0.640812   0.689195   0.380082  -0.900994   0.001000
 -0.311209  -0.132360  -0.640812   0.689195   0.380082  -0.900994   0.001000
 -0.311209  -0.132360  -0.640812   0.689195   0.380082  -0.900994   0.001000
 -0.311209  -0.132360  -0.640812   0.689195   0.380082  -0.900994   0.001000
 -0.311209  -0.132360  -0.640812   0.689195   0.380082  -0.900994   0.001000
 -0.311209  -0.132360  -0.640812   0.689195   0.380082  -0.900994   0.001000
 -0.311209  -0.132360  -0.640812   0.689195   0.380082  -0.900994   0.001000
 -0.311209  -0.132360  -0.640812   0.689195   0.380082  -0.900994   0.001000
 -0.313192  -0.111389  -0.639252   0.693441   0.298088  -0.910961   0.001000
 -0.345287  -0.100614  -0.646212   0.673100   0.033112  -0.797781   0.001000
 -0.345287  -0.100614  -0.646212   0.673100   0.033112  -0.797781   0.001000
 -0.348568  -0.103729  -0.642436   0.674550   0.191845  -0.779634   0.001000
 -0.336305  -0.101638  -0.647541   0.676209   0.209488  -0.862966   0.001000
 -0.362337  -0.093795  -0.638920   0.672083   0.255936  -0.711661   0.001000
 -0.348768  -0.108752  -0.641150   0.674878   0.294131  -0.876310   0.001000
 -0.348768  -0.108752  -0.641150   0.674878   0.294131  -0.876310   0.001000
 -0.341106  -0.076481  -0.651245   0.673556   0.360133  -0.841770   0.001000
 -0.347631  -0.091814  -0.641618   0.677532   0.296887  -0.840530   0.001000
 -0.351934  -0.095941  -0.637965   0.678188   0.222303  -0.836203   0.001000
 -0.351934  -0.095941  -0.637965   0.678188   0.222303  -0.836203   0.001000
 -0.352570  -0.118053  -0.637420   0.674873   0.251991  -0.860923   0.001000
