 -0.251787  -0.095857  -0.704078   0.657031  -0.254825  -0.866235   0.001000
 -0.239671  -0.110447  -0.696762   0.666994  -0.311470  -0.867936   0.001000
 -0.232831  -0.104559  -0.702502   0.664340  -0.300655  -0.905631   0.001000
 -0.232831  -0.104559  -0.702502   0.664340  -0.300655  -0.905631   0.001000
 -0.234284  -0.116154  -0.699498   0.665072  -0.289004  -0.849386   0.001000
 -0.234284  -0.116154  -0.699498   0.665072  -0.289004  -0.849386   0.001000
 -0.234284  -0.116154  -0.699498   0.665072  -0.289004  -0.849386   0.001000
 -0.234284  -0.116154  -0.699498   0.665072  -0.289004  -0.849386   0.001000
 -0.234284  -0.116154  -0.699498   0.665072  -0.289004  -0.849386   0.001000
 -0.244884  -0.111248  -0.694830   0.666984  -0.334259  -0.967839   0.001000
 -0.244884  -0.111248  -0.694830   0.666984  -0.334259  -0.967839   0.001000
 -0.234421  -0.117905  -0.690259   0.674306  -0.388171  -0.858299   0.001000
 -0.232110  -0.118656  -0.695842   0.669215  -0.262130  -0.935303   0.001000
 -0.232110  -0.118656  -0.695842   0.669215  -0.262130  -0.935303   0.001000
 -0.236134  -0.123542  -0.691331   0.671595  -0.151717  -0.827194   0.001000
 -0.249777  -0.105205  -0.698175   0.662642  -0.329430  -0.985740   0.001000
 -0.249777  -0.105205  -0.698175   0.662642  -0.329430  -0.985740   0.001000
 -0.249777  -0.105205  -0.698175   0.662642  -0.329430  -0.985740   0.001000
 -0.249777  -0.105205  -0.698175   0.662642  -0.329430  -0.985740   0.001000
 -0.249777  -0.105205  -0.698175   0.662642  -0.329430  -0.985740   0.001000
 -0.249777  -0.105205  -0.698175   0.662642  -0.329430  -0.985740   0.001000
 -0.249777  -0.105205  -0.698175   0.662642  -0.329430  -0.985740   0.001000
 -0.249777  -0.105205  -0.698175   0.662642  -0.329430  -0.985740   0.001000
 -0.249777  -0.105205  -0.698175   0.662642  -0.329430  -0.985740   0.001000
 -0.249777  -0.105205  -0.698175   0.662642  -0.329430  -0.985740   0.001000
 -0.249777  -0.105205  -0.698175   0.662642  -0.329430  -0.985740   0.001000
 -0.249777  -0.105205  -0.698175   0.662642  -0.329430  -0.985740   0.001000
 -0.249777  -0.105205  -0.698175   0.662642  -0.329430  -0.985740   0.001000
 -0.243196  -0.101595  -0.695643   0.668293  -0.258692  -0.844159   0.001000
 -0.243196  -0.101595  -0.695643   0.668293  -0.258692  -0.844159   0.001000
 -0.243196  -0.101595  -0.695643   0.668293  -0.258692  -0.844159   0.001000
 -0.247471  -0.098338  -0.701542   0.661005  -0.313637  -0.788696   0.001000
 -0.263406  -0.095046  -0.695983   0.661204  -0.261706  -0.922808   0.001000
 -0.263406  -0.095046  -0.695983   0.661204  -0.261706  -0.922808   0.001000
 -0.263406  -0.095046  -0.695983   0.661204  -0.261706  -0.922808   0.001000
 -0.263406  -0.095046  -0.695983   0.661204  -0.261706  -0.922808   0.001000
 -0.263406  -0.095046  -0.695983   0.661204  -0.261706  -0.922808   0.001000
 -0.263406  -0.095046  -0.695983   0.661204  -0.261706  -0.922808   0.001000
 -0.244856  -0.105740  -0.698387   0.664169  -0.105007  -0.797191   0.001000
 -0.244856  -0.105740  -0.698387   0.664169  -0.105007  -0.797191   0.001000
 -0.244856  -0.105740  -0.698387   0.664169  -0.105007  -0.797191   0.001000
 -0.244856  -0.105740  -0.698387   0.664169  -0.105007  -0.797191   0.001000
 -0.244856  -0.105740  -0.698387   0.664169  -0.105007  -0.797191   0.001000
 -0.244856  -0.105740  -0.698387   0.664169  -0.105007  -0.797191   0.001000
 -0.244856  -0.105740  -0.698387   0.664169  -0.105007  -0.797191   0.001000
 -0.244856  -0.105740  -0.698387   0.664169  -0.105007  -0.797191   0.001000
 -0.244856  -0.105740  -0.698387   0.664169  -0.105007  -0.797191   0.001000
 -0.247336  -0.101273  -0.702038   0.660085  -0.166232  -0.862046   0.001000
 -0.247336  -0.101273  -0.702038   0.660085  -0.166232  -0.862046   0.001000
 -0.247336  -0.101273  -0.702038   0.660085  -0.166232  -0.862046   0.001000
 -0.247336  -0.101273  -0.702038   0.660085  -0.166232  -0.862046   0.001000
 -0.247336  -0.101273  -0.702038   0.660085  -0.166232  -0.862046   0.001000
 -0.247336  -0.101273  -0.702038   0.660085  -0.166232  -0.862046   0.001000
 -0.247336  -0.101273  -0.702038   0.660085  -0.166232  -0.862046   0.001000
 -0.247336  -0.101273  -0.702038   0.660085  -0.166232  -0.862046   0.001000
 -0.247336  -0.101273  -0.702038   0.660085  -0.166232  -0.862046   0.001000
 -0.247336  -0.101273  -0.702038   0.660085  -0.166232  -0.862046   0.001000
 -0.247336  -0.101273  -0.702038   0.660085  -0.166232  -0.862046   0.001000
 -0.247336  -0.101273  -0.702038   0.660085  -0.166232  -0.862046   0.001000
 -0.247336  -0.101273  -0.702038   0.660085  -0.166232  -0.862046   0.001000
 -0.247336  -0.101273  -0.702038   0.660085  -0.166232  -0.862046   0.001000
 -0.247336  -0.101273  -0.702038   0.660085  -0.166232  -0.862046   0.001000
 -0.247336  -0.101273  -0.702038   0.660085  -0.166232  -0.862046   0.001000
 -0.247336  -0.101273  -0.702038   0.660085  -0.166232  -0.862046   0.001000
 -0.247336  -0.101273  -0.702038   0.660085  -0.166232  -0.862046   0.001000
 -0.247336  -0.101273  -0.702038   0.660085  -0.166232  -0.862046   0.001000
 -0.245970  -0.110720  -0.705319   0.655564  -0.105675  -0.883691   0.001000
 -0.245970  -0.110720  -0.705319   0.655564  -0.105675  -0.883691   0.001000
 -0.245970  -0.110720  -0.705319   0.655564  -0.105675  -0.883691   0.001000
 -0.245970  -0.110720  -0.705319   0.655564  -0.105675  -0.883691   0.001000
 -0.246941  -0.103076  -0.703629   0.658257  -0.167219  -0.956367   0.001000
 -0.246941  -0.103076  -0.703629   0.658257  -0.167219  -0.956367   0.001000
 -0.246941  -0.103076  -0.703629   0.658257  -0.167219  -0.956367   0.001000
 -0.246941  -0.103076  -0.703629   0.658257  -0.167219  -0.956367   0.001000
 -0.246941  -0.103076  -0.703629   0.658257  -0.167219  -0.956367   0.001000
 -0.246941  -0.103076  -0.703629   0.658257  -0.167219  -0.956367   0.001000
 -0.246941  -0.103076  -0.703629   0.658257  -0.167219  -0.956367   0.001000
 -0.255752  -0.121931  -0.702885   0.652438  -0.163068  -0.857428   0.001000
 -0.244925  -0.107645  -0.692947   0.669514  -0.343645  -0.906465   0.001000
 -0.236714  -0.122881  -0.703999   0.658219  -0.104182  -0.827185   0.001000
 -0.244137  -0.104600  -0.694364   0.668816  -0.168136  -0.899293   0.001000
 -0.240288  -0.100695  -0.693913   0.671273  -0.228746  -0.818118   0.001000
 -0.228472  -0.114272  -0.686550   0.680729  -0.169862  -0.882825   0.001000
 -0.234839  -0.109220  -0.698991   0.666584  -0.275371  -0.905703   0.001000
 -0.234839  -0.109220  -0.698991   0.666584  -0.275371  -0.905703   0.001000
 -0.234839  -0.109220  -0.698991   0.666584  -0.275371  -0.905703   0.001000
 -0.234839  -0.109220  -0.698991   0.666584  -0.275371  -0.905703   0.001000
 -0.234839  -0.109220  -0.698991   0.666584  -0.275371  -0.905703   0.001000
 -0.234839  -0.109220  -0.698991   0.666584  -0.275371  -0.905703   0.001000
 -0.234839  -0.109220  -0.698991   0.666584  -0.275371  -0.905703   0.001000
 -0.234839  -0.109220  -0.698991   0.666584  -0.275371  -0.905703   0.001000
 -0.234839  -0.109220  -0.698991   0.666584  -0.275371  -0.905703   0.001000
 -0.234839  -0.109220  -0.698991   0.666584  -0.275371  -0.905703   0.001000
 -0.234839  -0.109220  -0.698991   0.666584  -0.275371  -0.905703   0.001000
 -0.243338  -0.113673  -0.697813   0.664019  -0.275545  -0.868078   0.001000
 -0.243338  -0.113673  -0.697813   0.664019  -0.275545  -0.868078   0.001000
 -0.243338  -0.113673  -0.697813   0.664019  -0.275545  -0.868078   0.001000
 -0.243338  -0.113673  -0.697813   0.664019  -0.275545  -0.868078   0.001000
 -0.243338  -0.113673  -0.697813   0.664019  -0.275545  -0.868078   0.001000
 -0.243338  -0.113673  -0.697813   0.664019  -0.275545  -0.868078   0.001000
 -0.244510  -0.119694  -0.690797   0.669841  -0.258323  -0.868386   0.001000
 -0.244510  -0.119694  -0.690797   0.669841  -0.258323  -0.868386   0.001000
 -0.244510  -0.119694  -0.690797   0.669841  -0.258323  -0.868386   0.001000
 -0.244510  -0.119694  -0.690797   0.669841  -0.258323  -0.868386   0.001000
 -0.244510  -0.119694  -0.690797   0.669841  -0.258323  -0.868386   0.001000
 -0.238164  -0.129191  -0.695189   0.665808  -0.202854  -0.840375   0.001000
 -0.242533  -0.121594  -0.699340   0.661299  -0.322739  -0.842224   0.001000
 -0.227703  -0.109324  -0.704897   0.662812  -0.201086  -0.891337   0.001000
 -0.230848  -0.120172  -0.698874   0.666215  -0.142684  -0.931186   0.001000
 -0.230848  -0.120172  -0.698874   0.666215  -0.142684  -0.931186   0.001000
 -0.230848  -0.120172  -0.698874   0.666215  -0.142684  -0.931186   0.001000
 -0.230848  -0.120172  -0.698874   0.666215  -0.142684  -0.931186   0.001000
 -0.230848  -0.120172  -0.698874   0.666215  -0.142684  -0.931186   0.001000
 -0.241055  -0.115025  -0.695481   0.667059  -0.245895  -0.864819   0.001000
 -0.241055  -0.115025  -0.695481   0.667059  -0.245895  -0.864819   0.001000
 -0.241055  -0.115025  -0.695481   0.667059  -0.245895  -0.864819   0.001000
 -0.241055  -0.115025  -0.695481   0.667059  -0.245895  -0.864819   0.001000
 -0.241055  -0.115025  -0.695481   0.667059  -0.245895  -0.864819   0.001000
 -0.241055  -0.115025  -0.695481   0.667059  -0.245895  -0.864819   0.001000
 -0.241055  -0.115025  -0.695481   0.667059  -0.245895  -0.864819   0.001000
 -0.241055  -0.115025  -0.695481   0.667059  -0.245895  -0.864819   0.001000
 -0.241055  -0.115025  -0.695481   0.667059  -0.245895  -0.864819   0.001000
 -0.241055  -0.115025  -0.695481   0.667059  -0.245895  -0.864819   0.001000
 -0.247256  -0.107008  -0.700716   0.660614  -0.260858  -0.732085   0.001000
 -0.247256  -0.107008  -0.700716   0.660614  -0.260858  -0.732085   0.001000
 -0.246372  -0.112084  -0.705800   0.654664  -0.172008  -0.733922   0.001000
 -0.260360  -0.112265  -0.718769   0.634807  -0.330117  -0.854552   0.001000
 -0.244473  -0.114646  -0.693509   0.667933  -0.239369  -1.014351   0.001000
 -0.250547  -0.111983  -0.695642   0.663904  -0.208401  -0.856445   0.001000
 -0.245710  -0.103708  -0.699431   0.663074  -0.167482  -0.931347   0.001000
 -0.245554  -0.106579  -0.701286   0.660713  -0.227795  -0.896906   0.001000
 -0.245554  -0.106579  -0.701286   0.660713  -0.227795  -0.896906   0.001000
 -0.245554  -0.106579  -0.701286   0.660713  -0.227795  -0.896906   0.001000
 -0.237109  -0.115970  -0.697022   0.666702  -0.280701  -0.813908   0.001000
 -0.237109  -0.115970  -0.697022   0.666702  -0.280701  -0.813908   0.001000
 -0.255154  -0.091674  -0.695464   0.665449  -0.269508  -0.951899   0.001000
 -0.233741  -0.118099  -0.705758   0.658273  -0.310465  -0.916263   0.001000
 -0.233741  -0.118099  -0.705758   0.658273  -0.310465  -0.916263   0.001000
 -0.241513  -0.119197  -0.698511   0.662983  -0.382110  -0.930017   0.001000
 -0.241513  -0.119197  -0.698511   0.662983  -0.382110  -0.930017   0.001000
 -0.239097  -0.120134  -0.698217   0.663998  -0.389680  -0.965621   0.001000
 -0.239097  -0.120134  -0.698217   0.663998  -0.389680  -0.965621   0.001000
 -0.226737  -0.126744  -0.695227   0.670213  -0.305419  -1.017532   0.001000
 -0.226737  -0.126744  -0.695227   0.670213  -0.305419  -1.017532   0.001000
 -0.226737  -0.126744  -0.695227   0.670213  -0.305419  -1.017532   0.001000
 -0.226737  -0.126744  -0.695227   0.670213  -0.305419  -1.017532   0.001000
 -0.226737  -0.126744  -0.695227   0.670213  -0.305419  -1.017532   0.001000
 -0.226737  -0.126744  -0.695227   0.670213  -0.305419  -1.017532   0.001000
 -0.226737  -0.126744  -0.695227   0.670213  -0.305419  -1.017532   0.001000
 -0.226737  -0.126744  -0.695227   0.670213  -0.305419  -1.017532   0.001000
 -0.232814  -0.121574  -0.701305   0.662713  -0.376203  -0.897113   0.001000
 -0.232814  -0.121574  -0.701305   0.662713  -0.376203  -0.897113   0.001000
 -0.232814  -0.121574  -0.701305   0.662713  -0.376203  -0.897113   0.001000
 -0.233972  -0.123064  -0.694915   0.668734  -0.334415  -0.930165   0.001000
 -0.238250  -0.103153  -0.704034   0.661009  -0.327645  -0.866263   0.001000
 -0.238250  -0.103153  -0.704034   0.661009  -0.327645  -0.866263   0.001000
 -0.242553  -0.131874  -0.701987   0.656499  -0.300777  -1.001445   0.001000
 -0.247149  -0.106625  -0.704448   0.656735  -0.265816  -0.890497   0.001000
 -0.247149  -0.106625  -0.704448   0.656735  -0.265816  -0.890497   0.001000
 -0.247149  -0.106625  -0.704448   0.656735  -0.265816  -0.890497   0.001000
 -0.239902  -0.123009  -0.696162   0.665338  -0.137663  -0.968333   0.001000
 -0.239902  -0.123009  -0.696162   0.665338  -0.137663  -0.968333   0.001000
 -0.239902  -0.123009  -0.696162   0.665338  -0.137663  -0.968333   0.001000
 -0.239902  -0.123009  -0.696162   0.665338  -0.137663  -0.968333   0.001000
 -0.239902  -0.123009  -0.696162   0.665338  -0.137663  -0.968333   0.001000
 -0.239902  -0.123009  -0.696162   0.665338  -0.137663  -0.968333   0.001000
 -0.239902  -0.123009  -0.696162   0.665338  -0.137663  -0.968333   0.001000
 -0.239902  -0.123009  -0.696162   0.665338  -0.137663  -0.968333   0.001000
 -0.239902  -0.123009  -0.696162   0.665338  -0.137663  -0.968333   0.001000
 -0.239902  -0.123009  -0.696162   0.665338  -0.137663  -0.968333   0.001000
 -0.239902  -0.123009  -0.696162   0.665338  -0.137663  -0.968333   0.001000
 -0.239902  -0.123009  -0.696162   0.665338  -0.137663  -0.968333   0.001000
 -0.239902  -0.123009  -0.696162   0.665338  -0.137663  -0.968333   0.001000
 -0.239902  -0.123009  -0.696162   0.665338  -0.137663  -0.968333   0.001000
 -0.239902  -0.123009  -0.696162   0.665338  -0.137663  -0.968333   0.001000
 -0.241451  -0.114549  -0.699755   0.662512  -0.178257  -0.965494   0.001000
 -0.241451  -0.114549  -0.699755   0.662512  -0.178257  -0.965494   0.001000
 -0.231630  -0.115997  -0.698075   0.667520  -0.172676  -0.906259   0.001000
 -0.231630  -0.115997  -0.698075   0.667520  -0.172676  -0.906259   0.001000
 -0.231630  -0.115997  -0.698075   0.667520  -0.172676  -0.906259   0.001000
 -0.231630  -0.115997  -0.698075   0.667520  -0.172676  -0.906259   0.001000
 -0.231630  -0.115997  -0.698075   0.667520  -0.172676  -0.906259   0.001000
 -0.231630  -0.115997  -0.698075   0.667520  -0.172676  -0.906259   0.001000
 -0.231630  -0.115997  -0.698075   0.667520  -0.172676  -0.906259   0.001000
 -0.231630  -0.115997  -0.698075   0.667520  -0.172676  -0.906259   0.001000
 -0.231630  -0.115997  -0.698075   0.667520  -0.172676  -0.906259   0.001000
 -0.227092  -0.117393  -0.694135   0.672922  -0.301554  -0.993039   0.001000
 -0.227092  -0.117393  -0.694135   0.672922  -0.301554  -0.993039   0.001000
 -0.227092  -0.117393  -0.694135   0.672922  -0.301554  -0.993039   0.001000
 -0.229616  -0.111995  -0.698637   0.668311  -0.319866  -0.892078   0.001000
 -0.227032  -0.124454  -0.697902   0.667758  -0.180880  -0.961987   0.001000
 -0.227032  -0.124454  -0.697902   0.667758  -0.180880  -0.961987   0.001000
 -0.236992  -0.118691  -0.696294   0.667025  -0.118139  -1.056715   0.001000
 -0.236992  -0.118691  -0.696294   0.667025  -0.118139  -1.056715   0.001000
 -0.230805  -0.119003  -0.700753   0.664464  -0.108018  -0.998676   0.001000
 -0.230805  -0.119003  -0.700753   0.664464  -0.108018  -0.998676   0.001000
 -0.230805  -0.119003  -0.700753   0.664464  -0.108018  -0.998676   0.001000
 -0.230805  -0.119003  -0.700753   0.664464  -0.108018  -0.998676   0.001000
 -0.230805  -0.119003  -0.700753   0.664464  -0.108018  -0.998676   0.001000
 -0.230805  -0.119003  -0.700753   0.664464  -0.108018  -0.998676   0.001000
 -0.230805  -0.119003  -0.700753   0.664464  -0.108018  -0.998676   0.001000
 -0.230805  -0.119003  -0.700753   0.664464  -0.108018  -0.998676   0.001000
 -0.230805  -0.119003  -0.700753   0.664464  -0.108018  -0.998676   0.001000
 -0.229721  -0.120736  -0.699970   0.665352  -0.053513  -1.095616   0.001000
 -0.229721  -0.120736  -0.699970   0.665352  -0.053513  -1.095616   0.001000
 -0.229721  -0.120736  -0.699970   0.665352  -0.053513  -1.095616   0.001000
 -0.229721  -0.120736  -0.699970   0.665352  -0.053513  -1.095616   0.001000
 -0.229721  -0.120736  -0.699970   0.665352  -0.053513  -1.095616   0.001000
 -0.229721  -0.120736  -0.699970   0.665352  -0.053513  -1.095616   0.001000
 -0.229721  -0.120736  -0.699970   0.665352  -0.053513  -1.095616   0.001000
 -0.229721  -0.120736  -0.699970   0.665352  -0.053513  -1.095616   0.001000
 -0.229721  -0.120736  -0.699970   0.665352  -0.053513  -1.095616   0.001000
 -0.229721  -0.120736  -0.699970   0.665352  -0.053513  -1.095616   0.001000
 -0.229721  -0.120736  -0.699970   0.665352  -0.053513  -1.095616   0.001000
 -0.229721  -0.120736  -0.699970   0.665352  -0.053513  -1.095616   0.001000
 -0.229721  -0.120736  -0.699970   0.665352  -0.053513  -1.095616   0.001000
 -0.229721  -0.120736  -0.699970   0.665352  -0.053513  -1.095616   0.001000
 -0.229721  -0.120736  -0.699970   0.665352  -0.053513  -1.095616   0.001000
 -0.245571  -0.117905  -0.693758   0.666703   0.025480  -0.966260   0.001000
 -0.241555  -0.122993  -0.692842   0.668202  -0.057250  -0.816786   0.001000
 -0.241555  -0.122993  -0.692842   0.668202  -0.057250  -0.816786   0.001000
 -0.221322  -0.128919  -0.694081   0.672791  -0.062610  -0.879367   0.001000
 -0.221322  -0.128919  -0.694081   0.672791  -0.062610  -0.879367   0.001000
 -0.221322  -0.128919  -0.694081   0.672791  -0.062610  -0.879367   0.001000
 -0.221322  -0.128919  -0.694081   0.672791  -0.062610  -0.879367   0.001000
 -0.258383  -0.096598  -0.700876   0.657785  -0.329995  -0.748371   0.001000
 -0.258383  -0.096598  -0.700876   0.657785  -0.329995  -0.748371   0.001000
 -0.273828  -0.103181  -0.702128   0.649144   0.272809  -0.971143   0.001000
 -0.239234  -0.130426  -0.699937   0.660185   0.310796  -0.985888   0.001000
 -0.249516  -0.109181  -0.696280   0.664089  -0.193287  -0.954916   0.001000
 -0.249516  -0.109181  -0.696280   0.664089  -0.193287  -0.954916   0.001000
 -0.249516  -0.109181  -0.696280   0.664089  -0.193287  -0.954916   0.001000
 -0.249516  -0.109181  -0.696280   0.664089  -0.193287  -0.954916   0.001000
 -0.249516  -0.109181  -0.696280   0.664089  -0.193287  -0.954916   0.001000
 -0.249516  -0.109181  -0.696280   0.664089  -0.193287  -0.954916   0.001000
 -0.249516  -0.109181  -0.696280   0.664089  -0.193287  -0.954916   0.001000
 -0.249516  -0.109181  -0.696280   0.664089  -0.193287  -0.954916   0.001000
 -0.240473  -0.114746  -0.700712   0.661823  -0.116607  -1.079270   0.001000
 -0.240473  -0.114746  -0.700712   0.661823  -0.116607  -1.079270   0.001000
 -0.240473  -0.114746  -0.700712   0.661823  -0.116607  -1.079270   0.001000
 -0.240473  -0.114746  -0.700712   0.661823  -0.116607  -1.079270   0.001000
 -0.240473  -0.114746  -0.700712   0.661823  -0.116607  -1.079270   0.001000
 -0.240473  -0.114746  -0.700712   0.661823  -0.116607  -1.079270   0.001000
 -0.240473  -0.114746  -0.700712   0.661823  -0.116607  -1.079270   0.001000
 -0.240473  -0.114746  -0.700712   0.661823  -0.116607  -1.079270   0.001000
 -0.240473  -0.114746  -0.700712   0.661823  -0.116607  -1.079270   0.001000
 -0.240473  -0.114746  -0.700712   0.661823  -0.116607  -1.079270   0.001000
 -0.240473  -0.114746  -0.700712   0.661823  -0.116607  -1.079270   0.001000
 -0.240473  -0.114746  -0.700712   0.661823  -0.116607  -1.079270   0.001000
 -0.240473  -0.114746  -0.700712   0.661823  -0.116607  -1.079270   0.001000
 -0.240473  -0.114746  -0.700712   0.661823  -0.116607  -1.079270   0.001000
 -0.243920  -0.115418  -0.693500   0.668012  -0.152827  -0.981142   0.001000
 -0.243920  -0.115418  -0.693500   0.668012  -0.152827  -0.981142   0.001000
 -0.243920  -0.115418  -0.693500   0.668012  -0.152827  -0.981142   0.001000
 -0.243920  -0.115418  -0.693500   0.668012  -0.152827  -0.981142   0.001000
 -0.243130  -0.106468  -0.700048   0.662936  -0.048384  -1.074805   0.001000
 -0.243130  -0.106468  -0.700048   0.662936  -0.048384  -1.074805   0.001000
 -0.243130  -0.106468  -0.700048   0.662936  -0.048384  -1.074805   0.001000
 -0.243130  -0.106468  -0.700048   0.662936  -0.048384  -1.074805   0.001000
 -0.243130  -0.106468  -0.700048   0.662936  -0.048384  -1.074805   0.001000
 -0.243130  -0.106468  -0.700048   0.662936  -0.048384  -1.074805   0.001000
 -0.254023  -0.093970  -0.701482   0.659215  -0.012995  -1.046329   0.001000
 -0.254023  -0.093970  -0.701482   0.659215  -0.012995  -1.046329   0.001000
 -0.254023  -0.093970  -0.701482   0.659215  -0.012995  -1.046329   0.001000
 -0.254023  -0.093970  -0.701482   0.659215  -0.012995  -1.046329   0.001000
 -0.238243  -0.113369  -0.699775   0.663854  -0.095440  -0.964384   0.001000
 -0.238243  -0.113369  -0.699775   0.663854  -0.095440  -0.964384   0.001000
 -0.238243  -0.113369  -0.699775   0.663854  -0.095440  -0.964384   0.001000
 -0.238243  -0.113369  -0.699775   0.663854  -0.095440  -0.964384   0.001000
 -0.238243  -0.113369  -0.699775   0.663854  -0.095440  -0.964384   0.001000
 -0.238243  -0.113369  -0.699775   0.663854  -0.095440  -0.964384   0.001000
 -0.238243  -0.113369  -0.699775   0.663854  -0.095440  -0.964384   0.001000
 -0.238243  -0.113369  -0.699775   0.663854  -0.095440  -0.964384   0.001000
 -0.238243  -0.113369  -0.699775   0.663854  -0.095440  -0.964384   0.001000
 -0.238243  -0.113369  -0.699775   0.663854  -0.095440  -0.964384   0.001000
 -0.238243  -0.113369  -0.699775   0.663854  -0.095440  -0.964384   0.001000
 -0.238243  -0.113369  -0.699775   0.663854  -0.095440  -0.964384   0.001000
 -0.238243  -0.113369  -0.699775   0.663854  -0.095440  -0.964384   0.001000
 -0.238243  -0.113369  -0.699775   0.663854  -0.095440  -0.964384   0.001000
 -0.238243  -0.113369  -0.699775   0.663854  -0.095440  -0.964384   0.001000
 -0.238243  -0.113369  -0.699775   0.663854  -0.095440  -0.964384   0.001000
 -0.238243  -0.113369  -0.699775   0.663854  -0.095440  -0.964384   0.001000
 -0.238243  -0.113369  -0.699775   0.663854  -0.095440  -0.964384   0.001000
 -0.238243  -0.113369  -0.699775   0.663854  -0.095440  -0.964384   0.001000
 -0.238243  -0.113369  -0.699775   0.663854  -0.095440  -0.964384   0.001000
 -0.238243  -0.113369  -0.699775   0.663854  -0.095440  -0.964384   0.001000
 -0.238243  -0.113369  -0.699775   0.663854  -0.095440  -0.964384   0.001000
 -0.238243  -0.113369  -0.699775   0.663854  -0.095440  -0.964384   0.001000
 -0.238243  -0.113369  -0.699775   0.663854  -0.095440  -0.964384   0.001000
 -0.238243  -0.113369  -0.699775   0.663854  -0.095440  -0.964384   0.001000
 -0.238243  -0.113369  -0.699775   0.663854  -0.095440  -0.964384   0.001000
 -0.238243  -0.113369  -0.699775   0.663854  -0.095440  -0.964384   0.001000
 -0.238243  -0.113369  -0.699775   0.663854  -0.095440  -0.964384   0.001000
 -0.238243  -0.113369  -0.699775   0.663854  -0.095440  -0.964384   0.001000
 -0.238243  -0.113369  -0.699775   0.663854  -0.095440  -0.964384   0.001000
 -0.238243  -0.113369  -0.699775   0.663854  -0.095440  -0.964384   0.001000
 -0.238243  -0.113369  -0.699775   0.663854  -0.095440  -0.964384   0.001000
 -0.238243  -0.113369  -0.699775   0.663854  -0.095440  -0.964384   0.001000
 -0.238243  -0.113369  -0.699775   0.663854  -0.095440  -0.964384   0.001000
 -0.238243  -0.113369  -0.699775   0.663854  -0.095440  -0.964384   0.001000
 -0.238243  -0.113369  -0.699775   0.663854  -0.095440  -0.964384   0.001000
 -0.238243  -0.113369  -0.699775   0.663854  -0.095440  -0.964384   0.001000
 -0.238243  -0.113369  -0.699775   0.663854  -0.095440  -0.964384   0.001000
 -0.238243  -0.113369  -0.699775   0.663854  -0.095440  -0.964384   0.001000
 -0.238243  -0.113369  -0.699775   0.663854  -0.095440  -0.964384   0.001000
 -0.238243  -0.113369  -0.699775   0.663854  -0.095440  -0.964384   0.001000
 -0.238243  -0.113369  -0.699775   0.663854  -0.095440  -0.964384   0.001000
 -0.238243  -0.113369  -0.699775   0.663854  -0.095440  -0.964384   0.001000
 -0.238243  -0.113369  -0.699775   0.663854  -0.095440  -0.964384   0.001000
 -0.238243  -0.113369  -0.699775   0.663854  -0.095440  -0.964384   0.001000
 -0.232127  -0.106782  -0.705459   0.661092  -0.043112  -0.996210   0.001000
 -0.232127  -0.106782  -0.705459   0.661092  -0.043112  -0.996210   0.001000
 -0.232127  -0.106782  -0.705459   0.661092  -0.043112  -0.996210   0.001000
 -0.237322  -0.109292  -0.705233   0.659075   0.023346  -1.019986   0.001000
 -0.244943  -0.119510  -0.699404   0.660722   0.068363  -1.042951   0.001000
 -0.267674  -0.080522  -0.704994   0.651805  -0.311037  -0.947238   0.001000
 -0.244444  -0.115084  -0.699982   0.661081   0.058704  -1.065789   0.001000
 -0.244444  -0.115084  -0.699982   0.661081   0.058704  -1.065789   0.001000
 -0.244444  -0.115084  -0.699982   0.661081   0.058704  -1.065789   0.001000
 -0.244444  -0.115084  -0.699982   0.661081   0.058704  -1.065789   0.001000
 -0.244444  -0.115084  -0.699982   0.661081   0.058704  -1.065789   0.001000
 -0.244444  -0.115084  -0.699982   0.661081   0.058704  -1.065789   0.001000
 -0.244444  -0.115084  -0.699982   0.661081   0.058704  -1.065789   0.001000
 -0.244444  -0.115084  -0.699982   0.661081   0.058704  -1.065789   0.001000
 -0.242341  -0.098408  -0.688755   0.676168   0.069478  -1.111465   0.001000
 -0.246616  -0.108958  -0.698680   0.662688  -0.039954  -1.148839   0.001000
 -0.246616  -0.108958  -0.698680   0.662688  -0.039954  -1.148839   0.001000
 -0.254492  -0.094110  -0.699570   0.661044   0.117791  -1.016171   0.001000
 -0.253248  -0.105665  -0.690857   0.668892   0.079354  -1.022873   0.001000
 -0.243467  -0.103794  -0.703774   0.659282   0.124604  -1.054661   0.001000
 -0.243467  -0.103794  -0.703774   0.659282   0.124604  -1.054661   0.001000
 -0.243467  -0.103794  -0.703774   0.659282   0.124604  -1.054661   0.001000
 -0.243467  -0.103794  -0.703774   0.659282   0.124604  -1.054661   0.001000
 -0.243467  -0.103794  -0.703774   0.659282   0.124604  -1.054661   0.001000
 -0.243467  -0.103794  -0.703774   0.659282   0.124604  -1.054661   0.001000
 -0.243467  -0.103794  -0.703774   0.659282   0.124604  -1.054661   0.001000
 -0.243467  -0.103794  -0.703774   0.659282   0.124604  -1.054661   0.001000
 -0.243467  -0.103794  -0.703774   0.659282   0.124604  -1.054661   0.001000
 -0.243467  -0.103794  -0.703774   0.659282   0.124604  -1.054661   0.001000
 -0.242431  -0.104220  -0.695862   0.667938   0.102033  -1.081747   0.001000
 -0.242431  -0.104220  -0.695862   0.667938   0.102033  -1.081747   0.001000
 -0.249959  -0.112168  -0.695367   0.664382   0.041023  -1.034620   0.001000
 -0.249959  -0.112168  -0.695367   0.664382   0.041023  -1.034620   0.001000
 -0.249959  -0.112168  -0.695367   0.664382   0.041023  -1.034620   0.001000
 -0.249959  -0.112168  -0.695367   0.664382   0.041023  -1.034620   0.001000
 -0.249959  -0.112168  -0.695367   0.664382   0.041023  -1.034620   0.001000
 -0.249959  -0.112168  -0.695367   0.664382   0.041023  -1.034620   0.001000
 -0.249959  -0.112168  -0.695367   0.664382   0.041023  -1.034620   0.001000
 -0.272038  -0.086587  -0.699729   0.654888   0.075061  -1.050864   0.001000
 -0.244869  -0.101554  -0.700050   0.663065  -0.005375  -1.002397   0.001000
 -0.177397  -0.145290  -0.702961   0.673251  -0.053442  -1.042111   0.001000
 -0.241049  -0.107451  -0.699449   0.664169  -0.192138  -1.001892   0.001000
 -0.241049  -0.107451  -0.699449   0.664169  -0.192138  -1.001892   0.001000
 -0.241049  -0.107451  -0.699449   0.664169  -0.192138  -1.001892   0.001000
 -0.241049  -0.107451  -0.699449   0.664169  -0.192138  -1.001892   0.001000
 -0.241049  -0.107451  -0.699449   0.664169  -0.192138  -1.001892   0.001000
 -0.241049  -0.107451  -0.699449   0.664169  -0.192138  -1.001892   0.001000
 -0.241049  -0.107451  -0.699449   0.664169  -0.192138  -1.001892   0.001000
 -0.241049  -0.107451  -0.699449   0.664169  -0.192138  -1.001892   0.001000
 -0.241049  -0.107451  -0.699449   0.664169  -0.192138  -1.001892   0.001000
 -0.241049  -0.107451  -0.699449   0.664169  -0.192138  -1.001892   0.001000
 -0.241049  -0.107451  -0.699449   0.664169  -0.192138  -1.001892   0.001000
 -0.241049  -0.107451  -0.699449   0.664169  -0.192138  -1.001892   0.001000
 -0.257241  -0.102931  -0.701589   0.656510  -0.111464  -0.968679   0.001000
 -0.257241  -0.102931  -0.701589   0.656510  -0.111464  -0.968679   0.001000
 -0.257241  -0.102931  -0.701589   0.656510  -0.111464  -0.968679   0.001000
 -0.234024  -0.107933  -0.701351   0.664598  -0.081924  -1.097647   0.001000
 -0.243000  -0.113199  -0.702717   0.659034  -0.059364  -1.082596   0.001000
 -0.243000  -0.113199  -0.702717   0.659034  -0.059364  -1.082596   0.001000
 -0.243000  -0.113199  -0.702717   0.659034  -0.059364  -1.082596   0.001000
 -0.243000  -0.113199  -0.702717   0.659034  -0.059364  -1.082596   0.001000
 -0.243000  -0.113199  -0.702717   0.659034  -0.059364  -1.082596   0.001000
 -0.232503  -0.113049  -0.699843   0.665869  -0.155884  -1.058392   0.001000
 -0.255372  -0.100686  -0.699806   0.659484  -0.093559  -1.070412   0.001000
 -0.255372  -0.100686  -0.699806   0.659484  -0.093559  -1.070412   0.001000
 -0.255372  -0.100686  -0.699806   0.659484  -0.093559  -1.070412   0.001000
 -0.255372  -0.100686  -0.699806   0.659484  -0.093559  -1.070412   0.001000
 -0.255372  -0.100686  -0.699806   0.659484  -0.093559  -1.070412   0.001000
 -0.255372  -0.100686  -0.699806   0.659484  -0.093559  -1.070412   0.001000
 -0.255372  -0.100686  -0.699806   0.659484  -0.093559  -1.070412   0.001000
 -0.255372  -0.100686  -0.699806   0.659484  -0.093559  -1.070412   0.001000
 -0.255372  -0.100686  -0.699806   0.659484  -0.093559  -1.070412   0.001000
 -0.255372  -0.100686  -0.699806   0.659484  -0.093559  -1.070412   0.001000
 -0.255372  -0.100686  -0.699806   0.659484  -0.093559  -1.070412   0.001000
 -0.255372  -0.100686  -0.699806   0.659484  -0.093559  -1.070412   0.001000
 -0.255372  -0.100686  -0.699806   0.659484  -0.093559  -1.070412   0.001000
 -0.255372  -0.100686  -0.699806   0.659484  -0.093559  -1.070412   0.001000
 -0.255372  -0.100686  -0.699806   0.659484  -0.093559  -1.070412   0.001000
 -0.255372  -0.100686  -0.699806   0.659484  -0.093559  -1.070412   0.001000
 -0.248125  -0.110460  -0.701049   0.659365  -0.086724  -0.991264   0.001000
 -0.248125  -0.110460  -0.701049   0.659365  -0.086724  -0.991264   0.001000
 -0.248125  -0.110460  -0.701049   0.659365  -0.086724  -0.991264   0.001000
 -0.248125  -0.110460  -0.701049   0.659365  -0.086724  -0.991264   0.001000
 -0.248125  -0.110460  -0.701049   0.659365  -0.086724  -0.991264   0.001000
 -0.252176  -0.116425  -0.694269   0.663960  -0.019927  -1.006391   0.001000
 -0.252176  -0.116425  -0.694269   0.663960  -0.019927  -1.006391   0.001000
 -0.252176  -0.116425  -0.694269   0.663960  -0.019927  -1.006391   0.001000
 -0.252176  -0.116425  -0.694269   0.663960  -0.019927  -1.006391   0.001000
 -0.252176  -0.116425  -0.694269   0.663960  -0.019927  -1.006391   0.001000
 -0.237873  -0.112718  -0.702272   0.661457  -0.062087  -0.988731   0.001000
 -0.232509  -0.115837  -0.696647   0.668734  -0.081535  -1.037266   0.001000
 -0.232509  -0.115837  -0.696647   0.668734  -0.081535  -1.037266   0.001000
 -0.232509  -0.115837  -0.696647   0.668734  -0.081535  -1.037266   0.001000
 -0.232509  -0.115837  -0.696647   0.668734  -0.081535  -1.037266   0.001000
 -0.232509  -0.115837  -0.696647   0.668734  -0.081535  -1.037266   0.001000
 -0.232509  -0.115837  -0.696647   0.668734  -0.081535  -1.037266   0.001000
 -0.232509  -0.115837  -0.696647   0.668734  -0.081535  -1.037266   0.001000
 -0.232509  -0.115837  -0.696647   0.668734  -0.081535  -1.037266   0.001000
 -0.232509  -0.115837  -0.696647   0.668734  -0.081535  -1.037266   0.001000
 -0.232509  -0.115837  -0.696647   0.668734  -0.081535  -1.037266   0.001000
 -0.232509  -0.115837  -0.696647   0.668734  -0.081535  -1.037266   0.001000
 -0.233898  -0.124531  -0.692088   0.671415  -0.173318  -0.975107   0.001000
 -0.233898  -0.124531  -0.692088   0.671415  -0.173318  -0.975107   0.001000
 -0.233898  -0.124531  -0.692088   0.671415  -0.173318  -0.975107   0.001000
 -0.233898  -0.124531  -0.692088   0.671415  -0.173318  -0.975107   0.001000
 -0.233898  -0.124531  -0.692088   0.671415  -0.173318  -0.975107   0.001000
 -0.233898  -0.124531  -0.692088   0.671415  -0.173318  -0.975107   0.001000
 -0.233898  -0.124531  -0.692088   0.671415  -0.173318  -0.975107   0.001000
 -0.233898  -0.124531  -0.692088   0.671415  -0.173318  -0.975107   0.001000
 -0.233898  -0.124531  -0.692088   0.671415  -0.173318  -0.975107   0.001000
 -0.233898  -0.124531  -0.692088   0.671415  -0.173318  -0.975107   0.001000
 -0.233898  -0.124531  -0.692088   0.671415  -0.173318  -0.975107   0.001000
 -0.233898  -0.124531  -0.692088   0.671415  -0.173318  -0.975107   0.001000
 -0.212602  -0.126552  -0.693610   0.676528  -0.165933  -1.030099   0.001000
 -0.212602  -0.126552  -0.693610   0.676528  -0.165933  -1.030099   0.001000
 -0.212602  -0.126552  -0.693610   0.676528  -0.165933  -1.030099   0.001000
 -0.212602  -0.126552  -0.693610   0.676528  -0.165933  -1.030099   0.001000
 -0.212602  -0.126552  -0.693610   0.676528  -0.165933  -1.030099   0.001000
 -0.212602  -0.126552  -0.693610   0.676528  -0.165933  -1.030099   0.001000
 -0.212602  -0.126552  -0.693610   0.676528  -0.165933  -1.030099   0.001000
 -0.249664  -0.111436  -0.701072   0.658595  -0.075826  -1.107303   0.001000
 -0.249664  -0.111436  -0.701072   0.658595  -0.075826  -1.107303   0.001000
 -0.249664  -0.111436  -0.701072   0.658595  -0.075826  -1.107303   0.001000
 -0.249664  -0.111436  -0.701072   0.658595  -0.075826  -1.107303   0.001000
 -0.249664  -0.111436  -0.701072   0.658595  -0.075826  -1.107303   0.001000
 -0.249664  -0.111436  -0.701072   0.658595  -0.075826  -1.107303   0.001000
 -0.249664  -0.111436  -0.701072   0.658595  -0.075826  -1.107303   0.001000
 -0.249664  -0.111436  -0.701072   0.658595  -0.075826  -1.107303   0.001000
 -0.249664  -0.111436  -0.701072   0.658595  -0.075826  -1.107303   0.001000
 -0.225159  -0.111568  -0.710922   0.656846  -0.089552  -1.007836   0.001000
 -0.244036  -0.096083  -0.708764   0.654880  -0.207379  -1.055924   0.001000
 -0.248065  -0.106080  -0.696696   0.664700  -0.130938  -1.014559   0.001000
 -0.248065  -0.106080  -0.696696   0.664700  -0.130938  -1.014559   0.001000
 -0.252607  -0.091600  -0.708464   0.652593  -0.053487  -1.020428   0.001000
 -0.225419  -0.104469  -0.696018   0.673670  -0.189799  -0.958389   0.001000
 -0.246572  -0.101601  -0.697711   0.664890  -0.103407  -0.849141   0.001000
 -0.263659  -0.104188  -0.701688   0.653654   0.021312  -0.771673   0.001000
 -0.242738  -0.107488  -0.698547   0.664498  -0.132975  -0.852560   0.001000
 -0.242738  -0.107488  -0.698547   0.664498  -0.132975  -0.852560   0.001000
 -0.248050  -0.116939  -0.702764   0.656444  -0.165428  -0.866009   0.001000
 -0.252885  -0.105710  -0.695176   0.664534   0.099130  -0.961550   0.001000
 -0.252885  -0.105710  -0.695176   0.664534   0.099130  -0.961550   0.001000
 -0.252885  -0.105710  -0.695176   0.664534   0.099130  -0.961550   0.001000
 -0.252885  -0.105710  -0.695176   0.664534   0.099130  -0.961550   0.001000
 -0.261505  -0.095029  -0.693102   0.664977   0.029998  -0.965177   0.001000
 -0.243829  -0.112354  -0.693219   0.668858  -0.007508  -1.080450   0.001000
 -0.243829  -0.112354  -0.693219   0.668858  -0.007508  -1.080450   0.001000
 -0.247589  -0.108970  -0.691777   0.669529  -0.155857  -0.903321   0.001000
 -0.242934  -0.100805  -0.702015   0.661813  -0.057401  -0.938406   0.001000
 -0.242934  -0.100805  -0.702015   0.661813  -0.057401  -0.938406   0.001000
 -0.242934  -0.100805  -0.702015   0.661813  -0.057401  -0.938406   0.001000
 -0.242934  -0.100805  -0.702015   0.661813  -0.057401  -0.938406   0.001000
 -0.242934  -0.100805  -0.702015   0.661813  -0.057401  -0.938406   0.001000
 -0.242934  -0.100805  -0.702015   0.661813  -0.057401  -0.938406   0.001000
 -0.242934  -0.100805  -0.702015   0.661813  -0.057401  -0.938406   0.001000
 -0.242934  -0.100805  -0.702015   0.661813  -0.057401  -0.938406   0.001000
 -0.242934  -0.100805  -0.702015   0.661813  -0.057401  -0.938406   0.001000
 -0.255175  -0.106464  -0.699261   0.659231  -0.008917  -0.972793   0.001000
 -0.255175  -0.106464  -0.699261   0.659231  -0.008917  -0.972793   0.001000
 -0.255175  -0.106464  -0.699261   0.659231  -0.008917  -0.972793   0.001000
 -0.255175  -0.106464  -0.699261   0.659231  -0.008917  -0.972793   0.001000
 -0.255175  -0.106464  -0.699261   0.659231  -0.008917  -0.972793   0.001000
 -0.232627  -0.114540  -0.689701   0.676075  -0.122505  -0.854047   0.001000
 -0.253312  -0.104855  -0.699187   0.660285  -0.126043  -0.870997   0.001000
 -0.253312  -0.104855  -0.699187   0.660285  -0.126043  -0.870997   0.001000
 -0.253312  -0.104855  -0.699187   0.660285  -0.126043  -0.870997   0.001000
 -0.253312  -0.104855  -0.699187   0.660285  -0.126043  -0.870997   0.001000
 -0.253312  -0.104855  -0.699187   0.660285  -0.126043  -0.870997   0.001000
 -0.253312  -0.104855  -0.699187   0.660285  -0.126043  -0.870997   0.001000
 -0.262998  -0.095183  -0.700928   0.656104  -0.031973  -1.028807   0.001000
 -0.247181  -0.096008  -0.697431   0.665789  -0.053590  -1.077300   0.001000
 -0.247181  -0.096008  -0.697431   0.665789  -0.053590  -1.077300   0.001000
 -0.247181  -0.096008  -0.697431   0.665789  -0.053590  -1.077300   0.001000
 -0.247181  -0.096008  -0.697431   0.665789  -0.053590  -1.077300   0.001000
 -0.241259  -0.123228  -0.693400   0.667686  -0.147965  -1.138294   0.001000
 -0.245455  -0.099825  -0.697668   0.665617   0.085350  -0.966516   0.001000
 -0.235910  -0.113211  -0.703939   0.660302   0.155819  -0.933415   0.001000
 -0.242559  -0.116943  -0.701996   0.659311   0.172864  -0.926633   0.001000
 -0.242559  -0.116943  -0.701996   0.659311   0.172864  -0.926633   0.001000
 -0.243187  -0.099873  -0.698847   0.665206   0.305937  -0.885360   0.001000
 -0.233330  -0.118759  -0.698148   0.666366   0.082069  -1.019137   0.001000
 -0.233330  -0.118759  -0.698148   0.666366   0.082069  -1.019137   0.001000
 -0.233330  -0.118759  -0.698148   0.666366   0.082069  -1.019137   0.001000
 -0.233330  -0.118759  -0.698148   0.666366   0.082069  -1.019137   0.001000
 -0.233330  -0.118759  -0.698148   0.666366   0.082069  -1.019137   0.001000
 -0.233330  -0.118759  -0.698148   0.666366   0.082069  -1.019137   0.001000
 -0.233330  -0.118759  -0.698148   0.666366   0.082069  -1.019137   0.001000
 -0.233330  -0.118759  -0.698148   0.666366   0.082069  -1.019137   0.001000
 -0.233330  -0.118759  -0.698148   0.666366   0.082069  -1.019137   0.001000
 -0.233330  -0.118759  -0.698148   0.666366   0.082069  -1.019137   0.001000
 -0.233330  -0.118759  -0.698148   0.666366   0.082069  -1.019137   0.001000
 -0.233330  -0.118759  -0.698148   0.666366   0.082069  -1.019137   0.001000
 -0.233330  -0.118759  -0.698148   0.666366   0.082069  -1.019137   0.001000
 -0.233330  -0.118759  -0.698148   0.666366   0.082069  -1.019137   0.001000
 -0.233330  -0.118759  -0.698148   0.666366   0.082069  -1.019137   0.001000
 -0.233330  -0.118759  -0.698148   0.666366   0.082069  -1.019137   0.001000
 -0.233330  -0.118759  -0.698148   0.666366   0.082069  -1.019137   0.001000
 -0.233330  -0.118759  -0.698148   0.666366   0.082069  -1.019137   0.001000
 -0.233330  -0.118759  -0.698148   0.666366   0.082069  -1.019137   0.001000
 -0.233330  -0.118759  -0.698148   0.666366   0.082069  -1.019137   0.001000
 -0.233330  -0.118759  -0.698148   0.666366   0.082069  -1.019137   0.001000
 -0.233330  -0.118759  -0.698148   0.666366   0.082069  -1.019137   0.001000
 -0.233330  -0.118759  -0.698148   0.666366   0.082069  -1.019137   0.001000
 -0.233330  -0.118759  -0.698148   0.666366   0.082069  -1.019137   0.001000
 -0.233330  -0.118759  -0.698148   0.666366   0.082069  -1.019137   0.001000
 -0.233330  -0.118759  -0.698148   0.666366   0.082069  -1.019137   0.001000
 -0.233330  -0.118759  -0.698148   0.666366   0.082069  -1.019137   0.001000
 -0.233330  -0.118759  -0.698148   0.666366   0.082069  -1.019137   0.001000
 -0.233330  -0.118759  -0.698148   0.666366   0.082069  -1.019137   0.001000
 -0.233330  -0.118759  -0.698148   0.666366   0.082069  -1.019137   0.001000
 -0.233330  -0.118759  -0.698148   0.666366   0.082069  -1.019137   0.001000
 -0.233330  -0.118759  -0.698148   0.666366   0.082069  -1.019137   0.001000
 -0.233330  -0.118759  -0.698148   0.666366   0.082069  -1.019137   0.001000
 -0.233330  -0.118759  -0.698148   0.666366   0.082069  -1.019137   0.001000
 -0.233330  -0.118759  -0.698148   0.666366   0.082069  -1.019137   0.001000
 -0.233330  -0.118759  -0.698148   0.666366   0.082069  -1.019137   0.001000
 -0.233330  -0.118759  -0.698148   0.666366   0.082069  -1.019137   0.001000
 -0.233330  -0.118759  -0.698148   0.666366   0.082069  -1.019137   0.001000
 -0.233330  -0.118759  -0.698148   0.666366   0.082069  -1.019137   0.001000
 -0.233330  -0.118759  -0.698148   0.666366   0.082069  -1.019137   0.001000
 -0.233330  -0.118759  -0.698148   0.666366   0.082069  -1.019137   0.001000
 -0.233330  -0.118759  -0.698148   0.666366   0.082069  -1.019137   0.001000
 -0.233330  -0.118759  -0.698148   0.666366   0.082069  -1.019137   0.001000
 -0.233330  -0.118759  -0.698148   0.666366   0.082069  -1.019137   0.001000
 -0.233330  -0.118759  -0.698148   0.666366   0.082069  -1.019137   0.001000
 -0.233330  -0.118759  -0.698148   0.666366   0.082069  -1.019137   0.001000
 -0.233330  -0.118759  -0.698148   0.666366   0.082069  -1.019137   0.001000
 -0.233330  -0.118759  -0.698148   0.666366   0.082069  -1.019137   0.001000
 -0.241556  -0.118997  -0.693626   0.668112   0.199457  -1.011617   0.001000
 -0.241556  -0.118997  -0.693626   0.668112   0.199457  -1.011617   0.001000
 -0.237698  -0.106360  -0.702376   0.662461   0.056896  -0.997155   0.001000
 -0.237698  -0.106360  -0.702376   0.662461   0.056896  -0.997155   0.001000
 -0.237698  -0.106360  -0.702376   0.662461   0.056896  -0.997155   0.001000
 -0.237698  -0.106360  -0.702376   0.662461   0.056896  -0.997155   0.001000
 -0.234895  -0.124167  -0.697448   0.665562   0.085038  -1.016875   0.001000
 -0.234895  -0.124167  -0.697448   0.665562   0.085038  -1.016875   0.001000
 -0.234895  -0.124167  -0.697448   0.665562   0.085038  -1.016875   0.001000
 -0.234895  -0.124167  -0.697448   0.665562   0.085038  -1.016875   0.001000
 -0.234895  -0.124167  -0.697448   0.665562   0.085038  -1.016875   0.001000
 -0.234895  -0.124167  -0.697448   0.665562   0.085038  -1.016875   0.001000
 -0.234895  -0.124167  -0.697448   0.665562   0.085038  -1.016875   0.001000
 -0.234895  -0.124167  -0.697448   0.665562   0.085038  -1.016875   0.001000
 -0.234895  -0.124167  -0.697448   0.665562   0.085038  -1.016875   0.001000
 -0.234895  -0.124167  -0.697448   0.665562   0.085038  -1.016875   0.001000
 -0.234895  -0.124167  -0.697448   0.665562   0.085038  -1.016875   0.001000
 -0.234895  -0.124167  -0.697448   0.665562   0.085038  -1.016875   0.001000
 -0.234895  -0.124167  -0.697448   0.665562   0.085038  -1.016875   0.001000
 -0.234895  -0.124167  -0.697448   0.665562   0.085038  -1.016875   0.001000
 -0.234895  -0.124167  -0.697448   0.665562   0.085038  -1.016875   0.001000
 -0.234895  -0.124167  -0.697448   0.665562   0.085038  -1.016875   0.001000
 -0.234895  -0.124167  -0.697448   0.665562   0.085038  -1.016875   0.001000
 -0.258972  -0.091427  -0.704771   0.654119   0.084486  -1.031766   0.001000
 -0.258972  -0.091427  -0.704771   0.654119   0.084486  -1.031766   0.001000
 -0.258972  -0.091427  -0.704771   0.654119   0.084486  -1.031766   0.001000
 -0.258972  -0.091427  -0.704771   0.654119   0.084486  -1.031766   0.001000
 -0.238040  -0.114768  -0.696126   0.667514   0.162078  -0.937808   0.001000
 -0.238040  -0.114768  -0.696126   0.667514   0.162078  -0.937808   0.001000
 -0.238040  -0.114768  -0.696126   0.667514   0.162078  -0.937808   0.001000
 -0.238040  -0.114768  -0.696126   0.667514   0.162078  -0.937808   0.001000
 -0.238040  -0.114768  -0.696126   0.667514   0.162078  -0.937808   0.001000
 -0.238040  -0.114768  -0.696126   0.667514   0.162078  -0.937808   0.001000
 -0.238040  -0.114768  -0.696126   0.667514   0.162078  -0.937808   0.001000
 -0.238040  -0.114768  -0.696126   0.667514   0.162078  -0.937808   0.001000
 -0.238040  -0.114768  -0.696126   0.667514   0.162078  -0.937808   0.001000
 -0.238040  -0.114768  -0.696126   0.667514   0.162078  -0.937808   0.001000
 -0.238040  -0.114768  -0.696126   0.667514   0.162078  -0.937808   0.001000
 -0.238040  -0.114768  -0.696126   0.667514   0.162078  -0.937808   0.001000
 -0.238040  -0.114768  -0.696126   0.667514   0.162078  -0.937808   0.001000
 -0.244078  -0.119105  -0.702553   0.657768   0.000560  -1.167261   0.001000
 -0.235053  -0.114243  -0.685136   0.679917   0.039472  -1.051273   0.001000
 -0.235053  -0.114243  -0.685136   0.679917   0.039472  -1.051273   0.001000
 -0.219567  -0.135097  -0.697528   0.668576   0.024700  -1.137889   0.001000
 -0.219567  -0.135097  -0.697528   0.668576   0.024700  -1.137889   0.001000
 -0.219567  -0.135097  -0.697528   0.668576   0.024700  -1.137889   0.001000
 -0.219567  -0.135097  -0.697528   0.668576   0.024700  -1.137889   0.001000
 -0.219567  -0.135097  -0.697528   0.668576   0.024700  -1.137889   0.001000
 -0.219567  -0.135097  -0.697528   0.668576   0.024700  -1.137889   0.001000
 -0.252977  -0.120219  -0.702125   0.654653   0.143674  -1.201017   0.001000
 -0.243988  -0.110654  -0.696941   0.665205   0.048900  -1.175748   0.001000
 -0.243988  -0.110654  -0.696941   0.665205   0.048900  -1.175748   0.001000
 -0.243988  -0.110654  -0.696941   0.665205   0.048900  -1.175748   0.001000
 -0.243988  -0.110654  -0.696941   0.665205   0.048900  -1.175748   0.001000
 -0.243988  -0.110654  -0.696941   0.665205   0.048900  -1.175748   0.001000
 -0.243988  -0.110654  -0.696941   0.665205   0.048900  -1.175748   0.001000
 -0.243988  -0.110654  -0.696941   0.665205   0.048900  -1.175748   0.001000
 -0.243988  -0.110654  -0.696941   0.665205   0.048900  -1.175748   0.001000
 -0.243988  -0.110654  -0.696941   0.665205   0.048900  -1.175748   0.001000
 -0.243988  -0.110654  -0.696941   0.665205   0.048900  -1.175748   0.001000
 -0.256135  -0.106720  -0.689362   0.669168   0.338823  -0.905524   0.001000
 -0.237984  -0.122455  -0.701567   0.660434   0.276247  -1.119077   0.001000
 -0.237984  -0.122455  -0.701567   0.660434   0.276247  -1.119077   0.001000
 -0.237984  -0.122455  -0.701567   0.660434   0.276247  -1.119077   0.001000
 -0.237984  -0.122455  -0.701567   0.660434   0.276247  -1.119077   0.001000
 -0.258727  -0.094462  -0.699655   0.659257   0.082926  -0.942490   0.001000
 -0.236337  -0.101784  -0.699312   0.666894  -0.053668  -1.001060   0.001000
 -0.247062  -0.104911  -0.699898   0.661889   0.009658  -0.984345   0.001000
 -0.247062  -0.104911  -0.699898   0.661889   0.009658  -0.984345   0.001000
 -0.249682  -0.096545  -0.694347   0.667997   0.027553  -0.952672   0.001000
 -0.232122  -0.115192  -0.697886   0.667687  -0.055462  -0.986824   0.001000
 -0.232122  -0.115192  -0.697886   0.667687  -0.055462  -0.986824   0.001000
 -0.226083  -0.118771  -0.704596   0.662061   0.146793  -0.945246   0.001000
 -0.241236  -0.125361  -0.692319   0.668419   0.282997  -0.926627   0.001000
 -0.230256  -0.134818  -0.689546   0.673300   0.245346  -1.030954   0.001000
 -0.222827  -0.123825  -0.692537   0.674839  -0.043368  -0.986918   0.001000
 -0.222827  -0.123825  -0.692537   0.674839  -0.043368  -0.986918   0.001000
 -0.220791  -0.125728  -0.684697   0.683106  -0.066700  -1.038232   0.001000
 -0.225519  -0.121240  -0.699335   0.667362  -0.074660  -1.037902   0.001000
 -0.225519  -0.121240  -0.699335   0.667362  -0.074660  -1.037902   0.001000
 -0.225519  -0.121240  -0.699335   0.667362  -0.074660  -1.037902   0.001000
 -0.225519  -0.121240  -0.699335   0.667362  -0.074660  -1.037902   0.001000
 -0.229640  -0.125460  -0.699064   0.665458   0.055582  -1.020971   0.001000
 -0.229640  -0.125460  -0.699064   0.665458   0.055582  -1.020971   0.001000
 -0.229640  -0.125460  -0.699064   0.665458   0.055582  -1.020971   0.001000
 -0.229640  -0.125460  -0.699064   0.665458   0.055582  -1.020971   0.001000
 -0.229640  -0.125460  -0.699064   0.665458   0.055582  -1.020971   0.001000
 -0.229640  -0.125460  -0.699064   0.665458   0.055582  -1.020971   0.001000
 -0.229640  -0.125460  -0.699064   0.665458   0.055582  -1.020971   0.001000
 -0.229640  -0.125460  -0.699064   0.665458   0.055582  -1.020971   0.001000
 -0.229640  -0.125460  -0.699064   0.665458   0.055582  -1.020971   0.001000
 -0.229640  -0.125460  -0.699064   0.665458   0.055582  -1.020971   0.001000
 -0.229640  -0.125460  -0.699064   0.665458   0.055582  -1.020971   0.001000
 -0.229640  -0.125460  -0.699064   0.665458   0.055582  -1.020971   0.001000
 -0.229640  -0.125460  -0.699064   0.665458   0.055582  -1.020971   0.001000
 -0.229640  -0.125460  -0.699064   0.665458   0.055582  -1.020971   0.001000
 -0.229640  -0.125460  -0.699064   0.665458   0.055582  -1.020971   0.001000
 -0.229640  -0.125460  -0.699064   0.665458   0.055582  -1.020971   0.001000
 -0.229640  -0.125460  -0.699064   0.665458   0.055582  -1.020971   0.001000
 -0.229640  -0.125460  -0.699064   0.665458   0.055582  -1.020971   0.001000
 -0.229640  -0.125460  -0.699064   0.665458   0.055582  -1.020971   0.001000
 -0.229640  -0.125460  -0.699064   0.665458   0.055582  -1.020971   0.001000
 -0.229640  -0.125460  -0.699064   0.665458   0.055582  -1.020971   0.001000
 -0.229640  -0.125460  -0.699064   0.665458   0.055582  -1.020971   0.001000
 -0.229640  -0.125460  -0.699064   0.665458   0.055582  -1.020971   0.001000
 -0.229640  -0.125460  -0.699064   0.665458   0.055582  -1.020971   0.001000
 -0.237815  -0.124054  -0.698333   0.663615   0.001786  -1.056254   0.001000
 -0.237815  -0.124054  -0.698333   0.663615   0.001786  -1.056254   0.001000
 -0.237815  -0.124054  -0.698333   0.663615   0.001786  -1.056254   0.001000
 -0.237815  -0.124054  -0.698333   0.663615   0.001786  -1.056254   0.001000
 -0.241372  -0.116376  -0.690251   0.672124  -0.127722  -1.006673   0.001000
 -0.263497  -0.099555  -0.702798   0.653248   0.175143  -1.109216   0.001000
 -0.244401  -0.117067  -0.703630   0.656862   0.009338  -0.958582   0.001000
 -0.244401  -0.117067  -0.703630   0.656862   0.009338  -0.958582   0.001000
 -0.244401  -0.117067  -0.703630   0.656862   0.009338  -0.958582   0.001000
 -0.244401  -0.117067  -0.703630   0.656862   0.009338  -0.958582   0.001000
 -0.244401  -0.117067  -0.703630   0.656862   0.009338  -0.958582   0.001000
 -0.244401  -0.117067  -0.703630   0.656862   0.009338  -0.958582   0.001000
 -0.244401  -0.117067  -0.703630   0.656862   0.009338  -0.958582   0.001000
 -0.226403  -0.112509  -0.690288   0.677928   0.106863  -1.001000   0.001000
 -0.226403  -0.112509  -0.690288   0.677928   0.106863  -1.001000   0.001000
 -0.243850  -0.107871  -0.695124   0.667610   0.140861  -1.060605   0.001000
 -0.243850  -0.107871  -0.695124   0.667610   0.140861  -1.060605   0.001000
 -0.242105  -0.104622  -0.696980   0.666827   0.119579  -1.074066   0.001000
 -0.242105  -0.104622  -0.696980   0.666827   0.119579  -1.074066   0.001000
 -0.236677  -0.151724  -0.699634   0.656868   0.151171  -1.087686   0.001000
 -0.252396  -0.093503  -0.701516   0.659870   0.053616  -1.152822   0.001000
 -0.252396  -0.093503  -0.701516   0.659870   0.053616  -1.152822   0.001000
 -0.252396  -0.093503  -0.701516   0.659870   0.053616  -1.152822   0.001000
 -0.252396  -0.093503  -0.701516   0.659870   0.053616  -1.152822   0.001000
 -0.252396  -0.093503  -0.701516   0.659870   0.053616  -1.152822   0.001000
 -0.252396  -0.093503  -0.701516   0.659870   0.053616  -1.152822   0.001000
 -0.245455  -0.110383  -0.689417   0.672512   0.067334  -1.116076   0.001000
 -0.251877  -0.110293  -0.702427   0.656498   0.324780  -1.247556   0.001000
 -0.251350  -0.116283  -0.696877   0.661561   0.036274  -1.093552   0.001000
 -0.245672  -0.118470  -0.689949   0.670507  -0.132556  -0.927275   0.001000
 -0.246767  -0.099558  -0.706115   0.656199  -0.037592  -1.013104   0.001000
 -0.246767  -0.099558  -0.706115   0.656199  -0.037592  -1.013104   0.001000
 -0.252611  -0.089180  -0.696731   0.665432  -0.198320  -1.008285   0.001000
 -0.236317  -0.113426  -0.693329   0.671256   0.038935  -1.265719   0.001000
 -0.236317  -0.113426  -0.693329   0.671256   0.038935  -1.265719   0.001000
 -0.236317  -0.113426  -0.693329   0.671256   0.038935  -1.265719   0.001000
 -0.246818  -0.115224  -0.698473   0.661770   0.043144  -1.197188   0.001000
 -0.246818  -0.115224  -0.698473   0.661770   0.043144  -1.197188   0.001000
 -0.235435  -0.106983  -0.702343   0.663204   0.026762  -1.214272   0.001000
 -0.272959  -0.122247  -0.686003   0.663286   0.120073  -1.143599   0.001000
 -0.220985  -0.130095  -0.695105   0.671617   0.037428  -1.140479   0.001000
 -0.231296  -0.112135  -0.699617   0.666682   0.004973  -1.002771   0.001000
 -0.228093  -0.119123  -0.698372   0.667877  -0.060281  -1.088362   0.001000
 -0.228093  -0.119123  -0.698372   0.667877  -0.060281  -1.088362   0.001000
 -0.228093  -0.119123  -0.698372   0.667877  -0.060281  -1.088362   0.001000
 -0.228093  -0.119123  -0.698372   0.667877  -0.060281  -1.088362   0.001000
 -0.228093  -0.119123  -0.698372   0.667877  -0.060281  -1.088362   0.001000
 -0.228093  -0.119123  -0.698372   0.667877  -0.060281  -1.088362   0.001000
 -0.228093  -0.119123  -0.698372   0.667877  -0.060281  -1.088362   0.001000
 -0.243535  -0.113434  -0.698319   0.663456   0.006889  -1.026282   0.001000
 -0.243535  -0.113434  -0.698319   0.663456   0.006889  -1.026282   0.001000
 -0.243535  -0.113434  -0.698319   0.663456   0.006889  -1.026282   0.001000
 -0.243535  -0.113434  -0.698319   0.663456   0.006889  -1.026282   0.001000
 -0.243535  -0.113434  -0.698319   0.663456   0.006889  -1.026282   0.001000
 -0.243535  -0.113434  -0.698319   0.663456   0.006889  -1.026282   0.001000
 -0.243535  -0.113434  -0.698319   0.663456   0.006889  -1.026282   0.001000
 -0.243535  -0.113434  -0.698319   0.663456   0.006889  -1.026282   0.001000
 -0.243535  -0.113434  -0.698319   0.663456   0.006889  -1.026282   0.001000
 -0.225017  -0.137890  -0.700489   0.663076  -0.074756  -1.042581   0.001000
 -0.231449  -0.106035  -0.704051   0.662948  -0.048812  -0.983119   0.001000
 -0.229685  -0.119943  -0.702587   0.662744   0.058095  -0.959565   0.001000
 -0.233694  -0.121220  -0.695877   0.668167   0.023540  -1.014624   0.001000
 -0.233694  -0.121220  -0.695877   0.668167   0.023540  -1.014624   0.001000
 -0.233694  -0.121220  -0.695877   0.668167   0.023540  -1.014624   0.001000
 -0.233694  -0.121220  -0.695877   0.668167   0.023540  -1.014624   0.001000
 -0.233694  -0.121220  -0.695877   0.668167   0.023540  -1.014624   0.001000
 -0.233694  -0.121220  -0.695877   0.668167   0.023540  -1.014624   0.001000
 -0.233694  -0.121220  -0.695877   0.668167   0.023540  -1.014624   0.001000
 -0.233694  -0.121220  -0.695877   0.668167   0.023540  -1.014624   0.001000
 -0.233694  -0.121220  -0.695877   0.668167   0.023540  -1.014624   0.001000
 -0.233694  -0.121220  -0.695877   0.668167   0.023540  -1.014624   0.001000
 -0.233694  -0.121220  -0.695877   0.668167   0.023540  -1.014624   0.001000
 -0.233694  -0.121220  -0.695877   0.668167   0.023540  -1.014624   0.001000
 -0.233694  -0.121220  -0.695877   0.668167   0.023540  -1.014624   0.001000
 -0.233694  -0.121220  -0.695877   0.668167   0.023540  -1.014624   0.001000
 -0.233694  -0.121220  -0.695877   0.668167   0.023540  -1.014624   0.001000
 -0.233694  -0.121220  -0.695877   0.668167   0.023540  -1.014624   0.001000
 -0.233694  -0.121220  -0.695877   0.668167   0.023540  -1.014624   0.001000
 -0.233694  -0.121220  -0.695877   0.668167   0.023540  -1.014624   0.001000
 -0.233694  -0.121220  -0.695877   0.668167   0.023540  -1.014624   0.001000
 -0.233694  -0.121220  -0.695877   0.668167   0.023540  -1.014624   0.001000
 -0.233694  -0.121220  -0.695877   0.668167   0.023540  -1.014624   0.001000
 -0.233694  -0.121220  -0.695877   0.668167   0.023540  -1.014624   0.001000
 -0.233694  -0.121220  -0.695877   0.668167   0.023540  -1.014624   0.001000
 -0.219454  -0.116299  -0.696618   0.673081  -0.092942  -1.108626   0.001000
 -0.219454  -0.116299  -0.696618   0.673081  -0.092942  -1.108626   0.001000
 -0.219454  -0.116299  -0.696618   0.673081  -0.092942  -1.108626   0.001000
 -0.221751  -0.132251  -0.705675   0.659818  -0.137208  -1.006247   0.001000
 -0.221751  -0.132251  -0.705675   0.659818  -0.137208  -1.006247   0.001000
 -0.228390  -0.121832  -0.700005   0.665573  -0.074861  -1.018277   0.001000
 -0.228390  -0.121832  -0.700005   0.665573  -0.074861  -1.018277   0.001000
 -0.228390  -0.121832  -0.700005   0.665573  -0.074861  -1.018277   0.001000
 -0.228390  -0.121832  -0.700005   0.665573  -0.074861  -1.018277   0.001000
 -0.228390  -0.121832  -0.700005   0.665573  -0.074861  -1.018277   0.001000
 -0.232944  -0.109653  -0.692267   0.674151  -0.107205  -0.945602   0.001000
 -0.233969  -0.120423  -0.695837   0.668257   0.022357  -0.896828   0.001000
 -0.233969  -0.120423  -0.695837   0.668257   0.022357  -0.896828   0.001000
 -0.233969  -0.120423  -0.695837   0.668257   0.022357  -0.896828   0.001000
 -0.233969  -0.120423  -0.695837   0.668257   0.022357  -0.896828   0.001000
 -0.233969  -0.120423  -0.695837   0.668257   0.022357  -0.896828   0.001000
 -0.233969  -0.120423  -0.695837   0.668257   0.022357  -0.896828   0.001000
 -0.233969  -0.120423  -0.695837   0.668257   0.022357  -0.896828   0.001000
 -0.233969  -0.120423  -0.695837   0.668257   0.022357  -0.896828   0.001000
 -0.233969  -0.120423  -0.695837   0.668257   0.022357  -0.896828   0.001000
 -0.233969  -0.120423  -0.695837   0.668257   0.022357  -0.896828   0.001000
 -0.233969  -0.120423  -0.695837   0.668257   0.022357  -0.896828   0.001000
 -0.233969  -0.120423  -0.695837   0.668257   0.022357  -0.896828   0.001000
 -0.233969  -0.120423  -0.695837   0.668257   0.022357  -0.896828   0.001000
 -0.233969  -0.120423  -0.695837   0.668257   0.022357  -0.896828   0.001000
 -0.233969  -0.120423  -0.695837   0.668257   0.022357  -0.896828   0.001000
 -0.233969  -0.120423  -0.695837   0.668257   0.022357  -0.896828   0.001000
 -0.233969  -0.120423  -0.695837   0.668257   0.022357  -0.896828   0.001000
 -0.233969  -0.120423  -0.695837   0.668257   0.022357  -0.896828   0.001000
 -0.233969  -0.120423  -0.695837   0.668257   0.022357  -0.896828   0.001000
 -0.233969  -0.120423  -0.695837   0.668257   0.022357  -0.896828   0.001000
 -0.233969  -0.120423  -0.695837   0.668257   0.022357  -0.896828   0.001000
 -0.233969  -0.120423  -0.695837   0.668257   0.022357  -0.896828   0.001000
 -0.233969  -0.120423  -0.695837   0.668257   0.022357  -0.896828   0.001000
 -0.233969  -0.120423  -0.695837   0.668257   0.022357  -0.896828   0.001000
 -0.233969  -0.120423  -0.695837   0.668257   0.022357  -0.896828   0.001000
 -0.233969  -0.120423  -0.695837   0.668257   0.022357  -0.896828   0.001000
 -0.233969  -0.120423  -0.695837   0.668257   0.022357  -0.896828   0.001000
 -0.233969  -0.120423  -0.695837   0.668257   0.022357  -0.896828   0.001000
 -0.233969  -0.120423  -0.695837   0.668257   0.022357  -0.896828   0.001000
 -0.233969  -0.120423  -0.695837   0.668257   0.022357  -0.896828   0.001000
 -0.233969  -0.120423  -0.695837   0.668257   0.022357  -0.896828   0.001000
 -0.233969  -0.120423  -0.695837   0.668257   0.022357  -0.896828   0.001000
 -0.233969  -0.120423  -0.695837   0.668257   0.022357  -0.896828   0.001000
 -0.233969  -0.120423  -0.695837   0.668257   0.022357  -0.896828   0.001000
 -0.233969  -0.120423  -0.695837   0.668257   0.022357  -0.896828   0.001000
 -0.233969  -0.120423  -0.695837   0.668257   0.022357  -0.896828   0.001000
 -0.233969  -0.120423  -0.695837   0.668257   0.022357  -0.896828   0.001000
 -0.233969  -0.120423  -0.695837   0.668257   0.022357  -0.896828   0.001000
 -0.233969  -0.120423  -0.695837   0.668257   0.022357  -0.896828   0.001000
 -0.233969  -0.120423  -0.695837   0.668257   0.022357  -0.896828   0.001000
 -0.233969  -0.120423  -0.695837   0.668257   0.022357  -0.896828   0.001000
 -0.233969  -0.120423  -0.695837   0.668257   0.022357  -0.896828   0.001000
 -0.233969  -0.120423  -0.695837   0.668257   0.022357  -0.896828   0.001000
 -0.233969  -0.120423  -0.695837   0.668257   0.022357  -0.896828   0.001000
 -0.233969  -0.120423  -0.695837   0.668257   0.022357  -0.896828   0.001000
 -0.233969  -0.120423  -0.695837   0.668257   0.022357  -0.896828   0.001000
 -0.233969  -0.120423  -0.695837   0.668257   0.022357  -0.896828   0.001000
 -0.233969  -0.120423  -0.695837   0.668257   0.022357  -0.896828   0.001000
 -0.233969  -0.120423  -0.695837   0.668257   0.022357  -0.896828   0.001000
 -0.233969  -0.120423  -0.695837   0.668257   0.022357  -0.896828   0.001000
 -0.233969  -0.120423  -0.695837   0.668257   0.022357  -0.896828   0.001000
 -0.233969  -0.120423  -0.695837   0.668257   0.022357  -0.896828   0.001000
 -0.233969  -0.120423  -0.695837   0.668257   0.022357  -0.896828   0.001000
 -0.233969  -0.120423  -0.695837   0.668257   0.022357  -0.896828   0.001000
 -0.233969  -0.120423  -0.695837   0.668257   0.022357  -0.896828   0.001000
 -0.233969  -0.120423  -0.695837   0.668257   0.022357  -0.896828   0.001000
 -0.233969  -0.120423  -0.695837   0.668257   0.022357  -0.896828   0.001000
 -0.233969  -0.120423  -0.695837   0.668257   0.022357  -0.896828   0.001000
 -0.233969  -0.120423  -0.695837   0.668257   0.022357  -0.896828   0.001000
 -0.233969  -0.120423  -0.695837   0.668257   0.022357  -0.896828   0.001000
 -0.233969  -0.120423  -0.695837   0.668257   0.022357  -0.896828   0.001000
 -0.233969  -0.120423  -0.695837   0.668257   0.022357  -0.896828   0.001000
 -0.233969  -0.120423  -0.695837   0.668257   0.022357  -0.896828   0.001000
 -0.233969  -0.120423  -0.695837   0.668257   0.022357  -0.896828   0.001000
 -0.233969  -0.120423  -0.695837   0.668257   0.022357  -0.896828   0.001000
 -0.233969  -0.120423  -0.695837   0.668257   0.022357  -0.896828   0.001000
 -0.233969  -0.120423  -0.695837   0.668257   0.022357  -0.896828   0.001000
 -0.249469  -0.115241  -0.686581   0.673121  -0.026445  -0.904245   0.001000
 -0.244474  -0.116427  -0.707188   0.653117  -0.098107  -0.962711   0.001000
 -0.223518  -0.125636  -0.698886   0.667693  -0.136242  -0.990768   0.001000
 -0.233679  -0.116207  -0.690228   0.674889  -0.154607  -0.800116   0.001000
 -0.233679  -0.116207  -0.690228   0.674889  -0.154607  -0.800116   0.001000
 -0.241451  -0.129276  -0.686297   0.673785  -0.304754  -0.833948   0.001000
 -0.253576  -0.102262  -0.696114   0.663828  -0.245030  -0.854602   0.001000
 -0.253576  -0.102262  -0.696114   0.663828  -0.245030  -0.854602   0.001000
 -0.232138  -0.129909  -0.696006   0.666942  -0.462859  -0.872081   0.001000
 -0.240905  -0.109266  -0.703653   0.659468  -0.189973  -0.991825   0.001000
 -0.240905  -0.109266  -0.703653   0.659468  -0.189973  -0.991825   0.001000
 -0.240905  -0.109266  -0.703653   0.659468  -0.189973  -0.991825   0.001000
 -0.243059  -0.112542  -0.698761   0.663317  -0.361400  -1.098169   0.001000
 -0.243125  -0.105024  -0.696089   0.667323  -0.070922  -1.017289   0.001000
 -0.253485  -0.098148  -0.702307   0.657934   0.092655  -0.932464   0.001000
 -0.253485  -0.098148  -0.702307   0.657934   0.092655  -0.932464   0.001000
 -0.253485  -0.098148  -0.702307   0.657934   0.092655  -0.932464   0.001000
 -0.253485  -0.098148  -0.702307   0.657934   0.092655  -0.932464   0.001000
 -0.253485  -0.098148  -0.702307   0.657934   0.092655  -0.932464   0.001000
 -0.253485  -0.098148  -0.702307   0.657934   0.092655  -0.932464   0.001000
 -0.253485  -0.098148  -0.702307   0.657934   0.092655  -0.932464   0.001000
 -0.253485  -0.098148  -0.702307   0.657934   0.092655  -0.932464   0.001000
 -0.244188  -0.114591  -0.693550   0.668004  -0.018175  -1.004738   0.001000
 -0.247645  -0.108539  -0.697736   0.663367  -0.015505  -0.960072   0.001000
 -0.247645  -0.108539  -0.697736   0.663367  -0.015505  -0.960072   0.001000
 -0.247645  -0.108539  -0.697736   0.663367  -0.015505  -0.960072   0.001000
 -0.247645  -0.108539  -0.697736   0.663367  -0.015505  -0.960072   0.001000
 -0.247645  -0.108539  -0.697736   0.663367  -0.015505  -0.960072   0.001000
 -0.247645  -0.108539  -0.697736   0.663367  -0.015505  -0.960072   0.001000
 -0.247645  -0.108539  -0.697736   0.663367  -0.015505  -0.960072   0.001000
 -0.247645  -0.108539  -0.697736   0.663367  -0.015505  -0.960072   0.001000
 -0.247645  -0.108539  -0.697736   0.663367  -0.015505  -0.960072   0.001000
 -0.247645  -0.108539  -0.697736   0.663367  -0.015505  -0.960072   0.001000
 -0.247645  -0.108539  -0.697736   0.663367  -0.015505  -0.960072   0.001000
 -0.247645  -0.108539  -0.697736   0.663367  -0.015505  -0.960072   0.001000
 -0.247645  -0.108539  -0.697736   0.663367  -0.015505  -0.960072   0.001000
 -0.247645  -0.108539  -0.697736   0.663367  -0.015505  -0.960072   0.001000
 -0.247645  -0.108539  -0.697736   0.663367  -0.015505  -0.960072   0.001000
 -0.247645  -0.108539  -0.697736   0.663367  -0.015505  -0.960072   0.001000
 -0.247645  -0.108539  -0.697736   0.663367  -0.015505  -0.960072   0.001000
 -0.247645  -0.108539  -0.697736   0.663367  -0.015505  -0.960072   0.001000
 -0.247645  -0.108539  -0.697736   0.663367  -0.015505  -0.960072   0.001000
 -0.247645  -0.108539  -0.697736   0.663367  -0.015505  -0.960072   0.001000
 -0.247645  -0.108539  -0.697736   0.663367  -0.015505  -0.960072   0.001000
 -0.226531  -0.122664  -0.694457   0.671838  -0.093685  -1.110727   0.001000
 -0.226531  -0.122664  -0.694457   0.671838  -0.093685  -1.110727   0.001000
 -0.226531  -0.122664  -0.694457   0.671838  -0.093685  -1.110727   0.001000
 -0.226531  -0.122664  -0.694457   0.671838  -0.093685  -1.110727   0.001000
 -0.226531  -0.122664  -0.694457   0.671838  -0.093685  -1.110727   0.001000
 -0.226531  -0.122664  -0.694457   0.671838  -0.093685  -1.110727   0.001000
 -0.226531  -0.122664  -0.694457   0.671838  -0.093685  -1.110727   0.001000
 -0.231870  -0.122020  -0.691818   0.672856  -0.237211  -1.087061   0.001000
 -0.236537  -0.113666  -0.695001   0.669405  -0.273187  -1.138810   0.001000
 -0.231021  -0.120617  -0.698694   0.666264   0.003571  -1.070779   0.001000
 -0.231021  -0.120617  -0.698694   0.666264   0.003571  -1.070779   0.001000
 -0.231021  -0.120617  -0.698694   0.666264   0.003571  -1.070779   0.001000
 -0.231021  -0.120617  -0.698694   0.666264   0.003571  -1.070779   0.001000
 -0.231021  -0.120617  -0.698694   0.666264   0.003571  -1.070779   0.001000
 -0.231021  -0.120617  -0.698694   0.666264   0.003571  -1.070779   0.001000
 -0.231021  -0.120617  -0.698694   0.666264   0.003571  -1.070779   0.001000
 -0.231021  -0.120617  -0.698694   0.666264   0.003571  -1.070779   0.001000
 -0.231021  -0.120617  -0.698694   0.666264   0.003571  -1.070779   0.001000
 -0.231021  -0.120617  -0.698694   0.666264   0.003571  -1.070779   0.001000
 -0.238193  -0.120323  -0.696196   0.666406  -0.077402  -1.035368   0.001000
 -0.238193  -0.120323  -0.696196   0.666406  -0.077402  -1.035368   0.001000
 -0.238193  -0.120323  -0.696196   0.666406  -0.077402  -1.035368   0.001000
 -0.238193  -0.120323  -0.696196   0.666406  -0.077402  -1.035368   0.001000
 -0.238193  -0.120323  -0.696196   0.666406  -0.077402  -1.035368   0.001000
 -0.238193  -0.120323  -0.696196   0.666406  -0.077402  -1.035368   0.001000
 -0.238193  -0.120323  -0.696196   0.666406  -0.077402  -1.035368   0.001000
 -0.238193  -0.120323  -0.696196   0.666406  -0.077402  -1.035368   0.001000
 -0.238193  -0.120323  -0.696196   0.666406  -0.077402  -1.035368   0.001000
 -0.238193  -0.120323  -0.696196   0.666406  -0.077402  -1.035368   0.001000
 -0.238193  -0.120323  -0.696196   0.666406  -0.077402  -1.035368   0.001000
 -0.238193  -0.120323  -0.696196   0.666406  -0.077402  -1.035368   0.001000
 -0.238193  -0.120323  -0.696196   0.666406  -0.077402  -1.035368   0.001000
 -0.238193  -0.120323  -0.696196   0.666406  -0.077402  -1.035368   0.001000
 -0.238193  -0.120323  -0.696196   0.666406  -0.077402  -1.035368   0.001000
 -0.238193  -0.120323  -0.696196   0.666406  -0.077402  -1.035368   0.001000
 -0.238193  -0.120323  -0.696196   0.666406  -0.077402  -1.035368   0.001000
 -0.238193  -0.120323  -0.696196   0.666406  -0.077402  -1.035368   0.001000
 -0.238193  -0.120323  -0.696196   0.666406  -0.077402  -1.035368   0.001000
 -0.238193  -0.120323  -0.696196   0.666406  -0.077402  -1.035368   0.001000
 -0.238193  -0.120323  -0.696196   0.666406  -0.077402  -1.035368   0.001000
 -0.237377  -0.106763  -0.686091   0.679362   0.089288  -1.011631   0.001000
 -0.248112  -0.098162  -0.697695   0.664850  -0.139379  -1.042000   0.001000
 -0.248112  -0.098162  -0.697695   0.664850  -0.139379  -1.042000   0.001000
 -0.248112  -0.098162  -0.697695   0.664850  -0.139379  -1.042000   0.001000
 -0.232033  -0.116672  -0.697749   0.667604  -0.066367  -1.077288   0.001000
 -0.239489  -0.115154  -0.702038   0.660702  -0.026852  -1.161719   0.001000
 -0.260753  -0.110311  -0.697169   0.658631   0.060202  -1.143873   0.001000
 -0.228942  -0.128520  -0.695016   0.669344  -0.041201  -1.153049   0.001000
 -0.228942  -0.128520  -0.695016   0.669344  -0.041201  -1.153049   0.001000
 -0.228942  -0.128520  -0.695016   0.669344  -0.041201  -1.153049   0.001000
 -0.228942  -0.128520  -0.695016   0.669344  -0.041201  -1.153049   0.001000
 -0.228942  -0.128520  -0.695016   0.669344  -0.041201  -1.153049   0.001000
 -0.228942  -0.128520  -0.695016   0.669344  -0.041201  -1.153049   0.001000
 -0.228942  -0.128520  -0.695016   0.669344  -0.041201  -1.153049   0.001000
 -0.228942  -0.128520  -0.695016   0.669344  -0.041201  -1.153049   0.001000
 -0.228942  -0.128520  -0.695016   0.669344  -0.041201  -1.153049   0.001000
 -0.228942  -0.128520  -0.695016   0.669344  -0.041201  -1.153049   0.001000
 -0.242184  -0.112130  -0.700483   0.661889  -0.006139  -1.099734   0.001000
 -0.242184  -0.112130  -0.700483   0.661889  -0.006139  -1.099734   0.001000
 -0.242184  -0.112130  -0.700483   0.661889  -0.006139  -1.099734   0.001000
 -0.242184  -0.112130  -0.700483   0.661889  -0.006139  -1.099734   0.001000
 -0.242184  -0.112130  -0.700483   0.661889  -0.006139  -1.099734   0.001000
 -0.242184  -0.112130  -0.700483   0.661889  -0.006139  -1.099734   0.001000
 -0.242184  -0.112130  -0.700483   0.661889  -0.006139  -1.099734   0.001000
 -0.242184  -0.112130  -0.700483   0.661889  -0.006139  -1.099734   0.001000
 -0.242184  -0.112130  -0.700483   0.661889  -0.006139  -1.099734   0.001000
 -0.242184  -0.112130  -0.700483   0.661889  -0.006139  -1.099734   0.001000
 -0.242184  -0.112130  -0.700483   0.661889  -0.006139  -1.099734   0.001000
 -0.242184  -0.112130  -0.700483   0.661889  -0.006139  -1.099734   0.001000
 -0.242184  -0.112130  -0.700483   0.661889  -0.006139  -1.099734   0.001000
 -0.242184  -0.112130  -0.700483   0.661889  -0.006139  -1.099734   0.001000
 -0.242184  -0.112130  -0.700483   0.661889  -0.006139  -1.099734   0.001000
 -0.242184  -0.112130  -0.700483   0.661889  -0.006139  -1.099734   0.001000
 -0.242184  -0.112130  -0.700483   0.661889  -0.006139  -1.099734   0.001000
 -0.242184  -0.112130  -0.700483   0.661889  -0.006139  -1.099734   0.001000
 -0.242184  -0.112130  -0.700483   0.661889  -0.006139  -1.099734   0.001000
 -0.242184  -0.112130  -0.700483   0.661889  -0.006139  -1.099734   0.001000
 -0.236918  -0.120748  -0.699074   0.663766  -0.023778  -0.974420   0.001000
 -0.236918  -0.120748  -0.699074   0.663766  -0.023778  -0.974420   0.001000
 -0.236918  -0.120748  -0.699074   0.663766  -0.023778  -0.974420   0.001000
 -0.236918  -0.120748  -0.699074   0.663766  -0.023778  -0.974420   0.001000
 -0.225964  -0.128325  -0.696600   0.668746   0.013990  -1.018369   0.001000
 -0.225964  -0.128325  -0.696600   0.668746   0.013990  -1.018369   0.001000
 -0.225964  -0.128325  -0.696600   0.668746   0.013990  -1.018369   0.001000
 -0.225964  -0.128325  -0.696600   0.668746   0.013990  -1.018369   0.001000
 -0.225964  -0.128325  -0.696600   0.668746   0.013990  -1.018369   0.001000
 -0.225964  -0.128325  -0.696600   0.668746   0.013990  -1.018369   0.001000
 -0.225964  -0.128325  -0.696600   0.668746   0.013990  -1.018369   0.001000
 -0.225964  -0.128325  -0.696600   0.668746   0.013990  -1.018369   0.001000
 -0.225964  -0.128325  -0.696600   0.668746   0.013990  -1.018369   0.001000
 -0.225964  -0.128325  -0.696600   0.668746   0.013990  -1.018369   0.001000
 -0.225964  -0.128325  -0.696600   0.668746   0.013990  -1.018369   0.001000
 -0.225964  -0.128325  -0.696600   0.668746   0.013990  -1.018369   0.001000
 -0.225964  -0.128325  -0.696600   0.668746   0.013990  -1.018369   0.001000
 -0.225964  -0.128325  -0.696600   0.668746   0.013990  -1.018369   0.001000
 -0.225964  -0.128325  -0.696600   0.668746   0.013990  -1.018369   0.001000
 -0.225964  -0.128325  -0.696600   0.668746   0.013990  -1.018369   0.001000
 -0.225964  -0.128325  -0.696600   0.668746   0.013990  -1.018369   0.001000
 -0.225964  -0.128325  -0.696600   0.668746   0.013990  -1.018369   0.001000
 -0.225964  -0.128325  -0.696600   0.668746   0.013990  -1.018369   0.001000
 -0.225964  -0.128325  -0.696600   0.668746   0.013990  -1.018369   0.001000
 -0.225964  -0.128325  -0.696600   0.668746   0.013990  -1.018369   0.001000
 -0.225964  -0.128325  -0.696600   0.668746   0.013990  -1.018369   0.001000
 -0.225964  -0.128325  -0.696600   0.668746   0.013990  -1.018369   0.001000
 -0.225964  -0.128325  -0.696600   0.668746   0.013990  -1.018369   0.001000
 -0.225964  -0.128325  -0.696600   0.668746   0.013990  -1.018369   0.001000
 -0.226372  -0.117793  -0.697119   0.670004  -0.039486  -0.999602   0.001000
 -0.226372  -0.117793  -0.697119   0.670004  -0.039486  -0.999602   0.001000
 -0.226372  -0.117793  -0.697119   0.670004  -0.039486  -0.999602   0.001000
 -0.231265  -0.130711  -0.693112   0.670094   0.041401  -1.062484   0.001000
 -0.233373  -0.124762  -0.698449   0.664937  -0.119717  -0.942622   0.001000
 -0.237037  -0.118082  -0.702254   0.660840  -0.063387  -0.943409   0.001000
 -0.231909  -0.113987  -0.696062   0.669868  -0.031567  -1.057635   0.001000
 -0.240518  -0.112996  -0.699427   0.663464  -0.007283  -1.034343   0.001000
 -0.240518  -0.112996  -0.699427   0.663464  -0.007283  -1.034343   0.001000
 -0.240518  -0.112996  -0.699427   0.663464  -0.007283  -1.034343   0.001000
 -0.240518  -0.112996  -0.699427   0.663464  -0.007283  -1.034343   0.001000
 -0.240518  -0.112996  -0.699427   0.663464  -0.007283  -1.034343   0.001000
 -0.240518  -0.112996  -0.699427   0.663464  -0.007283  -1.034343   0.001000
 -0.240518  -0.112996  -0.699427   0.663464  -0.007283  -1.034343   0.001000
 -0.240518  -0.112996  -0.699427   0.663464  -0.007283  -1.034343   0.001000
 -0.240518  -0.112996  -0.699427   0.663464  -0.007283  -1.034343   0.001000
 -0.240518  -0.112996  -0.699427   0.663464  -0.007283  -1.034343   0.001000
 -0.240518  -0.112996  -0.699427   0.663464  -0.007283  -1.034343   0.001000
 -0.240518  -0.112996  -0.699427   0.663464  -0.007283  -1.034343   0.001000
 -0.240518  -0.112996  -0.699427   0.663464  -0.007283  -1.034343   0.001000
 -0.240518  -0.112996  -0.699427   0.663464  -0.007283  -1.034343   0.001000
 -0.240518  -0.112996  -0.699427   0.663464  -0.007283  -1.034343   0.001000
 -0.240518  -0.112996  -0.699427   0.663464  -0.007283  -1.034343   0.001000
 -0.240518  -0.112996  -0.699427   0.663464  -0.007283  -1.034343   0.001000
 -0.240518  -0.112996  -0.699427   0.663464  -0.007283  -1.034343   0.001000
 -0.240518  -0.112996  -0.699427   0.663464  -0.007283  -1.034343   0.001000
 -0.240518  -0.112996  -0.699427   0.663464  -0.007283  -1.034343   0.001000
 -0.240518  -0.112996  -0.699427   0.663464  -0.007283  -1.034343   0.001000
 -0.240518  -0.112996  -0.699427   0.663464  -0.007283  -1.034343   0.001000
 -0.240518  -0.112996  -0.699427   0.663464  -0.007283  -1.034343   0.001000
 -0.240518  -0.112996  -0.699427   0.663464  -0.007283  -1.034343   0.001000
 -0.240518  -0.112996  -0.699427   0.663464  -0.007283  -1.034343   0.001000
 -0.240518  -0.112996  -0.699427   0.663464  -0.007283  -1.034343   0.001000
 -0.240518  -0.112996  -0.699427   0.663464  -0.007283  -1.034343   0.001000
 -0.240518  -0.112996  -0.699427   0.663464  -0.007283  -1.034343   0.001000
 -0.240518  -0.112996  -0.699427   0.663464  -0.007283  -1.034343   0.001000
 -0.240518  -0.112996  -0.699427   0.663464  -0.007283  -1.034343   0.001000
 -0.240518  -0.112996  -0.699427   0.663464  -0.007283  -1.034343   0.001000
 -0.240518  -0.112996  -0.699427   0.663464  -0.007283  -1.034343   0.001000
 -0.243947  -0.105689  -0.696739   0.666239  -0.073342  -0.975948   0.001000
 -0.243947  -0.105689  -0.696739   0.666239  -0.073342  -0.975948   0.001000
 -0.243947  -0.105689  -0.696739   0.666239  -0.073342  -0.975948   0.001000
 -0.219155  -0.120118  -0.686669   0.682663  -0.074349  -0.992527   0.001000
 -0.224194  -0.136275  -0.687577   0.677055   0.006950  -1.004868   0.001000
