 -0.029013   0.057088  -0.262048   0.962928   0.992020   1.622252   0.001000
 -0.048658   0.052192  -0.239862   0.968181   1.858438   1.188545   0.001000
 -0.046003   0.073125  -0.253995   0.963340   1.214139   1.658821   0.001000
 -0.059332   0.067903  -0.250622   0.963876   1.269345   2.332978   0.001000
 -0.026787   0.057400  -0.241662   0.968291   1.161545   2.562938   0.001000
 -0.045857   0.069199  -0.255878   0.963138   1.106135   2.377935   0.001000
 -0.045857   0.069199  -0.255878   0.963138   1.106135   2.377935   0.001000
 -0.045857   0.069199  -0.255878   0.963138   1.106135   2.377935   0.001000
 -0.045857   0.069199  -0.255878   0.963138   1.106135   2.377935   0.001000
 -0.045857   0.069199  -0.255878   0.963138   1.106135   2.377935   0.001000
 -0.045857   0.069199  -0.255878   0.963138   1.106135   2.377935   0.001000
 -0.045857   0.069199  -0.255878   0.963138   1.106135   2.377935   0.001000
 -0.045857   0.069199  -0.255878   0.963138   1.106135   2.377935   0.001000
 -0.045857   0.069199  -0.255878   0.963138   1.106135   2.377935   0.001000
 -0.045857   0.069199  -0.255878   0.963138   1.106135   2.377935   0.001000
 -0.045857   0.069199  -0.255878   0.963138   1.106135   2.377935   0.001000
 -0.045857   0.069199  -0.255878   0.963138   1.106135   2.377935   0.001000
 -0.045857   0.069199  -0.255878   0.963138   1.106135   2.377935   0.001000
 -0.045857   0.069199  -0.255878   0.963138   1.106135   2.377935   0.001000
 -0.045857   0.069199  -0.255878   0.963138   1.106135   2.377935   0.001000
 -0.045857   0.069199  -0.255878   0.963138   1.106135   2.377935   0.001000
 -0.045857   0.069199  -0.255878   0.963138   1.106135   2.377935   0.001000
 -0.045857   0.069199  -0.255878   0.963138   1.106135   2.377935   0.001000
 -0.045857   0.069199  -0.255878   0.963138   1.106135   2.377935   0.001000
 -0.045857   0.069199  -0.255878   0.963138   1.106135   2.377935   0.001000
 -0.045857   0.069199  -0.255878   0.963138   1.106135   2.377935   0.001000
 -0.035729   0.060125  -0.278019   0.958026   1.165147   2.287053   0.001000
 -0.035729   0.060125  -0.278019   0.958026   1.165147   2.287053   0.001000
 -0.035729   0.060125  -0.278019   0.958026   1.165147   2.287053   0.001000
 -0.040568   0.071670  -0.246624   0.965606   1.183005   2.381983   0.001000
 -0.040568   0.071670  -0.246624   0.965606   1.183005   2.381983   0.001000
 -0.054314   0.062432  -0.246651   0.965565   1.085472   2.466668   0.001000
 -0.050982   0.065556  -0.248904   0.964961   0.978353   2.053474   0.001000
 -0.050982   0.065556  -0.248904   0.964961   0.978353   2.053474   0.001000
 -0.050982   0.065556  -0.248904   0.964961   0.978353   2.053474   0.001000
 -0.050982   0.065556  -0.248904   0.964961   0.978353   2.053474   0.001000
 -0.050982   0.065556  -0.248904   0.964961   0.978353   2.053474   0.001000
 -0.050982   0.065556  -0.248904   0.964961   0.978353   2.053474   0.001000
 -0.050982   0.065556  -0.248904   0.964961   0.978353   2.053474   0.001000
 -0.050982   0.065556  -0.248904   0.964961   0.978353   2.053474   0.001000
 -0.050982   0.065556  -0.248904   0.964961   0.978353   2.053474   0.001000
 -0.050982   0.065556  -0.248904   0.964961   0.978353   2.053474   0.001000
 -0.050982   0.065556  -0.248904   0.964961   0.978353   2.053474   0.001000
 -0.050982   0.065556  -0.248904   0.964961   0.978353   2.053474   0.001000
 -0.050982   0.065556  -0.248904   0.964961   0.978353   2.053474   0.001000
 -0.050982   0.065556  -0.248904   0.964961   0.978353   2.053474   0.001000
 -0.050982   0.065556  -0.248904   0.964961   0.978353   2.053474   0.001000
 -0.050982   0.065556  -0.248904   0.964961   0.978353   2.053474   0.001000
 -0.050982   0.065556  -0.248904   0.964961   0.978353   2.053474   0.001000
 -0.050982   0.065556  -0.248904   0.964961   0.978353   2.053474   0.001000
 -0.050982   0.065556  -0.248904   0.964961   0.978353   2.053474   0.001000
 -0.043205   0.052079  -0.259824   0.963282   1.036087   2.043663   0.001000
 -0.043205   0.052079  -0.259824   0.963282   1.036087   2.043663   0.001000
 -0.043205   0.052079  -0.259824   0.963282   1.036087   2.043663   0.001000
 -0.043205   0.052079  -0.259824   0.963282   1.036087   2.043663   0.001000
 -0.053453   0.058690  -0.249298   0.965168   1.099682   2.138790   0.001000
 -0.053453   0.058690  -0.249298   0.965168   1.099682   2.138790   0.001000
 -0.053453   0.058690  -0.249298   0.965168   1.099682   2.138790   0.001000
 -0.053453   0.058690  -0.249298   0.965168   1.099682   2.138790   0.001000
 -0.053453   0.058690  -0.249298   0.965168   1.099682   2.138790   0.001000
 -0.080251   0.081731  -0.257351   0.959505   0.970111   1.878894   0.001000
 -0.080251   0.081731  -0.257351   0.959505   0.970111   1.878894   0.001000
 -0.048979   0.063698  -0.254729   0.963668   0.691883   2.326559   0.001000
 -0.056039   0.085215  -0.246324   0.963806   0.983063   2.222227   0.001000
 -0.035751   0.077510  -0.250576   0.964327   0.852021   2.117978   0.001000
 -0.035751   0.077510  -0.250576   0.964327   0.852021   2.117978   0.001000
 -0.037328   0.067148  -0.254955   0.963896   1.099942   2.456479   0.001000
 -0.037328   0.067148  -0.254955   0.963896   1.099942   2.456479   0.001000
 -0.037328   0.067148  -0.254955   0.963896   1.099942   2.456479   0.001000
 -0.037328   0.067148  -0.254955   0.963896   1.099942   2.456479   0.001000
 -0.037328   0.067148  -0.254955   0.963896   1.099942   2.456479   0.001000
 -0.037328   0.067148  -0.254955   0.963896   1.099942   2.456479   0.001000
 -0.037328   0.067148  -0.254955   0.963896   1.099942   2.456479   0.001000
 -0.037328   0.067148  -0.254955   0.963896   1.099942   2.456479   0.001000
 -0.037328   0.067148  -0.254955   0.963896   1.099942   2.456479   0.001000
 -0.033645   0.049354  -0.257957   0.964308   1.304613   2.402236   0.001000
 -0.040743   0.062235  -0.259843   0.962781   1.087652   2.572663   0.001000
 -0.040743   0.062235  -0.259843   0.962781   1.087652   2.572663   0.001000
 -0.040743   0.062235  -0.259843   0.962781   1.087652   2.572663   0.001000
 -0.040743   0.062235  -0.259843   0.962781   1.087652   2.572663   0.001000
 -0.040743   0.062235  -0.259843   0.962781   1.087652   2.572663   0.001000
 -0.040743   0.062235  -0.259843   0.962781   1.087652   2.572663   0.001000
 -0.040743   0.062235  -0.259843   0.962781   1.087652   2.572663   0.001000
 -0.040743   0.062235  -0.259843   0.962781   1.087652   2.572663   0.001000
 -0.040743   0.062235  -0.259843   0.962781   1.087652   2.572663   0.001000
 -0.040743   0.062235  -0.259843   0.962781   1.087652   2.572663   0.001000
 -0.040743   0.062235  -0.259843   0.962781   1.087652   2.572663   0.001000
 -0.040743   0.062235  -0.259843   0.962781   1.087652   2.572663   0.001000
 -0.040743   0.062235  -0.259843   0.962781   1.087652   2.572663   0.001000
 -0.040743   0.062235  -0.259843   0.962781   1.087652   2.572663   0.001000
 -0.040743   0.062235  -0.259843   0.962781   1.087652   2.572663   0.001000
 -0.040743   0.062235  -0.259843   0.962781   1.087652   2.572663   0.001000
 -0.040743   0.062235  -0.259843   0.962781   1.087652   2.572663   0.001000
 -0.045740   0.052326  -0.236538   0.969133   1.290471   2.521765   0.001000
 -0.062997   0.069939  -0.236535   0.967053   1.163474   1.891905   0.001000
 -0.054002   0.066207  -0.249281   0.964655   1.396253   2.229033   0.001000
 -0.054002   0.066207  -0.249281   0.964655   1.396253   2.229033   0.001000
 -0.054002   0.066207  -0.249281   0.964655   1.396253   2.229033   0.001000
 -0.054002   0.066207  -0.249281   0.964655   1.396253   2.229033   0.001000
 -0.054002   0.066207  -0.249281   0.964655   1.396253   2.229033   0.001000
 -0.054002   0.066207  -0.249281   0.964655   1.396253   2.229033   0.001000
 -0.054002   0.066207  -0.249281   0.964655   1.396253   2.229033   0.001000
 -0.054002   0.066207  -0.249281   0.964655   1.396253   2.229033   0.001000
 -0.054002   0.066207  -0.249281   0.964655   1.396253   2.229033   0.001000
 -0.054002   0.066207  -0.249281   0.964655   1.396253   2.229033   0.001000
 -0.054002   0.066207  -0.249281   0.964655   1.396253   2.229033   0.001000
 -0.054002   0.066207  -0.249281   0.964655   1.396253   2.229033   0.001000
 -0.054002   0.066207  -0.249281   0.964655   1.396253   2.229033   0.001000
 -0.054002   0.066207  -0.249281   0.964655   1.396253   2.229033   0.001000
 -0.054002   0.066207  -0.249281   0.964655   1.396253   2.229033   0.001000
 -0.054002   0.066207  -0.249281   0.964655   1.396253   2.229033   0.001000
 -0.044052   0.059953  -0.241331   0.967587   1.416028   1.845285   0.001000
 -0.044052   0.059953  -0.241331   0.967587   1.416028   1.845285   0.001000
 -0.044052   0.059953  -0.241331   0.967587   1.416028   1.845285   0.001000
 -0.044052   0.059953  -0.241331   0.967587   1.416028   1.845285   0.001000
 -0.044052   0.059953  -0.241331   0.967587   1.416028   1.845285   0.001000
 -0.044052   0.059953  -0.241331   0.967587   1.416028   1.845285   0.001000
 -0.044695   0.058005  -0.246360   0.966408   1.308403   1.785460   0.001000
 -0.044695   0.058005  -0.246360   0.966408   1.308403   1.785460   0.001000
 -0.044695   0.058005  -0.246360   0.966408   1.308403   1.785460   0.001000
 -0.044695   0.058005  -0.246360   0.966408   1.308403   1.785460   0.001000
 -0.044695   0.058005  -0.246360   0.966408   1.308403   1.785460   0.001000
 -0.044695   0.058005  -0.246360   0.966408   1.308403   1.785460   0.001000
 -0.044695   0.058005  -0.246360   0.966408   1.308403   1.785460   0.001000
 -0.044695   0.058005  -0.246360   0.966408   1.308403   1.785460   0.001000
 -0.044695   0.058005  -0.246360   0.966408   1.308403   1.785460   0.001000
 -0.044695   0.058005  -0.246360   0.966408   1.308403   1.785460   0.001000
 -0.044695   0.058005  -0.246360   0.966408   1.308403   1.785460   0.001000
 -0.044695   0.058005  -0.246360   0.966408   1.308403   1.785460   0.001000
 -0.044695   0.058005  -0.246360   0.966408   1.308403   1.785460   0.001000
 -0.044695   0.058005  -0.246360   0.966408   1.308403   1.785460   0.001000
 -0.044695   0.058005  -0.246360   0.966408   1.308403   1.785460   0.001000
 -0.044695   0.058005  -0.246360   0.966408   1.308403   1.785460   0.001000
 -0.044695   0.058005  -0.246360   0.966408   1.308403   1.785460   0.001000
 -0.044695   0.058005  -0.246360   0.966408   1.308403   1.785460   0.001000
 -0.044695   0.058005  -0.246360   0.966408   1.308403   1.785460   0.001000
 -0.044695   0.058005  -0.246360   0.966408   1.308403   1.785460   0.001000
 -0.044695   0.058005  -0.246360   0.966408   1.308403   1.785460   0.001000
 -0.044695   0.058005  -0.246360   0.966408   1.308403   1.785460   0.001000
 -0.044695   0.058005  -0.246360   0.966408   1.308403   1.785460   0.001000
 -0.044695   0.058005  -0.246360   0.966408   1.308403   1.785460   0.001000
 -0.044695   0.058005  -0.246360   0.966408   1.308403   1.785460   0.001000
 -0.044695   0.058005  -0.246360   0.966408   1.308403   1.785460   0.001000
 -0.044695   0.058005  -0.246360   0.966408   1.308403   1.785460   0.001000
 -0.044695   0.058005  -0.246360   0.966408   1.308403   1.785460   0.001000
 -0.044695   0.058005  -0.246360   0.966408   1.308403   1.785460   0.001000
 -0.044695   0.058005  -0.246360   0.966408   1.308403   1.785460   0.001000
 -0.044695   0.058005  -0.246360   0.966408   1.308403   1.785460   0.001000
 -0.044695   0.058005  -0.246360   0.966408   1.308403   1.785460   0.001000
 -0.044695   0.058005  -0.246360   0.966408   1.308403   1.785460   0.001000
 -0.044695   0.058005  -0.246360   0.966408   1.308403   1.785460   0.001000
 -0.044695   0.058005  -0.246360   0.966408   1.308403   1.785460   0.001000
 -0.044695   0.058005  -0.246360   0.966408   1.308403   1.785460   0.001000
 -0.044695   0.058005  -0.246360   0.966408   1.308403   1.785460   0.001000
 -0.044695   0.058005  -0.246360   0.966408   1.308403   1.785460   0.001000
 -0.044695   0.058005  -0.246360   0.966408   1.308403   1.785460   0.001000
 -0.044695   0.058005  -0.246360   0.966408   1.308403   1.785460   0.001000
 -0.044695   0.058005  -0.246360   0.966408   1.308403   1.785460   0.001000
 -0.044695   0.058005  -0.246360   0.966408   1.308403   1.785460   0.001000
 -0.044695   0.058005  -0.246360   0.966408   1.308403   1.785460   0.001000
 -0.044695   0.058005  -0.246360   0.966408   1.308403   1.785460   0.001000
 -0.044695   0.058005  -0.246360   0.966408   1.308403   1.785460   0.001000
 -0.044695   0.058005  -0.246360   0.966408   1.308403   1.785460   0.001000
 -0.044695   0.058005  -0.246360   0.966408   1.308403   1.785460   0.001000
 -0.041955   0.067428  -0.253820   0.963986   1.058569   1.853859   0.001000
 -0.043233   0.058908  -0.243305   0.967194   1.674728   1.845964   0.001000
 -0.043233   0.058908  -0.243305   0.967194   1.674728   1.845964   0.001000
 -0.043233   0.058908  -0.243305   0.967194   1.674728   1.845964   0.001000
 -0.043233   0.058908  -0.243305   0.967194   1.674728   1.845964   0.001000
 -0.043233   0.058908  -0.243305   0.967194   1.674728   1.845964   0.001000
 -0.043233   0.058908  -0.243305   0.967194   1.674728   1.845964   0.001000
 -0.043233   0.058908  -0.243305   0.967194   1.674728   1.845964   0.001000
 -0.043358   0.060612  -0.252003   0.964853   1.567912   1.523480   0.001000
 -0.043358   0.060612  -0.252003   0.964853   1.567912   1.523480   0.001000
 -0.043358   0.060612  -0.252003   0.964853   1.567912   1.523480   0.001000
 -0.043358   0.060612  -0.252003   0.964853   1.567912   1.523480   0.001000
 -0.043358   0.060612  -0.252003   0.964853   1.567912   1.523480   0.001000
 -0.043358   0.060612  -0.252003   0.964853   1.567912   1.523480   0.001000
 -0.043358   0.060612  -0.252003   0.964853   1.567912   1.523480   0.001000
 -0.043358   0.060612  -0.252003   0.964853   1.567912   1.523480   0.001000
 -0.043358   0.060612  -0.252003   0.964853   1.567912   1.523480   0.001000
 -0.043358   0.060612  -0.252003   0.964853   1.567912   1.523480   0.001000
 -0.043358   0.060612  -0.252003   0.964853   1.567912   1.523480   0.001000
 -0.043358   0.060612  -0.252003   0.964853   1.567912   1.523480   0.001000
 -0.039573   0.082278  -0.263917   0.960215   1.802268   1.913947   0.001000
 -0.040263   0.072011  -0.242918   0.966532   1.481681   1.563721   0.001000
 -0.050740   0.074496  -0.246725   0.964885   1.029848   1.971808   0.001000
 -0.050740   0.074496  -0.246725   0.964885   1.029848   1.971808   0.001000
 -0.050740   0.074496  -0.246725   0.964885   1.029848   1.971808   0.001000
 -0.050740   0.074496  -0.246725   0.964885   1.029848   1.971808   0.001000
 -0.050740   0.074496  -0.246725   0.964885   1.029848   1.971808   0.001000
 -0.050740   0.074496  -0.246725   0.964885   1.029848   1.971808   0.001000
 -0.050740   0.074496  -0.246725   0.964885   1.029848   1.971808   0.001000
 -0.050740   0.074496  -0.246725   0.964885   1.029848   1.971808   0.001000
 -0.050740   0.074496  -0.246725   0.964885   1.029848   1.971808   0.001000
 -0.050740   0.074496  -0.246725   0.964885   1.029848   1.971808   0.001000
 -0.050740   0.074496  -0.246725   0.964885   1.029848   1.971808   0.001000
 -0.039055   0.038294  -0.250232   0.966640   1.087772   1.581102   0.001000
 -0.039260   0.053977  -0.237091   0.969192   1.146870   1.452093   0.001000
 -0.039260   0.053977  -0.237091   0.969192   1.146870   1.452093   0.001000
 -0.051706   0.067448  -0.244943   0.965806   1.299839   1.384954   0.001000
 -0.051706   0.067448  -0.244943   0.965806   1.299839   1.384954   0.001000
 -0.040416   0.075283  -0.217963   0.972209   1.059432   1.610993   0.001000
 -0.046696   0.069718  -0.238206   0.967583   1.121437   1.667334   0.001000
 -0.051203   0.072827  -0.244195   0.965631   1.070099   1.813043   0.001000
  0.147046   0.066616  -0.252805   0.953955   0.975037   1.803427   0.001000
 -0.048578   0.051688  -0.255204   0.964282   1.004997   1.620652   0.001000
 -0.052889   0.060885  -0.249141   0.965103   1.198484   1.948056   0.001000
 -0.052889   0.060885  -0.249141   0.965103   1.198484   1.948056   0.001000
 -0.052889   0.060885  -0.249141   0.965103   1.198484   1.948056   0.001000
 -0.052889   0.060885  -0.249141   0.965103   1.198484   1.948056   0.001000
 -0.040115   0.056447  -0.246445   0.966679   1.131978   2.027164   0.001000
 -0.040115   0.056447  -0.246445   0.966679   1.131978   2.027164   0.001000
 -0.040115   0.056447  -0.246445   0.966679   1.131978   2.027164   0.001000
 -0.040115   0.056447  -0.246445   0.966679   1.131978   2.027164   0.001000
 -0.040115   0.056447  -0.246445   0.966679   1.131978   2.027164   0.001000
 -0.040115   0.056447  -0.246445   0.966679   1.131978   2.027164   0.001000
 -0.040115   0.056447  -0.246445   0.966679   1.131978   2.027164   0.001000
 -0.040115   0.056447  -0.246445   0.966679   1.131978   2.027164   0.001000
 -0.040115   0.056447  -0.246445   0.966679   1.131978   2.027164   0.001000
 -0.040115   0.056447  -0.246445   0.966679   1.131978   2.027164   0.001000
 -0.040115   0.056447  -0.246445   0.966679   1.131978   2.027164   0.001000
 -0.040115   0.056447  -0.246445   0.966679   1.131978   2.027164   0.001000
 -0.040115   0.056447  -0.246445   0.966679   1.131978   2.027164   0.001000
 -0.040115   0.056447  -0.246445   0.966679   1.131978   2.027164   0.001000
 -0.040115   0.056447  -0.246445   0.966679   1.131978   2.027164   0.001000
 -0.040115   0.056447  -0.246445   0.966679   1.131978   2.027164   0.001000
 -0.040115   0.056447  -0.246445   0.966679   1.131978   2.027164   0.001000
 -0.040115   0.056447  -0.246445   0.966679   1.131978   2.027164   0.001000
 -0.040115   0.056447  -0.246445   0.966679   1.131978   2.027164   0.001000
 -0.040115   0.056447  -0.246445   0.966679   1.131978   2.027164   0.001000
 -0.040115   0.056447  -0.246445   0.966679   1.131978   2.027164   0.001000
 -0.040115   0.056447  -0.246445   0.966679   1.131978   2.027164   0.001000
 -0.040115   0.056447  -0.246445   0.966679   1.131978   2.027164   0.001000
 -0.040115   0.056447  -0.246445   0.966679   1.131978   2.027164   0.001000
 -0.040115   0.056447  -0.246445   0.966679   1.131978   2.027164   0.001000
 -0.040115   0.056447  -0.246445   0.966679   1.131978   2.027164   0.001000
 -0.040115   0.056447  -0.246445   0.966679   1.131978   2.027164   0.001000
 -0.040115   0.056447  -0.246445   0.966679   1.131978   2.027164   0.001000
 -0.040115   0.056447  -0.246445   0.966679   1.131978   2.027164   0.001000
 -0.040115   0.056447  -0.246445   0.966679   1.131978   2.027164   0.001000
 -0.040115   0.056447  -0.246445   0.966679   1.131978   2.027164   0.001000
 -0.040115   0.056447  -0.246445   0.966679   1.131978   2.027164   0.001000
 -0.040115   0.056447  -0.246445   0.966679   1.131978   2.027164   0.001000
 -0.040115   0.056447  -0.246445   0.966679   1.131978   2.027164   0.001000
 -0.040115   0.056447  -0.246445   0.966679   1.131978   2.027164   0.001000
 -0.058906   0.074214  -0.242112   0.965611   1.168093   1.653176   0.001000
 -0.055790   0.053974  -0.243735   0.966730   1.274221   1.781677   0.001000
 -0.055790   0.053974  -0.243735   0.966730   1.274221   1.781677   0.001000
 -0.055790   0.053974  -0.243735   0.966730   1.274221   1.781677   0.001000
 -0.055790   0.053974  -0.243735   0.966730   1.274221   1.781677   0.001000
 -0.055790   0.053974  -0.243735   0.966730   1.274221   1.781677   0.001000
 -0.055790   0.053974  -0.243735   0.966730   1.274221   1.781677   0.001000
 -0.039434   0.068690  -0.242478   0.966918   1.141785   1.713649   0.001000
 -0.039434   0.068690  -0.242478   0.966918   1.141785   1.713649   0.001000
 -0.039434   0.068690  -0.242478   0.966918   1.141785   1.713649   0.001000
 -0.039434   0.068690  -0.242478   0.966918   1.141785   1.713649   0.001000
 -0.039434   0.068690  -0.242478   0.966918   1.141785   1.713649   0.001000
 -0.039434   0.068690  -0.242478   0.966918   1.141785   1.713649   0.001000
 -0.039434   0.068690  -0.242478   0.966918   1.141785   1.713649   0.001000
 -0.039434   0.068690  -0.242478   0.966918   1.141785   1.713649   0.001000
 -0.039434   0.068690  -0.242478   0.966918   1.141785   1.713649   0.001000
 -0.053509   0.068649  -0.243879   0.965892   1.270968   1.758560   0.001000
 -0.053509   0.068649  -0.243879   0.965892   1.270968   1.758560   0.001000
 -0.053509   0.068649  -0.243879   0.965892   1.270968   1.758560   0.001000
 -0.049565   0.064131  -0.240547   0.967247   1.208429   1.528152   0.001000
 -0.049565   0.064131  -0.240547   0.967247   1.208429   1.528152   0.001000
 -0.049565   0.064131  -0.240547   0.967247   1.208429   1.528152   0.001000
 -0.049565   0.064131  -0.240547   0.967247   1.208429   1.528152   0.001000
 -0.049565   0.064131  -0.240547   0.967247   1.208429   1.528152   0.001000
 -0.049565   0.064131  -0.240547   0.967247   1.208429   1.528152   0.001000
 -0.049565   0.064131  -0.240547   0.967247   1.208429   1.528152   0.001000
 -0.049565   0.064131  -0.240547   0.967247   1.208429   1.528152   0.001000
 -0.049565   0.064131  -0.240547   0.967247   1.208429   1.528152   0.001000
 -0.049565   0.064131  -0.240547   0.967247   1.208429   1.528152   0.001000
 -0.049565   0.064131  -0.240547   0.967247   1.208429   1.528152   0.001000
 -0.049565   0.064131  -0.240547   0.967247   1.208429   1.528152   0.001000
 -0.047671   0.065136  -0.244653   0.966245   1.284126   2.087757   0.001000
 -0.047671   0.065136  -0.244653   0.966245   1.284126   2.087757   0.001000
 -0.047671   0.065136  -0.244653   0.966245   1.284126   2.087757   0.001000
 -0.047671   0.065136  -0.244653   0.966245   1.284126   2.087757   0.001000
 -0.047671   0.065136  -0.244653   0.966245   1.284126   2.087757   0.001000
 -0.047671   0.065136  -0.244653   0.966245   1.284126   2.087757   0.001000
 -0.047671   0.065136  -0.244653   0.966245   1.284126   2.087757   0.001000
 -0.047671   0.065136  -0.244653   0.966245   1.284126   2.087757   0.001000
 -0.047671   0.065136  -0.244653   0.966245   1.284126   2.087757   0.001000
 -0.047671   0.065136  -0.244653   0.966245   1.284126   2.087757   0.001000
 -0.047671   0.065136  -0.244653   0.966245   1.284126   2.087757   0.001000
 -0.047671   0.065136  -0.244653   0.966245   1.284126   2.087757   0.001000
 -0.047671   0.065136  -0.244653   0.966245   1.284126   2.087757   0.001000
 -0.047671   0.065136  -0.244653   0.966245   1.284126   2.087757   0.001000
 -0.047671   0.065136  -0.244653   0.966245   1.284126   2.087757   0.001000
 -0.047671   0.065136  -0.244653   0.966245   1.284126   2.087757   0.001000
 -0.047671   0.065136  -0.244653   0.966245   1.284126   2.087757   0.001000
 -0.047671   0.065136  -0.244653   0.966245   1.284126   2.087757   0.001000
 -0.047671   0.065136  -0.244653   0.966245   1.284126   2.087757   0.001000
 -0.047671   0.065136  -0.244653   0.966245   1.284126   2.087757   0.001000
 -0.047671   0.065136  -0.244653   0.966245   1.284126   2.087757   0.001000
 -0.047671   0.065136  -0.244653   0.966245   1.284126   2.087757   0.001000
 -0.047671   0.065136  -0.244653   0.966245   1.284126   2.087757   0.001000
 -0.047671   0.065136  -0.244653   0.966245   1.284126   2.087757   0.001000
 -0.047671   0.065136  -0.244653   0.966245   1.284126   2.087757   0.001000
 -0.047671   0.065136  -0.244653   0.966245   1.284126   2.087757   0.001000
 -0.047671   0.065136  -0.244653   0.966245   1.284126   2.087757   0.001000
 -0.047671   0.065136  -0.244653   0.966245   1.284126   2.087757   0.001000
 -0.047671   0.065136  -0.244653   0.966245   1.284126   2.087757   0.001000
 -0.047671   0.065136  -0.244653   0.966245   1.284126   2.087757   0.001000
 -0.047671   0.065136  -0.244653   0.966245   1.284126   2.087757   0.001000
 -0.047671   0.065136  -0.244653   0.966245   1.284126   2.087757   0.001000
 -0.047671   0.065136  -0.244653   0.966245   1.284126   2.087757   0.001000
 -0.047671   0.065136  -0.244653   0.966245   1.284126   2.087757   0.001000
 -0.047671   0.065136  -0.244653   0.966245   1.284126   2.087757   0.001000
 -0.047671   0.065136  -0.244653   0.966245   1.284126   2.087757   0.001000
 -0.047671   0.065136  -0.244653   0.966245   1.284126   2.087757   0.001000
 -0.047671   0.065136  -0.244653   0.966245   1.284126   2.087757   0.001000
 -0.047671   0.065136  -0.244653   0.966245   1.284126   2.087757   0.001000
 -0.047671   0.065136  -0.244653   0.966245   1.284126   2.087757   0.001000
 -0.055147   0.060424  -0.244490   0.966195   1.429727   1.890279   0.001000
 -0.051567   0.065977  -0.240172   0.967112   1.352764   1.691605   0.001000
 -0.051567   0.065977  -0.240172   0.967112   1.352764   1.691605   0.001000
 -0.051567   0.065977  -0.240172   0.967112   1.352764   1.691605   0.001000
 -0.042784   0.054170  -0.233765   0.969840   0.971658   1.897830   0.001000
 -0.065359   0.054848  -0.237717   0.967580   1.702314   1.793769   0.001000
 -0.040072   0.061510  -0.251317   0.965117   1.734922   1.487411   0.001000
 -0.040072   0.061510  -0.251317   0.965117   1.734922   1.487411   0.001000
 -0.041425   0.060144  -0.238328   0.968435   1.661537   1.729166   0.001000
 -0.041425   0.060144  -0.238328   0.968435   1.661537   1.729166   0.001000
 -0.049791   0.084317  -0.241686   0.965401   1.874171   1.438962   0.001000
 -0.050262   0.055665  -0.242314   0.967295   1.476769   1.241897   0.001000
 -0.041062   0.061342  -0.246110   0.966427   1.576714   1.578257   0.001000
 -0.040228   0.058172  -0.237667   0.968768   1.455598   1.723389   0.001000
 -0.038406   0.060655  -0.243752   0.967177   1.497416   1.615185   0.001000
 -0.038406   0.060655  -0.243752   0.967177   1.497416   1.615185   0.001000
 -0.038406   0.060655  -0.243752   0.967177   1.497416   1.615185   0.001000
 -0.038406   0.060655  -0.243752   0.967177   1.497416   1.615185   0.001000
 -0.038406   0.060655  -0.243752   0.967177   1.497416   1.615185   0.001000
 -0.038406   0.060655  -0.243752   0.967177   1.497416   1.615185   0.001000
 -0.038406   0.060655  -0.243752   0.967177   1.497416   1.615185   0.001000
 -0.038406   0.060655  -0.243752   0.967177   1.497416   1.615185   0.001000
 -0.038406   0.060655  -0.243752   0.967177   1.497416   1.615185   0.001000
 -0.038406   0.060655  -0.243752   0.967177   1.497416   1.615185   0.001000
 -0.038406   0.060655  -0.243752   0.967177   1.497416   1.615185   0.001000
 -0.038406   0.060655  -0.243752   0.967177   1.497416   1.615185   0.001000
 -0.038406   0.060655  -0.243752   0.967177   1.497416   1.615185   0.001000
 -0.038406   0.060655  -0.243752   0.967177   1.497416   1.615185   0.001000
 -0.038406   0.060655  -0.243752   0.967177   1.497416   1.615185   0.001000
 -0.038406   0.060655  -0.243752   0.967177   1.497416   1.615185   0.001000
 -0.038406   0.060655  -0.243752   0.967177   1.497416   1.615185   0.001000
 -0.038406   0.060655  -0.243752   0.967177   1.497416   1.615185   0.001000
 -0.038406   0.060655  -0.243752   0.967177   1.497416   1.615185   0.001000
 -0.038406   0.060655  -0.243752   0.967177   1.497416   1.615185   0.001000
 -0.038406   0.060655  -0.243752   0.967177   1.497416   1.615185   0.001000
 -0.038406   0.060655  -0.243752   0.967177   1.497416   1.615185   0.001000
 -0.038406   0.060655  -0.243752   0.967177   1.497416   1.615185   0.001000
 -0.038406   0.060655  -0.243752   0.967177   1.497416   1.615185   0.001000
 -0.038406   0.060655  -0.243752   0.967177   1.497416   1.615185   0.001000
 -0.038406   0.060655  -0.243752   0.967177   1.497416   1.615185   0.001000
 -0.038406   0.060655  -0.243752   0.967177   1.497416   1.615185   0.001000
 -0.038406   0.060655  -0.243752   0.967177   1.497416   1.615185   0.001000
 -0.038406   0.060655  -0.243752   0.967177   1.497416   1.615185   0.001000
 -0.038406   0.060655  -0.243752   0.967177   1.497416   1.615185   0.001000
 -0.003642   0.051865  -0.237159   0.970079   1.456408   1.293768   0.001000
 -0.222123   0.013941  -0.286375   0.931910   1.304018   1.496862   0.001000
 -0.036707   0.061513  -0.251358   0.965240   1.294321   1.568167   0.001000
 -0.037997   0.055453  -0.238316   0.968858   1.452873   1.338887   0.001000
 -0.059722   0.079768  -0.237555   0.966249   1.458652   1.812480   0.001000
 -0.059722   0.079768  -0.237555   0.966249   1.458652   1.812480   0.001000
 -0.059722   0.079768  -0.237555   0.966249   1.458652   1.812480   0.001000
 -0.059722   0.079768  -0.237555   0.966249   1.458652   1.812480   0.001000
 -0.042445   0.054867  -0.249514   0.965883   1.375352   1.710163   0.001000
 -0.042445   0.054867  -0.249514   0.965883   1.375352   1.710163   0.001000
 -0.042345   0.057734  -0.243878   0.967159   1.392905   1.738943   0.001000
 -0.042345   0.057734  -0.243878   0.967159   1.392905   1.738943   0.001000
 -0.042345   0.057734  -0.243878   0.967159   1.392905   1.738943   0.001000
 -0.048063   0.065063  -0.256213   0.963230   1.725038   1.689416   0.001000
 -0.041476   0.056819  -0.249906   0.965711   1.488301   1.341624   0.001000
 -0.041476   0.056819  -0.249906   0.965711   1.488301   1.341624   0.001000
 -0.057843   0.059148  -0.245601   0.965834   1.325354   1.667598   0.001000
 -0.057843   0.059148  -0.245601   0.965834   1.325354   1.667598   0.001000
 -0.044564   0.051256  -0.239883   0.968423   1.520951   1.547385   0.001000
 -0.037085   0.059430  -0.235057   0.969454   1.422277   0.975333   0.001000
 -0.044675   0.061251  -0.237566   0.968408   1.695205   1.440282   0.001000
 -0.044675   0.061251  -0.237566   0.968408   1.695205   1.440282   0.001000
 -0.044675   0.061251  -0.237566   0.968408   1.695205   1.440282   0.001000
 -0.043928   0.061047  -0.243942   0.966869   1.573816   1.396404   0.001000
 -0.043928   0.061047  -0.243942   0.966869   1.573816   1.396404   0.001000
 -0.043928   0.061047  -0.243942   0.966869   1.573816   1.396404   0.001000
 -0.043928   0.061047  -0.243942   0.966869   1.573816   1.396404   0.001000
 -0.043928   0.061047  -0.243942   0.966869   1.573816   1.396404   0.001000
 -0.043928   0.061047  -0.243942   0.966869   1.573816   1.396404   0.001000
 -0.043928   0.061047  -0.243942   0.966869   1.573816   1.396404   0.001000
 -0.043928   0.061047  -0.243942   0.966869   1.573816   1.396404   0.001000
 -0.043928   0.061047  -0.243942   0.966869   1.573816   1.396404   0.001000
 -0.043928   0.061047  -0.243942   0.966869   1.573816   1.396404   0.001000
 -0.043928   0.061047  -0.243942   0.966869   1.573816   1.396404   0.001000
 -0.043928   0.061047  -0.243942   0.966869   1.573816   1.396404   0.001000
 -0.043928   0.061047  -0.243942   0.966869   1.573816   1.396404   0.001000
 -0.043928   0.061047  -0.243942   0.966869   1.573816   1.396404   0.001000
 -0.043928   0.061047  -0.243942   0.966869   1.573816   1.396404   0.001000
 -0.043928   0.061047  -0.243942   0.966869   1.573816   1.396404   0.001000
 -0.043928   0.061047  -0.243942   0.966869   1.573816   1.396404   0.001000
 -0.043928   0.061047  -0.243942   0.966869   1.573816   1.396404   0.001000
 -0.043928   0.061047  -0.243942   0.966869   1.573816   1.396404   0.001000
 -0.043928   0.061047  -0.243942   0.966869   1.573816   1.396404   0.001000
 -0.043928   0.061047  -0.243942   0.966869   1.573816   1.396404   0.001000
 -0.043928   0.061047  -0.243942   0.966869   1.573816   1.396404   0.001000
 -0.043928   0.061047  -0.243942   0.966869   1.573816   1.396404   0.001000
 -0.043928   0.061047  -0.243942   0.966869   1.573816   1.396404   0.001000
 -0.043928   0.061047  -0.243942   0.966869   1.573816   1.396404   0.001000
 -0.043928   0.061047  -0.243942   0.966869   1.573816   1.396404   0.001000
 -0.043928   0.061047  -0.243942   0.966869   1.573816   1.396404   0.001000
 -0.043928   0.061047  -0.243942   0.966869   1.573816   1.396404   0.001000
 -0.043603   0.053718  -0.248945   0.966043   1.277309   1.394318   0.001000
 -0.036575   0.054941  -0.240460   0.968412   1.580751   1.472098   0.001000
 -0.036575   0.054941  -0.240460   0.968412   1.580751   1.472098   0.001000
 -0.039932   0.061237  -0.247932   0.966015   1.513605   1.394243   0.001000
 -0.039932   0.061237  -0.247932   0.966015   1.513605   1.394243   0.001000
 -0.039932   0.061237  -0.247932   0.966015   1.513605   1.394243   0.001000
 -0.039932   0.061237  -0.247932   0.966015   1.513605   1.394243   0.001000
 -0.039932   0.061237  -0.247932   0.966015   1.513605   1.394243   0.001000
 -0.039932   0.061237  -0.247932   0.966015   1.513605   1.394243   0.001000
 -0.058983   0.062107  -0.251363   0.964096   1.547215   1.537774   0.001000
 -0.038895   0.055643  -0.238242   0.968830   1.334909   1.394905   0.001000
 -0.024568   0.071710  -0.243957   0.966819   1.516288   1.555926   0.001000
 -0.033644   0.063652  -0.246341   0.966505   1.552980   1.420138   0.001000
 -0.033644   0.063652  -0.246341   0.966505   1.552980   1.420138   0.001000
 -0.022472   0.052600  -0.249081   0.966792   1.491177   1.492230   0.001000
 -0.022472   0.052600  -0.249081   0.966792   1.491177   1.492230   0.001000
 -0.022472   0.052600  -0.249081   0.966792   1.491177   1.492230   0.001000
 -0.047482   0.057302  -0.242212   0.967365   1.455476   1.435369   0.001000
 -0.047482   0.057302  -0.242212   0.967365   1.455476   1.435369   0.001000
 -0.047482   0.057302  -0.242212   0.967365   1.455476   1.435369   0.001000
 -0.047482   0.057302  -0.242212   0.967365   1.455476   1.435369   0.001000
 -0.047482   0.057302  -0.242212   0.967365   1.455476   1.435369   0.001000
 -0.047482   0.057302  -0.242212   0.967365   1.455476   1.435369   0.001000
 -0.047482   0.057302  -0.242212   0.967365   1.455476   1.435369   0.001000
 -0.047482   0.057302  -0.242212   0.967365   1.455476   1.435369   0.001000
 -0.047482   0.057302  -0.242212   0.967365   1.455476   1.435369   0.001000
 -0.047482   0.057302  -0.242212   0.967365   1.455476   1.435369   0.001000
 -0.047482   0.057302  -0.242212   0.967365   1.455476   1.435369   0.001000
 -0.047482   0.057302  -0.242212   0.967365   1.455476   1.435369   0.001000
 -0.047482   0.057302  -0.242212   0.967365   1.455476   1.435369   0.001000
 -0.047482   0.057302  -0.242212   0.967365   1.455476   1.435369   0.001000
 -0.047482   0.057302  -0.242212   0.967365   1.455476   1.435369   0.001000
 -0.047482   0.057302  -0.242212   0.967365   1.455476   1.435369   0.001000
 -0.047482   0.057302  -0.242212   0.967365   1.455476   1.435369   0.001000
 -0.047482   0.057302  -0.242212   0.967365   1.455476   1.435369   0.001000
 -0.047482   0.057302  -0.242212   0.967365   1.455476   1.435369   0.001000
 -0.044756   0.053506  -0.244093   0.967240   1.441830   1.434011   0.001000
 -0.040157   0.059196  -0.238479   0.968510   1.547882   1.656323   0.001000
 -0.040157   0.059196  -0.238479   0.968510   1.547882   1.656323   0.001000
 -0.040157   0.059196  -0.238479   0.968510   1.547882   1.656323   0.001000
 -0.038597   0.050238  -0.239245   0.968890   1.414093   1.342067   0.001000
 -0.038597   0.050238  -0.239245   0.968890   1.414093   1.342067   0.001000
 -0.038597   0.050238  -0.239245   0.968890   1.414093   1.342067   0.001000
 -0.029620   0.060210  -0.243137   0.967668   1.706552   1.038304   0.001000
 -0.048088   0.058159  -0.249117   0.965529   1.562707   1.502583   0.001000
 -0.036356   0.057849  -0.240883   0.968146   1.551347   1.339631   0.001000
 -0.036356   0.057849  -0.240883   0.968146   1.551347   1.339631   0.001000
 -0.041844   0.058676  -0.249807   0.965610   1.504957   1.467338   0.001000
 -0.037403   0.064198  -0.264387   0.961551   1.672874   1.483035   0.001000
 -0.041622   0.058418  -0.249058   0.965829   1.404790   1.217377   0.001000
 -0.044860   0.063028  -0.237110   0.968398   1.468584   1.474655   0.001000
 -0.044860   0.063028  -0.237110   0.968398   1.468584   1.474655   0.001000
 -0.044860   0.063028  -0.237110   0.968398   1.468584   1.474655   0.001000
 -0.044860   0.063028  -0.237110   0.968398   1.468584   1.474655   0.001000
 -0.044860   0.063028  -0.237110   0.968398   1.468584   1.474655   0.001000
 -0.044860   0.063028  -0.237110   0.968398   1.468584   1.474655   0.001000
 -0.044860   0.063028  -0.237110   0.968398   1.468584   1.474655   0.001000
 -0.044860   0.063028  -0.237110   0.968398   1.468584   1.474655   0.001000
 -0.044860   0.063028  -0.237110   0.968398   1.468584   1.474655   0.001000
 -0.040183   0.066922  -0.232408   0.969481   1.524864   1.323398   0.001000
 -0.040183   0.066922  -0.232408   0.969481   1.524864   1.323398   0.001000
 -0.040183   0.066922  -0.232408   0.969481   1.524864   1.323398   0.001000
 -0.040183   0.066922  -0.232408   0.969481   1.524864   1.323398   0.001000
 -0.040183   0.066922  -0.232408   0.969481   1.524864   1.323398   0.001000
 -0.034867   0.070490  -0.262683   0.961672   1.329072   1.668183   0.001000
 -0.034867   0.070490  -0.262683   0.961672   1.329072   1.668183   0.001000
 -0.034867   0.070490  -0.262683   0.961672   1.329072   1.668183   0.001000
 -0.034867   0.070490  -0.262683   0.961672   1.329072   1.668183   0.001000
 -0.034508   0.058771  -0.248887   0.966132   1.641094   1.458866   0.001000
 -0.034508   0.058771  -0.248887   0.966132   1.641094   1.458866   0.001000
 -0.034508   0.058771  -0.248887   0.966132   1.641094   1.458866   0.001000
 -0.034508   0.058771  -0.248887   0.966132   1.641094   1.458866   0.001000
 -0.034508   0.058771  -0.248887   0.966132   1.641094   1.458866   0.001000
 -0.040000   0.063029  -0.243017   0.967145   1.503263   1.635877   0.001000
 -0.040000   0.063029  -0.243017   0.967145   1.503263   1.635877   0.001000
 -0.040000   0.063029  -0.243017   0.967145   1.503263   1.635877   0.001000
 -0.040000   0.063029  -0.243017   0.967145   1.503263   1.635877   0.001000
 -0.040000   0.063029  -0.243017   0.967145   1.503263   1.635877   0.001000
 -0.040000   0.063029  -0.243017   0.967145   1.503263   1.635877   0.001000
 -0.040000   0.063029  -0.243017   0.967145   1.503263   1.635877   0.001000
 -0.034150   0.073502  -0.249700   0.964926   1.479660   1.071514   0.001000
 -0.037841   0.061782  -0.234273   0.969467   1.421178   1.246806   0.001000
 -0.037841   0.061782  -0.234273   0.969467   1.421178   1.246806   0.001000
 -0.047757   0.061804  -0.238262   0.968055   1.480716   1.233744   0.001000
 -0.047757   0.061804  -0.238262   0.968055   1.480716   1.233744   0.001000
 -0.047757   0.061804  -0.238262   0.968055   1.480716   1.233744   0.001000
 -0.032728   0.047158  -0.246159   0.967528   1.667916   1.858440   0.001000
 -0.050811   0.044950  -0.237897   0.968918   1.259487   1.478102   0.001000
 -0.038393   0.064015  -0.247407   0.966032   1.266462   1.292824   0.001000
 -0.038393   0.064015  -0.247407   0.966032   1.266462   1.292824   0.001000
 -0.038393   0.064015  -0.247407   0.966032   1.266462   1.292824   0.001000
 -0.038393   0.064015  -0.247407   0.966032   1.266462   1.292824   0.001000
 -0.038096   0.068899  -0.254474   0.963870   1.536262   1.612318   0.001000
 -0.045304   0.062044  -0.239473   0.967859   1.527966   1.465521   0.001000
 -0.045304   0.062044  -0.239473   0.967859   1.527966   1.465521   0.001000
 -0.045304   0.062044  -0.239473   0.967859   1.527966   1.465521   0.001000
 -0.051013   0.066771  -0.259903   0.961972   1.475152   1.461692   0.001000
 -0.043074   0.061639  -0.240975   0.967614   1.911491   1.827497   0.001000
 -0.043074   0.061639  -0.240975   0.967614   1.911491   1.827497   0.001000
 -0.044916   0.053422  -0.246406   0.966650   1.933334   1.508217   0.001000
 -0.051859   0.059601  -0.264655   0.961102   2.025830   1.587097   0.001000
 -0.064511   0.059711  -0.255295   0.962859   1.484698   1.836656   0.001000
 -0.042979   0.061465  -0.243004   0.967121   1.869461   1.226383   0.001000
 -0.036408   0.040427  -0.236513   0.970104   1.484752   1.437973   0.001000
 -0.036408   0.040427  -0.236513   0.970104   1.484752   1.437973   0.001000
 -0.044898   0.060327  -0.246630   0.966188   1.770696   1.749112   0.001000
 -0.044898   0.060327  -0.246630   0.966188   1.770696   1.749112   0.001000
 -0.044898   0.060327  -0.246630   0.966188   1.770696   1.749112   0.001000
 -0.044898   0.060327  -0.246630   0.966188   1.770696   1.749112   0.001000
 -0.044898   0.060327  -0.246630   0.966188   1.770696   1.749112   0.001000
 -0.044898   0.060327  -0.246630   0.966188   1.770696   1.749112   0.001000
 -0.044898   0.060327  -0.246630   0.966188   1.770696   1.749112   0.001000
 -0.044898   0.060327  -0.246630   0.966188   1.770696   1.749112   0.001000
 -0.044898   0.060327  -0.246630   0.966188   1.770696   1.749112   0.001000
 -0.044898   0.060327  -0.246630   0.966188   1.770696   1.749112   0.001000
 -0.044898   0.060327  -0.246630   0.966188   1.770696   1.749112   0.001000
 -0.044898   0.060327  -0.246630   0.966188   1.770696   1.749112   0.001000
 -0.044898   0.060327  -0.246630   0.966188   1.770696   1.749112   0.001000
 -0.044898   0.060327  -0.246630   0.966188   1.770696   1.749112   0.001000
 -0.044898   0.060327  -0.246630   0.966188   1.770696   1.749112   0.001000
 -0.044898   0.060327  -0.246630   0.966188   1.770696   1.749112   0.001000
 -0.044898   0.060327  -0.246630   0.966188   1.770696   1.749112   0.001000
 -0.044898   0.060327  -0.246630   0.966188   1.770696   1.749112   0.001000
 -0.044898   0.060327  -0.246630   0.966188   1.770696   1.749112   0.001000
 -0.044898   0.060327  -0.246630   0.966188   1.770696   1.749112   0.001000
 -0.044898   0.060327  -0.246630   0.966188   1.770696   1.749112   0.001000
 -0.049315   0.059360  -0.242846   0.966990   1.765201   1.398714   0.001000
 -0.049315   0.059360  -0.242846   0.966990   1.765201   1.398714   0.001000
 -0.049315   0.059360  -0.242846   0.966990   1.765201   1.398714   0.001000
 -0.052995   0.060190  -0.231982   0.969409   1.618922   1.282672   0.001000
 -0.052995   0.060190  -0.231982   0.969409   1.618922   1.282672   0.001000
 -0.042199   0.061262  -0.246583   0.966262   1.638560   1.533750   0.001000
 -0.042199   0.061262  -0.246583   0.966262   1.638560   1.533750   0.001000
 -0.042199   0.061262  -0.246583   0.966262   1.638560   1.533750   0.001000
 -0.042199   0.061262  -0.246583   0.966262   1.638560   1.533750   0.001000
 -0.042199   0.061262  -0.246583   0.966262   1.638560   1.533750   0.001000
 -0.042199   0.061262  -0.246583   0.966262   1.638560   1.533750   0.001000
 -0.042199   0.061262  -0.246583   0.966262   1.638560   1.533750   0.001000
 -0.042199   0.061262  -0.246583   0.966262   1.638560   1.533750   0.001000
 -0.042199   0.061262  -0.246583   0.966262   1.638560   1.533750   0.001000
 -0.042199   0.061262  -0.246583   0.966262   1.638560   1.533750   0.001000
 -0.042199   0.061262  -0.246583   0.966262   1.638560   1.533750   0.001000
 -0.042199   0.061262  -0.246583   0.966262   1.638560   1.533750   0.001000
 -0.042199   0.061262  -0.246583   0.966262   1.638560   1.533750   0.001000
 -0.042199   0.061262  -0.246583   0.966262   1.638560   1.533750   0.001000
 -0.042199   0.061262  -0.246583   0.966262   1.638560   1.533750   0.001000
 -0.042199   0.061262  -0.246583   0.966262   1.638560   1.533750   0.001000
 -0.042199   0.061262  -0.246583   0.966262   1.638560   1.533750   0.001000
 -0.047163   0.052249  -0.230864   0.970437   1.864257   1.669119   0.001000
 -0.055980   0.055993  -0.253044   0.964209   1.830457   1.318928   0.001000
 -0.039960   0.064876  -0.249286   0.965428   1.635902   1.511801   0.001000
 -0.039960   0.064876  -0.249286   0.965428   1.635902   1.511801   0.001000
 -0.039960   0.064876  -0.249286   0.965428   1.635902   1.511801   0.001000
 -0.039960   0.064876  -0.249286   0.965428   1.635902   1.511801   0.001000
 -0.048020   0.062392  -0.233297   0.969213   1.774484   1.722928   0.001000
 -0.048020   0.062392  -0.233297   0.969213   1.774484   1.722928   0.001000
 -0.047277   0.058225  -0.245331   0.966534   1.547507   1.763765   0.001000
 -0.047277   0.058225  -0.245331   0.966534   1.547507   1.763765   0.001000
 -0.047277   0.058225  -0.245331   0.966534   1.547507   1.763765   0.001000
 -0.047277   0.058225  -0.245331   0.966534   1.547507   1.763765   0.001000
 -0.047277   0.058225  -0.245331   0.966534   1.547507   1.763765   0.001000
 -0.047277   0.058225  -0.245331   0.966534   1.547507   1.763765   0.001000
 -0.047277   0.058225  -0.245331   0.966534   1.547507   1.763765   0.001000
 -0.047277   0.058225  -0.245331   0.966534   1.547507   1.763765   0.001000
 -0.047277   0.058225  -0.245331   0.966534   1.547507   1.763765   0.001000
 -0.047277   0.058225  -0.245331   0.966534   1.547507   1.763765   0.001000
 -0.047277   0.058225  -0.245331   0.966534   1.547507   1.763765   0.001000
 -0.047277   0.058225  -0.245331   0.966534   1.547507   1.763765   0.001000
 -0.047277   0.058225  -0.245331   0.966534   1.547507   1.763765   0.001000
 -0.047277   0.058225  -0.245331   0.966534   1.547507   1.763765   0.001000
 -0.047277   0.058225  -0.245331   0.966534   1.547507   1.763765   0.001000
 -0.047277   0.058225  -0.245331   0.966534   1.547507   1.763765   0.001000
 -0.035988   0.056537  -0.230504   0.970761   1.595435   1.480882   0.001000
 -0.053708   0.085945  -0.265930   0.958650   1.843779   1.651635   0.001000
 -0.040125   0.055334  -0.253086   0.965026   1.761442   1.972389   0.001000
 -0.040125   0.055334  -0.253086   0.965026   1.761442   1.972389   0.001000
 -0.040125   0.055334  -0.253086   0.965026   1.761442   1.972389   0.001000
 -0.040125   0.055334  -0.253086   0.965026   1.761442   1.972389   0.001000
 -0.040125   0.055334  -0.253086   0.965026   1.761442   1.972389   0.001000
 -0.038570   0.064960  -0.229658   0.970335   1.614723   1.880128   0.001000
 -0.038570   0.064960  -0.229658   0.970335   1.614723   1.880128   0.001000
 -0.038497   0.049716  -0.249093   0.966436   1.471933   1.548768   0.001000
 -0.051536   0.052179  -0.226498   0.971247   1.610916   1.295967   0.001000
 -0.055471   0.060752  -0.249287   0.964929   1.840418   1.383783   0.001000
 -0.031025   0.053422  -0.236063   0.969772   1.355092   0.887369   0.001000
 -0.046015   0.054993  -0.240099   0.968097   1.527105   1.055476   0.001000
 -0.046015   0.054993  -0.240099   0.968097   1.527105   1.055476   0.001000
 -0.046015   0.054993  -0.240099   0.968097   1.527105   1.055476   0.001000
 -0.040948   0.071136  -0.243514   0.966418   1.628589   1.781366   0.001000
 -0.054077   0.062069  -0.230835   0.969504   1.574206   1.601963   0.001000
 -0.040321   0.056597  -0.255222   0.964382   1.495552   1.289255   0.001000
 -0.034029   0.066592  -0.247345   0.966037   1.417896   1.383651   0.001000
 -0.034029   0.066592  -0.247345   0.966037   1.417896   1.383651   0.001000
 -0.034029   0.066592  -0.247345   0.966037   1.417896   1.383651   0.001000
 -0.042465   0.057303  -0.225344   0.971665   1.425452   1.366848   0.001000
 -0.042465   0.057303  -0.225344   0.971665   1.425452   1.366848   0.001000
 -0.048284   0.064211  -0.247700   0.965500   1.653038   1.143760   0.001000
 -0.041211   0.063129  -0.245921   0.966353   1.519933   1.751231   0.001000
 -0.041211   0.063129  -0.245921   0.966353   1.519933   1.751231   0.001000
 -0.041211   0.063129  -0.245921   0.966353   1.519933   1.751231   0.001000
 -0.041211   0.063129  -0.245921   0.966353   1.519933   1.751231   0.001000
 -0.041211   0.063129  -0.245921   0.966353   1.519933   1.751231   0.001000
 -0.041211   0.063129  -0.245921   0.966353   1.519933   1.751231   0.001000
 -0.041211   0.063129  -0.245921   0.966353   1.519933   1.751231   0.001000
 -0.041211   0.063129  -0.245921   0.966353   1.519933   1.751231   0.001000
 -0.041211   0.063129  -0.245921   0.966353   1.519933   1.751231   0.001000
 -0.041211   0.063129  -0.245921   0.966353   1.519933   1.751231   0.001000
 -0.041211   0.063129  -0.245921   0.966353   1.519933   1.751231   0.001000
 -0.041211   0.063129  -0.245921   0.966353   1.519933   1.751231   0.001000
 -0.041211   0.063129  -0.245921   0.966353   1.519933   1.751231   0.001000
 -0.041211   0.063129  -0.245921   0.966353   1.519933   1.751231   0.001000
 -0.041211   0.063129  -0.245921   0.966353   1.519933   1.751231   0.001000
 -0.041211   0.063129  -0.245921   0.966353   1.519933   1.751231   0.001000
 -0.041211   0.063129  -0.245921   0.966353   1.519933   1.751231   0.001000
 -0.041211   0.063129  -0.245921   0.966353   1.519933   1.751231   0.001000
 -0.041211   0.063129  -0.245921   0.966353   1.519933   1.751231   0.001000
 -0.041211   0.063129  -0.245921   0.966353   1.519933   1.751231   0.001000
 -0.041211   0.063129  -0.245921   0.966353   1.519933   1.751231   0.001000
 -0.041211   0.063129  -0.245921   0.966353   1.519933   1.751231   0.001000
 -0.041211   0.063129  -0.245921   0.966353   1.519933   1.751231   0.001000
 -0.041211   0.063129  -0.245921   0.966353   1.519933   1.751231   0.001000
 -0.041211   0.063129  -0.245921   0.966353   1.519933   1.751231   0.001000
 -0.041211   0.063129  -0.245921   0.966353   1.519933   1.751231   0.001000
 -0.041211   0.063129  -0.245921   0.966353   1.519933   1.751231   0.001000
 -0.045160   0.064939  -0.238436   0.967932   1.458904   1.590967   0.001000
 -0.032236   0.044947  -0.245539   0.967807   1.399296   1.408546   0.001000
 -0.039629   0.070189  -0.240899   0.967197   1.373721   1.359839   0.001000
 -0.049705   0.064348  -0.234008   0.968829   1.173960   1.804127   0.001000
 -0.046975   0.070531  -0.245244   0.965751   1.446441   1.894205   0.001000
 -0.046975   0.070531  -0.245244   0.965751   1.446441   1.894205   0.001000
 -0.047868   0.066931  -0.254547   0.963553   1.378758   1.520151   0.001000
 -0.051511   0.056799  -0.248036   0.965712   1.344563   1.855856   0.001000
 -0.064949   0.060200  -0.254818   0.962925   1.346952   1.826642   0.001000
 -0.030812   0.063521  -0.240372   0.968110   1.194279   1.529464   0.001000
 -0.034162   0.052594  -0.238835   0.969033   1.306925   1.844970   0.001000
 -0.039974   0.063606  -0.249584   0.965435   1.335343   1.624853   0.001000
 -0.039974   0.063606  -0.249584   0.965435   1.335343   1.624853   0.001000
 -0.039974   0.063606  -0.249584   0.965435   1.335343   1.624853   0.001000
 -0.039974   0.063606  -0.249584   0.965435   1.335343   1.624853   0.001000
 -0.039974   0.063606  -0.249584   0.965435   1.335343   1.624853   0.001000
 -0.039974   0.063606  -0.249584   0.965435   1.335343   1.624853   0.001000
 -0.039974   0.063606  -0.249584   0.965435   1.335343   1.624853   0.001000
 -0.039974   0.063606  -0.249584   0.965435   1.335343   1.624853   0.001000
 -0.039974   0.063606  -0.249584   0.965435   1.335343   1.624853   0.001000
 -0.039974   0.063606  -0.249584   0.965435   1.335343   1.624853   0.001000
 -0.039974   0.063606  -0.249584   0.965435   1.335343   1.624853   0.001000
 -0.039974   0.063606  -0.249584   0.965435   1.335343   1.624853   0.001000
 -0.039974   0.063606  -0.249584   0.965435   1.335343   1.624853   0.001000
 -0.039974   0.063606  -0.249584   0.965435   1.335343   1.624853   0.001000
 -0.039974   0.063606  -0.249584   0.965435   1.335343   1.624853   0.001000
 -0.039974   0.063606  -0.249584   0.965435   1.335343   1.624853   0.001000
 -0.039974   0.063606  -0.249584   0.965435   1.335343   1.624853   0.001000
 -0.039974   0.063606  -0.249584   0.965435   1.335343   1.624853   0.001000
 -0.039974   0.063606  -0.249584   0.965435   1.335343   1.624853   0.001000
 -0.039974   0.063606  -0.249584   0.965435   1.335343   1.624853   0.001000
 -0.039974   0.063606  -0.249584   0.965435   1.335343   1.624853   0.001000
 -0.039974   0.063606  -0.249584   0.965435   1.335343   1.624853   0.001000
 -0.039974   0.063606  -0.249584   0.965435   1.335343   1.624853   0.001000
 -0.039974   0.063606  -0.249584   0.965435   1.335343   1.624853   0.001000
 -0.039974   0.063606  -0.249584   0.965435   1.335343   1.624853   0.001000
 -0.039974   0.063606  -0.249584   0.965435   1.335343   1.624853   0.001000
 -0.039974   0.063606  -0.249584   0.965435   1.335343   1.624853   0.001000
 -0.039974   0.063606  -0.249584   0.965435   1.335343   1.624853   0.001000
 -0.039974   0.063606  -0.249584   0.965435   1.335343   1.624853   0.001000
 -0.039974   0.063606  -0.249584   0.965435   1.335343   1.624853   0.001000
 -0.039974   0.063606  -0.249584   0.965435   1.335343   1.624853   0.001000
 -0.039974   0.063606  -0.249584   0.965435   1.335343   1.624853   0.001000
 -0.039974   0.063606  -0.249584   0.965435   1.335343   1.624853   0.001000
 -0.039974   0.063606  -0.249584   0.965435   1.335343   1.624853   0.001000
 -0.039974   0.063606  -0.249584   0.965435   1.335343   1.624853   0.001000
 -0.039974   0.063606  -0.249584   0.965435   1.335343   1.624853   0.001000
 -0.039974   0.063606  -0.249584   0.965435   1.335343   1.624853   0.001000
 -0.039974   0.063606  -0.249584   0.965435   1.335343   1.624853   0.001000
 -0.039974   0.063606  -0.249584   0.965435   1.335343   1.624853   0.001000
 -0.029863   0.067710  -0.267951   0.960586   1.663583   1.539554   0.001000
 -0.029371   0.043442  -0.252960   0.966054   1.423883   1.362542   0.001000
 -0.029371   0.043442  -0.252960   0.966054   1.423883   1.362542   0.001000
 -0.029371   0.043442  -0.252960   0.966054   1.423883   1.362542   0.001000
 -0.031341   0.055426  -0.248998   0.966409   1.523641   1.539209   0.001000
 -0.031341   0.055426  -0.248998   0.966409   1.523641   1.539209   0.001000
 -0.043934   0.069285  -0.249039   0.965012   1.441563   1.321603   0.001000
 -0.498133  -0.338061  -0.632043   0.487955   1.414943   1.516785   0.001000
 -0.034342   0.063795  -0.248304   0.965969   1.494739   1.394475   0.001000
 -0.034342   0.063795  -0.248304   0.965969   1.494739   1.394475   0.001000
 -0.034342   0.063795  -0.248304   0.965969   1.494739   1.394475   0.001000
 -0.034342   0.063795  -0.248304   0.965969   1.494739   1.394475   0.001000
 -0.041194   0.059740  -0.253147   0.964703   1.443571   1.699168   0.001000
 -0.030804   0.059117  -0.253588   0.965013   1.508042   1.669218   0.001000
 -0.020469   0.042611  -0.259233   0.964657   1.344213   1.724191   0.001000
 -0.041025   0.048303  -0.244429   0.967594   1.463714   1.424446   0.001000
 -0.029543   0.055145  -0.256522   0.964512   1.298228   1.523169   0.001000
 -0.029543   0.055145  -0.256522   0.964512   1.298228   1.523169   0.001000
 -0.029543   0.055145  -0.256522   0.964512   1.298228   1.523169   0.001000
 -0.029543   0.055145  -0.256522   0.964512   1.298228   1.523169   0.001000
 -0.029543   0.055145  -0.256522   0.964512   1.298228   1.523169   0.001000
 -0.029543   0.055145  -0.256522   0.964512   1.298228   1.523169   0.001000
 -0.024042   0.081204  -0.230150   0.969463   1.538254   1.542714   0.001000
 -0.043847   0.067459  -0.243676   0.966514   1.576015   1.708052   0.001000
 -0.043847   0.067459  -0.243676   0.966514   1.576015   1.708052   0.001000
 -0.043847   0.067459  -0.243676   0.966514   1.576015   1.708052   0.001000
 -0.043847   0.067459  -0.243676   0.966514   1.576015   1.708052   0.001000
 -0.043847   0.067459  -0.243676   0.966514   1.576015   1.708052   0.001000
 -0.043847   0.067459  -0.243676   0.966514   1.576015   1.708052   0.001000
 -0.045006   0.058898  -0.245647   0.966521   1.743883   1.468579   0.001000
 -0.045006   0.058898  -0.245647   0.966521   1.743883   1.468579   0.001000
 -0.045006   0.058898  -0.245647   0.966521   1.743883   1.468579   0.001000
 -0.045006   0.058898  -0.245647   0.966521   1.743883   1.468579   0.001000
 -0.045006   0.058898  -0.245647   0.966521   1.743883   1.468579   0.001000
 -0.045006   0.058898  -0.245647   0.966521   1.743883   1.468579   0.001000
 -0.045006   0.058898  -0.245647   0.966521   1.743883   1.468579   0.001000
 -0.041025   0.068576  -0.231327   0.969589   1.568576   1.364229   0.001000
 -0.049154   0.069567  -0.238804   0.967325   1.530134   1.585929   0.001000
 -0.040595   0.065510  -0.235459   0.968824   1.559024   1.280867   0.001000
 -0.040595   0.065510  -0.235459   0.968824   1.559024   1.280867   0.001000
 -0.040595   0.065510  -0.235459   0.968824   1.559024   1.280867   0.001000
 -0.040595   0.065510  -0.235459   0.968824   1.559024   1.280867   0.001000
 -0.040595   0.065510  -0.235459   0.968824   1.559024   1.280867   0.001000
 -0.040595   0.065510  -0.235459   0.968824   1.559024   1.280867   0.001000
 -0.045969   0.045081  -0.252730   0.965392   1.717434   1.476591   0.001000
 -0.047475   0.056675  -0.240095   0.967930   1.561531   1.526015   0.001000
 -0.047475   0.056675  -0.240095   0.967930   1.561531   1.526015   0.001000
 -0.047475   0.056675  -0.240095   0.967930   1.561531   1.526015   0.001000
 -0.047475   0.056675  -0.240095   0.967930   1.561531   1.526015   0.001000
 -0.047475   0.056675  -0.240095   0.967930   1.561531   1.526015   0.001000
 -0.047475   0.056675  -0.240095   0.967930   1.561531   1.526015   0.001000
 -0.047475   0.056675  -0.240095   0.967930   1.561531   1.526015   0.001000
 -0.047475   0.056675  -0.240095   0.967930   1.561531   1.526015   0.001000
 -0.047475   0.056675  -0.240095   0.967930   1.561531   1.526015   0.001000
 -0.047475   0.056675  -0.240095   0.967930   1.561531   1.526015   0.001000
 -0.047475   0.056675  -0.240095   0.967930   1.561531   1.526015   0.001000
 -0.047475   0.056675  -0.240095   0.967930   1.561531   1.526015   0.001000
 -0.047475   0.056675  -0.240095   0.967930   1.561531   1.526015   0.001000
 -0.047475   0.056675  -0.240095   0.967930   1.561531   1.526015   0.001000
 -0.047475   0.056675  -0.240095   0.967930   1.561531   1.526015   0.001000
 -0.047475   0.056675  -0.240095   0.967930   1.561531   1.526015   0.001000
 -0.047475   0.056675  -0.240095   0.967930   1.561531   1.526015   0.001000
 -0.040867   0.057538  -0.252293   0.965074   1.694902   1.749726   0.001000
 -0.040867   0.057538  -0.252293   0.965074   1.694902   1.749726   0.001000
 -0.040867   0.057538  -0.252293   0.965074   1.694902   1.749726   0.001000
 -0.040867   0.057538  -0.252293   0.965074   1.694902   1.749726   0.001000
 -0.040867   0.057538  -0.252293   0.965074   1.694902   1.749726   0.001000
 -0.040867   0.057538  -0.252293   0.965074   1.694902   1.749726   0.001000
 -0.040867   0.057538  -0.252293   0.965074   1.694902   1.749726   0.001000
 -0.040867   0.057538  -0.252293   0.965074   1.694902   1.749726   0.001000
 -0.040867   0.057538  -0.252293   0.965074   1.694902   1.749726   0.001000
 -0.040867   0.057538  -0.252293   0.965074   1.694902   1.749726   0.001000
 -0.040867   0.057538  -0.252293   0.965074   1.694902   1.749726   0.001000
 -0.040867   0.057538  -0.252293   0.965074   1.694902   1.749726   0.001000
 -0.040867   0.057538  -0.252293   0.965074   1.694902   1.749726   0.001000
 -0.040867   0.057538  -0.252293   0.965074   1.694902   1.749726   0.001000
 -0.040867   0.057538  -0.252293   0.965074   1.694902   1.749726   0.001000
 -0.040867   0.057538  -0.252293   0.965074   1.694902   1.749726   0.001000
 -0.040867   0.057538  -0.252293   0.965074   1.694902   1.749726   0.001000
 -0.040867   0.057538  -0.252293   0.965074   1.694902   1.749726   0.001000
 -0.021987   0.038069  -0.248941   0.967521   1.502539   1.323012   0.001000
 -0.043454   0.053950  -0.237566   0.968898   1.376122   1.529662   0.001000
 -0.043454   0.053950  -0.237566   0.968898   1.376122   1.529662   0.001000
 -0.043454   0.053950  -0.237566   0.968898   1.376122   1.529662   0.001000
 -0.043454   0.053950  -0.237566   0.968898   1.376122   1.529662   0.001000
 -0.043454   0.053950  -0.237566   0.968898   1.376122   1.529662   0.001000
 -0.043454   0.053950  -0.237566   0.968898   1.376122   1.529662   0.001000
 -0.043454   0.053950  -0.237566   0.968898   1.376122   1.529662   0.001000
 -0.043454   0.053950  -0.237566   0.968898   1.376122   1.529662   0.001000
 -0.049382   0.062332  -0.233256   0.969158   1.406027   1.194976   0.001000
 -0.049382   0.062332  -0.233256   0.969158   1.406027   1.194976   0.001000
 -0.052779   0.054794  -0.234703   0.969085   1.632625   1.710955   0.001000
 -0.052779   0.054794  -0.234703   0.969085   1.632625   1.710955   0.001000
 -0.052779   0.054794  -0.234703   0.969085   1.632625   1.710955   0.001000
 -0.052779   0.054794  -0.234703   0.969085   1.632625   1.710955   0.001000
 -0.044981   0.064026  -0.261159   0.962119   1.620716   1.878817   0.001000
 -0.044981   0.064026  -0.261159   0.962119   1.620716   1.878817   0.001000
 -0.044981   0.064026  -0.261159   0.962119   1.620716   1.878817   0.001000
 -0.044981   0.064026  -0.261159   0.962119   1.620716   1.878817   0.001000
 -0.044981   0.064026  -0.261159   0.962119   1.620716   1.878817   0.001000
 -0.044981   0.064026  -0.261159   0.962119   1.620716   1.878817   0.001000
 -0.032496   0.066939  -0.227149   0.971013   1.451180   1.692833   0.001000
 -0.055464   0.059427  -0.242125   0.966834   1.352789   1.566913   0.001000
 -0.055464   0.059427  -0.242125   0.966834   1.352789   1.566913   0.001000
 -0.055464   0.059427  -0.242125   0.966834   1.352789   1.566913   0.001000
 -0.031589   0.059196  -0.235439   0.969570   1.237724   1.399152   0.001000
 -0.031589   0.059196  -0.235439   0.969570   1.237724   1.399152   0.001000
 -0.044067   0.056619  -0.243953   0.967129   1.358752   1.644843   0.001000
 -0.044067   0.056619  -0.243953   0.967129   1.358752   1.644843   0.001000
 -0.044067   0.056619  -0.243953   0.967129   1.358752   1.644843   0.001000
 -0.044067   0.056619  -0.243953   0.967129   1.358752   1.644843   0.001000
 -0.044067   0.056619  -0.243953   0.967129   1.358752   1.644843   0.001000
 -0.044067   0.056619  -0.243953   0.967129   1.358752   1.644843   0.001000
 -0.044067   0.056619  -0.243953   0.967129   1.358752   1.644843   0.001000
 -0.055299   0.062667  -0.258997   0.962255   1.283401   1.572658   0.001000
 -0.039912   0.066333  -0.240130   0.967649   1.274327   1.406127   0.001000
 -0.039912   0.066333  -0.240130   0.967649   1.274327   1.406127   0.001000
 -0.039912   0.066333  -0.240130   0.967649   1.274327   1.406127   0.001000
 -0.039142   0.054954  -0.254922   0.964605   1.337719   1.405163   0.001000
 -0.043156   0.055998  -0.248011   0.966174   1.294272   1.585344   0.001000
 -0.043156   0.055998  -0.248011   0.966174   1.294272   1.585344   0.001000
 -0.043156   0.055998  -0.248011   0.966174   1.294272   1.585344   0.001000
 -0.052907   0.061036  -0.248479   0.965263   1.212363   1.804405   0.001000
 -0.052907   0.061036  -0.248479   0.965263   1.212363   1.804405   0.001000
 -0.052907   0.061036  -0.248479   0.965263   1.212363   1.804405   0.001000
 -0.052907   0.061036  -0.248479   0.965263   1.212363   1.804405   0.001000
 -0.052907   0.061036  -0.248479   0.965263   1.212363   1.804405   0.001000
 -0.052907   0.061036  -0.248479   0.965263   1.212363   1.804405   0.001000
 -0.052907   0.061036  -0.248479   0.965263   1.212363   1.804405   0.001000
 -0.052907   0.061036  -0.248479   0.965263   1.212363   1.804405   0.001000
 -0.052907   0.061036  -0.248479   0.965263   1.212363   1.804405   0.001000
 -0.052907   0.061036  -0.248479   0.965263   1.212363   1.804405   0.001000
 -0.052907   0.061036  -0.248479   0.965263   1.212363   1.804405   0.001000
 -0.052907   0.061036  -0.248479   0.965263   1.212363   1.804405   0.001000
 -0.052907   0.061036  -0.248479   0.965263   1.212363   1.804405   0.001000
 -0.052907   0.061036  -0.248479   0.965263   1.212363   1.804405   0.001000
 -0.052907   0.061036  -0.248479   0.965263   1.212363   1.804405   0.001000
 -0.052907   0.061036  -0.248479   0.965263   1.212363   1.804405   0.001000
 -0.052907   0.061036  -0.248479   0.965263   1.212363   1.804405   0.001000
 -0.052907   0.061036  -0.248479   0.965263   1.212363   1.804405   0.001000
 -0.052907   0.061036  -0.248479   0.965263   1.212363   1.804405   0.001000
 -0.052907   0.061036  -0.248479   0.965263   1.212363   1.804405   0.001000
 -0.052907   0.061036  -0.248479   0.965263   1.212363   1.804405   0.001000
 -0.052907   0.061036  -0.248479   0.965263   1.212363   1.804405   0.001000
 -0.052907   0.061036  -0.248479   0.965263   1.212363   1.804405   0.001000
 -0.052907   0.061036  -0.248479   0.965263   1.212363   1.804405   0.001000
 -0.052907   0.061036  -0.248479   0.965263   1.212363   1.804405   0.001000
 -0.063627   0.056596  -0.243624   0.966124   1.284391   1.940810   0.001000
 -0.063627   0.056596  -0.243624   0.966124   1.284391   1.940810   0.001000
 -0.040360   0.063216  -0.243939   0.966886   1.208380   1.769845   0.001000
 -0.040360   0.063216  -0.243939   0.966886   1.208380   1.769845   0.001000
 -0.040360   0.063216  -0.243939   0.966886   1.208380   1.769845   0.001000
 -0.040360   0.063216  -0.243939   0.966886   1.208380   1.769845   0.001000
 -0.040360   0.063216  -0.243939   0.966886   1.208380   1.769845   0.001000
 -0.040360   0.063216  -0.243939   0.966886   1.208380   1.769845   0.001000
 -0.040360   0.063216  -0.243939   0.966886   1.208380   1.769845   0.001000
 -0.040360   0.063216  -0.243939   0.966886   1.208380   1.769845   0.001000
 -0.040360   0.063216  -0.243939   0.966886   1.208380   1.769845   0.001000
 -0.040360   0.063216  -0.243939   0.966886   1.208380   1.769845   0.001000
 -0.040360   0.063216  -0.243939   0.966886   1.208380   1.769845   0.001000
 -0.040360   0.063216  -0.243939   0.966886   1.208380   1.769845   0.001000
 -0.040360   0.063216  -0.243939   0.966886   1.208380   1.769845   0.001000
 -0.040360   0.063216  -0.243939   0.966886   1.208380   1.769845   0.001000
 -0.033608   0.057829  -0.248846   0.966231   1.426737   1.490830   0.001000
 -0.039653   0.048082  -0.254315   0.965111   1.448823   1.574529   0.001000
 -0.040337   0.061522  -0.232736   0.969754   1.481038   1.386419   0.001000
 -0.045590   0.054731  -0.247290   0.966320   1.441705   1.318610   0.001000
 -0.048388   0.065190  -0.240439   0.967263   1.151581   1.684283   0.001000
 -0.048388   0.065190  -0.240439   0.967263   1.151581   1.684283   0.001000
 -0.048388   0.065190  -0.240439   0.967263   1.151581   1.684283   0.001000
 -0.048388   0.065190  -0.240439   0.967263   1.151581   1.684283   0.001000
 -0.048388   0.065190  -0.240439   0.967263   1.151581   1.684283   0.001000
 -0.048388   0.065190  -0.240439   0.967263   1.151581   1.684283   0.001000
 -0.048388   0.065190  -0.240439   0.967263   1.151581   1.684283   0.001000
 -0.042016   0.052311  -0.245260   0.967133   1.259372   1.387946   0.001000
 -0.051700   0.051721  -0.254876   0.964204   1.288123   1.234982   0.001000
 -0.044735   0.056035  -0.248313   0.966023   1.424742   1.250300   0.001000
 -0.042404   0.058009  -0.236824   0.968892   1.545713   1.265833   0.001000
 -0.042404   0.058009  -0.236824   0.968892   1.545713   1.265833   0.001000
 -0.042404   0.058009  -0.236824   0.968892   1.545713   1.265833   0.001000
 -0.042404   0.058009  -0.236824   0.968892   1.545713   1.265833   0.001000
 -0.038951   0.072866  -0.243583   0.966354   1.456073   1.474442   0.001000
 -0.038951   0.072866  -0.243583   0.966354   1.456073   1.474442   0.001000
 -0.051418   0.073078  -0.257927   0.962024   1.350781   1.279803   0.001000
 -0.053567   0.064271  -0.245272   0.965837   1.405987   1.520985   0.001000
 -0.053567   0.064271  -0.245272   0.965837   1.405987   1.520985   0.001000
 -0.053567   0.064271  -0.245272   0.965837   1.405987   1.520985   0.001000
 -0.053567   0.064271  -0.245272   0.965837   1.405987   1.520985   0.001000
 -0.053567   0.064271  -0.245272   0.965837   1.405987   1.520985   0.001000
 -0.053567   0.064271  -0.245272   0.965837   1.405987   1.520985   0.001000
 -0.053567   0.064271  -0.245272   0.965837   1.405987   1.520985   0.001000
 -0.053567   0.064271  -0.245272   0.965837   1.405987   1.520985   0.001000
 -0.053567   0.064271  -0.245272   0.965837   1.405987   1.520985   0.001000
 -0.053567   0.064271  -0.245272   0.965837   1.405987   1.520985   0.001000
 -0.053567   0.064271  -0.245272   0.965837   1.405987   1.520985   0.001000
 -0.053567   0.064271  -0.245272   0.965837   1.405987   1.520985   0.001000
 -0.053567   0.064271  -0.245272   0.965837   1.405987   1.520985   0.001000
 -0.053567   0.064271  -0.245272   0.965837   1.405987   1.520985   0.001000
 -0.053567   0.064271  -0.245272   0.965837   1.405987   1.520985   0.001000
 -0.053567   0.064271  -0.245272   0.965837   1.405987   1.520985   0.001000
 -0.053567   0.064271  -0.245272   0.965837   1.405987   1.520985   0.001000
 -0.053567   0.064271  -0.245272   0.965837   1.405987   1.520985   0.001000
 -0.053567   0.064271  -0.245272   0.965837   1.405987   1.520985   0.001000
 -0.022409   0.064429  -0.234400   0.969744   1.457962   1.480875   0.001000
 -0.059156   0.065814  -0.244806   0.965525   1.281631   1.619264   0.001000
  0.157612   0.068773  -0.266705   0.948313   0.979623   1.886220   0.001000
 -0.056679   0.061142  -0.250267   0.964581   1.106438   1.801990   0.001000
 -0.056679   0.061142  -0.250267   0.964581   1.106438   1.801990   0.001000
 -0.056679   0.061142  -0.250267   0.964581   1.106438   1.801990   0.001000
 -0.056679   0.061142  -0.250267   0.964581   1.106438   1.801990   0.001000
 -0.054729   0.058959  -0.247476   0.965549   1.217334   1.823892   0.001000
 -0.054729   0.058959  -0.247476   0.965549   1.217334   1.823892   0.001000
 -0.054729   0.058959  -0.247476   0.965549   1.217334   1.823892   0.001000
 -0.054729   0.058959  -0.247476   0.965549   1.217334   1.823892   0.001000
 -0.054729   0.058959  -0.247476   0.965549   1.217334   1.823892   0.001000
 -0.054729   0.058959  -0.247476   0.965549   1.217334   1.823892   0.001000
 -0.054729   0.058959  -0.247476   0.965549   1.217334   1.823892   0.001000
 -0.054729   0.058959  -0.247476   0.965549   1.217334   1.823892   0.001000
 -0.048396   0.057213  -0.254768   0.964094   1.123220   2.124207   0.001000
 -0.048396   0.057213  -0.254768   0.964094   1.123220   2.124207   0.001000
 -0.048396   0.057213  -0.254768   0.964094   1.123220   2.124207   0.001000
 -0.048396   0.057213  -0.254768   0.964094   1.123220   2.124207   0.001000
 -0.041485   0.059025  -0.251077   0.965275   1.118851   1.975089   0.001000
 -0.041485   0.059025  -0.251077   0.965275   1.118851   1.975089   0.001000
 -0.041485   0.059025  -0.251077   0.965275   1.118851   1.975089   0.001000
 -0.041485   0.059025  -0.251077   0.965275   1.118851   1.975089   0.001000
 -0.041485   0.059025  -0.251077   0.965275   1.118851   1.975089   0.001000
 -0.041485   0.059025  -0.251077   0.965275   1.118851   1.975089   0.001000
 -0.041485   0.059025  -0.251077   0.965275   1.118851   1.975089   0.001000
 -0.041485   0.059025  -0.251077   0.965275   1.118851   1.975089   0.001000
 -0.041485   0.059025  -0.251077   0.965275   1.118851   1.975089   0.001000
 -0.041485   0.059025  -0.251077   0.965275   1.118851   1.975089   0.001000
 -0.041485   0.059025  -0.251077   0.965275   1.118851   1.975089   0.001000
 -0.041485   0.059025  -0.251077   0.965275   1.118851   1.975089   0.001000
 -0.041485   0.059025  -0.251077   0.965275   1.118851   1.975089   0.001000
 -0.032978   0.062914  -0.256410   0.963954   1.246222   1.911414   0.001000
 -0.032978   0.062914  -0.256410   0.963954   1.246222   1.911414   0.001000
 -0.032978   0.062914  -0.256410   0.963954   1.246222   1.911414   0.001000
 -0.032978   0.062914  -0.256410   0.963954   1.246222   1.911414   0.001000
 -0.032978   0.062914  -0.256410   0.963954   1.246222   1.911414   0.001000
 -0.032978   0.062914  -0.256410   0.963954   1.246222   1.911414   0.001000
 -0.032978   0.062914  -0.256410   0.963954   1.246222   1.911414   0.001000
 -0.032978   0.062914  -0.256410   0.963954   1.246222   1.911414   0.001000
 -0.032978   0.062914  -0.256410   0.963954   1.246222   1.911414   0.001000
 -0.032978   0.062914  -0.256410   0.963954   1.246222   1.911414   0.001000
 -0.032978   0.062914  -0.256410   0.963954   1.246222   1.911414   0.001000
 -0.032978   0.062914  -0.256410   0.963954   1.246222   1.911414   0.001000
 -0.032978   0.062914  -0.256410   0.963954   1.246222   1.911414   0.001000
 -0.051635   0.065748  -0.242502   0.966542   0.974188   1.787405   0.001000
 -0.051635   0.065748  -0.242502   0.966542   0.974188   1.787405   0.001000
 -0.051635   0.065748  -0.242502   0.966542   0.974188   1.787405   0.001000
 -0.051635   0.065748  -0.242502   0.966542   0.974188   1.787405   0.001000
 -0.051635   0.065748  -0.242502   0.966542   0.974188   1.787405   0.001000
 -0.051635   0.065748  -0.242502   0.966542   0.974188   1.787405   0.001000
 -0.051635   0.065748  -0.242502   0.966542   0.974188   1.787405   0.001000
 -0.051635   0.065748  -0.242502   0.966542   0.974188   1.787405   0.001000
 -0.051635   0.065748  -0.242502   0.966542   0.974188   1.787405   0.001000
 -0.051635   0.065748  -0.242502   0.966542   0.974188   1.787405   0.001000
 -0.051635   0.065748  -0.242502   0.966542   0.974188   1.787405   0.001000
 -0.051635   0.065748  -0.242502   0.966542   0.974188   1.787405   0.001000
 -0.051635   0.065748  -0.242502   0.966542   0.974188   1.787405   0.001000
 -0.051635   0.065748  -0.242502   0.966542   0.974188   1.787405   0.001000
 -0.061171   0.075596  -0.245709   0.964454   1.204613   1.715637   0.001000
 -0.047430   0.052738  -0.260152   0.962959   0.948203   1.986387   0.001000
 -0.047430   0.052738  -0.260152   0.962959   0.948203   1.986387   0.001000
 -0.063649   0.048640  -0.242018   0.966959   1.108549   1.710696   0.001000
 -0.062380   0.063350  -0.239309   0.966864   1.154743   1.878942   0.001000
 -0.032424   0.057848  -0.243093   0.967733   1.055552   1.888551   0.001000
 -0.032424   0.057848  -0.243093   0.967733   1.055552   1.888551   0.001000
 -0.032424   0.057848  -0.243093   0.967733   1.055552   1.888551   0.001000
 -0.032424   0.057848  -0.243093   0.967733   1.055552   1.888551   0.001000
 -0.032424   0.057848  -0.243093   0.967733   1.055552   1.888551   0.001000
 -0.032424   0.057848  -0.243093   0.967733   1.055552   1.888551   0.001000
 -0.032424   0.057848  -0.243093   0.967733   1.055552   1.888551   0.001000
 -0.055404   0.063118  -0.242782   0.966439   1.278944   1.677442   0.001000
 -0.055404   0.063118  -0.242782   0.966439   1.278944   1.677442   0.001000
 -0.055404   0.063118  -0.242782   0.966439   1.278944   1.677442   0.001000
 -0.047005   0.065003  -0.246655   0.965778   1.254680   1.671239   0.001000
 -0.047005   0.065003  -0.246655   0.965778   1.254680   1.671239   0.001000
 -0.047005   0.065003  -0.246655   0.965778   1.254680   1.671239   0.001000
 -0.047005   0.065003  -0.246655   0.965778   1.254680   1.671239   0.001000
 -0.047005   0.065003  -0.246655   0.965778   1.254680   1.671239   0.001000
 -0.047005   0.065003  -0.246655   0.965778   1.254680   1.671239   0.001000
 -0.047005   0.065003  -0.246655   0.965778   1.254680   1.671239   0.001000
 -0.047005   0.065003  -0.246655   0.965778   1.254680   1.671239   0.001000
 -0.047005   0.065003  -0.246655   0.965778   1.254680   1.671239   0.001000
 -0.047005   0.065003  -0.246655   0.965778   1.254680   1.671239   0.001000
 -0.047005   0.065003  -0.246655   0.965778   1.254680   1.671239   0.001000
 -0.047005   0.065003  -0.246655   0.965778   1.254680   1.671239   0.001000
 -0.047005   0.065003  -0.246655   0.965778   1.254680   1.671239   0.001000
 -0.047005   0.065003  -0.246655   0.965778   1.254680   1.671239   0.001000
 -0.042526   0.059546  -0.245976   0.966510   1.289304   1.584837   0.001000
 -0.042526   0.059546  -0.245976   0.966510   1.289304   1.584837   0.001000
 -0.042526   0.059546  -0.245976   0.966510   1.289304   1.584837   0.001000
 -0.042526   0.059546  -0.245976   0.966510   1.289304   1.584837   0.001000
 -0.042526   0.059546  -0.245976   0.966510   1.289304   1.584837   0.001000
 -0.042526   0.059546  -0.245976   0.966510   1.289304   1.584837   0.001000
 -0.042526   0.059546  -0.245976   0.966510   1.289304   1.584837   0.001000
 -0.042526   0.059546  -0.245976   0.966510   1.289304   1.584837   0.001000
 -0.042526   0.059546  -0.245976   0.966510   1.289304   1.584837   0.001000
 -0.042526   0.059546  -0.245976   0.966510   1.289304   1.584837   0.001000
 -0.042526   0.059546  -0.245976   0.966510   1.289304   1.584837   0.001000
 -0.042526   0.059546  -0.245976   0.966510   1.289304   1.584837   0.001000
 -0.039194   0.063152  -0.241281   0.967605   1.260543   1.918968   0.001000
 -0.039194   0.063152  -0.241281   0.967605   1.260543   1.918968   0.001000
 -0.068665   0.044538  -0.245045   0.966051   1.261946   1.872260   0.001000
 -0.044543   0.068921  -0.256138   0.963151   1.319740   1.262978   0.001000
 -0.052421   0.059401  -0.241644   0.967125   1.468777   1.677858   0.001000
 -0.052421   0.059401  -0.241644   0.967125   1.468777   1.677858   0.001000
 -0.052421   0.059401  -0.241644   0.967125   1.468777   1.677858   0.001000
 -0.052421   0.059401  -0.241644   0.967125   1.468777   1.677858   0.001000
 -0.052421   0.059401  -0.241644   0.967125   1.468777   1.677858   0.001000
 -0.052421   0.059401  -0.241644   0.967125   1.468777   1.677858   0.001000
 -0.052421   0.059401  -0.241644   0.967125   1.468777   1.677858   0.001000
