 -0.198750  -0.039159  -0.846631   0.492118  -0.174965   1.110558   0.001000
 -0.171943  -0.053005  -0.847875   0.498733   0.011917   0.639478   0.001000
 -0.171943  -0.053005  -0.847875   0.498733   0.011917   0.639478   0.001000
 -0.171943  -0.053005  -0.847875   0.498733   0.011917   0.639478   0.001000
 -0.171943  -0.053005  -0.847875   0.498733   0.011917   0.639478   0.001000
 -0.171943  -0.053005  -0.847875   0.498733   0.011917   0.639478   0.001000
 -0.189171  -0.027532  -0.848898   0.492776  -0.130933   0.784062   0.001000
 -0.180625  -0.049487  -0.843556   0.503328  -0.182251   0.570762   0.001000
 -0.180625  -0.049487  -0.843556   0.503328  -0.182251   0.570762   0.001000
 -0.180625  -0.049487  -0.843556   0.503328  -0.182251   0.570762   0.001000
 -0.181613  -0.061342  -0.837520   0.511679  -0.076855   0.432137   0.001000
 -0.181613  -0.061342  -0.837520   0.511679  -0.076855   0.432137   0.001000
 -0.181613  -0.061342  -0.837520   0.511679  -0.076855   0.432137   0.001000
 -0.181613  -0.061342  -0.837520   0.511679  -0.076855   0.432137   0.001000
 -0.185779  -0.066826  -0.846606   0.494246  -0.230310   0.577941   0.001000
 -0.185779  -0.066826  -0.846606   0.494246  -0.230310   0.577941   0.001000
 -0.185779  -0.066826  -0.846606   0.494246  -0.230310   0.577941   0.001000
 -0.190872  -0.057295  -0.848096   0.490936   0.099117   0.713938   0.001000
 -0.184126  -0.061844  -0.842194   0.502973  -0.144618   0.630453   0.001000
 -0.184126  -0.061844  -0.842194   0.502973  -0.144618   0.630453   0.001000
 -0.184126  -0.061844  -0.842194   0.502973  -0.144618   0.630453   0.001000
 -0.180234  -0.068251  -0.843081   0.502068  -0.032070   0.634991   0.001000
 -0.180234  -0.068251  -0.843081   0.502068  -0.032070   0.634991   0.001000
 -0.180234  -0.068251  -0.843081   0.502068  -0.032070   0.634991   0.001000
 -0.180234  -0.068251  -0.843081   0.502068  -0.032070   0.634991   0.001000
 -0.180234  -0.068251  -0.843081   0.502068  -0.032070   0.634991   0.001000
 -0.180234  -0.068251  -0.843081   0.502068  -0.032070   0.634991   0.001000
 -0.191661  -0.044471  -0.852027   0.485117  -0.125574   0.785769   0.001000
 -0.192446  -0.054818  -0.843441   0.498564  -0.120369   0.695678   0.001000
 -0.180299  -0.057563  -0.851043   0.489800  -0.066705   0.816556   0.001000
 -0.180299  -0.057563  -0.851043   0.489800  -0.066705   0.816556   0.001000
 -0.180299  -0.057563  -0.851043   0.489800  -0.066705   0.816556   0.001000
 -0.180299  -0.057563  -0.851043   0.489800  -0.066705   0.816556   0.001000
 -0.180299  -0.057563  -0.851043   0.489800  -0.066705   0.816556   0.001000
 -0.180299  -0.057563  -0.851043   0.489800  -0.066705   0.816556   0.001000
 -0.180299  -0.057563  -0.851043   0.489800  -0.066705   0.816556   0.001000
 -0.180299  -0.057563  -0.851043   0.489800  -0.066705   0.816556   0.001000
 -0.180299  -0.057563  -0.851043   0.489800  -0.066705   0.816556   0.001000
 -0.195940  -0.055577  -0.847148   0.490774  -0.206425   0.824376   0.001000
 -0.195940  -0.055577  -0.847148   0.490774  -0.206425   0.824376   0.001000
 -0.195940  -0.055577  -0.847148   0.490774  -0.206425   0.824376   0.001000
 -0.209721  -0.064228  -0.843660   0.490029   0.424232   0.836096   0.001000
 -0.178181  -0.060721  -0.847923   0.495572   0.150142   1.105767   0.001000
 -0.180775  -0.073574  -0.846185   0.495861   0.242457   1.279278   0.001000
 -0.181693  -0.060949  -0.844957   0.499320   0.162663   1.166569   0.001000
 -0.181693  -0.060949  -0.844957   0.499320   0.162663   1.166569   0.001000
 -0.181693  -0.060949  -0.844957   0.499320   0.162663   1.166569   0.001000
 -0.181693  -0.060949  -0.844957   0.499320   0.162663   1.166569   0.001000
 -0.181693  -0.060949  -0.844957   0.499320   0.162663   1.166569   0.001000
 -0.178944  -0.066487  -0.844367   0.500603  -0.029590   1.002484   0.001000
 -0.178944  -0.066487  -0.844367   0.500603  -0.029590   1.002484   0.001000
 -0.197068  -0.057378  -0.839370   0.503320   0.442925   0.904101   0.001000
 -0.192127  -0.052491  -0.849244   0.488995   0.146576   0.591893   0.001000
 -0.192127  -0.052491  -0.849244   0.488995   0.146576   0.591893   0.001000
 -0.192127  -0.052491  -0.849244   0.488995   0.146576   0.591893   0.001000
 -0.198900  -0.045328  -0.845397   0.493647   0.148328   0.731707   0.001000
 -0.196942  -0.060545  -0.846642   0.490658   0.321103   1.366577   0.001000
 -0.185881  -0.076639  -0.851205   0.484794   0.216348   0.921456   0.001000
 -0.193470  -0.082168  -0.836974   0.505265   0.255842   0.682065   0.001000
 -0.185399  -0.061050  -0.846113   0.495976   0.192732   0.806289   0.001000
 -0.185399  -0.061050  -0.846113   0.495976   0.192732   0.806289   0.001000
 -0.185399  -0.061050  -0.846113   0.495976   0.192732   0.806289   0.001000
 -0.185399  -0.061050  -0.846113   0.495976   0.192732   0.806289   0.001000
 -0.185399  -0.061050  -0.846113   0.495976   0.192732   0.806289   0.001000
 -0.185399  -0.061050  -0.846113   0.495976   0.192732   0.806289   0.001000
 -0.185399  -0.061050  -0.846113   0.495976   0.192732   0.806289   0.001000
 -0.185399  -0.061050  -0.846113   0.495976   0.192732   0.806289   0.001000
 -0.185399  -0.061050  -0.846113   0.495976   0.192732   0.806289   0.001000
 -0.185399  -0.061050  -0.846113   0.495976   0.192732   0.806289   0.001000
 -0.185399  -0.061050  -0.846113   0.495976   0.192732   0.806289   0.001000
 -0.185399  -0.061050  -0.846113   0.495976   0.192732   0.806289   0.001000
 -0.185399  -0.061050  -0.846113   0.495976   0.192732   0.806289   0.001000
 -0.185399  -0.061050  -0.846113   0.495976   0.192732   0.806289   0.001000
 -0.185399  -0.061050  -0.846113   0.495976   0.192732   0.806289   0.001000
 -0.185399  -0.061050  -0.846113   0.495976   0.192732   0.806289   0.001000
 -0.185399  -0.061050  -0.846113   0.495976   0.192732   0.806289   0.001000
 -0.185399  -0.061050  -0.846113   0.495976   0.192732   0.806289   0.001000
 -0.185399  -0.061050  -0.846113   0.495976   0.192732   0.806289   0.001000
 -0.185399  -0.061050  -0.846113   0.495976   0.192732   0.806289   0.001000
 -0.185399  -0.061050  -0.846113   0.495976   0.192732   0.806289   0.001000
 -0.185399  -0.061050  -0.846113   0.495976   0.192732   0.806289   0.001000
 -0.185399  -0.061050  -0.846113   0.495976   0.192732   0.806289   0.001000
 -0.185399  -0.061050  -0.846113   0.495976   0.192732   0.806289   0.001000
 -0.185399  -0.061050  -0.846113   0.495976   0.192732   0.806289   0.001000
 -0.219531  -0.048089  -0.834710   0.502746   0.057279   1.100107   0.001000
 -0.188472  -0.060503  -0.849094   0.489751  -0.650310   0.804039   0.001000
 -0.191132  -0.067107  -0.849679   0.486837   0.278782   0.607358   0.001000
 -0.188359  -0.060077  -0.856333   0.477080   0.199426   0.703296   0.001000
 -0.177046  -0.062755  -0.848074   0.495467   0.100754   0.846994   0.001000
 -0.177046  -0.062755  -0.848074   0.495467   0.100754   0.846994   0.001000
 -0.177046  -0.062755  -0.848074   0.495467   0.100754   0.846994   0.001000
 -0.177046  -0.062755  -0.848074   0.495467   0.100754   0.846994   0.001000
 -0.177046  -0.062755  -0.848074   0.495467   0.100754   0.846994   0.001000
 -0.177046  -0.062755  -0.848074   0.495467   0.100754   0.846994   0.001000
 -0.195204  -0.070397  -0.843748   0.495004   0.167198   0.818336   0.001000
 -0.197147  -0.067419  -0.843764   0.494621   0.135714   0.775849   0.001000
 -0.152955  -0.124680  -0.820824   0.536011   0.085717   1.195651   0.001000
 -0.174111  -0.087590  -0.847037   0.494512   0.102264   0.650790   0.001000
 -0.188592  -0.059431  -0.847112   0.493257   0.152216   0.739063   0.001000
 -0.188592  -0.059431  -0.847112   0.493257   0.152216   0.739063   0.001000
 -0.179818  -0.067269  -0.856265   0.479532   0.153351   0.886073   0.001000
 -0.179818  -0.067269  -0.856265   0.479532   0.153351   0.886073   0.001000
 -0.179818  -0.067269  -0.856265   0.479532   0.153351   0.886073   0.001000
 -0.179818  -0.067269  -0.856265   0.479532   0.153351   0.886073   0.001000
 -0.179818  -0.067269  -0.856265   0.479532   0.153351   0.886073   0.001000
 -0.165654  -0.079471  -0.850903   0.492146   0.093395   0.740557   0.001000
 -0.165654  -0.079471  -0.850903   0.492146   0.093395   0.740557   0.001000
 -0.165654  -0.079471  -0.850903   0.492146   0.093395   0.740557   0.001000
 -0.165654  -0.079471  -0.850903   0.492146   0.093395   0.740557   0.001000
 -0.165654  -0.079471  -0.850903   0.492146   0.093395   0.740557   0.001000
 -0.165654  -0.079471  -0.850903   0.492146   0.093395   0.740557   0.001000
 -0.165654  -0.079471  -0.850903   0.492146   0.093395   0.740557   0.001000
 -0.165654  -0.079471  -0.850903   0.492146   0.093395   0.740557   0.001000
 -0.165654  -0.079471  -0.850903   0.492146   0.093395   0.740557   0.001000
 -0.192926  -0.050266  -0.855983   0.477019   0.134555   0.780190   0.001000
 -0.192926  -0.050266  -0.855983   0.477019   0.134555   0.780190   0.001000
 -0.192926  -0.050266  -0.855983   0.477019   0.134555   0.780190   0.001000
 -0.192926  -0.050266  -0.855983   0.477019   0.134555   0.780190   0.001000
 -0.192926  -0.050266  -0.855983   0.477019   0.134555   0.780190   0.001000
 -0.182600  -0.060832  -0.843595   0.501302   0.069856   0.676380   0.001000
 -0.185274  -0.052589  -0.849478   0.491218  -0.054740   0.693530   0.001000
 -0.185274  -0.052589  -0.849478   0.491218  -0.054740   0.693530   0.001000
 -0.185274  -0.052589  -0.849478   0.491218  -0.054740   0.693530   0.001000
 -0.195199  -0.065843  -0.849927   0.484959   0.106576   0.825933   0.001000
 -0.181799  -0.067997  -0.843869   0.500211  -0.039720   0.732617   0.001000
 -0.181799  -0.067997  -0.843869   0.500211  -0.039720   0.732617   0.001000
 -0.181799  -0.067997  -0.843869   0.500211  -0.039720   0.732617   0.001000
 -0.181799  -0.067997  -0.843869   0.500211  -0.039720   0.732617   0.001000
 -0.181799  -0.067997  -0.843869   0.500211  -0.039720   0.732617   0.001000
 -0.181799  -0.067997  -0.843869   0.500211  -0.039720   0.732617   0.001000
 -0.181799  -0.067997  -0.843869   0.500211  -0.039720   0.732617   0.001000
 -0.181799  -0.067997  -0.843869   0.500211  -0.039720   0.732617   0.001000
 -0.181799  -0.067997  -0.843869   0.500211  -0.039720   0.732617   0.001000
 -0.195164  -0.066493  -0.850828   0.483302   0.097595   0.604091   0.001000
 -0.174929  -0.065942  -0.851067   0.490649   0.263611   0.504802   0.001000
 -0.174929  -0.065942  -0.851067   0.490649   0.263611   0.504802   0.001000
 -0.174929  -0.065942  -0.851067   0.490649   0.263611   0.504802   0.001000
 -0.189491  -0.063309  -0.849467   0.488355   0.104553   0.563543   0.001000
 -0.189491  -0.063309  -0.849467   0.488355   0.104553   0.563543   0.001000
 -0.189491  -0.063309  -0.849467   0.488355   0.104553   0.563543   0.001000
 -0.189491  -0.063309  -0.849467   0.488355   0.104553   0.563543   0.001000
 -0.189491  -0.063309  -0.849467   0.488355   0.104553   0.563543   0.001000
 -0.189491  -0.063309  -0.849467   0.488355   0.104553   0.563543   0.001000
 -0.189491  -0.063309  -0.849467   0.488355   0.104553   0.563543   0.001000
 -0.189491  -0.063309  -0.849467   0.488355   0.104553   0.563543   0.001000
 -0.189491  -0.063309  -0.849467   0.488355   0.104553   0.563543   0.001000
 -0.166832  -0.075565  -0.850959   0.492266   0.254639   0.833427   0.001000
 -0.183148  -0.069313  -0.857345   0.476038   0.348102   0.573284   0.001000
 -0.200120  -0.056556  -0.846772   0.489622   0.155940   0.549323   0.001000
 -0.182668  -0.071355  -0.850847   0.487443   0.240134   0.693609   0.001000
 -0.186732  -0.057042  -0.852683   0.484571   0.138333   0.563711   0.001000
 -0.186732  -0.057042  -0.852683   0.484571   0.138333   0.563711   0.001000
 -0.186732  -0.057042  -0.852683   0.484571   0.138333   0.563711   0.001000
 -0.186732  -0.057042  -0.852683   0.484571   0.138333   0.563711   0.001000
 -0.186732  -0.057042  -0.852683   0.484571   0.138333   0.563711   0.001000
 -0.186732  -0.057042  -0.852683   0.484571   0.138333   0.563711   0.001000
 -0.186732  -0.057042  -0.852683   0.484571   0.138333   0.563711   0.001000
 -0.186732  -0.057042  -0.852683   0.484571   0.138333   0.563711   0.001000
 -0.186732  -0.057042  -0.852683   0.484571   0.138333   0.563711   0.001000
 -0.186732  -0.057042  -0.852683   0.484571   0.138333   0.563711   0.001000
 -0.186732  -0.057042  -0.852683   0.484571   0.138333   0.563711   0.001000
 -0.186732  -0.057042  -0.852683   0.484571   0.138333   0.563711   0.001000
 -0.186732  -0.057042  -0.852683   0.484571   0.138333   0.563711   0.001000
 -0.186732  -0.057042  -0.852683   0.484571   0.138333   0.563711   0.001000
 -0.186732  -0.057042  -0.852683   0.484571   0.138333   0.563711   0.001000
 -0.186732  -0.057042  -0.852683   0.484571   0.138333   0.563711   0.001000
 -0.186732  -0.057042  -0.852683   0.484571   0.138333   0.563711   0.001000
 -0.185904  -0.069400  -0.846076   0.494751   0.279391   0.767261   0.001000
 -0.185904  -0.069400  -0.846076   0.494751   0.279391   0.767261   0.001000
 -0.185904  -0.069400  -0.846076   0.494751   0.279391   0.767261   0.001000
 -0.185904  -0.069400  -0.846076   0.494751   0.279391   0.767261   0.001000
 -0.185904  -0.069400  -0.846076   0.494751   0.279391   0.767261   0.001000
 -0.185904  -0.069400  -0.846076   0.494751   0.279391   0.767261   0.001000
 -0.185904  -0.069400  -0.846076   0.494751   0.279391   0.767261   0.001000
 -0.185904  -0.069400  -0.846076   0.494751   0.279391   0.767261   0.001000
 -0.185904  -0.069400  -0.846076   0.494751   0.279391   0.767261   0.001000
 -0.185904  -0.069400  -0.846076   0.494751   0.279391   0.767261   0.001000
 -0.185904  -0.069400  -0.846076   0.494751   0.279391   0.767261   0.001000
 -0.185904  -0.069400  -0.846076   0.494751   0.279391   0.767261   0.001000
 -0.185904  -0.069400  -0.846076   0.494751   0.279391   0.767261   0.001000
 -0.183905  -0.068538  -0.844790   0.497806  -0.040962   0.836224   0.001000
 -0.181320  -0.075921  -0.846564   0.494659  -0.063186   0.805745   0.001000
 -0.168740  -0.085294  -0.847972   0.495172   0.003696   0.751824   0.001000
 -0.168740  -0.085294  -0.847972   0.495172   0.003696   0.751824   0.001000
 -0.168740  -0.085294  -0.847972   0.495172   0.003696   0.751824   0.001000
 -0.168740  -0.085294  -0.847972   0.495172   0.003696   0.751824   0.001000
 -0.168740  -0.085294  -0.847972   0.495172   0.003696   0.751824   0.001000
 -0.168740  -0.085294  -0.847972   0.495172   0.003696   0.751824   0.001000
 -0.168740  -0.085294  -0.847972   0.495172   0.003696   0.751824   0.001000
 -0.168740  -0.085294  -0.847972   0.495172   0.003696   0.751824   0.001000
 -0.168740  -0.085294  -0.847972   0.495172   0.003696   0.751824   0.001000
 -0.177916  -0.062520  -0.844763   0.500812  -0.052252   0.638793   0.001000
 -0.177916  -0.062520  -0.844763   0.500812  -0.052252   0.638793   0.001000
 -0.177916  -0.062520  -0.844763   0.500812  -0.052252   0.638793   0.001000
 -0.177916  -0.062520  -0.844763   0.500812  -0.052252   0.638793   0.001000
 -0.163035  -0.065074  -0.843593   0.507480  -0.017555   0.510745   0.001000
 -0.184031  -0.076421  -0.843936   0.498061  -0.084849   0.704579   0.001000
 -0.178537  -0.053954  -0.851968   0.489249   0.021027   0.707069   0.001000
 -0.183531  -0.059912  -0.846620   0.495945   0.128609   0.787288   0.001000
 -0.183531  -0.059912  -0.846620   0.495945   0.128609   0.787288   0.001000
 -0.183531  -0.059912  -0.846620   0.495945   0.128609   0.787288   0.001000
 -0.183531  -0.059912  -0.846620   0.495945   0.128609   0.787288   0.001000
 -0.183531  -0.059912  -0.846620   0.495945   0.128609   0.787288   0.001000
 -0.183531  -0.059912  -0.846620   0.495945   0.128609   0.787288   0.001000
 -0.183531  -0.059912  -0.846620   0.495945   0.128609   0.787288   0.001000
 -0.183531  -0.059912  -0.846620   0.495945   0.128609   0.787288   0.001000
 -0.183531  -0.059912  -0.846620   0.495945   0.128609   0.787288   0.001000
 -0.183531  -0.059912  -0.846620   0.495945   0.128609   0.787288   0.001000
 -0.183531  -0.059912  -0.846620   0.495945   0.128609   0.787288   0.001000
 -0.183531  -0.059912  -0.846620   0.495945   0.128609   0.787288   0.001000
 -0.183531  -0.059912  -0.846620   0.495945   0.128609   0.787288   0.001000
 -0.183531  -0.059912  -0.846620   0.495945   0.128609   0.787288   0.001000
 -0.183531  -0.059912  -0.846620   0.495945   0.128609   0.787288   0.001000
 -0.202530  -0.073074  -0.836691   0.503578  -0.061830   0.794283   0.001000
 -0.173985  -0.072420  -0.852344   0.487846   0.098685   0.515457   0.001000
 -0.187859  -0.062551  -0.847215   0.492974   0.031248   0.618520   0.001000
 -0.187859  -0.062551  -0.847215   0.492974   0.031248   0.618520   0.001000
 -0.187859  -0.062551  -0.847215   0.492974   0.031248   0.618520   0.001000
 -0.187859  -0.062551  -0.847215   0.492974   0.031248   0.618520   0.001000
 -0.187859  -0.062551  -0.847215   0.492974   0.031248   0.618520   0.001000
 -0.187859  -0.062551  -0.847215   0.492974   0.031248   0.618520   0.001000
 -0.187859  -0.062551  -0.847215   0.492974   0.031248   0.618520   0.001000
 -0.187859  -0.062551  -0.847215   0.492974   0.031248   0.618520   0.001000
 -0.159707  -0.044137  -0.852165   0.496347  -0.149923   0.962807   0.001000
 -0.179609  -0.062933  -0.852505   0.486843  -0.172608   0.999810   0.001000
 -0.190753  -0.048229  -0.857431   0.475499   0.198671   0.660188   0.001000
 -0.227015  -0.050057  -0.850613   0.471610   0.047542   0.689513   0.001000
 -0.176801  -0.044208  -0.849883   0.494456  -0.027685   0.577344   0.001000
 -0.167371  -0.046905  -0.842268   0.510267   0.068126   0.546303   0.001000
 -0.167371  -0.046905  -0.842268   0.510267   0.068126   0.546303   0.001000
 -0.207764  -0.047962  -0.845756   0.489113   0.244579   0.596606   0.001000
 -0.211363  -0.024176  -0.844320   0.491797   0.197109   0.732110   0.001000
 -0.192032  -0.065870  -0.834979   0.511464   0.118316   0.652291   0.001000
 -0.192032  -0.065870  -0.834979   0.511464   0.118316   0.652291   0.001000
 -0.192032  -0.065870  -0.834979   0.511464   0.118316   0.652291   0.001000
 -0.192032  -0.065870  -0.834979   0.511464   0.118316   0.652291   0.001000
 -0.192032  -0.065870  -0.834979   0.511464   0.118316   0.652291   0.001000
 -0.175378  -0.055149  -0.852471   0.489382   0.142401   0.538837   0.001000
 -0.175378  -0.055149  -0.852471   0.489382   0.142401   0.538837   0.001000
 -0.173285  -0.068162  -0.841594   0.506998   0.178881   0.477014   0.001000
 -0.173285  -0.068162  -0.841594   0.506998   0.178881   0.477014   0.001000
 -0.149380  -0.056749  -0.849556   0.502713   0.172577   0.445537   0.001000
 -0.185137  -0.075938  -0.846607   0.493168  -0.097465   0.989322   0.001000
 -0.157131  -0.090332  -0.845896   0.501608   0.028586   0.732151   0.001000
 -0.157131  -0.090332  -0.845896   0.501608   0.028586   0.732151   0.001000
 -0.158087  -0.116612  -0.849726   0.489260  -0.137579   0.617314   0.001000
 -0.189552  -0.055557  -0.850492   0.487490  -0.005567   0.732465   0.001000
 -0.189552  -0.055557  -0.850492   0.487490  -0.005567   0.732465   0.001000
 -0.189552  -0.055557  -0.850492   0.487490  -0.005567   0.732465   0.001000
 -0.189552  -0.055557  -0.850492   0.487490  -0.005567   0.732465   0.001000
 -0.189552  -0.055557  -0.850492   0.487490  -0.005567   0.732465   0.001000
 -0.189552  -0.055557  -0.850492   0.487490  -0.005567   0.732465   0.001000
 -0.189552  -0.055557  -0.850492   0.487490  -0.005567   0.732465   0.001000
 -0.189552  -0.055557  -0.850492   0.487490  -0.005567   0.732465   0.001000
 -0.189552  -0.055557  -0.850492   0.487490  -0.005567   0.732465   0.001000
 -0.189552  -0.055557  -0.850492   0.487490  -0.005567   0.732465   0.001000
 -0.189552  -0.055557  -0.850492   0.487490  -0.005567   0.732465   0.001000
 -0.189552  -0.055557  -0.850492   0.487490  -0.005567   0.732465   0.001000
 -0.189552  -0.055557  -0.850492   0.487490  -0.005567   0.732465   0.001000
 -0.189552  -0.055557  -0.850492   0.487490  -0.005567   0.732465   0.001000
 -0.189552  -0.055557  -0.850492   0.487490  -0.005567   0.732465   0.001000
 -0.189552  -0.055557  -0.850492   0.487490  -0.005567   0.732465   0.001000
 -0.189552  -0.055557  -0.850492   0.487490  -0.005567   0.732465   0.001000
 -0.189552  -0.055557  -0.850492   0.487490  -0.005567   0.732465   0.001000
 -0.189552  -0.055557  -0.850492   0.487490  -0.005567   0.732465   0.001000
 -0.189552  -0.055557  -0.850492   0.487490  -0.005567   0.732465   0.001000
 -0.189552  -0.055557  -0.850492   0.487490  -0.005567   0.732465   0.001000
 -0.189552  -0.055557  -0.850492   0.487490  -0.005567   0.732465   0.001000
 -0.189552  -0.055557  -0.850492   0.487490  -0.005567   0.732465   0.001000
 -0.189552  -0.055557  -0.850492   0.487490  -0.005567   0.732465   0.001000
 -0.189552  -0.055557  -0.850492   0.487490  -0.005567   0.732465   0.001000
 -0.189552  -0.055557  -0.850492   0.487490  -0.005567   0.732465   0.001000
 -0.189552  -0.055557  -0.850492   0.487490  -0.005567   0.732465   0.001000
 -0.189552  -0.055557  -0.850492   0.487490  -0.005567   0.732465   0.001000
 -0.189552  -0.055557  -0.850492   0.487490  -0.005567   0.732465   0.001000
 -0.189552  -0.055557  -0.850492   0.487490  -0.005567   0.732465   0.001000
 -0.189552  -0.055557  -0.850492   0.487490  -0.005567   0.732465   0.001000
 -0.189552  -0.055557  -0.850492   0.487490  -0.005567   0.732465   0.001000
 -0.189552  -0.055557  -0.850492   0.487490  -0.005567   0.732465   0.001000
 -0.189552  -0.055557  -0.850492   0.487490  -0.005567   0.732465   0.001000
 -0.189552  -0.055557  -0.850492   0.487490  -0.005567   0.732465   0.001000
 -0.189552  -0.055557  -0.850492   0.487490  -0.005567   0.732465   0.001000
 -0.189552  -0.055557  -0.850492   0.487490  -0.005567   0.732465   0.001000
 -0.189552  -0.055557  -0.850492   0.487490  -0.005567   0.732465   0.001000
 -0.189552  -0.055557  -0.850492   0.487490  -0.005567   0.732465   0.001000
 -0.189552  -0.055557  -0.850492   0.487490  -0.005567   0.732465   0.001000
 -0.189552  -0.055557  -0.850492   0.487490  -0.005567   0.732465   0.001000
 -0.189552  -0.055557  -0.850492   0.487490  -0.005567   0.732465   0.001000
 -0.189552  -0.055557  -0.850492   0.487490  -0.005567   0.732465   0.001000
 -0.189552  -0.055557  -0.850492   0.487490  -0.005567   0.732465   0.001000
 -0.189552  -0.055557  -0.850492   0.487490  -0.005567   0.732465   0.001000
 -0.189552  -0.055557  -0.850492   0.487490  -0.005567   0.732465   0.001000
 -0.189552  -0.055557  -0.850492   0.487490  -0.005567   0.732465   0.001000
 -0.189552  -0.055557  -0.850492   0.487490  -0.005567   0.732465   0.001000
 -0.189552  -0.055557  -0.850492   0.487490  -0.005567   0.732465   0.001000
 -0.189552  -0.055557  -0.850492   0.487490  -0.005567   0.732465   0.001000
 -0.189552  -0.055557  -0.850492   0.487490  -0.005567   0.732465   0.001000
 -0.189552  -0.055557  -0.850492   0.487490  -0.005567   0.732465   0.001000
 -0.189552  -0.055557  -0.850492   0.487490  -0.005567   0.732465   0.001000
 -0.204231  -0.134399  -0.815816   0.524090   0.097841   0.578368   0.001000
 -0.199954  -0.040682  -0.852885   0.480573   0.189077   0.641333   0.001000
 -0.199954  -0.040682  -0.852885   0.480573   0.189077   0.641333   0.001000
 -0.199954  -0.040682  -0.852885   0.480573   0.189077   0.641333   0.001000
 -0.199954  -0.040682  -0.852885   0.480573   0.189077   0.641333   0.001000
 -0.199954  -0.040682  -0.852885   0.480573   0.189077   0.641333   0.001000
 -0.199954  -0.040682  -0.852885   0.480573   0.189077   0.641333   0.001000
 -0.199954  -0.040682  -0.852885   0.480573   0.189077   0.641333   0.001000
 -0.199954  -0.040682  -0.852885   0.480573   0.189077   0.641333   0.001000
 -0.199954  -0.040682  -0.852885   0.480573   0.189077   0.641333   0.001000
 -0.199954  -0.040682  -0.852885   0.480573   0.189077   0.641333   0.001000
 -0.199954  -0.040682  -0.852885   0.480573   0.189077   0.641333   0.001000
 -0.199954  -0.040682  -0.852885   0.480573   0.189077   0.641333   0.001000
 -0.199954  -0.040682  -0.852885   0.480573   0.189077   0.641333   0.001000
 -0.199954  -0.040682  -0.852885   0.480573   0.189077   0.641333   0.001000
 -0.199954  -0.040682  -0.852885   0.480573   0.189077   0.641333   0.001000
 -0.199954  -0.040682  -0.852885   0.480573   0.189077   0.641333   0.001000
 -0.199954  -0.040682  -0.852885   0.480573   0.189077   0.641333   0.001000
 -0.199954  -0.040682  -0.852885   0.480573   0.189077   0.641333   0.001000
 -0.199954  -0.040682  -0.852885   0.480573   0.189077   0.641333   0.001000
 -0.185154  -0.055237  -0.849912   0.490220   0.002033   0.532663   0.001000
 -0.185154  -0.055237  -0.849912   0.490220   0.002033   0.532663   0.001000
 -0.185154  -0.055237  -0.849912   0.490220   0.002033   0.532663   0.001000
 -0.185154  -0.055237  -0.849912   0.490220   0.002033   0.532663   0.001000
 -0.185154  -0.055237  -0.849912   0.490220   0.002033   0.532663   0.001000
 -0.185154  -0.055237  -0.849912   0.490220   0.002033   0.532663   0.001000
 -0.185154  -0.055237  -0.849912   0.490220   0.002033   0.532663   0.001000
 -0.185154  -0.055237  -0.849912   0.490220   0.002033   0.532663   0.001000
 -0.185154  -0.055237  -0.849912   0.490220   0.002033   0.532663   0.001000
 -0.185154  -0.055237  -0.849912   0.490220   0.002033   0.532663   0.001000
 -0.185154  -0.055237  -0.849912   0.490220   0.002033   0.532663   0.001000
 -0.185154  -0.055237  -0.849912   0.490220   0.002033   0.532663   0.001000
 -0.185154  -0.055237  -0.849912   0.490220   0.002033   0.532663   0.001000
 -0.185154  -0.055237  -0.849912   0.490220   0.002033   0.532663   0.001000
 -0.185154  -0.055237  -0.849912   0.490220   0.002033   0.532663   0.001000
 -0.185154  -0.055237  -0.849912   0.490220   0.002033   0.532663   0.001000
 -0.185154  -0.055237  -0.849912   0.490220   0.002033   0.532663   0.001000
 -0.185154  -0.055237  -0.849912   0.490220   0.002033   0.532663   0.001000
 -0.185154  -0.055237  -0.849912   0.490220   0.002033   0.532663   0.001000
 -0.185154  -0.055237  -0.849912   0.490220   0.002033   0.532663   0.001000
 -0.185154  -0.055237  -0.849912   0.490220   0.002033   0.532663   0.001000
 -0.185154  -0.055237  -0.849912   0.490220   0.002033   0.532663   0.001000
 -0.185154  -0.055237  -0.849912   0.490220   0.002033   0.532663   0.001000
 -0.185154  -0.055237  -0.849912   0.490220   0.002033   0.532663   0.001000
 -0.185154  -0.055237  -0.849912   0.490220   0.002033   0.532663   0.001000
 -0.185154  -0.055237  -0.849912   0.490220   0.002033   0.532663   0.001000
 -0.185154  -0.055237  -0.849912   0.490220   0.002033   0.532663   0.001000
 -0.185154  -0.055237  -0.849912   0.490220   0.002033   0.532663   0.001000
 -0.185154  -0.055237  -0.849912   0.490220   0.002033   0.532663   0.001000
 -0.185154  -0.055237  -0.849912   0.490220   0.002033   0.532663   0.001000
 -0.185154  -0.055237  -0.849912   0.490220   0.002033   0.532663   0.001000
 -0.220343  -0.016155  -0.832182   0.508587  -0.029831   0.444635   0.001000
 -0.174904  -0.061725  -0.845857   0.500125   0.263242   0.586997   0.001000
 -0.183614  -0.068595  -0.847969   0.492472   0.121685   0.692279   0.001000
 -0.183614  -0.068595  -0.847969   0.492472   0.121685   0.692279   0.001000
 -0.183614  -0.068595  -0.847969   0.492472   0.121685   0.692279   0.001000
 -0.183614  -0.068595  -0.847969   0.492472   0.121685   0.692279   0.001000
 -0.183614  -0.068595  -0.847969   0.492472   0.121685   0.692279   0.001000
 -0.183614  -0.068595  -0.847969   0.492472   0.121685   0.692279   0.001000
 -0.183614  -0.068595  -0.847969   0.492472   0.121685   0.692279   0.001000
 -0.183614  -0.068595  -0.847969   0.492472   0.121685   0.692279   0.001000
 -0.183614  -0.068595  -0.847969   0.492472   0.121685   0.692279   0.001000
 -0.183614  -0.068595  -0.847969   0.492472   0.121685   0.692279   0.001000
 -0.183614  -0.068595  -0.847969   0.492472   0.121685   0.692279   0.001000
 -0.183614  -0.068595  -0.847969   0.492472   0.121685   0.692279   0.001000
 -0.183614  -0.068595  -0.847969   0.492472   0.121685   0.692279   0.001000
 -0.183614  -0.068595  -0.847969   0.492472   0.121685   0.692279   0.001000
 -0.183614  -0.068595  -0.847969   0.492472   0.121685   0.692279   0.001000
 -0.183614  -0.068595  -0.847969   0.492472   0.121685   0.692279   0.001000
 -0.183614  -0.068595  -0.847969   0.492472   0.121685   0.692279   0.001000
 -0.183614  -0.068595  -0.847969   0.492472   0.121685   0.692279   0.001000
 -0.183614  -0.068595  -0.847969   0.492472   0.121685   0.692279   0.001000
 -0.183614  -0.068595  -0.847969   0.492472   0.121685   0.692279   0.001000
 -0.183614  -0.068595  -0.847969   0.492472   0.121685   0.692279   0.001000
 -0.183614  -0.068595  -0.847969   0.492472   0.121685   0.692279   0.001000
 -0.183614  -0.068595  -0.847969   0.492472   0.121685   0.692279   0.001000
 -0.183614  -0.068595  -0.847969   0.492472   0.121685   0.692279   0.001000
 -0.183614  -0.068595  -0.847969   0.492472   0.121685   0.692279   0.001000
 -0.183614  -0.068595  -0.847969   0.492472   0.121685   0.692279   0.001000
 -0.183614  -0.068595  -0.847969   0.492472   0.121685   0.692279   0.001000
 -0.183614  -0.068595  -0.847969   0.492472   0.121685   0.692279   0.001000
 -0.183614  -0.068595  -0.847969   0.492472   0.121685   0.692279   0.001000
 -0.183614  -0.068595  -0.847969   0.492472   0.121685   0.692279   0.001000
 -0.183614  -0.068595  -0.847969   0.492472   0.121685   0.692279   0.001000
 -0.183614  -0.068595  -0.847969   0.492472   0.121685   0.692279   0.001000
 -0.183614  -0.068595  -0.847969   0.492472   0.121685   0.692279   0.001000
 -0.183614  -0.068595  -0.847969   0.492472   0.121685   0.692279   0.001000
 -0.183614  -0.068595  -0.847969   0.492472   0.121685   0.692279   0.001000
 -0.183614  -0.068595  -0.847969   0.492472   0.121685   0.692279   0.001000
 -0.183614  -0.068595  -0.847969   0.492472   0.121685   0.692279   0.001000
 -0.183614  -0.068595  -0.847969   0.492472   0.121685   0.692279   0.001000
 -0.183614  -0.068595  -0.847969   0.492472   0.121685   0.692279   0.001000
 -0.183614  -0.068595  -0.847969   0.492472   0.121685   0.692279   0.001000
 -0.183614  -0.068595  -0.847969   0.492472   0.121685   0.692279   0.001000
 -0.183614  -0.068595  -0.847969   0.492472   0.121685   0.692279   0.001000
 -0.183614  -0.068595  -0.847969   0.492472   0.121685   0.692279   0.001000
 -0.183614  -0.068595  -0.847969   0.492472   0.121685   0.692279   0.001000
 -0.183614  -0.068595  -0.847969   0.492472   0.121685   0.692279   0.001000
 -0.183614  -0.068595  -0.847969   0.492472   0.121685   0.692279   0.001000
 -0.183614  -0.068595  -0.847969   0.492472   0.121685   0.692279   0.001000
 -0.183614  -0.068595  -0.847969   0.492472   0.121685   0.692279   0.001000
 -0.183614  -0.068595  -0.847969   0.492472   0.121685   0.692279   0.001000
 -0.183614  -0.068595  -0.847969   0.492472   0.121685   0.692279   0.001000
 -0.183614  -0.068595  -0.847969   0.492472   0.121685   0.692279   0.001000
 -0.183614  -0.068595  -0.847969   0.492472   0.121685   0.692279   0.001000
 -0.183614  -0.068595  -0.847969   0.492472   0.121685   0.692279   0.001000
 -0.183614  -0.068595  -0.847969   0.492472   0.121685   0.692279   0.001000
 -0.183614  -0.068595  -0.847969   0.492472   0.121685   0.692279   0.001000
 -0.183614  -0.068595  -0.847969   0.492472   0.121685   0.692279   0.001000
 -0.159462  -0.092947  -0.849408   0.494407   0.069083   0.561676   0.001000
 -0.159462  -0.092947  -0.849408   0.494407   0.069083   0.561676   0.001000
 -0.185384  -0.063518  -0.857416   0.475854   0.150161   0.667276   0.001000
 -0.153500  -0.028877  -0.863811   0.478993   0.034589   0.640778   0.001000
 -0.153500  -0.028877  -0.863811   0.478993   0.034589   0.640778   0.001000
 -0.183351  -0.064532  -0.847207   0.494427   0.048368   0.530246   0.001000
 -0.183351  -0.064532  -0.847207   0.494427   0.048368   0.530246   0.001000
 -0.183351  -0.064532  -0.847207   0.494427   0.048368   0.530246   0.001000
 -0.183351  -0.064532  -0.847207   0.494427   0.048368   0.530246   0.001000
 -0.183351  -0.064532  -0.847207   0.494427   0.048368   0.530246   0.001000
 -0.183351  -0.064532  -0.847207   0.494427   0.048368   0.530246   0.001000
 -0.183351  -0.064532  -0.847207   0.494427   0.048368   0.530246   0.001000
 -0.183351  -0.064532  -0.847207   0.494427   0.048368   0.530246   0.001000
 -0.183351  -0.064532  -0.847207   0.494427   0.048368   0.530246   0.001000
 -0.183351  -0.064532  -0.847207   0.494427   0.048368   0.530246   0.001000
 -0.183351  -0.064532  -0.847207   0.494427   0.048368   0.530246   0.001000
 -0.183351  -0.064532  -0.847207   0.494427   0.048368   0.530246   0.001000
 -0.183351  -0.064532  -0.847207   0.494427   0.048368   0.530246   0.001000
 -0.183351  -0.064532  -0.847207   0.494427   0.048368   0.530246   0.001000
 -0.183351  -0.064532  -0.847207   0.494427   0.048368   0.530246   0.001000
 -0.183351  -0.064532  -0.847207   0.494427   0.048368   0.530246   0.001000
 -0.183351  -0.064532  -0.847207   0.494427   0.048368   0.530246   0.001000
 -0.183351  -0.064532  -0.847207   0.494427   0.048368   0.530246   0.001000
 -0.183351  -0.064532  -0.847207   0.494427   0.048368   0.530246   0.001000
 -0.183351  -0.064532  -0.847207   0.494427   0.048368   0.530246   0.001000
 -0.183351  -0.064532  -0.847207   0.494427   0.048368   0.530246   0.001000
 -0.173212  -0.061760  -0.853290   0.487933   0.114809   0.552660   0.001000
 -0.173212  -0.061760  -0.853290   0.487933   0.114809   0.552660   0.001000
 -0.173212  -0.061760  -0.853290   0.487933   0.114809   0.552660   0.001000
 -0.173212  -0.061760  -0.853290   0.487933   0.114809   0.552660   0.001000
 -0.173212  -0.061760  -0.853290   0.487933   0.114809   0.552660   0.001000
 -0.173212  -0.061760  -0.853290   0.487933   0.114809   0.552660   0.001000
 -0.173212  -0.061760  -0.853290   0.487933   0.114809   0.552660   0.001000
 -0.173212  -0.061760  -0.853290   0.487933   0.114809   0.552660   0.001000
 -0.173212  -0.061760  -0.853290   0.487933   0.114809   0.552660   0.001000
 -0.173212  -0.061760  -0.853290   0.487933   0.114809   0.552660   0.001000
 -0.173212  -0.061760  -0.853290   0.487933   0.114809   0.552660   0.001000
 -0.173212  -0.061760  -0.853290   0.487933   0.114809   0.552660   0.001000
 -0.173212  -0.061760  -0.853290   0.487933   0.114809   0.552660   0.001000
 -0.173212  -0.061760  -0.853290   0.487933   0.114809   0.552660   0.001000
 -0.173212  -0.061760  -0.853290   0.487933   0.114809   0.552660   0.001000
 -0.173212  -0.061760  -0.853290   0.487933   0.114809   0.552660   0.001000
 -0.173212  -0.061760  -0.853290   0.487933   0.114809   0.552660   0.001000
 -0.173212  -0.061760  -0.853290   0.487933   0.114809   0.552660   0.001000
 -0.173212  -0.061760  -0.853290   0.487933   0.114809   0.552660   0.001000
 -0.173212  -0.061760  -0.853290   0.487933   0.114809   0.552660   0.001000
 -0.173212  -0.061760  -0.853290   0.487933   0.114809   0.552660   0.001000
 -0.173212  -0.061760  -0.853290   0.487933   0.114809   0.552660   0.001000
 -0.183413  -0.068263  -0.843402   0.500372   0.028832   0.433059   0.001000
 -0.183413  -0.068263  -0.843402   0.500372   0.028832   0.433059   0.001000
 -0.183413  -0.068263  -0.843402   0.500372   0.028832   0.433059   0.001000
 -0.183413  -0.068263  -0.843402   0.500372   0.028832   0.433059   0.001000
 -0.183413  -0.068263  -0.843402   0.500372   0.028832   0.433059   0.001000
 -0.183413  -0.068263  -0.843402   0.500372   0.028832   0.433059   0.001000
 -0.183413  -0.068263  -0.843402   0.500372   0.028832   0.433059   0.001000
 -0.183413  -0.068263  -0.843402   0.500372   0.028832   0.433059   0.001000
 -0.183413  -0.068263  -0.843402   0.500372   0.028832   0.433059   0.001000
 -0.183413  -0.068263  -0.843402   0.500372   0.028832   0.433059   0.001000
 -0.183413  -0.068263  -0.843402   0.500372   0.028832   0.433059   0.001000
 -0.183413  -0.068263  -0.843402   0.500372   0.028832   0.433059   0.001000
 -0.191250  -0.068391  -0.842906   0.498253  -0.006051   0.614831   0.001000
 -0.191250  -0.068391  -0.842906   0.498253  -0.006051   0.614831   0.001000
 -0.191250  -0.068391  -0.842906   0.498253  -0.006051   0.614831   0.001000
 -0.181818  -0.082625  -0.850696   0.486243  -0.116480   0.194262   0.001000
 -0.166644  -0.073602  -0.864006   0.469367  -0.123539   0.430978   0.001000
 -0.103107  -0.148417  -0.868070   0.462382  -0.247229   0.472906   0.001000
 -0.182751  -0.059835  -0.849133   0.491930  -0.180998   0.308223   0.001000
 -0.182751  -0.059835  -0.849133   0.491930  -0.180998   0.308223   0.001000
 -0.182751  -0.059835  -0.849133   0.491930  -0.180998   0.308223   0.001000
 -0.182751  -0.059835  -0.849133   0.491930  -0.180998   0.308223   0.001000
 -0.182751  -0.059835  -0.849133   0.491930  -0.180998   0.308223   0.001000
 -0.182751  -0.059835  -0.849133   0.491930  -0.180998   0.308223   0.001000
 -0.182751  -0.059835  -0.849133   0.491930  -0.180998   0.308223   0.001000
 -0.182751  -0.059835  -0.849133   0.491930  -0.180998   0.308223   0.001000
 -0.191904  -0.049823  -0.854674   0.479815  -0.129571   0.374245   0.001000
 -0.191904  -0.049823  -0.854674   0.479815  -0.129571   0.374245   0.001000
 -0.191904  -0.049823  -0.854674   0.479815  -0.129571   0.374245   0.001000
 -0.191904  -0.049823  -0.854674   0.479815  -0.129571   0.374245   0.001000
 -0.189583  -0.072975  -0.844855   0.494928   0.070843   0.222928   0.001000
 -0.198694  -0.056534  -0.845156   0.492987   0.031702   0.624838   0.001000
 -0.177567  -0.065886  -0.856893   0.479441   0.066620   0.580784   0.001000
 -0.182186  -0.060370  -0.843281   0.502036  -0.028924   0.876100   0.001000
 -0.182186  -0.060370  -0.843281   0.502036  -0.028924   0.876100   0.001000
 -0.182186  -0.060370  -0.843281   0.502036  -0.028924   0.876100   0.001000
 -0.182186  -0.060370  -0.843281   0.502036  -0.028924   0.876100   0.001000
 -0.182186  -0.060370  -0.843281   0.502036  -0.028924   0.876100   0.001000
 -0.182186  -0.060370  -0.843281   0.502036  -0.028924   0.876100   0.001000
 -0.182186  -0.060370  -0.843281   0.502036  -0.028924   0.876100   0.001000
 -0.182186  -0.060370  -0.843281   0.502036  -0.028924   0.876100   0.001000
 -0.168062  -0.064719  -0.852663   0.490441  -0.159135   0.947515   0.001000
 -0.174302  -0.061858  -0.848972   0.495015  -0.141683   0.673948   0.001000
 -0.174302  -0.061858  -0.848972   0.495015  -0.141683   0.673948   0.001000
 -0.174302  -0.061858  -0.848972   0.495015  -0.141683   0.673948   0.001000
 -0.174302  -0.061858  -0.848972   0.495015  -0.141683   0.673948   0.001000
 -0.174302  -0.061858  -0.848972   0.495015  -0.141683   0.673948   0.001000
 -0.174302  -0.061858  -0.848972   0.495015  -0.141683   0.673948   0.001000
 -0.174302  -0.061858  -0.848972   0.495015  -0.141683   0.673948   0.001000
 -0.174302  -0.061858  -0.848972   0.495015  -0.141683   0.673948   0.001000
 -0.179361  -0.065030  -0.848395   0.493787  -0.003808   0.795000   0.001000
 -0.179361  -0.065030  -0.848395   0.493787  -0.003808   0.795000   0.001000
 -0.178267  -0.065108  -0.855403   0.481941   0.016984   0.590134   0.001000
 -0.194522  -0.065512  -0.841948   0.498991   0.045854   0.530030   0.001000
 -0.177991  -0.068618  -0.851696   0.488082  -0.424546   0.563195   0.001000
 -0.177991  -0.068618  -0.851696   0.488082  -0.424546   0.563195   0.001000
 -0.177991  -0.068618  -0.851696   0.488082  -0.424546   0.563195   0.001000
 -0.179958  -0.058940  -0.845244   0.499703  -0.241762   0.568625   0.001000
 -0.187220  -0.063193  -0.850115   0.488119   0.007188   0.942260   0.001000
 -0.187220  -0.063193  -0.850115   0.488119   0.007188   0.942260   0.001000
 -0.187220  -0.063193  -0.850115   0.488119   0.007188   0.942260   0.001000
 -0.185153  -0.073592  -0.850349   0.487042   0.150380   0.971773   0.001000
 -0.185153  -0.073592  -0.850349   0.487042   0.150380   0.971773   0.001000
 -0.185153  -0.073592  -0.850349   0.487042   0.150380   0.971773   0.001000
 -0.189995  -0.057357  -0.852665   0.483296  -0.050104   0.777903   0.001000
 -0.189995  -0.057357  -0.852665   0.483296  -0.050104   0.777903   0.001000
 -0.189995  -0.057357  -0.852665   0.483296  -0.050104   0.777903   0.001000
 -0.189995  -0.057357  -0.852665   0.483296  -0.050104   0.777903   0.001000
 -0.189995  -0.057357  -0.852665   0.483296  -0.050104   0.777903   0.001000
 -0.113968  -0.167224  -0.829439   0.520651   0.119248   0.691622   0.001000
 -0.113968  -0.167224  -0.829439   0.520651   0.119248   0.691622   0.001000
 -0.113968  -0.167224  -0.829439   0.520651   0.119248   0.691622   0.001000
 -0.181948  -0.073861  -0.845640   0.496319   0.060852   0.816107   0.001000
 -0.181948  -0.073861  -0.845640   0.496319   0.060852   0.816107   0.001000
 -0.181948  -0.073861  -0.845640   0.496319   0.060852   0.816107   0.001000
 -0.181948  -0.073861  -0.845640   0.496319   0.060852   0.816107   0.001000
 -0.181948  -0.073861  -0.845640   0.496319   0.060852   0.816107   0.001000
 -0.181948  -0.073861  -0.845640   0.496319   0.060852   0.816107   0.001000
 -0.181948  -0.073861  -0.845640   0.496319   0.060852   0.816107   0.001000
 -0.181948  -0.073861  -0.845640   0.496319   0.060852   0.816107   0.001000
 -0.143089  -0.079689  -0.838518   0.519675  -0.005285   0.839484   0.001000
 -0.191060  -0.055117  -0.848950   0.489636   0.245975   0.746980   0.001000
 -0.191060  -0.055117  -0.848950   0.489636   0.245975   0.746980   0.001000
 -0.191060  -0.055117  -0.848950   0.489636   0.245975   0.746980   0.001000
 -0.191060  -0.055117  -0.848950   0.489636   0.245975   0.746980   0.001000
 -0.191060  -0.055117  -0.848950   0.489636   0.245975   0.746980   0.001000
 -0.191060  -0.055117  -0.848950   0.489636   0.245975   0.746980   0.001000
 -0.191060  -0.055117  -0.848950   0.489636   0.245975   0.746980   0.001000
 -0.191060  -0.055117  -0.848950   0.489636   0.245975   0.746980   0.001000
 -0.191060  -0.055117  -0.848950   0.489636   0.245975   0.746980   0.001000
 -0.191060  -0.055117  -0.848950   0.489636   0.245975   0.746980   0.001000
 -0.191060  -0.055117  -0.848950   0.489636   0.245975   0.746980   0.001000
 -0.191060  -0.055117  -0.848950   0.489636   0.245975   0.746980   0.001000
 -0.191060  -0.055117  -0.848950   0.489636   0.245975   0.746980   0.001000
 -0.191060  -0.055117  -0.848950   0.489636   0.245975   0.746980   0.001000
 -0.191060  -0.055117  -0.848950   0.489636   0.245975   0.746980   0.001000
 -0.191060  -0.055117  -0.848950   0.489636   0.245975   0.746980   0.001000
 -0.182701  -0.061730  -0.840815   0.505806  -0.046621   0.694287   0.001000
 -0.182701  -0.061730  -0.840815   0.505806  -0.046621   0.694287   0.001000
 -0.177667  -0.091501  -0.845437   0.495276   0.139553   0.662901   0.001000
 -0.208748  -0.061746  -0.830433   0.512828  -0.186573   0.826910   0.001000
 -0.182721  -0.071320  -0.845730   0.496254  -0.094579   0.739383   0.001000
 -0.182721  -0.071320  -0.845730   0.496254  -0.094579   0.739383   0.001000
 -0.182721  -0.071320  -0.845730   0.496254  -0.094579   0.739383   0.001000
 -0.182721  -0.071320  -0.845730   0.496254  -0.094579   0.739383   0.001000
 -0.182721  -0.071320  -0.845730   0.496254  -0.094579   0.739383   0.001000
 -0.166166  -0.075386  -0.846236   0.500589  -0.077397   0.581155   0.001000
 -0.166166  -0.075386  -0.846236   0.500589  -0.077397   0.581155   0.001000
 -0.166166  -0.075386  -0.846236   0.500589  -0.077397   0.581155   0.001000
 -0.166166  -0.075386  -0.846236   0.500589  -0.077397   0.581155   0.001000
 -0.166166  -0.075386  -0.846236   0.500589  -0.077397   0.581155   0.001000
 -0.166166  -0.075386  -0.846236   0.500589  -0.077397   0.581155   0.001000
 -0.173846  -0.047925  -0.847602   0.499051  -0.021580   0.666459   0.001000
 -0.173846  -0.047925  -0.847602   0.499051  -0.021580   0.666459   0.001000
 -0.179561  -0.072549  -0.846618   0.495714   0.164488   0.657120   0.001000
 -0.179561  -0.072549  -0.846618   0.495714   0.164488   0.657120   0.001000
 -0.179561  -0.072549  -0.846618   0.495714   0.164488   0.657120   0.001000
 -0.179561  -0.072549  -0.846618   0.495714   0.164488   0.657120   0.001000
 -0.179561  -0.072549  -0.846618   0.495714   0.164488   0.657120   0.001000
 -0.179561  -0.072549  -0.846618   0.495714   0.164488   0.657120   0.001000
 -0.179561  -0.072549  -0.846618   0.495714   0.164488   0.657120   0.001000
 -0.179561  -0.072549  -0.846618   0.495714   0.164488   0.657120   0.001000
 -0.179561  -0.072549  -0.846618   0.495714   0.164488   0.657120   0.001000
 -0.179561  -0.072549  -0.846618   0.495714   0.164488   0.657120   0.001000
 -0.182027  -0.068730  -0.847697   0.493509   0.099592   0.599017   0.001000
 -0.182027  -0.068730  -0.847697   0.493509   0.099592   0.599017   0.001000
 -0.182027  -0.068730  -0.847697   0.493509   0.099592   0.599017   0.001000
 -0.182027  -0.068730  -0.847697   0.493509   0.099592   0.599017   0.001000
 -0.182027  -0.068730  -0.847697   0.493509   0.099592   0.599017   0.001000
 -0.182027  -0.068730  -0.847697   0.493509   0.099592   0.599017   0.001000
 -0.182027  -0.068730  -0.847697   0.493509   0.099592   0.599017   0.001000
 -0.182027  -0.068730  -0.847697   0.493509   0.099592   0.599017   0.001000
 -0.182027  -0.068730  -0.847697   0.493509   0.099592   0.599017   0.001000
 -0.182027  -0.068730  -0.847697   0.493509   0.099592   0.599017   0.001000
 -0.182027  -0.068730  -0.847697   0.493509   0.099592   0.599017   0.001000
 -0.182027  -0.068730  -0.847697   0.493509   0.099592   0.599017   0.001000
 -0.182027  -0.068730  -0.847697   0.493509   0.099592   0.599017   0.001000
 -0.182027  -0.068730  -0.847697   0.493509   0.099592   0.599017   0.001000
 -0.182027  -0.068730  -0.847697   0.493509   0.099592   0.599017   0.001000
 -0.182027  -0.068730  -0.847697   0.493509   0.099592   0.599017   0.001000
 -0.182027  -0.068730  -0.847697   0.493509   0.099592   0.599017   0.001000
 -0.182027  -0.068730  -0.847697   0.493509   0.099592   0.599017   0.001000
 -0.182027  -0.068730  -0.847697   0.493509   0.099592   0.599017   0.001000
 -0.182027  -0.068730  -0.847697   0.493509   0.099592   0.599017   0.001000
 -0.182027  -0.068730  -0.847697   0.493509   0.099592   0.599017   0.001000
 -0.182027  -0.068730  -0.847697   0.493509   0.099592   0.599017   0.001000
 -0.182027  -0.068730  -0.847697   0.493509   0.099592   0.599017   0.001000
 -0.182027  -0.068730  -0.847697   0.493509   0.099592   0.599017   0.001000
 -0.182027  -0.068730  -0.847697   0.493509   0.099592   0.599017   0.001000
 -0.182027  -0.068730  -0.847697   0.493509   0.099592   0.599017   0.001000
 -0.182027  -0.068730  -0.847697   0.493509   0.099592   0.599017   0.001000
 -0.182027  -0.068730  -0.847697   0.493509   0.099592   0.599017   0.001000
 -0.182027  -0.068730  -0.847697   0.493509   0.099592   0.599017   0.001000
 -0.182027  -0.068730  -0.847697   0.493509   0.099592   0.599017   0.001000
 -0.182027  -0.068730  -0.847697   0.493509   0.099592   0.599017   0.001000
 -0.182027  -0.068730  -0.847697   0.493509   0.099592   0.599017   0.001000
 -0.182027  -0.068730  -0.847697   0.493509   0.099592   0.599017   0.001000
 -0.182027  -0.068730  -0.847697   0.493509   0.099592   0.599017   0.001000
 -0.182027  -0.068730  -0.847697   0.493509   0.099592   0.599017   0.001000
 -0.182027  -0.068730  -0.847697   0.493509   0.099592   0.599017   0.001000
 -0.182027  -0.068730  -0.847697   0.493509   0.099592   0.599017   0.001000
 -0.182027  -0.068730  -0.847697   0.493509   0.099592   0.599017   0.001000
 -0.182027  -0.068730  -0.847697   0.493509   0.099592   0.599017   0.001000
 -0.182027  -0.068730  -0.847697   0.493509   0.099592   0.599017   0.001000
 -0.182027  -0.068730  -0.847697   0.493509   0.099592   0.599017   0.001000
 -0.182027  -0.068730  -0.847697   0.493509   0.099592   0.599017   0.001000
 -0.182027  -0.068730  -0.847697   0.493509   0.099592   0.599017   0.001000
 -0.182027  -0.068730  -0.847697   0.493509   0.099592   0.599017   0.001000
 -0.182027  -0.068730  -0.847697   0.493509   0.099592   0.599017   0.001000
 -0.182027  -0.068730  -0.847697   0.493509   0.099592   0.599017   0.001000
 -0.182027  -0.068730  -0.847697   0.493509   0.099592   0.599017   0.001000
 -0.182027  -0.068730  -0.847697   0.493509   0.099592   0.599017   0.001000
 -0.182027  -0.068730  -0.847697   0.493509   0.099592   0.599017   0.001000
 -0.182027  -0.068730  -0.847697   0.493509   0.099592   0.599017   0.001000
 -0.182027  -0.068730  -0.847697   0.493509   0.099592   0.599017   0.001000
 -0.182027  -0.068730  -0.847697   0.493509   0.099592   0.599017   0.001000
 -0.182027  -0.068730  -0.847697   0.493509   0.099592   0.599017   0.001000
 -0.182027  -0.068730  -0.847697   0.493509   0.099592   0.599017   0.001000
 -0.182027  -0.068730  -0.847697   0.493509   0.099592   0.599017   0.001000
 -0.182027  -0.068730  -0.847697   0.493509   0.099592   0.599017   0.001000
 -0.182027  -0.068730  -0.847697   0.493509   0.099592   0.599017   0.001000
 -0.194357  -0.048004  -0.849418   0.488272   0.046016   0.765248   0.001000
 -0.194357  -0.048004  -0.849418   0.488272   0.046016   0.765248   0.001000
 -0.194357  -0.048004  -0.849418   0.488272   0.046016   0.765248   0.001000
 -0.194357  -0.048004  -0.849418   0.488272   0.046016   0.765248   0.001000
 -0.194357  -0.048004  -0.849418   0.488272   0.046016   0.765248   0.001000
 -0.194357  -0.048004  -0.849418   0.488272   0.046016   0.765248   0.001000
 -0.194357  -0.048004  -0.849418   0.488272   0.046016   0.765248   0.001000
 -0.194357  -0.048004  -0.849418   0.488272   0.046016   0.765248   0.001000
 -0.194357  -0.048004  -0.849418   0.488272   0.046016   0.765248   0.001000
 -0.194357  -0.048004  -0.849418   0.488272   0.046016   0.765248   0.001000
 -0.194357  -0.048004  -0.849418   0.488272   0.046016   0.765248   0.001000
 -0.194357  -0.048004  -0.849418   0.488272   0.046016   0.765248   0.001000
 -0.194357  -0.048004  -0.849418   0.488272   0.046016   0.765248   0.001000
 -0.170499  -0.057782  -0.853922   0.488272  -0.021803   0.612263   0.001000
 -0.175361  -0.051498  -0.826447   0.532524  -0.059355   0.877021   0.001000
 -0.192554  -0.061368  -0.850702   0.485245  -0.179947   0.503019   0.001000
 -0.182545  -0.077095  -0.849044   0.489753   0.019541   0.834063   0.001000
 -0.182545  -0.077095  -0.849044   0.489753   0.019541   0.834063   0.001000
 -0.182545  -0.077095  -0.849044   0.489753   0.019541   0.834063   0.001000
 -0.179649  -0.073126  -0.852510   0.485393  -0.063263   0.738977   0.001000
 -0.181261  -0.080115  -0.856189   0.477143   0.019225   0.547838   0.001000
 -0.181261  -0.080115  -0.856189   0.477143   0.019225   0.547838   0.001000
 -0.181261  -0.080115  -0.856189   0.477143   0.019225   0.547838   0.001000
 -0.181261  -0.080115  -0.856189   0.477143   0.019225   0.547838   0.001000
 -0.176550  -0.023304  -0.854387   0.488169  -0.103580   0.361548   0.001000
 -0.195930  -0.063760  -0.850448   0.484030   0.059377   0.765621   0.001000
 -0.195930  -0.063760  -0.850448   0.484030   0.059377   0.765621   0.001000
 -0.195930  -0.063760  -0.850448   0.484030   0.059377   0.765621   0.001000
 -0.195930  -0.063760  -0.850448   0.484030   0.059377   0.765621   0.001000
 -0.180843  -0.070908  -0.842372   0.502671  -0.062404   0.652984   0.001000
 -0.180843  -0.070908  -0.842372   0.502671  -0.062404   0.652984   0.001000
 -0.180843  -0.070908  -0.842372   0.502671  -0.062404   0.652984   0.001000
 -0.180843  -0.070908  -0.842372   0.502671  -0.062404   0.652984   0.001000
 -0.180843  -0.070908  -0.842372   0.502671  -0.062404   0.652984   0.001000
 -0.180843  -0.070908  -0.842372   0.502671  -0.062404   0.652984   0.001000
 -0.180843  -0.070908  -0.842372   0.502671  -0.062404   0.652984   0.001000
 -0.180843  -0.070908  -0.842372   0.502671  -0.062404   0.652984   0.001000
 -0.180843  -0.070908  -0.842372   0.502671  -0.062404   0.652984   0.001000
 -0.180843  -0.070908  -0.842372   0.502671  -0.062404   0.652984   0.001000
 -0.180843  -0.070908  -0.842372   0.502671  -0.062404   0.652984   0.001000
 -0.180843  -0.070908  -0.842372   0.502671  -0.062404   0.652984   0.001000
 -0.180843  -0.070908  -0.842372   0.502671  -0.062404   0.652984   0.001000
 -0.195059  -0.055888  -0.848026   0.489572  -0.076063   0.761108   0.001000
 -0.195059  -0.055888  -0.848026   0.489572  -0.076063   0.761108   0.001000
 -0.195059  -0.055888  -0.848026   0.489572  -0.076063   0.761108   0.001000
 -0.195059  -0.055888  -0.848026   0.489572  -0.076063   0.761108   0.001000
 -0.159733  -0.063193  -0.848047   0.501306   0.053998   0.527780   0.001000
 -0.185363  -0.057689  -0.851249   0.487533  -0.003208   0.601258   0.001000
 -0.185363  -0.057689  -0.851249   0.487533  -0.003208   0.601258   0.001000
 -0.185363  -0.057689  -0.851249   0.487533  -0.003208   0.601258   0.001000
 -0.185363  -0.057689  -0.851249   0.487533  -0.003208   0.601258   0.001000
 -0.185363  -0.057689  -0.851249   0.487533  -0.003208   0.601258   0.001000
 -0.185363  -0.057689  -0.851249   0.487533  -0.003208   0.601258   0.001000
 -0.185363  -0.057689  -0.851249   0.487533  -0.003208   0.601258   0.001000
 -0.185363  -0.057689  -0.851249   0.487533  -0.003208   0.601258   0.001000
 -0.185363  -0.057689  -0.851249   0.487533  -0.003208   0.601258   0.001000
 -0.185363  -0.057689  -0.851249   0.487533  -0.003208   0.601258   0.001000
 -0.185363  -0.057689  -0.851249   0.487533  -0.003208   0.601258   0.001000
 -0.185363  -0.057689  -0.851249   0.487533  -0.003208   0.601258   0.001000
 -0.185363  -0.057689  -0.851249   0.487533  -0.003208   0.601258   0.001000
 -0.185363  -0.057689  -0.851249   0.487533  -0.003208   0.601258   0.001000
 -0.185363  -0.057689  -0.851249   0.487533  -0.003208   0.601258   0.001000
 -0.185363  -0.057689  -0.851249   0.487533  -0.003208   0.601258   0.001000
 -0.185363  -0.057689  -0.851249   0.487533  -0.003208   0.601258   0.001000
 -0.185363  -0.057689  -0.851249   0.487533  -0.003208   0.601258   0.001000
 -0.185363  -0.057689  -0.851249   0.487533  -0.003208   0.601258   0.001000
 -0.185363  -0.057689  -0.851249   0.487533  -0.003208   0.601258   0.001000
 -0.185363  -0.057689  -0.851249   0.487533  -0.003208   0.601258   0.001000
 -0.185363  -0.057689  -0.851249   0.487533  -0.003208   0.601258   0.001000
 -0.185363  -0.057689  -0.851249   0.487533  -0.003208   0.601258   0.001000
 -0.185363  -0.057689  -0.851249   0.487533  -0.003208   0.601258   0.001000
 -0.185363  -0.057689  -0.851249   0.487533  -0.003208   0.601258   0.001000
 -0.185363  -0.057689  -0.851249   0.487533  -0.003208   0.601258   0.001000
 -0.185363  -0.057689  -0.851249   0.487533  -0.003208   0.601258   0.001000
 -0.185363  -0.057689  -0.851249   0.487533  -0.003208   0.601258   0.001000
 -0.185363  -0.057689  -0.851249   0.487533  -0.003208   0.601258   0.001000
 -0.185363  -0.057689  -0.851249   0.487533  -0.003208   0.601258   0.001000
 -0.185363  -0.057689  -0.851249   0.487533  -0.003208   0.601258   0.001000
 -0.185363  -0.057689  -0.851249   0.487533  -0.003208   0.601258   0.001000
 -0.185363  -0.057689  -0.851249   0.487533  -0.003208   0.601258   0.001000
 -0.185363  -0.057689  -0.851249   0.487533  -0.003208   0.601258   0.001000
 -0.185363  -0.057689  -0.851249   0.487533  -0.003208   0.601258   0.001000
 -0.185363  -0.057689  -0.851249   0.487533  -0.003208   0.601258   0.001000
 -0.185363  -0.057689  -0.851249   0.487533  -0.003208   0.601258   0.001000
 -0.185363  -0.057689  -0.851249   0.487533  -0.003208   0.601258   0.001000
 -0.185363  -0.057689  -0.851249   0.487533  -0.003208   0.601258   0.001000
 -0.185363  -0.057689  -0.851249   0.487533  -0.003208   0.601258   0.001000
 -0.185363  -0.057689  -0.851249   0.487533  -0.003208   0.601258   0.001000
 -0.187879  -0.057702  -0.850525   0.487831   0.103531   0.589769   0.001000
 -0.187879  -0.057702  -0.850525   0.487831   0.103531   0.589769   0.001000
 -0.187879  -0.057702  -0.850525   0.487831   0.103531   0.589769   0.001000
 -0.187879  -0.057702  -0.850525   0.487831   0.103531   0.589769   0.001000
 -0.187879  -0.057702  -0.850525   0.487831   0.103531   0.589769   0.001000
 -0.187879  -0.057702  -0.850525   0.487831   0.103531   0.589769   0.001000
 -0.187879  -0.057702  -0.850525   0.487831   0.103531   0.589769   0.001000
 -0.187879  -0.057702  -0.850525   0.487831   0.103531   0.589769   0.001000
 -0.187879  -0.057702  -0.850525   0.487831   0.103531   0.589769   0.001000
 -0.187879  -0.057702  -0.850525   0.487831   0.103531   0.589769   0.001000
 -0.187879  -0.057702  -0.850525   0.487831   0.103531   0.589769   0.001000
 -0.187879  -0.057702  -0.850525   0.487831   0.103531   0.589769   0.001000
 -0.187879  -0.057702  -0.850525   0.487831   0.103531   0.589769   0.001000
 -0.187879  -0.057702  -0.850525   0.487831   0.103531   0.589769   0.001000
 -0.187879  -0.057702  -0.850525   0.487831   0.103531   0.589769   0.001000
 -0.187879  -0.057702  -0.850525   0.487831   0.103531   0.589769   0.001000
 -0.187879  -0.057702  -0.850525   0.487831   0.103531   0.589769   0.001000
 -0.187879  -0.057702  -0.850525   0.487831   0.103531   0.589769   0.001000
 -0.187879  -0.057702  -0.850525   0.487831   0.103531   0.589769   0.001000
 -0.187879  -0.057702  -0.850525   0.487831   0.103531   0.589769   0.001000
 -0.187879  -0.057702  -0.850525   0.487831   0.103531   0.589769   0.001000
 -0.187879  -0.057702  -0.850525   0.487831   0.103531   0.589769   0.001000
 -0.187879  -0.057702  -0.850525   0.487831   0.103531   0.589769   0.001000
 -0.187879  -0.057702  -0.850525   0.487831   0.103531   0.589769   0.001000
 -0.187879  -0.057702  -0.850525   0.487831   0.103531   0.589769   0.001000
 -0.187879  -0.057702  -0.850525   0.487831   0.103531   0.589769   0.001000
 -0.187879  -0.057702  -0.850525   0.487831   0.103531   0.589769   0.001000
 -0.187879  -0.057702  -0.850525   0.487831   0.103531   0.589769   0.001000
 -0.187879  -0.057702  -0.850525   0.487831   0.103531   0.589769   0.001000
 -0.179899  -0.056580  -0.838811   0.510716   0.027964   0.442848   0.001000
 -0.179504  -0.059524  -0.851217   0.489556  -0.059999   0.679026   0.001000
 -0.179504  -0.059524  -0.851217   0.489556  -0.059999   0.679026   0.001000
 -0.179504  -0.059524  -0.851217   0.489556  -0.059999   0.679026   0.001000
 -0.179504  -0.059524  -0.851217   0.489556  -0.059999   0.679026   0.001000
 -0.179504  -0.059524  -0.851217   0.489556  -0.059999   0.679026   0.001000
 -0.179504  -0.059524  -0.851217   0.489556  -0.059999   0.679026   0.001000
 -0.179504  -0.059524  -0.851217   0.489556  -0.059999   0.679026   0.001000
 -0.179504  -0.059524  -0.851217   0.489556  -0.059999   0.679026   0.001000
 -0.179504  -0.059524  -0.851217   0.489556  -0.059999   0.679026   0.001000
 -0.179504  -0.059524  -0.851217   0.489556  -0.059999   0.679026   0.001000
 -0.179504  -0.059524  -0.851217   0.489556  -0.059999   0.679026   0.001000
 -0.179504  -0.059524  -0.851217   0.489556  -0.059999   0.679026   0.001000
 -0.179504  -0.059524  -0.851217   0.489556  -0.059999   0.679026   0.001000
 -0.179504  -0.059524  -0.851217   0.489556  -0.059999   0.679026   0.001000
 -0.179504  -0.059524  -0.851217   0.489556  -0.059999   0.679026   0.001000
 -0.179504  -0.059524  -0.851217   0.489556  -0.059999   0.679026   0.001000
 -0.179504  -0.059524  -0.851217   0.489556  -0.059999   0.679026   0.001000
 -0.179504  -0.059524  -0.851217   0.489556  -0.059999   0.679026   0.001000
 -0.179504  -0.059524  -0.851217   0.489556  -0.059999   0.679026   0.001000
 -0.179504  -0.059524  -0.851217   0.489556  -0.059999   0.679026   0.001000
 -0.179504  -0.059524  -0.851217   0.489556  -0.059999   0.679026   0.001000
 -0.179504  -0.059524  -0.851217   0.489556  -0.059999   0.679026   0.001000
 -0.179504  -0.059524  -0.851217   0.489556  -0.059999   0.679026   0.001000
 -0.179504  -0.059524  -0.851217   0.489556  -0.059999   0.679026   0.001000
 -0.179504  -0.059524  -0.851217   0.489556  -0.059999   0.679026   0.001000
 -0.179504  -0.059524  -0.851217   0.489556  -0.059999   0.679026   0.001000
 -0.179504  -0.059524  -0.851217   0.489556  -0.059999   0.679026   0.001000
 -0.179504  -0.059524  -0.851217   0.489556  -0.059999   0.679026   0.001000
 -0.179504  -0.059524  -0.851217   0.489556  -0.059999   0.679026   0.001000
 -0.179504  -0.059524  -0.851217   0.489556  -0.059999   0.679026   0.001000
 -0.177496  -0.064888  -0.844828   0.500550   0.103055   0.526542   0.001000
 -0.177496  -0.064888  -0.844828   0.500550   0.103055   0.526542   0.001000
 -0.177496  -0.064888  -0.844828   0.500550   0.103055   0.526542   0.001000
 -0.177496  -0.064888  -0.844828   0.500550   0.103055   0.526542   0.001000
 -0.177496  -0.064888  -0.844828   0.500550   0.103055   0.526542   0.001000
 -0.177496  -0.064888  -0.844828   0.500550   0.103055   0.526542   0.001000
 -0.188842  -0.035745  -0.854631   0.482355  -0.001323   0.701787   0.001000
 -0.188842  -0.035745  -0.854631   0.482355  -0.001323   0.701787   0.001000
 -0.188842  -0.035745  -0.854631   0.482355  -0.001323   0.701787   0.001000
 -0.188842  -0.035745  -0.854631   0.482355  -0.001323   0.701787   0.001000
 -0.178556  -0.055197  -0.852470   0.488228   0.104584   0.707158   0.001000
 -0.193418  -0.061815  -0.844277   0.495948  -0.014629   0.970860   0.001000
 -0.189307  -0.049575  -0.848024   0.492505   0.000211   0.619200   0.001000
 -0.189307  -0.049575  -0.848024   0.492505   0.000211   0.619200   0.001000
 -0.189307  -0.049575  -0.848024   0.492505   0.000211   0.619200   0.001000
 -0.184429  -0.062048  -0.848741   0.491706  -0.079639   0.472519   0.001000
 -0.182927  -0.054958  -0.852495   0.486591  -0.063319   0.723362   0.001000
 -0.182927  -0.054958  -0.852495   0.486591  -0.063319   0.723362   0.001000
 -0.182927  -0.054958  -0.852495   0.486591  -0.063319   0.723362   0.001000
 -0.182927  -0.054958  -0.852495   0.486591  -0.063319   0.723362   0.001000
 -0.182927  -0.054958  -0.852495   0.486591  -0.063319   0.723362   0.001000
 -0.182927  -0.054958  -0.852495   0.486591  -0.063319   0.723362   0.001000
 -0.182927  -0.054958  -0.852495   0.486591  -0.063319   0.723362   0.001000
 -0.182927  -0.054958  -0.852495   0.486591  -0.063319   0.723362   0.001000
 -0.182927  -0.054958  -0.852495   0.486591  -0.063319   0.723362   0.001000
 -0.182927  -0.054958  -0.852495   0.486591  -0.063319   0.723362   0.001000
 -0.182927  -0.054958  -0.852495   0.486591  -0.063319   0.723362   0.001000
 -0.182927  -0.054958  -0.852495   0.486591  -0.063319   0.723362   0.001000
 -0.182927  -0.054958  -0.852495   0.486591  -0.063319   0.723362   0.001000
 -0.182927  -0.054958  -0.852495   0.486591  -0.063319   0.723362   0.001000
 -0.182927  -0.054958  -0.852495   0.486591  -0.063319   0.723362   0.001000
 -0.182927  -0.054958  -0.852495   0.486591  -0.063319   0.723362   0.001000
 -0.163148  -0.048268  -0.848351   0.501352  -0.012915   0.639307   0.001000
 -0.170728  -0.055496  -0.858919   0.479614  -0.132863   0.810202   0.001000
 -0.170728  -0.055496  -0.858919   0.479614  -0.132863   0.810202   0.001000
 -0.182779  -0.058312  -0.854213   0.483230  -0.067906   0.658957   0.001000
 -0.182779  -0.058312  -0.854213   0.483230  -0.067906   0.658957   0.001000
 -0.182779  -0.058312  -0.854213   0.483230  -0.067906   0.658957   0.001000
 -0.182779  -0.058312  -0.854213   0.483230  -0.067906   0.658957   0.001000
 -0.182779  -0.058312  -0.854213   0.483230  -0.067906   0.658957   0.001000
 -0.182779  -0.058312  -0.854213   0.483230  -0.067906   0.658957   0.001000
 -0.182779  -0.058312  -0.854213   0.483230  -0.067906   0.658957   0.001000
 -0.182779  -0.058312  -0.854213   0.483230  -0.067906   0.658957   0.001000
 -0.182779  -0.058312  -0.854213   0.483230  -0.067906   0.658957   0.001000
 -0.182779  -0.058312  -0.854213   0.483230  -0.067906   0.658957   0.001000
 -0.181133  -0.064778  -0.848558   0.492893  -0.042404   0.502482   0.001000
 -0.181133  -0.064778  -0.848558   0.492893  -0.042404   0.502482   0.001000
 -0.181133  -0.064778  -0.848558   0.492893  -0.042404   0.502482   0.001000
 -0.181133  -0.064778  -0.848558   0.492893  -0.042404   0.502482   0.001000
 -0.181133  -0.064778  -0.848558   0.492893  -0.042404   0.502482   0.001000
 -0.181133  -0.064778  -0.848558   0.492893  -0.042404   0.502482   0.001000
 -0.181133  -0.064778  -0.848558   0.492893  -0.042404   0.502482   0.001000
 -0.181133  -0.064778  -0.848558   0.492893  -0.042404   0.502482   0.001000
 -0.181133  -0.064778  -0.848558   0.492893  -0.042404   0.502482   0.001000
 -0.181133  -0.064778  -0.848558   0.492893  -0.042404   0.502482   0.001000
 -0.181133  -0.064778  -0.848558   0.492893  -0.042404   0.502482   0.001000
 -0.181133  -0.064778  -0.848558   0.492893  -0.042404   0.502482   0.001000
 -0.181133  -0.064778  -0.848558   0.492893  -0.042404   0.502482   0.001000
 -0.181133  -0.064778  -0.848558   0.492893  -0.042404   0.502482   0.001000
 -0.181133  -0.064778  -0.848558   0.492893  -0.042404   0.502482   0.001000
 -0.181133  -0.064778  -0.848558   0.492893  -0.042404   0.502482   0.001000
 -0.181133  -0.064778  -0.848558   0.492893  -0.042404   0.502482   0.001000
 -0.181133  -0.064778  -0.848558   0.492893  -0.042404   0.502482   0.001000
 -0.181133  -0.064778  -0.848558   0.492893  -0.042404   0.502482   0.001000
 -0.181133  -0.064778  -0.848558   0.492893  -0.042404   0.502482   0.001000
 -0.181133  -0.064778  -0.848558   0.492893  -0.042404   0.502482   0.001000
 -0.181133  -0.064778  -0.848558   0.492893  -0.042404   0.502482   0.001000
 -0.181133  -0.064778  -0.848558   0.492893  -0.042404   0.502482   0.001000
 -0.181133  -0.064778  -0.848558   0.492893  -0.042404   0.502482   0.001000
 -0.162323  -0.038936  -0.854992   0.491044   0.035318   0.648322   0.001000
 -0.183046  -0.070202  -0.855032   0.480089   0.033609   0.555249   0.001000
 -0.173799  -0.084498  -0.849024   0.491745  -0.144053   0.672232   0.001000
 -0.173799  -0.084498  -0.849024   0.491745  -0.144053   0.672232   0.001000
 -0.178539  -0.074454  -0.845879   0.497060  -0.052071   0.725227   0.001000
 -0.178539  -0.074454  -0.845879   0.497060  -0.052071   0.725227   0.001000
 -0.186715  -0.054916  -0.853485   0.483410   0.062946   0.545909   0.001000
 -0.186715  -0.054916  -0.853485   0.483410   0.062946   0.545909   0.001000
 -0.188419  -0.054729  -0.850377   0.488224  -0.245680   0.774175   0.001000
 -0.188419  -0.054729  -0.850377   0.488224  -0.245680   0.774175   0.001000
 -0.188419  -0.054729  -0.850377   0.488224  -0.245680   0.774175   0.001000
 -0.199465  -0.069554  -0.844292   0.492491   0.172279   0.356792   0.001000
 -0.195767  -0.061812  -0.843027   0.497153   0.008472   0.550363   0.001000
 -0.183446  -0.061666  -0.853473   0.483869   0.041190   0.371418   0.001000
 -0.183446  -0.061666  -0.853473   0.483869   0.041190   0.371418   0.001000
 -0.183446  -0.061666  -0.853473   0.483869   0.041190   0.371418   0.001000
 -0.183446  -0.061666  -0.853473   0.483869   0.041190   0.371418   0.001000
 -0.183446  -0.061666  -0.853473   0.483869   0.041190   0.371418   0.001000
 -0.183446  -0.061666  -0.853473   0.483869   0.041190   0.371418   0.001000
 -0.183446  -0.061666  -0.853473   0.483869   0.041190   0.371418   0.001000
 -0.183446  -0.061666  -0.853473   0.483869   0.041190   0.371418   0.001000
 -0.183446  -0.061666  -0.853473   0.483869   0.041190   0.371418   0.001000
 -0.162079  -0.088772  -0.860968   0.473903   0.130400   0.397470   0.001000
 -0.192808  -0.058196  -0.847389   0.491295   0.217536   0.613630   0.001000
 -0.182079  -0.070708  -0.846055   0.496023   0.104937   0.835205   0.001000
 -0.182079  -0.070708  -0.846055   0.496023   0.104937   0.835205   0.001000
 -0.182079  -0.070708  -0.846055   0.496023   0.104937   0.835205   0.001000
 -0.182079  -0.070708  -0.846055   0.496023   0.104937   0.835205   0.001000
 -0.182079  -0.070708  -0.846055   0.496023   0.104937   0.835205   0.001000
 -0.182079  -0.070708  -0.846055   0.496023   0.104937   0.835205   0.001000
 -0.182079  -0.070708  -0.846055   0.496023   0.104937   0.835205   0.001000
 -0.182079  -0.070708  -0.846055   0.496023   0.104937   0.835205   0.001000
 -0.182079  -0.070708  -0.846055   0.496023   0.104937   0.835205   0.001000
 -0.182079  -0.070708  -0.846055   0.496023   0.104937   0.835205   0.001000
 -0.182079  -0.070708  -0.846055   0.496023   0.104937   0.835205   0.001000
 -0.182079  -0.070708  -0.846055   0.496023   0.104937   0.835205   0.001000
 -0.182079  -0.070708  -0.846055   0.496023   0.104937   0.835205   0.001000
 -0.182079  -0.070708  -0.846055   0.496023   0.104937   0.835205   0.001000
 -0.182079  -0.070708  -0.846055   0.496023   0.104937   0.835205   0.001000
 -0.182079  -0.070708  -0.846055   0.496023   0.104937   0.835205   0.001000
 -0.178598  -0.078661  -0.847136   0.494243   0.219985   0.647804   0.001000
 -0.178598  -0.078661  -0.847136   0.494243   0.219985   0.647804   0.001000
 -0.178598  -0.078661  -0.847136   0.494243   0.219985   0.647804   0.001000
 -0.178598  -0.078661  -0.847136   0.494243   0.219985   0.647804   0.001000
 -0.191382  -0.065179  -0.853866   0.479622   0.088631   0.566966   0.001000
 -0.191382  -0.065179  -0.853866   0.479622   0.088631   0.566966   0.001000
 -0.182873  -0.059791  -0.850364   0.489758   0.235696   0.263243   0.001000
 -0.182873  -0.059791  -0.850364   0.489758   0.235696   0.263243   0.001000
 -0.182873  -0.059791  -0.850364   0.489758   0.235696   0.263243   0.001000
 -0.182873  -0.059791  -0.850364   0.489758   0.235696   0.263243   0.001000
 -0.182873  -0.059791  -0.850364   0.489758   0.235696   0.263243   0.001000
 -0.182873  -0.059791  -0.850364   0.489758   0.235696   0.263243   0.001000
 -0.182873  -0.059791  -0.850364   0.489758   0.235696   0.263243   0.001000
 -0.182873  -0.059791  -0.850364   0.489758   0.235696   0.263243   0.001000
 -0.182873  -0.059791  -0.850364   0.489758   0.235696   0.263243   0.001000
 -0.182873  -0.059791  -0.850364   0.489758   0.235696   0.263243   0.001000
 -0.182873  -0.059791  -0.850364   0.489758   0.235696   0.263243   0.001000
 -0.182873  -0.059791  -0.850364   0.489758   0.235696   0.263243   0.001000
 -0.182873  -0.059791  -0.850364   0.489758   0.235696   0.263243   0.001000
 -0.186506  -0.060462  -0.849091   0.490514  -0.145905   0.536674   0.001000
 -0.186506  -0.060462  -0.849091   0.490514  -0.145905   0.536674   0.001000
 -0.186506  -0.060462  -0.849091   0.490514  -0.145905   0.536674   0.001000
 -0.186506  -0.060462  -0.849091   0.490514  -0.145905   0.536674   0.001000
 -0.186506  -0.060462  -0.849091   0.490514  -0.145905   0.536674   0.001000
 -0.186506  -0.060462  -0.849091   0.490514  -0.145905   0.536674   0.001000
 -0.186506  -0.060462  -0.849091   0.490514  -0.145905   0.536674   0.001000
 -0.186506  -0.060462  -0.849091   0.490514  -0.145905   0.536674   0.001000
 -0.186147  -0.056573  -0.850789   0.488166  -0.073718   0.411072   0.001000
 -0.186147  -0.056573  -0.850789   0.488166  -0.073718   0.411072   0.001000
 -0.186147  -0.056573  -0.850789   0.488166  -0.073718   0.411072   0.001000
 -0.186147  -0.056573  -0.850789   0.488166  -0.073718   0.411072   0.001000
 -0.186147  -0.056573  -0.850789   0.488166  -0.073718   0.411072   0.001000
 -0.186147  -0.056573  -0.850789   0.488166  -0.073718   0.411072   0.001000
 -0.186147  -0.056573  -0.850789   0.488166  -0.073718   0.411072   0.001000
 -0.183629  -0.062240  -0.848822   0.491841  -0.162497   0.684504   0.001000
 -0.183629  -0.062240  -0.848822   0.491841  -0.162497   0.684504   0.001000
 -0.183629  -0.062240  -0.848822   0.491841  -0.162497   0.684504   0.001000
 -0.183629  -0.062240  -0.848822   0.491841  -0.162497   0.684504   0.001000
 -0.183629  -0.062240  -0.848822   0.491841  -0.162497   0.684504   0.001000
 -0.183629  -0.062240  -0.848822   0.491841  -0.162497   0.684504   0.001000
 -0.183629  -0.062240  -0.848822   0.491841  -0.162497   0.684504   0.001000
 -0.183629  -0.062240  -0.848822   0.491841  -0.162497   0.684504   0.001000
 -0.183629  -0.062240  -0.848822   0.491841  -0.162497   0.684504   0.001000
 -0.183629  -0.062240  -0.848822   0.491841  -0.162497   0.684504   0.001000
 -0.183629  -0.062240  -0.848822   0.491841  -0.162497   0.684504   0.001000
 -0.183629  -0.062240  -0.848822   0.491841  -0.162497   0.684504   0.001000
 -0.183629  -0.062240  -0.848822   0.491841  -0.162497   0.684504   0.001000
 -0.183629  -0.062240  -0.848822   0.491841  -0.162497   0.684504   0.001000
 -0.183629  -0.062240  -0.848822   0.491841  -0.162497   0.684504   0.001000
 -0.183629  -0.062240  -0.848822   0.491841  -0.162497   0.684504   0.001000
 -0.183629  -0.062240  -0.848822   0.491841  -0.162497   0.684504   0.001000
 -0.183629  -0.062240  -0.848822   0.491841  -0.162497   0.684504   0.001000
 -0.183629  -0.062240  -0.848822   0.491841  -0.162497   0.684504   0.001000
 -0.183629  -0.062240  -0.848822   0.491841  -0.162497   0.684504   0.001000
 -0.183629  -0.062240  -0.848822   0.491841  -0.162497   0.684504   0.001000
 -0.183629  -0.062240  -0.848822   0.491841  -0.162497   0.684504   0.001000
 -0.183629  -0.062240  -0.848822   0.491841  -0.162497   0.684504   0.001000
 -0.183629  -0.062240  -0.848822   0.491841  -0.162497   0.684504   0.001000
 -0.183629  -0.062240  -0.848822   0.491841  -0.162497   0.684504   0.001000
 -0.183629  -0.062240  -0.848822   0.491841  -0.162497   0.684504   0.001000
 -0.183629  -0.062240  -0.848822   0.491841  -0.162497   0.684504   0.001000
 -0.183629  -0.062240  -0.848822   0.491841  -0.162497   0.684504   0.001000
 -0.183629  -0.062240  -0.848822   0.491841  -0.162497   0.684504   0.001000
 -0.182661  -0.042336  -0.847237   0.497023  -0.042481   0.600619   0.001000
 -0.177427  -0.056005  -0.854353   0.485246  -0.012527   0.700074   0.001000
 -0.181845  -0.060123  -0.850661   0.489585  -0.138805   0.642024   0.001000
 -0.181845  -0.060123  -0.850661   0.489585  -0.138805   0.642024   0.001000
 -0.181845  -0.060123  -0.850661   0.489585  -0.138805   0.642024   0.001000
 -0.181845  -0.060123  -0.850661   0.489585  -0.138805   0.642024   0.001000
 -0.184155  -0.051784  -0.850410   0.490111  -0.212256   0.523540   0.001000
 -0.195822  -0.034324  -0.845133   0.496211   0.058629   0.575650   0.001000
 -0.184505  -0.073701  -0.841828   0.501849  -0.094880   0.670428   0.001000
 -0.184496  -0.068939  -0.843974   0.498915   0.040015   0.558250   0.001000
 -0.184496  -0.068939  -0.843974   0.498915   0.040015   0.558250   0.001000
 -0.184496  -0.068939  -0.843974   0.498915   0.040015   0.558250   0.001000
 -0.184496  -0.068939  -0.843974   0.498915   0.040015   0.558250   0.001000
 -0.141057  -0.115600  -0.825395   0.534286  -0.015311   0.550759   0.001000
 -0.168721  -0.075202  -0.848219   0.496389  -0.157205   0.775133   0.001000
 -0.168721  -0.075202  -0.848219   0.496389  -0.157205   0.775133   0.001000
 -0.168721  -0.075202  -0.848219   0.496389  -0.157205   0.775133   0.001000
 -0.168721  -0.075202  -0.848219   0.496389  -0.157205   0.775133   0.001000
 -0.177527  -0.062872  -0.849619   0.492625  -0.048485   0.600385   0.001000
 -0.177527  -0.062872  -0.849619   0.492625  -0.048485   0.600385   0.001000
 -0.177527  -0.062872  -0.849619   0.492625  -0.048485   0.600385   0.001000
 -0.177527  -0.062872  -0.849619   0.492625  -0.048485   0.600385   0.001000
 -0.187089  -0.062442  -0.855990   0.477892  -0.091917   0.294694   0.001000
 -0.187089  -0.062442  -0.855990   0.477892  -0.091917   0.294694   0.001000
 -0.155750  -0.043378  -0.842243   0.514283   0.039122   0.164628   0.001000
 -0.192306  -0.044003  -0.840990   0.503803  -0.171776   0.417923   0.001000
 -0.184735  -0.051880  -0.848248   0.493615  -0.138443   0.299250   0.001000
 -0.184735  -0.051880  -0.848248   0.493615  -0.138443   0.299250   0.001000
 -0.184735  -0.051880  -0.848248   0.493615  -0.138443   0.299250   0.001000
 -0.175161  -0.063928  -0.852117   0.489007   0.000898   0.425131   0.001000
 -0.175161  -0.063928  -0.852117   0.489007   0.000898   0.425131   0.001000
 -0.175161  -0.063928  -0.852117   0.489007   0.000898   0.425131   0.001000
 -0.175161  -0.063928  -0.852117   0.489007   0.000898   0.425131   0.001000
 -0.175161  -0.063928  -0.852117   0.489007   0.000898   0.425131   0.001000
 -0.179275  -0.064162  -0.843295   0.502590   0.095701   0.405946   0.001000
 -0.172489  -0.060895  -0.851006   0.492269   0.187268   0.420645   0.001000
 -0.186437  -0.061012  -0.846150   0.495528  -0.118065   0.465394   0.001000
 -0.186437  -0.061012  -0.846150   0.495528  -0.118065   0.465394   0.001000
 -0.189207  -0.047798  -0.857966   0.475196   0.005393   0.178924   0.001000
 -0.190614  -0.062830  -0.850109   0.486861   0.348208   1.336496   0.001000
 -0.176485  -0.076215  -0.845827   0.497616   0.184050   0.821825   0.001000
 -0.180902  -0.054693  -0.845799   0.498906   0.181757   1.100768   0.001000
 -0.179815  -0.056899  -0.847607   0.495975  -0.135792   1.306742   0.001000
