  0.036658   0.828315  -0.558069   0.033305   0.120619   0.324656   0.001000
  0.048546   0.824043  -0.563083   0.039168  -0.015861   0.515776   0.001000
  0.048546   0.824043  -0.563083   0.039168  -0.015861   0.515776   0.001000
  0.049762   0.829409  -0.554199   0.049677   0.234100   0.433404   0.001000
  0.049762   0.829409  -0.554199   0.049677   0.234100   0.433404   0.001000
  0.049762   0.829409  -0.554199   0.049677   0.234100   0.433404   0.001000
  0.044255   0.829852  -0.553939   0.050383   0.066165   0.392851   0.001000
  0.044255   0.829852  -0.553939   0.050383   0.066165   0.392851   0.001000
  0.044255   0.829852  -0.553939   0.050383   0.066165   0.392851   0.001000
  0.045120   0.824382  -0.562889   0.038928   0.137601   0.352779   0.001000
  0.044668   0.828333  -0.556797   0.042970   0.129278   0.469471   0.001000
  0.044668   0.828333  -0.556797   0.042970   0.129278   0.469471   0.001000
  0.051724   0.824872  -0.561577   0.039271   0.020261   0.464932   0.001000
  0.051724   0.824872  -0.561577   0.039271   0.020261   0.464932   0.001000
  0.051724   0.824872  -0.561577   0.039271   0.020261   0.464932   0.001000
  0.051724   0.824872  -0.561577   0.039271   0.020261   0.464932   0.001000
  0.051724   0.824872  -0.561577   0.039271   0.020261   0.464932   0.001000
  0.051724   0.824872  -0.561577   0.039271   0.020261   0.464932   0.001000
  0.051724   0.824872  -0.561577   0.039271   0.020261   0.464932   0.001000
  0.051724   0.824872  -0.561577   0.039271   0.020261   0.464932   0.001000
  0.046286   0.822027  -0.566112   0.040579   0.350106   0.344762   0.001000
  0.046286   0.822027  -0.566112   0.040579   0.350106   0.344762   0.001000
  0.046286   0.822027  -0.566112   0.040579   0.350106   0.344762   0.001000
  0.051619   0.922177  -0.380133   0.049244   0.047710   0.434207   0.001000
  0.048352   0.825464  -0.561211   0.036247  -0.053063   0.482222   0.001000
  0.048352   0.825464  -0.561211   0.036247  -0.053063   0.482222   0.001000
  0.044728   0.832194  -0.551305   0.038930   0.175508   0.422481   0.001000
  0.042437   0.831915  -0.552139   0.035477   0.065554   0.483553   0.001000
  0.056045   0.825801  -0.559843   0.038559   0.806005  -0.047683   0.001000
  0.053013   0.827999  -0.556805   0.039693   0.758762  -0.027091   0.001000
  0.050395   0.829702  -0.554473   0.040183   0.448596  -0.319366   0.001000
  0.050395   0.829702  -0.554473   0.040183   0.448596  -0.319366   0.001000
  0.050395   0.829702  -0.554473   0.040183   0.448596  -0.319366   0.001000
  0.050395   0.829702  -0.554473   0.040183   0.448596  -0.319366   0.001000
  0.050395   0.829702  -0.554473   0.040183   0.448596  -0.319366   0.001000
  0.039872   0.926182  -0.373216   0.036143   0.692093  -0.222491   0.001000
  0.043523   0.827687  -0.558141   0.038972   0.488418   0.163960   0.001000
  0.047888   0.822408  -0.565367   0.041386   0.618892  -0.064209   0.001000
  0.045268   0.826176  -0.560526   0.034575   1.005285   0.226845   0.001000
  0.049423   0.819100  -0.570354   0.036453   1.191197   0.166381   0.001000
  0.055349   0.825007  -0.561035   0.039242   0.749856   0.301333   0.001000
  0.051803   0.818600  -0.570171   0.045990   0.196777   0.357977   0.001000
  0.051803   0.818600  -0.570171   0.045990   0.196777   0.357977   0.001000
  0.061185   0.819844  -0.566454   0.056934   0.262858   0.365429   0.001000
  0.052427   0.825092  -0.559906   0.054593   0.168045   0.310357   0.001000
  0.052427   0.825092  -0.559906   0.054593   0.168045   0.310357   0.001000
  0.034173   0.835081  -0.548421   0.026577   0.582423   0.082693   0.001000
  0.048260   0.825883  -0.560579   0.036596   0.353200   0.166337   0.001000
  0.048260   0.825883  -0.560579   0.036596   0.353200   0.166337   0.001000
  0.048260   0.825883  -0.560579   0.036596   0.353200   0.166337   0.001000
  0.056997   0.921632  -0.381664   0.040974   0.180011   0.088295   0.001000
  0.056997   0.921632  -0.381664   0.040974   0.180011   0.088295   0.001000
  0.043454   0.828262  -0.557589   0.034470   0.546859   0.114904   0.001000
  0.048740   0.827456  -0.557359   0.047875   0.351545   0.180414   0.001000
  0.031972   0.823627  -0.565208   0.034008   0.418299   0.054184   0.001000
  0.056616   0.982787  -0.172658   0.033375   0.238788  -0.017297   0.001000
  0.053250   0.827479  -0.557758   0.036725   0.483610   0.125051   0.001000
  0.053250   0.827479  -0.557758   0.036725   0.483610   0.125051   0.001000
  0.053250   0.827479  -0.557758   0.036725   0.483610   0.125051   0.001000
  0.053250   0.827479  -0.557758   0.036725   0.483610   0.125051   0.001000
  0.053250   0.827479  -0.557758   0.036725   0.483610   0.125051   0.001000
  0.053250   0.827479  -0.557758   0.036725   0.483610   0.125051   0.001000
  0.053250   0.827479  -0.557758   0.036725   0.483610   0.125051   0.001000
  0.053250   0.827479  -0.557758   0.036725   0.483610   0.125051   0.001000
  0.053250   0.827479  -0.557758   0.036725   0.483610   0.125051   0.001000
  0.053250   0.827479  -0.557758   0.036725   0.483610   0.125051   0.001000
  0.053250   0.827479  -0.557758   0.036725   0.483610   0.125051   0.001000
  0.053250   0.827479  -0.557758   0.036725   0.483610   0.125051   0.001000
  0.053250   0.827479  -0.557758   0.036725   0.483610   0.125051   0.001000
  0.053250   0.827479  -0.557758   0.036725   0.483610   0.125051   0.001000
  0.053250   0.827479  -0.557758   0.036725   0.483610   0.125051   0.001000
  0.053250   0.827479  -0.557758   0.036725   0.483610   0.125051   0.001000
  0.053250   0.827479  -0.557758   0.036725   0.483610   0.125051   0.001000
  0.053250   0.827479  -0.557758   0.036725   0.483610   0.125051   0.001000
  0.053250   0.827479  -0.557758   0.036725   0.483610   0.125051   0.001000
  0.053250   0.827479  -0.557758   0.036725   0.483610   0.125051   0.001000
  0.053250   0.827479  -0.557758   0.036725   0.483610   0.125051   0.001000
  0.053250   0.827479  -0.557758   0.036725   0.483610   0.125051   0.001000
  0.053250   0.827479  -0.557758   0.036725   0.483610   0.125051   0.001000
  0.053250   0.827479  -0.557758   0.036725   0.483610   0.125051   0.001000
  0.053250   0.827479  -0.557758   0.036725   0.483610   0.125051   0.001000
  0.053250   0.827479  -0.557758   0.036725   0.483610   0.125051   0.001000
  0.053250   0.827479  -0.557758   0.036725   0.483610   0.125051   0.001000
  0.053250   0.827479  -0.557758   0.036725   0.483610   0.125051   0.001000
  0.053250   0.827479  -0.557758   0.036725   0.483610   0.125051   0.001000
  0.053250   0.827479  -0.557758   0.036725   0.483610   0.125051   0.001000
  0.053250   0.827479  -0.557758   0.036725   0.483610   0.125051   0.001000
  0.053250   0.827479  -0.557758   0.036725   0.483610   0.125051   0.001000
  0.053250   0.827479  -0.557758   0.036725   0.483610   0.125051   0.001000
  0.053250   0.827479  -0.557758   0.036725   0.483610   0.125051   0.001000
  0.053250   0.827479  -0.557758   0.036725   0.483610   0.125051   0.001000
  0.053250   0.827479  -0.557758   0.036725   0.483610   0.125051   0.001000
  0.053250   0.827479  -0.557758   0.036725   0.483610   0.125051   0.001000
  0.053250   0.827479  -0.557758   0.036725   0.483610   0.125051   0.001000
  0.053250   0.827479  -0.557758   0.036725   0.483610   0.125051   0.001000
  0.053250   0.827479  -0.557758   0.036725   0.483610   0.125051   0.001000
  0.053250   0.827479  -0.557758   0.036725   0.483610   0.125051   0.001000
  0.053250   0.827479  -0.557758   0.036725   0.483610   0.125051   0.001000
  0.053250   0.827479  -0.557758   0.036725   0.483610   0.125051   0.001000
  0.053250   0.827479  -0.557758   0.036725   0.483610   0.125051   0.001000
  0.053250   0.827479  -0.557758   0.036725   0.483610   0.125051   0.001000
  0.053250   0.827479  -0.557758   0.036725   0.483610   0.125051   0.001000
  0.053250   0.827479  -0.557758   0.036725   0.483610   0.125051   0.001000
  0.053250   0.827479  -0.557758   0.036725   0.483610   0.125051   0.001000
  0.053250   0.827479  -0.557758   0.036725   0.483610   0.125051   0.001000
  0.053250   0.827479  -0.557758   0.036725   0.483610   0.125051   0.001000
  0.053250   0.827479  -0.557758   0.036725   0.483610   0.125051   0.001000
  0.053250   0.827479  -0.557758   0.036725   0.483610   0.125051   0.001000
  0.053250   0.827479  -0.557758   0.036725   0.483610   0.125051   0.001000
  0.053250   0.827479  -0.557758   0.036725   0.483610   0.125051   0.001000
  0.051915   0.924007  -0.375703   0.048606   0.351824   0.098208   0.001000
  0.049016   0.822894  -0.564614   0.040672   0.500470   0.234903   0.001000
  0.049016   0.822894  -0.564614   0.040672   0.500470   0.234903   0.001000
  0.049016   0.822894  -0.564614   0.040672   0.500470   0.234903   0.001000
  0.049016   0.822894  -0.564614   0.040672   0.500470   0.234903   0.001000
  0.049016   0.822894  -0.564614   0.040672   0.500470   0.234903   0.001000
  0.049016   0.822894  -0.564614   0.040672   0.500470   0.234903   0.001000
  0.049016   0.822894  -0.564614   0.040672   0.500470   0.234903   0.001000
  0.049016   0.822894  -0.564614   0.040672   0.500470   0.234903   0.001000
  0.049016   0.822894  -0.564614   0.040672   0.500470   0.234903   0.001000
  0.049016   0.822894  -0.564614   0.040672   0.500470   0.234903   0.001000
  0.049016   0.822894  -0.564614   0.040672   0.500470   0.234903   0.001000
  0.049016   0.822894  -0.564614   0.040672   0.500470   0.234903   0.001000
  0.049016   0.822894  -0.564614   0.040672   0.500470   0.234903   0.001000
  0.049016   0.822894  -0.564614   0.040672   0.500470   0.234903   0.001000
  0.057587   0.834797  -0.545924   0.042014   0.413528   0.143410   0.001000
  0.049389   0.824480  -0.562261   0.040696   0.395767   0.341361   0.001000
  0.049389   0.824480  -0.562261   0.040696   0.395767   0.341361   0.001000
  0.049389   0.824480  -0.562261   0.040696   0.395767   0.341361   0.001000
  0.049389   0.824480  -0.562261   0.040696   0.395767   0.341361   0.001000
  0.049389   0.824480  -0.562261   0.040696   0.395767   0.341361   0.001000
  0.049389   0.824480  -0.562261   0.040696   0.395767   0.341361   0.001000
  0.049389   0.824480  -0.562261   0.040696   0.395767   0.341361   0.001000
  0.049389   0.824480  -0.562261   0.040696   0.395767   0.341361   0.001000
  0.049389   0.824480  -0.562261   0.040696   0.395767   0.341361   0.001000
  0.049389   0.824480  -0.562261   0.040696   0.395767   0.341361   0.001000
  0.049389   0.824480  -0.562261   0.040696   0.395767   0.341361   0.001000
  0.049389   0.824480  -0.562261   0.040696   0.395767   0.341361   0.001000
  0.049389   0.824480  -0.562261   0.040696   0.395767   0.341361   0.001000
  0.049389   0.824480  -0.562261   0.040696   0.395767   0.341361   0.001000
  0.049389   0.824480  -0.562261   0.040696   0.395767   0.341361   0.001000
  0.049389   0.824480  -0.562261   0.040696   0.395767   0.341361   0.001000
  0.049389   0.824480  -0.562261   0.040696   0.395767   0.341361   0.001000
  0.049389   0.824480  -0.562261   0.040696   0.395767   0.341361   0.001000
  0.049389   0.824480  -0.562261   0.040696   0.395767   0.341361   0.001000
  0.049389   0.824480  -0.562261   0.040696   0.395767   0.341361   0.001000
  0.049389   0.824480  -0.562261   0.040696   0.395767   0.341361   0.001000
  0.049389   0.824480  -0.562261   0.040696   0.395767   0.341361   0.001000
  0.049389   0.824480  -0.562261   0.040696   0.395767   0.341361   0.001000
  0.049389   0.824480  -0.562261   0.040696   0.395767   0.341361   0.001000
  0.049389   0.824480  -0.562261   0.040696   0.395767   0.341361   0.001000
  0.049389   0.824480  -0.562261   0.040696   0.395767   0.341361   0.001000
  0.033901   0.828690  -0.557617   0.034455   0.390835   0.286186   0.001000
  0.033901   0.828690  -0.557617   0.034455   0.390835   0.286186   0.001000
  0.041632   0.928972  -0.365722   0.039056   0.427055   0.218407   0.001000
  0.041632   0.928972  -0.365722   0.039056   0.427055   0.218407   0.001000
  0.041632   0.928972  -0.365722   0.039056   0.427055   0.218407   0.001000
  0.041632   0.928972  -0.365722   0.039056   0.427055   0.218407   0.001000
  0.041632   0.928972  -0.365722   0.039056   0.427055   0.218407   0.001000
  0.041632   0.928972  -0.365722   0.039056   0.427055   0.218407   0.001000
  0.041632   0.928972  -0.365722   0.039056   0.427055   0.218407   0.001000
  0.046005   0.826675  -0.559227   0.041915   0.573566   0.158024   0.001000
  0.055131   0.827731  -0.557101   0.038213   0.282695   0.160796   0.001000
  0.055131   0.827731  -0.557101   0.038213   0.282695   0.160796   0.001000
  0.055131   0.827731  -0.557101   0.038213   0.282695   0.160796   0.001000
  0.055131   0.827731  -0.557101   0.038213   0.282695   0.160796   0.001000
  0.041961   0.924945  -0.375526   0.041176   0.271105   0.214528   0.001000
  0.041961   0.924945  -0.375526   0.041176   0.271105   0.214528   0.001000
  0.041961   0.924945  -0.375526   0.041176   0.271105   0.214528   0.001000
  0.041961   0.924945  -0.375526   0.041176   0.271105   0.214528   0.001000
  0.041961   0.924945  -0.375526   0.041176   0.271105   0.214528   0.001000
  0.041961   0.924945  -0.375526   0.041176   0.271105   0.214528   0.001000
  0.041961   0.924945  -0.375526   0.041176   0.271105   0.214528   0.001000
  0.041961   0.924945  -0.375526   0.041176   0.271105   0.214528   0.001000
  0.041961   0.924945  -0.375526   0.041176   0.271105   0.214528   0.001000
  0.041961   0.924945  -0.375526   0.041176   0.271105   0.214528   0.001000
  0.041961   0.924945  -0.375526   0.041176   0.271105   0.214528   0.001000
  0.041961   0.924945  -0.375526   0.041176   0.271105   0.214528   0.001000
  0.041961   0.924945  -0.375526   0.041176   0.271105   0.214528   0.001000
  0.049340   0.829868  -0.554482   0.037883   0.256990   0.248849   0.001000
  0.049340   0.829868  -0.554482   0.037883   0.256990   0.248849   0.001000
  0.049340   0.829868  -0.554482   0.037883   0.256990   0.248849   0.001000
  0.049340   0.829868  -0.554482   0.037883   0.256990   0.248849   0.001000
  0.049340   0.829868  -0.554482   0.037883   0.256990   0.248849   0.001000
  0.049340   0.829868  -0.554482   0.037883   0.256990   0.248849   0.001000
  0.049340   0.829868  -0.554482   0.037883   0.256990   0.248849   0.001000
  0.049340   0.829868  -0.554482   0.037883   0.256990   0.248849   0.001000
  0.049340   0.829868  -0.554482   0.037883   0.256990   0.248849   0.001000
  0.049340   0.829868  -0.554482   0.037883   0.256990   0.248849   0.001000
  0.049340   0.829868  -0.554482   0.037883   0.256990   0.248849   0.001000
  0.049340   0.829868  -0.554482   0.037883   0.256990   0.248849   0.001000
  0.049340   0.829868  -0.554482   0.037883   0.256990   0.248849   0.001000
  0.049340   0.829868  -0.554482   0.037883   0.256990   0.248849   0.001000
  0.049340   0.829868  -0.554482   0.037883   0.256990   0.248849   0.001000
  0.049340   0.829868  -0.554482   0.037883   0.256990   0.248849   0.001000
  0.049340   0.829868  -0.554482   0.037883   0.256990   0.248849   0.001000
  0.047069   0.822058  -0.566017   0.040377   0.311465   0.128680   0.001000
  0.047069   0.822058  -0.566017   0.040377   0.311465   0.128680   0.001000
  0.047069   0.822058  -0.566017   0.040377   0.311465   0.128680   0.001000
  0.047069   0.822058  -0.566017   0.040377   0.311465   0.128680   0.001000
  0.047069   0.822058  -0.566017   0.040377   0.311465   0.128680   0.001000
  0.047069   0.822058  -0.566017   0.040377   0.311465   0.128680   0.001000
  0.047069   0.822058  -0.566017   0.040377   0.311465   0.128680   0.001000
  0.047069   0.822058  -0.566017   0.040377   0.311465   0.128680   0.001000
  0.047069   0.822058  -0.566017   0.040377   0.311465   0.128680   0.001000
  0.047069   0.822058  -0.566017   0.040377   0.311465   0.128680   0.001000
  0.047069   0.822058  -0.566017   0.040377   0.311465   0.128680   0.001000
  0.045799   0.926916  -0.369689   0.045383   0.312932  -0.025727   0.001000
  0.045799   0.926916  -0.369689   0.045383   0.312932  -0.025727   0.001000
  0.045799   0.926916  -0.369689   0.045383   0.312932  -0.025727   0.001000
  0.041043   0.922029  -0.384319   0.021832   0.357787   0.078832   0.001000
  0.041043   0.922029  -0.384319   0.021832   0.357787   0.078832   0.001000
  0.038911   0.923632  -0.379227   0.039708   0.671879   0.300751   0.001000
  0.055910   0.827353  -0.557375   0.041175   0.518517   0.081997   0.001000
  0.055910   0.827353  -0.557375   0.041175   0.518517   0.081997   0.001000
  0.055910   0.827353  -0.557375   0.041175   0.518517   0.081997   0.001000
  0.055910   0.827353  -0.557375   0.041175   0.518517   0.081997   0.001000
  0.055910   0.827353  -0.557375   0.041175   0.518517   0.081997   0.001000
  0.055910   0.827353  -0.557375   0.041175   0.518517   0.081997   0.001000
  0.055910   0.827353  -0.557375   0.041175   0.518517   0.081997   0.001000
  0.055910   0.827353  -0.557375   0.041175   0.518517   0.081997   0.001000
  0.055910   0.827353  -0.557375   0.041175   0.518517   0.081997   0.001000
  0.055910   0.827353  -0.557375   0.041175   0.518517   0.081997   0.001000
  0.055910   0.827353  -0.557375   0.041175   0.518517   0.081997   0.001000
  0.053176   0.830090  -0.553636   0.040122   0.542622   0.006781   0.001000
  0.046767   0.931009  -0.359316   0.043912   0.495110   0.043954   0.001000
  0.046767   0.931009  -0.359316   0.043912   0.495110   0.043954   0.001000
  0.046767   0.931009  -0.359316   0.043912   0.495110   0.043954   0.001000
  0.056088   0.825931  -0.559095   0.045870   0.690443   0.009299   0.001000
  0.056088   0.825931  -0.559095   0.045870   0.690443   0.009299   0.001000
  0.045574   0.826529  -0.559620   0.039989   0.636371  -0.013842   0.001000
  0.045574   0.826529  -0.559620   0.039989   0.636371  -0.013842   0.001000
  0.045574   0.826529  -0.559620   0.039989   0.636371  -0.013842   0.001000
  0.045574   0.826529  -0.559620   0.039989   0.636371  -0.013842   0.001000
  0.045574   0.826529  -0.559620   0.039989   0.636371  -0.013842   0.001000
  0.045574   0.826529  -0.559620   0.039989   0.636371  -0.013842   0.001000
  0.045574   0.826529  -0.559620   0.039989   0.636371  -0.013842   0.001000
  0.045574   0.826529  -0.559620   0.039989   0.636371  -0.013842   0.001000
  0.055185   0.828301  -0.556208   0.038801   0.367987   0.106553   0.001000
  0.055185   0.828301  -0.556208   0.038801   0.367987   0.106553   0.001000
  0.055185   0.828301  -0.556208   0.038801   0.367987   0.106553   0.001000
  0.055185   0.828301  -0.556208   0.038801   0.367987   0.106553   0.001000
  0.055185   0.828301  -0.556208   0.038801   0.367987   0.106553   0.001000
  0.055185   0.828301  -0.556208   0.038801   0.367987   0.106553   0.001000
  0.055185   0.828301  -0.556208   0.038801   0.367987   0.106553   0.001000
  0.055185   0.828301  -0.556208   0.038801   0.367987   0.106553   0.001000
  0.054445   0.825608  -0.559871   0.044175   0.490115   0.124797   0.001000
  0.054445   0.825608  -0.559871   0.044175   0.490115   0.124797   0.001000
  0.054445   0.825608  -0.559871   0.044175   0.490115   0.124797   0.001000
  0.051110   0.826150  -0.559899   0.037109   0.531168  -0.016542   0.001000
  0.051110   0.826150  -0.559899   0.037109   0.531168  -0.016542   0.001000
  0.051110   0.826150  -0.559899   0.037109   0.531168  -0.016542   0.001000
  0.051110   0.826150  -0.559899   0.037109   0.531168  -0.016542   0.001000
  0.051110   0.826150  -0.559899   0.037109   0.531168  -0.016542   0.001000
  0.051110   0.826150  -0.559899   0.037109   0.531168  -0.016542   0.001000
  0.051110   0.826150  -0.559899   0.037109   0.531168  -0.016542   0.001000
  0.051110   0.826150  -0.559899   0.037109   0.531168  -0.016542   0.001000
  0.051110   0.826150  -0.559899   0.037109   0.531168  -0.016542   0.001000
  0.051110   0.826150  -0.559899   0.037109   0.531168  -0.016542   0.001000
  0.051110   0.826150  -0.559899   0.037109   0.531168  -0.016542   0.001000
  0.051232   0.823792  -0.563280   0.038185   0.514172  -0.076107   0.001000
  0.051232   0.823792  -0.563280   0.038185   0.514172  -0.076107   0.001000
  0.051232   0.823792  -0.563280   0.038185   0.514172  -0.076107   0.001000
  0.051232   0.823792  -0.563280   0.038185   0.514172  -0.076107   0.001000
  0.051232   0.823792  -0.563280   0.038185   0.514172  -0.076107   0.001000
  0.051232   0.823792  -0.563280   0.038185   0.514172  -0.076107   0.001000
  0.051232   0.823792  -0.563280   0.038185   0.514172  -0.076107   0.001000
  0.051232   0.823792  -0.563280   0.038185   0.514172  -0.076107   0.001000
  0.051232   0.823792  -0.563280   0.038185   0.514172  -0.076107   0.001000
  0.051232   0.823792  -0.563280   0.038185   0.514172  -0.076107   0.001000
  0.051232   0.823792  -0.563280   0.038185   0.514172  -0.076107   0.001000
  0.051232   0.823792  -0.563280   0.038185   0.514172  -0.076107   0.001000
  0.051232   0.823792  -0.563280   0.038185   0.514172  -0.076107   0.001000
  0.051232   0.823792  -0.563280   0.038185   0.514172  -0.076107   0.001000
  0.051232   0.823792  -0.563280   0.038185   0.514172  -0.076107   0.001000
  0.051232   0.823792  -0.563280   0.038185   0.514172  -0.076107   0.001000
  0.051232   0.823792  -0.563280   0.038185   0.514172  -0.076107   0.001000
  0.051232   0.823792  -0.563280   0.038185   0.514172  -0.076107   0.001000
  0.051232   0.823792  -0.563280   0.038185   0.514172  -0.076107   0.001000
  0.051232   0.823792  -0.563280   0.038185   0.514172  -0.076107   0.001000
  0.051232   0.823792  -0.563280   0.038185   0.514172  -0.076107   0.001000
  0.051232   0.823792  -0.563280   0.038185   0.514172  -0.076107   0.001000
  0.051232   0.823792  -0.563280   0.038185   0.514172  -0.076107   0.001000
  0.051232   0.823792  -0.563280   0.038185   0.514172  -0.076107   0.001000
  0.051232   0.823792  -0.563280   0.038185   0.514172  -0.076107   0.001000
  0.051232   0.823792  -0.563280   0.038185   0.514172  -0.076107   0.001000
  0.048299   0.830853  -0.553273   0.035209   0.486628   0.054045   0.001000
  0.048299   0.830853  -0.553273   0.035209   0.486628   0.054045   0.001000
  0.051503   0.825067  -0.561517   0.036191   0.527216   0.110350   0.001000
  0.051503   0.825067  -0.561517   0.036191   0.527216   0.110350   0.001000
  0.051503   0.825067  -0.561517   0.036191   0.527216   0.110350   0.001000
  0.051503   0.825067  -0.561517   0.036191   0.527216   0.110350   0.001000
  0.051503   0.825067  -0.561517   0.036191   0.527216   0.110350   0.001000
  0.051503   0.825067  -0.561517   0.036191   0.527216   0.110350   0.001000
  0.051503   0.825067  -0.561517   0.036191   0.527216   0.110350   0.001000
  0.051503   0.825067  -0.561517   0.036191   0.527216   0.110350   0.001000
  0.051503   0.825067  -0.561517   0.036191   0.527216   0.110350   0.001000
  0.051503   0.825067  -0.561517   0.036191   0.527216   0.110350   0.001000
  0.051503   0.825067  -0.561517   0.036191   0.527216   0.110350   0.001000
  0.051503   0.825067  -0.561517   0.036191   0.527216   0.110350   0.001000
  0.045421   0.828126  -0.557731   0.032877   0.606325   0.001542   0.001000
  0.048342   0.919769  -0.387030   0.043541   0.443510   0.102591   0.001000
  0.050753   0.823420  -0.563313   0.045635   0.291168   0.115482   0.001000
  0.039739   0.926377  -0.372307   0.040419   0.338443   0.069669   0.001000
  0.034560   0.928380  -0.369033   0.027038   0.351731   0.058714   0.001000
  0.047067   0.825579  -0.561278   0.034218   0.474639   0.056791   0.001000
  0.047067   0.825579  -0.561278   0.034218   0.474639   0.056791   0.001000
  0.055201   0.828250  -0.556195   0.040029   0.309670   0.103419   0.001000
  0.055201   0.828250  -0.556195   0.040029   0.309670   0.103419   0.001000
  0.055201   0.828250  -0.556195   0.040029   0.309670   0.103419   0.001000
  0.055201   0.828250  -0.556195   0.040029   0.309670   0.103419   0.001000
  0.055201   0.828250  -0.556195   0.040029   0.309670   0.103419   0.001000
  0.055201   0.828250  -0.556195   0.040029   0.309670   0.103419   0.001000
  0.055201   0.828250  -0.556195   0.040029   0.309670   0.103419   0.001000
  0.055201   0.828250  -0.556195   0.040029   0.309670   0.103419   0.001000
  0.055201   0.828250  -0.556195   0.040029   0.309670   0.103419   0.001000
  0.055201   0.828250  -0.556195   0.040029   0.309670   0.103419   0.001000
  0.055201   0.828250  -0.556195   0.040029   0.309670   0.103419   0.001000
  0.055201   0.828250  -0.556195   0.040029   0.309670   0.103419   0.001000
  0.055201   0.828250  -0.556195   0.040029   0.309670   0.103419   0.001000
  0.055201   0.828250  -0.556195   0.040029   0.309670   0.103419   0.001000
  0.055201   0.828250  -0.556195   0.040029   0.309670   0.103419   0.001000
  0.055201   0.828250  -0.556195   0.040029   0.309670   0.103419   0.001000
  0.055201   0.828250  -0.556195   0.040029   0.309670   0.103419   0.001000
  0.046754   0.923229  -0.378579   0.046273   0.173703  -0.069455   0.001000
  0.046754   0.923229  -0.378579   0.046273   0.173703  -0.069455   0.001000
  0.046754   0.923229  -0.378579   0.046273   0.173703  -0.069455   0.001000
  0.046754   0.923229  -0.378579   0.046273   0.173703  -0.069455   0.001000
  0.046754   0.923229  -0.378579   0.046273   0.173703  -0.069455   0.001000
  0.046754   0.923229  -0.378579   0.046273   0.173703  -0.069455   0.001000
  0.046754   0.923229  -0.378579   0.046273   0.173703  -0.069455   0.001000
  0.046754   0.923229  -0.378579   0.046273   0.173703  -0.069455   0.001000
  0.046754   0.923229  -0.378579   0.046273   0.173703  -0.069455   0.001000
  0.046754   0.923229  -0.378579   0.046273   0.173703  -0.069455   0.001000
  0.046754   0.923229  -0.378579   0.046273   0.173703  -0.069455   0.001000
  0.046754   0.923229  -0.378579   0.046273   0.173703  -0.069455   0.001000
  0.046754   0.923229  -0.378579   0.046273   0.173703  -0.069455   0.001000
  0.046754   0.923229  -0.378579   0.046273   0.173703  -0.069455   0.001000
  0.046754   0.923229  -0.378579   0.046273   0.173703  -0.069455   0.001000
  0.046754   0.923229  -0.378579   0.046273   0.173703  -0.069455   0.001000
  0.046754   0.923229  -0.378579   0.046273   0.173703  -0.069455   0.001000
  0.046754   0.923229  -0.378579   0.046273   0.173703  -0.069455   0.001000
  0.046754   0.923229  -0.378579   0.046273   0.173703  -0.069455   0.001000
  0.046754   0.923229  -0.378579   0.046273   0.173703  -0.069455   0.001000
  0.046754   0.923229  -0.378579   0.046273   0.173703  -0.069455   0.001000
  0.046754   0.923229  -0.378579   0.046273   0.173703  -0.069455   0.001000
  0.046754   0.923229  -0.378579   0.046273   0.173703  -0.069455   0.001000
  0.046754   0.923229  -0.378579   0.046273   0.173703  -0.069455   0.001000
  0.046754   0.923229  -0.378579   0.046273   0.173703  -0.069455   0.001000
  0.046754   0.923229  -0.378579   0.046273   0.173703  -0.069455   0.001000
  0.046754   0.923229  -0.378579   0.046273   0.173703  -0.069455   0.001000
  0.046754   0.923229  -0.378579   0.046273   0.173703  -0.069455   0.001000
  0.046754   0.923229  -0.378579   0.046273   0.173703  -0.069455   0.001000
  0.046754   0.923229  -0.378579   0.046273   0.173703  -0.069455   0.001000
  0.046754   0.923229  -0.378579   0.046273   0.173703  -0.069455   0.001000
  0.046754   0.923229  -0.378579   0.046273   0.173703  -0.069455   0.001000
  0.046754   0.923229  -0.378579   0.046273   0.173703  -0.069455   0.001000
  0.046754   0.923229  -0.378579   0.046273   0.173703  -0.069455   0.001000
  0.046754   0.923229  -0.378579   0.046273   0.173703  -0.069455   0.001000
  0.046754   0.923229  -0.378579   0.046273   0.173703  -0.069455   0.001000
  0.046754   0.923229  -0.378579   0.046273   0.173703  -0.069455   0.001000
  0.046754   0.923229  -0.378579   0.046273   0.173703  -0.069455   0.001000
  0.046754   0.923229  -0.378579   0.046273   0.173703  -0.069455   0.001000
  0.046754   0.923229  -0.378579   0.046273   0.173703  -0.069455   0.001000
  0.046754   0.923229  -0.378579   0.046273   0.173703  -0.069455   0.001000
  0.046754   0.923229  -0.378579   0.046273   0.173703  -0.069455   0.001000
  0.046754   0.923229  -0.378579   0.046273   0.173703  -0.069455   0.001000
  0.046754   0.923229  -0.378579   0.046273   0.173703  -0.069455   0.001000
  0.046754   0.923229  -0.378579   0.046273   0.173703  -0.069455   0.001000
  0.046754   0.923229  -0.378579   0.046273   0.173703  -0.069455   0.001000
  0.046754   0.923229  -0.378579   0.046273   0.173703  -0.069455   0.001000
  0.046754   0.923229  -0.378579   0.046273   0.173703  -0.069455   0.001000
  0.046754   0.923229  -0.378579   0.046273   0.173703  -0.069455   0.001000
  0.046754   0.923229  -0.378579   0.046273   0.173703  -0.069455   0.001000
  0.046754   0.923229  -0.378579   0.046273   0.173703  -0.069455   0.001000
  0.046754   0.923229  -0.378579   0.046273   0.173703  -0.069455   0.001000
  0.046754   0.923229  -0.378579   0.046273   0.173703  -0.069455   0.001000
  0.046754   0.923229  -0.378579   0.046273   0.173703  -0.069455   0.001000
  0.046754   0.923229  -0.378579   0.046273   0.173703  -0.069455   0.001000
  0.046754   0.923229  -0.378579   0.046273   0.173703  -0.069455   0.001000
  0.046754   0.923229  -0.378579   0.046273   0.173703  -0.069455   0.001000
  0.046754   0.923229  -0.378579   0.046273   0.173703  -0.069455   0.001000
  0.046754   0.923229  -0.378579   0.046273   0.173703  -0.069455   0.001000
  0.046754   0.923229  -0.378579   0.046273   0.173703  -0.069455   0.001000
  0.046754   0.923229  -0.378579   0.046273   0.173703  -0.069455   0.001000
  0.046754   0.923229  -0.378579   0.046273   0.173703  -0.069455   0.001000
  0.035749   0.827837  -0.558593   0.037163   0.148416   0.000203   0.001000
  0.055445   0.823749  -0.562883   0.039060   0.340547   0.079498   0.001000
  0.055445   0.823749  -0.562883   0.039060   0.340547   0.079498   0.001000
  0.055445   0.823749  -0.562883   0.039060   0.340547   0.079498   0.001000
  0.055445   0.823749  -0.562883   0.039060   0.340547   0.079498   0.001000
  0.055445   0.823749  -0.562883   0.039060   0.340547   0.079498   0.001000
  0.055445   0.823749  -0.562883   0.039060   0.340547   0.079498   0.001000
  0.055445   0.823749  -0.562883   0.039060   0.340547   0.079498   0.001000
  0.055445   0.823749  -0.562883   0.039060   0.340547   0.079498   0.001000
  0.055445   0.823749  -0.562883   0.039060   0.340547   0.079498   0.001000
  0.055445   0.823749  -0.562883   0.039060   0.340547   0.079498   0.001000
  0.055445   0.823749  -0.562883   0.039060   0.340547   0.079498   0.001000
  0.055445   0.823749  -0.562883   0.039060   0.340547   0.079498   0.001000
  0.055445   0.823749  -0.562883   0.039060   0.340547   0.079498   0.001000
  0.055445   0.823749  -0.562883   0.039060   0.340547   0.079498   0.001000
  0.055445   0.823749  -0.562883   0.039060   0.340547   0.079498   0.001000
  0.055445   0.823749  -0.562883   0.039060   0.340547   0.079498   0.001000
  0.055445   0.823749  -0.562883   0.039060   0.340547   0.079498   0.001000
  0.055445   0.823749  -0.562883   0.039060   0.340547   0.079498   0.001000
  0.055445   0.823749  -0.562883   0.039060   0.340547   0.079498   0.001000
  0.048850   0.830634  -0.553400   0.037538   0.265985   0.041328   0.001000
  0.048850   0.830634  -0.553400   0.037538   0.265985   0.041328   0.001000
  0.048850   0.830634  -0.553400   0.037538   0.265985   0.041328   0.001000
  0.048850   0.830634  -0.553400   0.037538   0.265985   0.041328   0.001000
  0.048850   0.830634  -0.553400   0.037538   0.265985   0.041328   0.001000
  0.048850   0.830634  -0.553400   0.037538   0.265985   0.041328   0.001000
  0.048850   0.830634  -0.553400   0.037538   0.265985   0.041328   0.001000
  0.048850   0.830634  -0.553400   0.037538   0.265985   0.041328   0.001000
  0.048850   0.830634  -0.553400   0.037538   0.265985   0.041328   0.001000
  0.048850   0.830634  -0.553400   0.037538   0.265985   0.041328   0.001000
  0.048850   0.830634  -0.553400   0.037538   0.265985   0.041328   0.001000
  0.048850   0.830634  -0.553400   0.037538   0.265985   0.041328   0.001000
  0.048850   0.830634  -0.553400   0.037538   0.265985   0.041328   0.001000
  0.048850   0.830634  -0.553400   0.037538   0.265985   0.041328   0.001000
  0.048850   0.830634  -0.553400   0.037538   0.265985   0.041328   0.001000
  0.048850   0.830634  -0.553400   0.037538   0.265985   0.041328   0.001000
  0.048850   0.830634  -0.553400   0.037538   0.265985   0.041328   0.001000
  0.048850   0.830634  -0.553400   0.037538   0.265985   0.041328   0.001000
  0.048850   0.830634  -0.553400   0.037538   0.265985   0.041328   0.001000
  0.048850   0.830634  -0.553400   0.037538   0.265985   0.041328   0.001000
  0.048850   0.830634  -0.553400   0.037538   0.265985   0.041328   0.001000
  0.049349   0.921304  -0.382454   0.049920   0.374867   0.100132   0.001000
  0.054174   0.827451  -0.556617   0.050668   0.118632   0.206483   0.001000
  0.054174   0.827451  -0.556617   0.050668   0.118632   0.206483   0.001000
  0.054174   0.827451  -0.556617   0.050668   0.118632   0.206483   0.001000
  0.054174   0.827451  -0.556617   0.050668   0.118632   0.206483   0.001000
  0.054174   0.827451  -0.556617   0.050668   0.118632   0.206483   0.001000
  0.054174   0.827451  -0.556617   0.050668   0.118632   0.206483   0.001000
  0.054174   0.827451  -0.556617   0.050668   0.118632   0.206483   0.001000
  0.049123   0.921555  -0.383008   0.040350   0.399600  -0.021586   0.001000
  0.049123   0.921555  -0.383008   0.040350   0.399600  -0.021586   0.001000
  0.049123   0.921555  -0.383008   0.040350   0.399600  -0.021586   0.001000
  0.037565   0.923280  -0.380454   0.037374   0.246862   0.078303   0.001000
  0.037565   0.923280  -0.380454   0.037374   0.246862   0.078303   0.001000
  0.055540   0.826288  -0.559150   0.038925   0.229976   0.122936   0.001000
  0.055540   0.826288  -0.559150   0.038925   0.229976   0.122936   0.001000
  0.055540   0.826288  -0.559150   0.038925   0.229976   0.122936   0.001000
  0.055540   0.826288  -0.559150   0.038925   0.229976   0.122936   0.001000
  0.055540   0.826288  -0.559150   0.038925   0.229976   0.122936   0.001000
  0.055540   0.826288  -0.559150   0.038925   0.229976   0.122936   0.001000
  0.055540   0.826288  -0.559150   0.038925   0.229976   0.122936   0.001000
  0.055540   0.826288  -0.559150   0.038925   0.229976   0.122936   0.001000
  0.055540   0.826288  -0.559150   0.038925   0.229976   0.122936   0.001000
  0.055540   0.826288  -0.559150   0.038925   0.229976   0.122936   0.001000
  0.055540   0.826288  -0.559150   0.038925   0.229976   0.122936   0.001000
  0.055540   0.826288  -0.559150   0.038925   0.229976   0.122936   0.001000
  0.055540   0.826288  -0.559150   0.038925   0.229976   0.122936   0.001000
  0.055540   0.826288  -0.559150   0.038925   0.229976   0.122936   0.001000
  0.055540   0.826288  -0.559150   0.038925   0.229976   0.122936   0.001000
  0.055540   0.826288  -0.559150   0.038925   0.229976   0.122936   0.001000
  0.055540   0.826288  -0.559150   0.038925   0.229976   0.122936   0.001000
  0.055540   0.826288  -0.559150   0.038925   0.229976   0.122936   0.001000
  0.055540   0.826288  -0.559150   0.038925   0.229976   0.122936   0.001000
  0.055540   0.826288  -0.559150   0.038925   0.229976   0.122936   0.001000
  0.055540   0.826288  -0.559150   0.038925   0.229976   0.122936   0.001000
  0.055540   0.826288  -0.559150   0.038925   0.229976   0.122936   0.001000
  0.055540   0.826288  -0.559150   0.038925   0.229976   0.122936   0.001000
  0.055540   0.826288  -0.559150   0.038925   0.229976   0.122936   0.001000
  0.055540   0.826288  -0.559150   0.038925   0.229976   0.122936   0.001000
  0.055540   0.826288  -0.559150   0.038925   0.229976   0.122936   0.001000
  0.055540   0.826288  -0.559150   0.038925   0.229976   0.122936   0.001000
  0.055540   0.826288  -0.559150   0.038925   0.229976   0.122936   0.001000
  0.055540   0.826288  -0.559150   0.038925   0.229976   0.122936   0.001000
  0.055540   0.826288  -0.559150   0.038925   0.229976   0.122936   0.001000
  0.055540   0.826288  -0.559150   0.038925   0.229976   0.122936   0.001000
  0.055540   0.826288  -0.559150   0.038925   0.229976   0.122936   0.001000
  0.055540   0.826288  -0.559150   0.038925   0.229976   0.122936   0.001000
  0.055540   0.826288  -0.559150   0.038925   0.229976   0.122936   0.001000
  0.055540   0.826288  -0.559150   0.038925   0.229976   0.122936   0.001000
  0.055540   0.826288  -0.559150   0.038925   0.229976   0.122936   0.001000
  0.055540   0.826288  -0.559150   0.038925   0.229976   0.122936   0.001000
  0.055540   0.826288  -0.559150   0.038925   0.229976   0.122936   0.001000
  0.055540   0.826288  -0.559150   0.038925   0.229976   0.122936   0.001000
  0.055540   0.826288  -0.559150   0.038925   0.229976   0.122936   0.001000
  0.055540   0.826288  -0.559150   0.038925   0.229976   0.122936   0.001000
  0.055540   0.826288  -0.559150   0.038925   0.229976   0.122936   0.001000
  0.055540   0.826288  -0.559150   0.038925   0.229976   0.122936   0.001000
  0.055540   0.826288  -0.559150   0.038925   0.229976   0.122936   0.001000
  0.064219   0.822287  -0.563232   0.049900   0.270053   0.083003   0.001000
  0.049767   0.921195  -0.383198   0.045630   0.458061  -0.059219   0.001000
  0.049767   0.921195  -0.383198   0.045630   0.458061  -0.059219   0.001000
  0.049767   0.921195  -0.383198   0.045630   0.458061  -0.059219   0.001000
  0.037895   0.923956  -0.378633   0.038796   0.235742   0.067051   0.001000
  0.045625   0.923254  -0.379349   0.040197   0.386068   0.095864   0.001000
  0.046639   0.922441  -0.381159   0.040553   0.413688  -0.007410   0.001000
  0.053575   0.823079  -0.563384   0.047639   0.190686   0.130262   0.001000
  0.053575   0.823079  -0.563384   0.047639   0.190686   0.130262   0.001000
  0.053575   0.823079  -0.563384   0.047639   0.190686   0.130262   0.001000
  0.053575   0.823079  -0.563384   0.047639   0.190686   0.130262   0.001000
  0.053575   0.823079  -0.563384   0.047639   0.190686   0.130262   0.001000
  0.053575   0.823079  -0.563384   0.047639   0.190686   0.130262   0.001000
  0.046091   0.825833  -0.561135   0.031685   0.299613  -0.010727   0.001000
  0.049409   0.830487  -0.553278   0.041630   0.190833   0.127152   0.001000
  0.049409   0.830487  -0.553278   0.041630   0.190833   0.127152   0.001000
  0.049409   0.830487  -0.553278   0.041630   0.190833   0.127152   0.001000
  0.049409   0.830487  -0.553278   0.041630   0.190833   0.127152   0.001000
  0.049409   0.830487  -0.553278   0.041630   0.190833   0.127152   0.001000
  0.049409   0.830487  -0.553278   0.041630   0.190833   0.127152   0.001000
  0.049409   0.830487  -0.553278   0.041630   0.190833   0.127152   0.001000
  0.049409   0.830487  -0.553278   0.041630   0.190833   0.127152   0.001000
  0.049409   0.830487  -0.553278   0.041630   0.190833   0.127152   0.001000
  0.049409   0.830487  -0.553278   0.041630   0.190833   0.127152   0.001000
  0.049409   0.830487  -0.553278   0.041630   0.190833   0.127152   0.001000
  0.049409   0.830487  -0.553278   0.041630   0.190833   0.127152   0.001000
  0.049409   0.830487  -0.553278   0.041630   0.190833   0.127152   0.001000
  0.043478   0.826670  -0.559802   0.036700   0.167190   0.127593   0.001000
  0.043478   0.826670  -0.559802   0.036700   0.167190   0.127593   0.001000
  0.048873   0.824930  -0.561618   0.041075   0.203821   0.032225   0.001000
  0.048873   0.824930  -0.561618   0.041075   0.203821   0.032225   0.001000
  0.048873   0.824930  -0.561618   0.041075   0.203821   0.032225   0.001000
  0.048873   0.824930  -0.561618   0.041075   0.203821   0.032225   0.001000
  0.048873   0.824930  -0.561618   0.041075   0.203821   0.032225   0.001000
  0.048873   0.824930  -0.561618   0.041075   0.203821   0.032225   0.001000
  0.048873   0.824930  -0.561618   0.041075   0.203821   0.032225   0.001000
  0.048873   0.824930  -0.561618   0.041075   0.203821   0.032225   0.001000
  0.048873   0.824930  -0.561618   0.041075   0.203821   0.032225   0.001000
  0.048873   0.824930  -0.561618   0.041075   0.203821   0.032225   0.001000
  0.054121   0.922428  -0.379900   0.043284   0.334806  -0.085137   0.001000
  0.054121   0.922428  -0.379900   0.043284   0.334806  -0.085137   0.001000
  0.048278   0.832152  -0.550971   0.040285   0.085221   0.048316   0.001000
  0.059417   0.829241  -0.552038   0.063895   0.231880  -0.122998   0.001000
  0.044817   0.828480  -0.556876   0.038750   0.317683   0.019264   0.001000
  0.044817   0.828480  -0.556876   0.038750   0.317683   0.019264   0.001000
  0.044817   0.828480  -0.556876   0.038750   0.317683   0.019264   0.001000
  0.044817   0.828480  -0.556876   0.038750   0.317683   0.019264   0.001000
  0.034411   0.832334  -0.551833   0.038930   0.352406   0.068357   0.001000
  0.052380   0.837909  -0.541922   0.038534   0.382007   0.053925   0.001000
  0.050883   0.830067  -0.553853   0.040578   0.317669   0.068417   0.001000
  0.050883   0.830067  -0.553853   0.040578   0.317669   0.068417   0.001000
  0.050883   0.830067  -0.553853   0.040578   0.317669   0.068417   0.001000
  0.050883   0.830067  -0.553853   0.040578   0.317669   0.068417   0.001000
  0.050883   0.830067  -0.553853   0.040578   0.317669   0.068417   0.001000
  0.050883   0.830067  -0.553853   0.040578   0.317669   0.068417   0.001000
  0.050883   0.830067  -0.553853   0.040578   0.317669   0.068417   0.001000
  0.050883   0.830067  -0.553853   0.040578   0.317669   0.068417   0.001000
  0.050883   0.830067  -0.553853   0.040578   0.317669   0.068417   0.001000
  0.043845   0.831941  -0.551432   0.043297   0.172610  -0.046216   0.001000
  0.043845   0.831941  -0.551432   0.043297   0.172610  -0.046216   0.001000
  0.043845   0.831941  -0.551432   0.043297   0.172610  -0.046216   0.001000
  0.043845   0.831941  -0.551432   0.043297   0.172610  -0.046216   0.001000
  0.043845   0.831941  -0.551432   0.043297   0.172610  -0.046216   0.001000
  0.043845   0.831941  -0.551432   0.043297   0.172610  -0.046216   0.001000
  0.043845   0.831941  -0.551432   0.043297   0.172610  -0.046216   0.001000
  0.043845   0.831941  -0.551432   0.043297   0.172610  -0.046216   0.001000
  0.043845   0.831941  -0.551432   0.043297   0.172610  -0.046216   0.001000
  0.043845   0.831941  -0.551432   0.043297   0.172610  -0.046216   0.001000
  0.046081   0.829122  -0.556031   0.035532   0.267784  -0.034060   0.001000
  0.046081   0.829122  -0.556031   0.035532   0.267784  -0.034060   0.001000
  0.046081   0.829122  -0.556031   0.035532   0.267784  -0.034060   0.001000
  0.046081   0.829122  -0.556031   0.035532   0.267784  -0.034060   0.001000
  0.046081   0.829122  -0.556031   0.035532   0.267784  -0.034060   0.001000
  0.046081   0.829122  -0.556031   0.035532   0.267784  -0.034060   0.001000
  0.046081   0.829122  -0.556031   0.035532   0.267784  -0.034060   0.001000
  0.046081   0.829122  -0.556031   0.035532   0.267784  -0.034060   0.001000
  0.046081   0.829122  -0.556031   0.035532   0.267784  -0.034060   0.001000
  0.049548   0.830579  -0.553338   0.038748   0.310577   0.036145   0.001000
  0.049548   0.830579  -0.553338   0.038748   0.310577   0.036145   0.001000
  0.049548   0.830579  -0.553338   0.038748   0.310577   0.036145   0.001000
  0.049548   0.830579  -0.553338   0.038748   0.310577   0.036145   0.001000
  0.050192   0.836777  -0.543954   0.037416   0.296734   0.165882   0.001000
  0.049330   0.831563  -0.552194   0.033915   0.410639   0.063958   0.001000
  0.049330   0.831563  -0.552194   0.033915   0.410639   0.063958   0.001000
  0.049330   0.831563  -0.552194   0.033915   0.410639   0.063958   0.001000
  0.049330   0.831563  -0.552194   0.033915   0.410639   0.063958   0.001000
  0.049330   0.831563  -0.552194   0.033915   0.410639   0.063958   0.001000
  0.049330   0.831563  -0.552194   0.033915   0.410639   0.063958   0.001000
  0.049330   0.831563  -0.552194   0.033915   0.410639   0.063958   0.001000
  0.042405   0.828605  -0.556381   0.045333   0.288013   0.017768   0.001000
  0.042405   0.828605  -0.556381   0.045333   0.288013   0.017768   0.001000
  0.050552   0.824374  -0.562705   0.034876   0.532209   0.100813   0.001000
  0.050552   0.824374  -0.562705   0.034876   0.532209   0.100813   0.001000
  0.050552   0.824374  -0.562705   0.034876   0.532209   0.100813   0.001000
  0.050552   0.824374  -0.562705   0.034876   0.532209   0.100813   0.001000
  0.050552   0.824374  -0.562705   0.034876   0.532209   0.100813   0.001000
  0.050552   0.824374  -0.562705   0.034876   0.532209   0.100813   0.001000
  0.050552   0.824374  -0.562705   0.034876   0.532209   0.100813   0.001000
  0.050552   0.824374  -0.562705   0.034876   0.532209   0.100813   0.001000
  0.050552   0.824374  -0.562705   0.034876   0.532209   0.100813   0.001000
  0.050552   0.824374  -0.562705   0.034876   0.532209   0.100813   0.001000
  0.050552   0.824374  -0.562705   0.034876   0.532209   0.100813   0.001000
  0.050552   0.824374  -0.562705   0.034876   0.532209   0.100813   0.001000
  0.050552   0.824374  -0.562705   0.034876   0.532209   0.100813   0.001000
  0.050552   0.824374  -0.562705   0.034876   0.532209   0.100813   0.001000
  0.050552   0.824374  -0.562705   0.034876   0.532209   0.100813   0.001000
  0.050552   0.824374  -0.562705   0.034876   0.532209   0.100813   0.001000
  0.050552   0.824374  -0.562705   0.034876   0.532209   0.100813   0.001000
  0.073621   0.920570  -0.380335   0.049764   0.138917  -0.031607   0.001000
  0.050332   0.922532  -0.379420   0.049419   0.400217   0.008615   0.001000
  0.050332   0.922532  -0.379420   0.049419   0.400217   0.008615   0.001000
  0.051168   0.921468  -0.382564   0.043865   0.385877  -0.016467   0.001000
  0.051168   0.921468  -0.382564   0.043865   0.385877  -0.016467   0.001000
  0.045016   0.923098  -0.379055   0.046695   0.334853   0.075857   0.001000
  0.045016   0.923098  -0.379055   0.046695   0.334853   0.075857   0.001000
  0.045016   0.923098  -0.379055   0.046695   0.334853   0.075857   0.001000
  0.045016   0.923098  -0.379055   0.046695   0.334853   0.075857   0.001000
  0.045016   0.923098  -0.379055   0.046695   0.334853   0.075857   0.001000
  0.045016   0.923098  -0.379055   0.046695   0.334853   0.075857   0.001000
  0.045016   0.923098  -0.379055   0.046695   0.334853   0.075857   0.001000
  0.045016   0.923098  -0.379055   0.046695   0.334853   0.075857   0.001000
  0.045016   0.923098  -0.379055   0.046695   0.334853   0.075857   0.001000
  0.045016   0.923098  -0.379055   0.046695   0.334853   0.075857   0.001000
  0.045016   0.923098  -0.379055   0.046695   0.334853   0.075857   0.001000
  0.045016   0.923098  -0.379055   0.046695   0.334853   0.075857   0.001000
  0.045016   0.923098  -0.379055   0.046695   0.334853   0.075857   0.001000
  0.045016   0.923098  -0.379055   0.046695   0.334853   0.075857   0.001000
  0.045016   0.923098  -0.379055   0.046695   0.334853   0.075857   0.001000
  0.045016   0.923098  -0.379055   0.046695   0.334853   0.075857   0.001000
  0.045016   0.923098  -0.379055   0.046695   0.334853   0.075857   0.001000
  0.045016   0.923098  -0.379055   0.046695   0.334853   0.075857   0.001000
  0.045016   0.923098  -0.379055   0.046695   0.334853   0.075857   0.001000
  0.045016   0.923098  -0.379055   0.046695   0.334853   0.075857   0.001000
  0.045016   0.923098  -0.379055   0.046695   0.334853   0.075857   0.001000
  0.045016   0.923098  -0.379055   0.046695   0.334853   0.075857   0.001000
  0.071218   0.930667  -0.357535   0.030924   0.324341   0.005329   0.001000
  0.056242   0.824345  -0.561782   0.041145   0.451092   0.001691   0.001000
  0.056242   0.824345  -0.561782   0.041145   0.451092   0.001691   0.001000
  0.056242   0.824345  -0.561782   0.041145   0.451092   0.001691   0.001000
  0.056242   0.824345  -0.561782   0.041145   0.451092   0.001691   0.001000
  0.056242   0.824345  -0.561782   0.041145   0.451092   0.001691   0.001000
  0.056242   0.824345  -0.561782   0.041145   0.451092   0.001691   0.001000
  0.056242   0.824345  -0.561782   0.041145   0.451092   0.001691   0.001000
  0.056242   0.824345  -0.561782   0.041145   0.451092   0.001691   0.001000
  0.056242   0.824345  -0.561782   0.041145   0.451092   0.001691   0.001000
  0.056242   0.824345  -0.561782   0.041145   0.451092   0.001691   0.001000
  0.056242   0.824345  -0.561782   0.041145   0.451092   0.001691   0.001000
  0.056242   0.824345  -0.561782   0.041145   0.451092   0.001691   0.001000
  0.056242   0.824345  -0.561782   0.041145   0.451092   0.001691   0.001000
  0.056242   0.824345  -0.561782   0.041145   0.451092   0.001691   0.001000
  0.056242   0.824345  -0.561782   0.041145   0.451092   0.001691   0.001000
  0.056242   0.824345  -0.561782   0.041145   0.451092   0.001691   0.001000
  0.056242   0.824345  -0.561782   0.041145   0.451092   0.001691   0.001000
  0.056242   0.824345  -0.561782   0.041145   0.451092   0.001691   0.001000
  0.056242   0.824345  -0.561782   0.041145   0.451092   0.001691   0.001000
  0.056242   0.824345  -0.561782   0.041145   0.451092   0.001691   0.001000
  0.056242   0.824345  -0.561782   0.041145   0.451092   0.001691   0.001000
  0.056242   0.824345  -0.561782   0.041145   0.451092   0.001691   0.001000
  0.056242   0.824345  -0.561782   0.041145   0.451092   0.001691   0.001000
  0.056242   0.824345  -0.561782   0.041145   0.451092   0.001691   0.001000
  0.056242   0.824345  -0.561782   0.041145   0.451092   0.001691   0.001000
  0.056242   0.824345  -0.561782   0.041145   0.451092   0.001691   0.001000
  0.056242   0.824345  -0.561782   0.041145   0.451092   0.001691   0.001000
  0.056242   0.824345  -0.561782   0.041145   0.451092   0.001691   0.001000
  0.056242   0.824345  -0.561782   0.041145   0.451092   0.001691   0.001000
  0.056242   0.824345  -0.561782   0.041145   0.451092   0.001691   0.001000
  0.056242   0.824345  -0.561782   0.041145   0.451092   0.001691   0.001000
  0.056242   0.824345  -0.561782   0.041145   0.451092   0.001691   0.001000
  0.056242   0.824345  -0.561782   0.041145   0.451092   0.001691   0.001000
  0.063047   0.824836  -0.558329   0.062759   0.444249   0.020328   0.001000
  0.063047   0.824836  -0.558329   0.062759   0.444249   0.020328   0.001000
  0.063047   0.824836  -0.558329   0.062759   0.444249   0.020328   0.001000
  0.063047   0.824836  -0.558329   0.062759   0.444249   0.020328   0.001000
  0.063047   0.824836  -0.558329   0.062759   0.444249   0.020328   0.001000
  0.041077   0.922349  -0.382128   0.039538   0.273338   0.001096   0.001000
  0.043878   0.824523  -0.562414   0.043896   0.494515   0.112362   0.001000
  0.039215   0.926667  -0.371681   0.040040   0.654082  -0.021651   0.001000
  0.047464   0.830876  -0.553143   0.037758   0.814558   0.216908   0.001000
  0.052515   0.826213  -0.559701   0.036727   0.760067   0.039555   0.001000
  0.052515   0.826213  -0.559701   0.036727   0.760067   0.039555   0.001000
  0.052515   0.826213  -0.559701   0.036727   0.760067   0.039555   0.001000
  0.046761   0.826887  -0.558999   0.039897   0.777551   0.085662   0.001000
  0.060118   0.926073  -0.368637   0.053682   0.637133   0.293611   0.001000
  0.050027   0.833905  -0.547830   0.044528   0.441079  -0.120843   0.001000
  0.053493   0.818510  -0.570675   0.038852   0.344585   0.234982   0.001000
  0.054746   0.838383  -0.540895   0.039358   0.529717   0.073200   0.001000
  0.065798   0.923518  -0.373298   0.058603   0.756091  -0.092634   0.001000
  0.053633   0.833693  -0.548379   0.036870   0.481054   0.161276   0.001000
  0.053633   0.833693  -0.548379   0.036870   0.481054   0.161276   0.001000
  0.053633   0.833693  -0.548379   0.036870   0.481054   0.161276   0.001000
  0.048669   0.923358  -0.377886   0.047376   0.548333   0.101335   0.001000
  0.048669   0.923358  -0.377886   0.047376   0.548333   0.101335   0.001000
  0.048669   0.923358  -0.377886   0.047376   0.548333   0.101335   0.001000
  0.048669   0.923358  -0.377886   0.047376   0.548333   0.101335   0.001000
  0.048669   0.923358  -0.377886   0.047376   0.548333   0.101335   0.001000
  0.048669   0.923358  -0.377886   0.047376   0.548333   0.101335   0.001000
  0.046586   0.927798  -0.367611   0.043394   0.517276   0.215820   0.001000
  0.046586   0.927798  -0.367611   0.043394   0.517276   0.215820   0.001000
  0.046586   0.927798  -0.367611   0.043394   0.517276   0.215820   0.001000
  0.047303   0.826447  -0.560071   0.032687   0.488610   0.225547   0.001000
  0.047303   0.826447  -0.560071   0.032687   0.488610   0.225547   0.001000
  0.047303   0.826447  -0.560071   0.032687   0.488610   0.225547   0.001000
  0.047303   0.826447  -0.560071   0.032687   0.488610   0.225547   0.001000
  0.047303   0.826447  -0.560071   0.032687   0.488610   0.225547   0.001000
  0.047303   0.826447  -0.560071   0.032687   0.488610   0.225547   0.001000
  0.057804   0.826680  -0.558253   0.040164   0.482806   0.284814   0.001000
  0.057804   0.826680  -0.558253   0.040164   0.482806   0.284814   0.001000
  0.057804   0.826680  -0.558253   0.040164   0.482806   0.284814   0.001000
  0.041177   0.824926  -0.562595   0.035894   0.500576   0.129639   0.001000
  0.042761   0.826902  -0.559036   0.043385   0.492240   0.002376   0.001000
  0.042864   0.823747  -0.563906   0.040182   0.573587   0.112343   0.001000
  0.043990   0.826865  -0.558829   0.045491   0.623047   0.114552   0.001000
  0.055706   0.820360  -0.567711   0.040128   0.428328   0.115602   0.001000
  0.044989   0.918287  -0.390719   0.045424   0.456621   0.264075   0.001000
  0.046401   0.926128  -0.371730   0.044159   0.598697   0.012154   0.001000
  0.046401   0.926128  -0.371730   0.044159   0.598697   0.012154   0.001000
  0.046401   0.926128  -0.371730   0.044159   0.598697   0.012154   0.001000
  0.055939   0.827944  -0.556373   0.042761   0.597019   0.174952   0.001000
  0.043054   0.922320  -0.382467   0.034507   0.627354   0.054315   0.001000
  0.049947   0.824812  -0.562031   0.036228   0.814053   0.102613   0.001000
  0.049947   0.824812  -0.562031   0.036228   0.814053   0.102613   0.001000
  0.055136   0.828558  -0.554844   0.050994   0.567979   0.134557   0.001000
  0.047191   0.829859  -0.554881   0.034836   0.549781   0.224467   0.001000
  0.047191   0.829859  -0.554881   0.034836   0.549781   0.224467   0.001000
  0.059696   0.828788  -0.554442   0.046270   0.502388   0.123937   0.001000
  0.042864   0.823990  -0.563803   0.036461   0.596021   0.095947   0.001000
  0.050317   0.829913  -0.554414   0.036562   0.437364   0.242959   0.001000
  0.050317   0.829913  -0.554414   0.036562   0.437364   0.242959   0.001000
  0.050317   0.829913  -0.554414   0.036562   0.437364   0.242959   0.001000
  0.044256   0.827731  -0.557997   0.039261   0.533546   0.258991   0.001000
  0.045845   0.828284  -0.556876   0.041621   0.839092   0.152790   0.001000
  0.052672   0.920388  -0.384193   0.050063   0.613360   0.105896   0.001000
  0.054660   0.827154  -0.557775   0.041412   0.600710   0.153713   0.001000
  0.054660   0.827154  -0.557775   0.041412   0.600710   0.153713   0.001000
  0.056693   0.832877  -0.548712   0.044900   0.584907   0.153538   0.001000
  0.061730   0.826277  -0.558246   0.042628   0.903927   0.023251   0.001000
  0.053755   0.819790  -0.568610   0.041678   0.842165  -0.025154   0.001000
  0.045293   0.821105  -0.567288   0.043805   0.682936   0.224015   0.001000
  0.044105   0.821763  -0.566775   0.039068   0.450352  -0.078487   0.001000
  0.033785   0.839898  -0.540490   0.036076   0.428977   0.020145   0.001000
  0.055341   0.828280  -0.556251   0.038400   0.531661  -0.007176   0.001000
  0.045113   0.829298  -0.555766   0.036799   0.509539   0.117889   0.001000
  0.045113   0.829298  -0.555766   0.036799   0.509539   0.117889   0.001000
  0.045113   0.829298  -0.555766   0.036799   0.509539   0.117889   0.001000
  0.045113   0.829298  -0.555766   0.036799   0.509539   0.117889   0.001000
  0.045113   0.829298  -0.555766   0.036799   0.509539   0.117889   0.001000
  0.045113   0.829298  -0.555766   0.036799   0.509539   0.117889   0.001000
  0.045113   0.829298  -0.555766   0.036799   0.509539   0.117889   0.001000
  0.045113   0.829298  -0.555766   0.036799   0.509539   0.117889   0.001000
  0.045113   0.829298  -0.555766   0.036799   0.509539   0.117889   0.001000
  0.045113   0.829298  -0.555766   0.036799   0.509539   0.117889   0.001000
  0.044018   0.921267  -0.383916   0.044022   0.495755   0.044700   0.001000
  0.044018   0.921267  -0.383916   0.044022   0.495755   0.044700   0.001000
  0.044018   0.921267  -0.383916   0.044022   0.495755   0.044700   0.001000
  0.048141   0.826606  -0.559164   0.041719   0.543443   0.146782   0.001000
  0.048141   0.826606  -0.559164   0.041719   0.543443   0.146782   0.001000
  0.048141   0.826606  -0.559164   0.041719   0.543443   0.146782   0.001000
  0.048141   0.826606  -0.559164   0.041719   0.543443   0.146782   0.001000
  0.048141   0.826606  -0.559164   0.041719   0.543443   0.146782   0.001000
  0.048141   0.826606  -0.559164   0.041719   0.543443   0.146782   0.001000
  0.035858   0.823461  -0.565322   0.032219   0.391559   0.105418   0.001000
  0.047311   0.825277  -0.560929   0.045146   0.253595   0.087193   0.001000
  0.047311   0.825277  -0.560929   0.045146   0.253595   0.087193   0.001000
  0.047311   0.825277  -0.560929   0.045146   0.253595   0.087193   0.001000
  0.047311   0.825277  -0.560929   0.045146   0.253595   0.087193   0.001000
  0.047311   0.825277  -0.560929   0.045146   0.253595   0.087193   0.001000
  0.053113   0.822008  -0.564839   0.049393   0.481648  -0.048484   0.001000
  0.045881   0.818580  -0.571266   0.038417   0.567767   0.114966   0.001000
  0.048915   0.825845  -0.560454   0.038444   0.345342   0.031577   0.001000
  0.048915   0.825845  -0.560454   0.038444   0.345342   0.031577   0.001000
  0.048915   0.825845  -0.560454   0.038444   0.345342   0.031577   0.001000
  0.048915   0.825845  -0.560454   0.038444   0.345342   0.031577   0.001000
  0.048915   0.825845  -0.560454   0.038444   0.345342   0.031577   0.001000
  0.048915   0.825845  -0.560454   0.038444   0.345342   0.031577   0.001000
  0.048915   0.825845  -0.560454   0.038444   0.345342   0.031577   0.001000
  0.048915   0.825845  -0.560454   0.038444   0.345342   0.031577   0.001000
  0.048915   0.825845  -0.560454   0.038444   0.345342   0.031577   0.001000
  0.048011   0.926802  -0.370387   0.039322   0.477775   0.456768   0.001000
  0.043724   0.923401  -0.379170   0.040610   0.682199   0.029468   0.001000
  0.043724   0.923401  -0.379170   0.040610   0.682199   0.029468   0.001000
  0.043724   0.923401  -0.379170   0.040610   0.682199   0.029468   0.001000
  0.043724   0.923401  -0.379170   0.040610   0.682199   0.029468   0.001000
  0.046264   0.828955  -0.556089   0.038185   0.602801   0.197232   0.001000
  0.046264   0.828955  -0.556089   0.038185   0.602801   0.197232   0.001000
  0.046264   0.828955  -0.556089   0.038185   0.602801   0.197232   0.001000
  0.046264   0.828955  -0.556089   0.038185   0.602801   0.197232   0.001000
  0.046264   0.828955  -0.556089   0.038185   0.602801   0.197232   0.001000
  0.041322   0.924084  -0.378108   0.037352   0.508044   0.117756   0.001000
  0.045835   0.823551  -0.564507   0.031542   0.314523   0.406345   0.001000
  0.056811   0.829594  -0.554113   0.038799   0.340945   0.223150   0.001000
  0.056811   0.829594  -0.554113   0.038799   0.340945   0.223150   0.001000
  0.056811   0.829594  -0.554113   0.038799   0.340945   0.223150   0.001000
  0.056811   0.829594  -0.554113   0.038799   0.340945   0.223150   0.001000
  0.043153   0.828188  -0.557289   0.040884   0.918008  -0.019723   0.001000
  0.042538   0.827113  -0.558928   0.040904   0.357367   0.363139   0.001000
  0.054932   0.825617  -0.559690   0.045679   0.392879   0.270506   0.001000
  0.043526   0.825443  -0.561748   0.034472   0.148543   0.362262   0.001000
  0.043526   0.825443  -0.561748   0.034472   0.148543   0.362262   0.001000
  0.046191   0.825693  -0.560605   0.042647   0.049597   0.358585   0.001000
  0.047746   0.826379  -0.560064   0.033860   0.395697   0.400223   0.001000
  0.047746   0.826379  -0.560064   0.033860   0.395697   0.400223   0.001000
  0.047746   0.826379  -0.560064   0.033860   0.395697   0.400223   0.001000
  0.047746   0.826379  -0.560064   0.033860   0.395697   0.400223   0.001000
  0.047746   0.826379  -0.560064   0.033860   0.395697   0.400223   0.001000
  0.047746   0.826379  -0.560064   0.033860   0.395697   0.400223   0.001000
  0.047746   0.826379  -0.560064   0.033860   0.395697   0.400223   0.001000
  0.047746   0.826379  -0.560064   0.033860   0.395697   0.400223   0.001000
  0.047746   0.826379  -0.560064   0.033860   0.395697   0.400223   0.001000
  0.047746   0.826379  -0.560064   0.033860   0.395697   0.400223   0.001000
  0.065872   0.930658  -0.356916   0.046344   0.431403   0.363325   0.001000
  0.037933   0.826132  -0.560429   0.044570   0.342775   0.250333   0.001000
  0.044890   0.824499  -0.562668   0.039881   0.369033   0.358444   0.001000
  0.044890   0.824499  -0.562668   0.039881   0.369033   0.358444   0.001000
  0.040185   0.823656  -0.564234   0.040193   0.519141   0.450691   0.001000
  0.027325   0.833233  -0.551142   0.034920   0.494235   0.396508   0.001000
  0.050086   0.828656  -0.556153   0.038917   0.476675   0.427225   0.001000
  0.050086   0.828656  -0.556153   0.038917   0.476675   0.427225   0.001000
  0.050086   0.828656  -0.556153   0.038917   0.476675   0.427225   0.001000
  0.050086   0.828656  -0.556153   0.038917   0.476675   0.427225   0.001000
  0.050086   0.828656  -0.556153   0.038917   0.476675   0.427225   0.001000
  0.050086   0.828656  -0.556153   0.038917   0.476675   0.427225   0.001000
  0.034465   0.827438  -0.559447   0.034327   0.429922   0.290043   0.001000
  0.034465   0.827438  -0.559447   0.034327   0.429922   0.290043   0.001000
  0.034465   0.827438  -0.559447   0.034327   0.429922   0.290043   0.001000
  0.034465   0.827438  -0.559447   0.034327   0.429922   0.290043   0.001000
  0.043280   0.923935  -0.378050   0.039346   0.514475   0.380511   0.001000
  0.043280   0.923935  -0.378050   0.039346   0.514475   0.380511   0.001000
  0.043280   0.923935  -0.378050   0.039346   0.514475   0.380511   0.001000
  0.043280   0.923935  -0.378050   0.039346   0.514475   0.380511   0.001000
  0.042975   0.924990  -0.375067   0.043262   0.390080   0.402954   0.001000
  0.042975   0.924990  -0.375067   0.043262   0.390080   0.402954   0.001000
  0.042975   0.924990  -0.375067   0.043262   0.390080   0.402954   0.001000
  0.042491   0.828337  -0.556435   0.049327   0.466783   0.305353   0.001000
  0.055063   0.820588  -0.567523   0.039001   0.458747   0.416190   0.001000
  0.043563   0.819313  -0.570202   0.041202   0.490505   0.325173   0.001000
  0.050864   0.823962  -0.562793   0.042006   0.501939   0.333544   0.001000
  0.050864   0.823962  -0.562793   0.042006   0.501939   0.333544   0.001000
  0.050864   0.823962  -0.562793   0.042006   0.501939   0.333544   0.001000
  0.052564   0.824904  -0.561070   0.044389   0.600994   0.291662   0.001000
  0.045478   0.824176  -0.563344   0.036179   0.663896  -0.164922   0.001000
  0.045478   0.824176  -0.563344   0.036179   0.663896  -0.164922   0.001000
  0.046113   0.927456  -0.368421   0.044318   0.406271  -0.079127   0.001000
  0.052492   0.820908  -0.567289   0.039219   0.393411  -0.207614   0.001000
  0.052492   0.820908  -0.567289   0.039219   0.393411  -0.207614   0.001000
  0.052492   0.820908  -0.567289   0.039219   0.393411  -0.207614   0.001000
  0.052492   0.820908  -0.567289   0.039219   0.393411  -0.207614   0.001000
  0.043224   0.825664  -0.561006   0.041026   0.538636  -0.019298   0.001000
  0.035677   0.923766  -0.379607   0.035813   0.658574  -0.165890   0.001000
  0.045490   0.825275  -0.561324   0.042036   0.366495   0.004982   0.001000
  0.045490   0.825275  -0.561324   0.042036   0.366495   0.004982   0.001000
  0.045490   0.825275  -0.561324   0.042036   0.366495   0.004982   0.001000
  0.041576   0.824524  -0.563056   0.037419   0.530096   0.375249   0.001000
  0.047164   0.826708  -0.559557   0.035008   0.485161   0.514784   0.001000
  0.047164   0.826708  -0.559557   0.035008   0.485161   0.514784   0.001000
  0.053003   0.821542  -0.565932   0.044506   0.310096   0.484729   0.001000
  0.053003   0.821542  -0.565932   0.044506   0.310096   0.484729   0.001000
  0.053003   0.821542  -0.565932   0.044506   0.310096   0.484729   0.001000
  0.047206   0.823278  -0.563107   0.053811  -0.082158   0.552697   0.001000
  0.043850   0.826551  -0.559605   0.041626   0.054778   0.374431   0.001000
  0.043850   0.826551  -0.559605   0.041626   0.054778   0.374431   0.001000
  0.043850   0.826551  -0.559605   0.041626   0.054778   0.374431   0.001000
  0.043850   0.826551  -0.559605   0.041626   0.054778   0.374431   0.001000
  0.043850   0.826551  -0.559605   0.041626   0.054778   0.374431   0.001000
  0.043850   0.826551  -0.559605   0.041626   0.054778   0.374431   0.001000
  0.043850   0.826551  -0.559605   0.041626   0.054778   0.374431   0.001000
  0.043850   0.826551  -0.559605   0.041626   0.054778   0.374431   0.001000
  0.043850   0.826551  -0.559605   0.041626   0.054778   0.374431   0.001000
  0.043850   0.826551  -0.559605   0.041626   0.054778   0.374431   0.001000
  0.035615   0.824775  -0.563091   0.037508   0.089342   0.490620   0.001000
  0.048321   0.820119  -0.568641   0.041444   0.170247   0.342968   0.001000
  0.049092   0.825009  -0.561521   0.040553   0.137096   0.406243   0.001000
  0.045311   0.924063  -0.377921   0.035070   0.156480   0.426341   0.001000
  0.047554   0.825055  -0.561648   0.039676   0.646212   0.245612   0.001000
  0.048403   0.921684  -0.382201   0.045580   0.686481   0.278852   0.001000
  0.054650   0.824985  -0.560854   0.043082   0.580429   0.195264   0.001000
  0.054650   0.824985  -0.560854   0.043082   0.580429   0.195264   0.001000
  0.043903   0.826843  -0.559582   0.035654   0.553412   0.225066   0.001000
  0.043903   0.826843  -0.559582   0.035654   0.553412   0.225066   0.001000
  0.046816   0.928039  -0.366704   0.045596   0.469793   0.395942   0.001000
  0.042962   0.825199  -0.561215   0.047311   0.291547   0.262622   0.001000
  0.055533   0.828399  -0.555836   0.041442   0.225208   0.470506   0.001000
  0.050496   0.822451  -0.564967   0.042848   0.407638   0.169772   0.001000
  0.050496   0.822451  -0.564967   0.042848   0.407638   0.169772   0.001000
  0.050496   0.822451  -0.564967   0.042848   0.407638   0.169772   0.001000
  0.043222   0.826059  -0.560823   0.035162   0.606685   0.071487   0.001000
  0.043222   0.826059  -0.560823   0.035162   0.606685   0.071487   0.001000
  0.047809   0.823233  -0.564338   0.039048   0.390574   0.139237   0.001000
  0.047809   0.823233  -0.564338   0.039048   0.390574   0.139237   0.001000
  0.047809   0.823233  -0.564338   0.039048   0.390574   0.139237   0.001000
  0.047809   0.823233  -0.564338   0.039048   0.390574   0.139237   0.001000
  0.047809   0.823233  -0.564338   0.039048   0.390574   0.139237   0.001000
  0.047809   0.823233  -0.564338   0.039048   0.390574   0.139237   0.001000
  0.047809   0.823233  -0.564338   0.039048   0.390574   0.139237   0.001000
  0.047809   0.823233  -0.564338   0.039048   0.390574   0.139237   0.001000
  0.047809   0.823233  -0.564338   0.039048   0.390574   0.139237   0.001000
  0.047809   0.823233  -0.564338   0.039048   0.390574   0.139237   0.001000
  0.047809   0.823233  -0.564338   0.039048   0.390574   0.139237   0.001000
  0.047809   0.823233  -0.564338   0.039048   0.390574   0.139237   0.001000
  0.047809   0.823233  -0.564338   0.039048   0.390574   0.139237   0.001000
  0.047809   0.823233  -0.564338   0.039048   0.390574   0.139237   0.001000
  0.039976   0.826519  -0.560669   0.030307   0.456744   0.008390   0.001000
  0.052333   0.923001  -0.377756   0.051298   0.376386   0.140865   0.001000
  0.042735   0.827663  -0.558605   0.033276   0.781865   0.273411   0.001000
  0.049285   0.822067  -0.566103   0.036102   0.374048   0.291962   0.001000
  0.049285   0.822067  -0.566103   0.036102   0.374048   0.291962   0.001000
  0.054988   0.922040  -0.380002   0.049172   0.359079   0.141793   0.001000
  0.046104   0.919115  -0.388383   0.047543   0.572000   0.152108   0.001000
  0.044392   0.829009  -0.555997   0.040496   0.468070   0.076841   0.001000
  0.048410   0.826887  -0.558718   0.041811   0.595628   0.082121   0.001000
  0.048410   0.826887  -0.558718   0.041811   0.595628   0.082121   0.001000
  0.042092   0.828741  -0.556912   0.035584   0.586476   0.149270   0.001000
  0.071250   0.823227  -0.559963   0.060519   0.705448   0.198980   0.001000
  0.050601   0.925330  -0.372952   0.045947   0.460345   0.213433   0.001000
  0.050601   0.925330  -0.372952   0.045947   0.460345   0.213433   0.001000
  0.050601   0.925330  -0.372952   0.045947   0.460345   0.213433   0.001000
  0.053546   0.822689  -0.564464   0.041182   0.576729   0.135259   0.001000
  0.053546   0.822689  -0.564464   0.041182   0.576729   0.135259   0.001000
  0.053546   0.822689  -0.564464   0.041182   0.576729   0.135259   0.001000
  0.053546   0.822689  -0.564464   0.041182   0.576729   0.135259   0.001000
  0.053546   0.822689  -0.564464   0.041182   0.576729   0.135259   0.001000
  0.053546   0.822689  -0.564464   0.041182   0.576729   0.135259   0.001000
  0.053546   0.822689  -0.564464   0.041182   0.576729   0.135259   0.001000
  0.044984   0.925704  -0.373012   0.043716   0.381271   0.177608   0.001000
  0.044984   0.925704  -0.373012   0.043716   0.381271   0.177608   0.001000
  0.044984   0.925704  -0.373012   0.043716   0.381271   0.177608   0.001000
  0.044984   0.925704  -0.373012   0.043716   0.381271   0.177608   0.001000
  0.044984   0.925704  -0.373012   0.043716   0.381271   0.177608   0.001000
  0.054946   0.818078  -0.571187   0.038406   0.583075   0.047334   0.001000
  0.054946   0.818078  -0.571187   0.038406   0.583075   0.047334   0.001000
  0.054946   0.818078  -0.571187   0.038406   0.583075   0.047334   0.001000
  0.050990   0.821627  -0.565633   0.048875   0.406888   0.192368   0.001000
  0.050990   0.821627  -0.565633   0.048875   0.406888   0.192368   0.001000
  0.040380   0.831703  -0.552608   0.035552   0.453336   0.241396   0.001000
  0.040380   0.831703  -0.552608   0.035552   0.453336   0.241396   0.001000
  0.057042   0.826310  -0.558295   0.047578   0.606155   0.167002   0.001000
  0.039852   0.825883  -0.561463   0.032994   0.395869   0.160479   0.001000
  0.047742   0.818232  -0.571903   0.033825   0.273343   0.141425   0.001000
  0.045099   0.919728  -0.387245   0.045920   0.292797   0.125560   0.001000
  0.045099   0.919728  -0.387245   0.045920   0.292797   0.125560   0.001000
  0.055861   0.919640  -0.385642   0.049219   0.436509   0.054986   0.001000
  0.055861   0.919640  -0.385642   0.049219   0.436509   0.054986   0.001000
  0.042410   0.831878  -0.551577   0.044092   0.437978   0.125422   0.001000
  0.030601   0.825727  -0.562378   0.031141   0.417127   0.150674   0.001000
  0.030601   0.825727  -0.562378   0.031141   0.417127   0.150674   0.001000
  0.051180   0.923590  -0.376575   0.050524   0.564742   0.153859   0.001000
  0.058665   0.829559  -0.553765   0.041656   0.267571   0.083759   0.001000
  0.047748   0.703889  -0.706294   0.058390   0.372852   0.203281   0.001000
  0.033679   0.827480  -0.558959   0.041316   0.395113   0.168739   0.001000
  0.042413   0.823160  -0.564601   0.042838   0.496893   0.052082   0.001000
  0.039934   0.924641  -0.376456   0.041536   0.560023   0.066733   0.001000
  0.039934   0.924641  -0.376456   0.041536   0.560023   0.066733   0.001000
  0.039934   0.924641  -0.376456   0.041536   0.560023   0.066733   0.001000
  0.049046   0.824756  -0.561986   0.039283   0.420785  -0.036615   0.001000
  0.049046   0.824756  -0.561986   0.039283   0.420785  -0.036615   0.001000
  0.049046   0.824756  -0.561986   0.039283   0.420785  -0.036615   0.001000
  0.049046   0.824756  -0.561986   0.039283   0.420785  -0.036615   0.001000
  0.049046   0.824756  -0.561986   0.039283   0.420785  -0.036615   0.001000
  0.049046   0.824756  -0.561986   0.039283   0.420785  -0.036615   0.001000
  0.049046   0.824756  -0.561986   0.039283   0.420785  -0.036615   0.001000
  0.049046   0.824756  -0.561986   0.039283   0.420785  -0.036615   0.001000
  0.049046   0.824756  -0.561986   0.039283   0.420785  -0.036615   0.001000
  0.049046   0.824756  -0.561986   0.039283   0.420785  -0.036615   0.001000
  0.049046   0.824756  -0.561986   0.039283   0.420785  -0.036615   0.001000
  0.049046   0.824756  -0.561986   0.039283   0.420785  -0.036615   0.001000
  0.049046   0.824756  -0.561986   0.039283   0.420785  -0.036615   0.001000
  0.049046   0.824756  -0.561986   0.039283   0.420785  -0.036615   0.001000
  0.049046   0.824756  -0.561986   0.039283   0.420785  -0.036615   0.001000
  0.049046   0.824756  -0.561986   0.039283   0.420785  -0.036615   0.001000
  0.049046   0.824756  -0.561986   0.039283   0.420785  -0.036615   0.001000
  0.049046   0.824756  -0.561986   0.039283   0.420785  -0.036615   0.001000
  0.049046   0.824756  -0.561986   0.039283   0.420785  -0.036615   0.001000
  0.049046   0.824756  -0.561986   0.039283   0.420785  -0.036615   0.001000
  0.049046   0.824756  -0.561986   0.039283   0.420785  -0.036615   0.001000
  0.049046   0.824756  -0.561986   0.039283   0.420785  -0.036615   0.001000
  0.049046   0.824756  -0.561986   0.039283   0.420785  -0.036615   0.001000
  0.048625   0.823336  -0.564006   0.040630   0.624132   0.318032   0.001000
  0.048625   0.823336  -0.564006   0.040630   0.624132   0.318032   0.001000
  0.048625   0.823336  -0.564006   0.040630   0.624132   0.318032   0.001000
  0.046452   0.827094  -0.558909   0.037125   0.648470   0.248401   0.001000
  0.046188   0.821078  -0.567290   0.043342   0.586773   0.104817   0.001000
  0.046188   0.821078  -0.567290   0.043342   0.586773   0.104817   0.001000
  0.049020   0.705786  -0.704367   0.057704   0.384786   0.094965   0.001000
  0.049020   0.705786  -0.704367   0.057704   0.384786   0.094965   0.001000
  0.049020   0.705786  -0.704367   0.057704   0.384786   0.094965   0.001000
  0.049020   0.705786  -0.704367   0.057704   0.384786   0.094965   0.001000
  0.044951   0.828988  -0.556614   0.030645   0.716104   0.312834   0.001000
  0.044010   0.826063  -0.560359   0.040999   0.690265   0.368659   0.001000
  0.048106   0.819006  -0.570053   0.044212   0.496807   0.405878   0.001000
  0.048391   0.826693  -0.559306   0.037599   0.539000   0.444781   0.001000
  0.048391   0.826693  -0.559306   0.037599   0.539000   0.444781   0.001000
  0.048391   0.826693  -0.559306   0.037599   0.539000   0.444781   0.001000
  0.048391   0.826693  -0.559306   0.037599   0.539000   0.444781   0.001000
  0.048391   0.826693  -0.559306   0.037599   0.539000   0.444781   0.001000
  0.048391   0.826693  -0.559306   0.037599   0.539000   0.444781   0.001000
  0.051937   0.823532  -0.563238   0.043124   0.567591   0.342431   0.001000
  0.051937   0.823532  -0.563238   0.043124   0.567591   0.342431   0.001000
  0.051937   0.823532  -0.563238   0.043124   0.567591   0.342431   0.001000
  0.051937   0.823532  -0.563238   0.043124   0.567591   0.342431   0.001000
  0.051937   0.823532  -0.563238   0.043124   0.567591   0.342431   0.001000
  0.051937   0.823532  -0.563238   0.043124   0.567591   0.342431   0.001000
  0.059804   0.826836  -0.557185   0.048077   0.469640   0.335879   0.001000
  0.058767   0.826822  -0.557724   0.043070   0.511060   0.383398   0.001000
  0.058767   0.826822  -0.557724   0.043070   0.511060   0.383398   0.001000
  0.039766   0.925568  -0.374488   0.038741   0.470148   0.311759   0.001000
  0.052926   0.827602  -0.557532   0.037830   0.527696   0.323877   0.001000
  0.052926   0.827602  -0.557532   0.037830   0.527696   0.323877   0.001000
  0.052926   0.827602  -0.557532   0.037830   0.527696   0.323877   0.001000
  0.049699   0.924090  -0.375707   0.049308   0.330819   0.441022   0.001000
  0.055384   0.827383  -0.557167   0.043976   0.538873   0.515306   0.001000
  0.052868   0.829583  -0.554547   0.038406   0.548428   0.384877   0.001000
  0.048459   0.826967  -0.558999   0.036011   0.631506   0.325516   0.001000
  0.048459   0.826967  -0.558999   0.036011   0.631506   0.325516   0.001000
  0.048459   0.826967  -0.558999   0.036011   0.631506   0.325516   0.001000
  0.048459   0.826967  -0.558999   0.036011   0.631506   0.325516   0.001000
  0.043856   0.922863  -0.379962   0.045054   0.485211   0.483024   0.001000
  0.043856   0.922863  -0.379962   0.045054   0.485211   0.483024   0.001000
