  0.379636   0.698448  -0.515081   0.320529  -0.470529   0.808586   0.001000
  0.366463   0.698320  -0.508905   0.345066  -0.416033   1.100588   0.001000
  0.385248   0.698552  -0.493659   0.346280  -0.833615   0.318997   0.001000
  0.366184   0.697639  -0.514290   0.338695  -0.808334   0.945741   0.001000
  0.366184   0.697639  -0.514290   0.338695  -0.808334   0.945741   0.001000
  0.372937   0.686904  -0.522384   0.340874  -0.766363   0.367395   0.001000
  0.379938   0.692413  -0.515084   0.333015  -1.052400   0.517178   0.001000
  0.381462   0.691895  -0.535842   0.297728  -0.704429   0.388904   0.001000
  0.319121   0.770325  -0.399816   0.380668  -0.770511   0.393130   0.001000
  0.388864   0.675596  -0.531733   0.331082  -0.756046   0.382984   0.001000
  0.388864   0.675596  -0.531733   0.331082  -0.756046   0.382984   0.001000
  0.388864   0.675596  -0.531733   0.331082  -0.756046   0.382984   0.001000
  0.388864   0.675596  -0.531733   0.331082  -0.756046   0.382984   0.001000
  0.388864   0.675596  -0.531733   0.331082  -0.756046   0.382984   0.001000
  0.388093   0.675566  -0.534631   0.327359  -0.988907   0.479070   0.001000
  0.379027   0.693074  -0.507126   0.344689  -0.705393   0.540485   0.001000
  0.347138   0.694867  -0.532246   0.336703  -0.689806   0.567169   0.001000
  0.373820   0.680458  -0.536241   0.331181  -0.666607   0.606175   0.001000
  0.385434   0.674626  -0.540284   0.323132  -0.663623   0.714683   0.001000
  0.385434   0.674626  -0.540284   0.323132  -0.663623   0.714683   0.001000
  0.385434   0.674626  -0.540284   0.323132  -0.663623   0.714683   0.001000
  0.385434   0.674626  -0.540284   0.323132  -0.663623   0.714683   0.001000
  0.385434   0.674626  -0.540284   0.323132  -0.663623   0.714683   0.001000
  0.385434   0.674626  -0.540284   0.323132  -0.663623   0.714683   0.001000
  0.385434   0.674626  -0.540284   0.323132  -0.663623   0.714683   0.001000
  0.385434   0.674626  -0.540284   0.323132  -0.663623   0.714683   0.001000
  0.385434   0.674626  -0.540284   0.323132  -0.663623   0.714683   0.001000
  0.385434   0.674626  -0.540284   0.323132  -0.663623   0.714683   0.001000
  0.385434   0.674626  -0.540284   0.323132  -0.663623   0.714683   0.001000
  0.385434   0.674626  -0.540284   0.323132  -0.663623   0.714683   0.001000
  0.385434   0.674626  -0.540284   0.323132  -0.663623   0.714683   0.001000
  0.385434   0.674626  -0.540284   0.323132  -0.663623   0.714683   0.001000
  0.385434   0.674626  -0.540284   0.323132  -0.663623   0.714683   0.001000
  0.385434   0.674626  -0.540284   0.323132  -0.663623   0.714683   0.001000
  0.385434   0.674626  -0.540284   0.323132  -0.663623   0.714683   0.001000
  0.385434   0.674626  -0.540284   0.323132  -0.663623   0.714683   0.001000
  0.385434   0.674626  -0.540284   0.323132  -0.663623   0.714683   0.001000
  0.385434   0.674626  -0.540284   0.323132  -0.663623   0.714683   0.001000
  0.385434   0.674626  -0.540284   0.323132  -0.663623   0.714683   0.001000
  0.385434   0.674626  -0.540284   0.323132  -0.663623   0.714683   0.001000
  0.385434   0.674626  -0.540284   0.323132  -0.663623   0.714683   0.001000
  0.385434   0.674626  -0.540284   0.323132  -0.663623   0.714683   0.001000
  0.373603   0.690315  -0.519849   0.337110  -0.690798   0.526486   0.001000
  0.373603   0.690315  -0.519849   0.337110  -0.690798   0.526486   0.001000
  0.373603   0.690315  -0.519849   0.337110  -0.690798   0.526486   0.001000
  0.373603   0.690315  -0.519849   0.337110  -0.690798   0.526486   0.001000
  0.373603   0.690315  -0.519849   0.337110  -0.690798   0.526486   0.001000
  0.373603   0.690315  -0.519849   0.337110  -0.690798   0.526486   0.001000
  0.373603   0.690315  -0.519849   0.337110  -0.690798   0.526486   0.001000
  0.373603   0.690315  -0.519849   0.337110  -0.690798   0.526486   0.001000
  0.373603   0.690315  -0.519849   0.337110  -0.690798   0.526486   0.001000
  0.329622   0.776521  -0.381506   0.377913  -0.659117   0.536124   0.001000
  0.377161   0.695548  -0.501379   0.350116  -0.898262   0.498708   0.001000
  0.382585   0.689555  -0.509615   0.344145  -0.980266   0.700371   0.001000
  0.362530   0.710609  -0.502766   0.332916  -0.646466   0.660003   0.001000
  0.372506   0.694593  -0.514684   0.337462  -0.647549   0.866793   0.001000
  0.372506   0.694593  -0.514684   0.337462  -0.647549   0.866793   0.001000
  0.372506   0.694593  -0.514684   0.337462  -0.647549   0.866793   0.001000
  0.372506   0.694593  -0.514684   0.337462  -0.647549   0.866793   0.001000
  0.372506   0.694593  -0.514684   0.337462  -0.647549   0.866793   0.001000
  0.372506   0.694593  -0.514684   0.337462  -0.647549   0.866793   0.001000
  0.374151   0.699940  -0.509387   0.332595  -0.337274   0.893352   0.001000
  0.368627   0.703005  -0.501127   0.344629  -0.685845   0.913498   0.001000
  0.372424   0.709769  -0.500411   0.327288  -0.762161   0.839291   0.001000
  0.388609   0.674683  -0.532362   0.332230  -0.835318   0.889262   0.001000
  0.365358   0.695359  -0.518402   0.338006  -0.693065   0.698841   0.001000
  0.372381   0.676084  -0.547589   0.323093  -0.767993   0.384816   0.001000
  0.383678   0.690509  -0.515821   0.331538  -0.684958   0.413433   0.001000
  0.373846   0.692035  -0.520961   0.331552  -0.665649   0.341296   0.001000
  0.373846   0.692035  -0.520961   0.331552  -0.665649   0.341296   0.001000
  0.373846   0.692035  -0.520961   0.331552  -0.665649   0.341296   0.001000
  0.379270   0.683641  -0.526658   0.333797  -0.680613   0.802915   0.001000
  0.379270   0.683641  -0.526658   0.333797  -0.680613   0.802915   0.001000
  0.379270   0.683641  -0.526658   0.333797  -0.680613   0.802915   0.001000
  0.379270   0.683641  -0.526658   0.333797  -0.680613   0.802915   0.001000
  0.379270   0.683641  -0.526658   0.333797  -0.680613   0.802915   0.001000
  0.379270   0.683641  -0.526658   0.333797  -0.680613   0.802915   0.001000
  0.379270   0.683641  -0.526658   0.333797  -0.680613   0.802915   0.001000
  0.379270   0.683641  -0.526658   0.333797  -0.680613   0.802915   0.001000
  0.379270   0.683641  -0.526658   0.333797  -0.680613   0.802915   0.001000
  0.379270   0.683641  -0.526658   0.333797  -0.680613   0.802915   0.001000
  0.379270   0.683641  -0.526658   0.333797  -0.680613   0.802915   0.001000
  0.379270   0.683641  -0.526658   0.333797  -0.680613   0.802915   0.001000
  0.388999   0.684104  -0.525615   0.323126  -0.709291   0.789897   0.001000
  0.388999   0.684104  -0.525615   0.323126  -0.709291   0.789897   0.001000
  0.388999   0.684104  -0.525615   0.323126  -0.709291   0.789897   0.001000
  0.358940   0.739513  -0.390704   0.414285  -0.713242   0.820133   0.001000
  0.323536   0.766593  -0.390089   0.394323  -0.643185   0.671905   0.001000
  0.323536   0.766593  -0.390089   0.394323  -0.643185   0.671905   0.001000
  0.323536   0.766593  -0.390089   0.394323  -0.643185   0.671905   0.001000
  0.323536   0.766593  -0.390089   0.394323  -0.643185   0.671905   0.001000
  0.323536   0.766593  -0.390089   0.394323  -0.643185   0.671905   0.001000
  0.323536   0.766593  -0.390089   0.394323  -0.643185   0.671905   0.001000
  0.367553   0.678105  -0.527774   0.355716  -0.782863   0.642771   0.001000
  0.367553   0.678105  -0.527774   0.355716  -0.782863   0.642771   0.001000
  0.390474   0.678091  -0.528165   0.329795  -0.821607   0.686130   0.001000
  0.390474   0.678091  -0.528165   0.329795  -0.821607   0.686130   0.001000
  0.390474   0.678091  -0.528165   0.329795  -0.821607   0.686130   0.001000
  0.390474   0.678091  -0.528165   0.329795  -0.821607   0.686130   0.001000
  0.315501   0.762593  -0.400846   0.397786  -0.826658   0.548440   0.001000
  0.315501   0.762593  -0.400846   0.397786  -0.826658   0.548440   0.001000
  0.315501   0.762593  -0.400846   0.397786  -0.826658   0.548440   0.001000
  0.315501   0.762593  -0.400846   0.397786  -0.826658   0.548440   0.001000
  0.386243   0.677552  -0.532252   0.329313  -0.694891   0.528346   0.001000
  0.396720   0.673859  -0.532678   0.323700  -0.779238   0.646628   0.001000
  0.396720   0.673859  -0.532678   0.323700  -0.779238   0.646628   0.001000
  0.326825   0.766962  -0.385827   0.395086  -0.863096   0.596835   0.001000
  0.326825   0.766962  -0.385827   0.395086  -0.863096   0.596835   0.001000
  0.395709   0.664995  -0.540789   0.329761  -0.843032   0.673789   0.001000
  0.373781   0.681664  -0.535454   0.330017  -0.767967   0.590301   0.001000
  0.373781   0.681664  -0.535454   0.330017  -0.767967   0.590301   0.001000
  0.325125   0.765365  -0.387082   0.398344  -0.779810   0.580296   0.001000
  0.325125   0.765365  -0.387082   0.398344  -0.779810   0.580296   0.001000
  0.372882   0.652222  -0.570018   0.332633  -0.819793   0.496937   0.001000
  0.386160   0.687963  -0.528105   0.314154  -0.614939   0.634274   0.001000
  0.386160   0.687963  -0.528105   0.314154  -0.614939   0.634274   0.001000
  0.383455   0.677838  -0.541133   0.317288  -0.799172   0.598957   0.001000
  0.383455   0.677838  -0.541133   0.317288  -0.799172   0.598957   0.001000
  0.383455   0.677838  -0.541133   0.317288  -0.799172   0.598957   0.001000
  0.383455   0.677838  -0.541133   0.317288  -0.799172   0.598957   0.001000
  0.383455   0.677838  -0.541133   0.317288  -0.799172   0.598957   0.001000
  0.383455   0.677838  -0.541133   0.317288  -0.799172   0.598957   0.001000
  0.383455   0.677838  -0.541133   0.317288  -0.799172   0.598957   0.001000
  0.383455   0.677838  -0.541133   0.317288  -0.799172   0.598957   0.001000
  0.383455   0.677838  -0.541133   0.317288  -0.799172   0.598957   0.001000
  0.383455   0.677838  -0.541133   0.317288  -0.799172   0.598957   0.001000
  0.383455   0.677838  -0.541133   0.317288  -0.799172   0.598957   0.001000
  0.383455   0.677838  -0.541133   0.317288  -0.799172   0.598957   0.001000
  0.383455   0.677838  -0.541133   0.317288  -0.799172   0.598957   0.001000
  0.383455   0.677838  -0.541133   0.317288  -0.799172   0.598957   0.001000
  0.383455   0.677838  -0.541133   0.317288  -0.799172   0.598957   0.001000
  0.383455   0.677838  -0.541133   0.317288  -0.799172   0.598957   0.001000
  0.383455   0.677838  -0.541133   0.317288  -0.799172   0.598957   0.001000
  0.383455   0.677838  -0.541133   0.317288  -0.799172   0.598957   0.001000
  0.383455   0.677838  -0.541133   0.317288  -0.799172   0.598957   0.001000
  0.383455   0.677838  -0.541133   0.317288  -0.799172   0.598957   0.001000
  0.383455   0.677838  -0.541133   0.317288  -0.799172   0.598957   0.001000
  0.383455   0.677838  -0.541133   0.317288  -0.799172   0.598957   0.001000
  0.383455   0.677838  -0.541133   0.317288  -0.799172   0.598957   0.001000
  0.383455   0.677838  -0.541133   0.317288  -0.799172   0.598957   0.001000
  0.383455   0.677838  -0.541133   0.317288  -0.799172   0.598957   0.001000
  0.383455   0.677838  -0.541133   0.317288  -0.799172   0.598957   0.001000
  0.383455   0.677838  -0.541133   0.317288  -0.799172   0.598957   0.001000
  0.383455   0.677838  -0.541133   0.317288  -0.799172   0.598957   0.001000
  0.383455   0.677838  -0.541133   0.317288  -0.799172   0.598957   0.001000
  0.383455   0.677838  -0.541133   0.317288  -0.799172   0.598957   0.001000
  0.383455   0.677838  -0.541133   0.317288  -0.799172   0.598957   0.001000
  0.383455   0.677838  -0.541133   0.317288  -0.799172   0.598957   0.001000
  0.383455   0.677838  -0.541133   0.317288  -0.799172   0.598957   0.001000
  0.383455   0.677838  -0.541133   0.317288  -0.799172   0.598957   0.001000
  0.383455   0.677838  -0.541133   0.317288  -0.799172   0.598957   0.001000
  0.383455   0.677838  -0.541133   0.317288  -0.799172   0.598957   0.001000
  0.416266   0.676638  -0.515686   0.320861  -0.882605   0.634511   0.001000
  0.322285   0.764556  -0.393229   0.396180  -0.834236   0.592747   0.001000
  0.322285   0.764556  -0.393229   0.396180  -0.834236   0.592747   0.001000
  0.322285   0.764556  -0.393229   0.396180  -0.834236   0.592747   0.001000
  0.322285   0.764556  -0.393229   0.396180  -0.834236   0.592747   0.001000
  0.322285   0.764556  -0.393229   0.396180  -0.834236   0.592747   0.001000
  0.322285   0.764556  -0.393229   0.396180  -0.834236   0.592747   0.001000
  0.322285   0.764556  -0.393229   0.396180  -0.834236   0.592747   0.001000
  0.322285   0.764556  -0.393229   0.396180  -0.834236   0.592747   0.001000
  0.322285   0.764556  -0.393229   0.396180  -0.834236   0.592747   0.001000
  0.322285   0.764556  -0.393229   0.396180  -0.834236   0.592747   0.001000
  0.322285   0.764556  -0.393229   0.396180  -0.834236   0.592747   0.001000
  0.322285   0.764556  -0.393229   0.396180  -0.834236   0.592747   0.001000
  0.322285   0.764556  -0.393229   0.396180  -0.834236   0.592747   0.001000
  0.322285   0.764556  -0.393229   0.396180  -0.834236   0.592747   0.001000
  0.322285   0.764556  -0.393229   0.396180  -0.834236   0.592747   0.001000
  0.322285   0.764556  -0.393229   0.396180  -0.834236   0.592747   0.001000
  0.322285   0.764556  -0.393229   0.396180  -0.834236   0.592747   0.001000
  0.322285   0.764556  -0.393229   0.396180  -0.834236   0.592747   0.001000
  0.322285   0.764556  -0.393229   0.396180  -0.834236   0.592747   0.001000
  0.322285   0.764556  -0.393229   0.396180  -0.834236   0.592747   0.001000
  0.322285   0.764556  -0.393229   0.396180  -0.834236   0.592747   0.001000
  0.322285   0.764556  -0.393229   0.396180  -0.834236   0.592747   0.001000
  0.322285   0.764556  -0.393229   0.396180  -0.834236   0.592747   0.001000
  0.322285   0.764556  -0.393229   0.396180  -0.834236   0.592747   0.001000
  0.322285   0.764556  -0.393229   0.396180  -0.834236   0.592747   0.001000
  0.322285   0.764556  -0.393229   0.396180  -0.834236   0.592747   0.001000
  0.322285   0.764556  -0.393229   0.396180  -0.834236   0.592747   0.001000
  0.322285   0.764556  -0.393229   0.396180  -0.834236   0.592747   0.001000
  0.322285   0.764556  -0.393229   0.396180  -0.834236   0.592747   0.001000
  0.322285   0.764556  -0.393229   0.396180  -0.834236   0.592747   0.001000
  0.322285   0.764556  -0.393229   0.396180  -0.834236   0.592747   0.001000
  0.394588   0.667338  -0.539772   0.328035  -0.838166   0.877225   0.001000
  0.320133   0.763031  -0.398567   0.395529  -0.822331   0.715694   0.001000
  0.387084   0.678988  -0.532812   0.324429  -0.831175   0.751754   0.001000
  0.387084   0.678988  -0.532812   0.324429  -0.831175   0.751754   0.001000
  0.387084   0.678988  -0.532812   0.324429  -0.831175   0.751754   0.001000
  0.387084   0.678988  -0.532812   0.324429  -0.831175   0.751754   0.001000
  0.387084   0.678988  -0.532812   0.324429  -0.831175   0.751754   0.001000
  0.387084   0.678988  -0.532812   0.324429  -0.831175   0.751754   0.001000
  0.387084   0.678988  -0.532812   0.324429  -0.831175   0.751754   0.001000
  0.387084   0.678988  -0.532812   0.324429  -0.831175   0.751754   0.001000
  0.387084   0.678988  -0.532812   0.324429  -0.831175   0.751754   0.001000
  0.303580   0.773656  -0.403783   0.382433  -0.889855   0.900352   0.001000
  0.386291   0.677365  -0.534985   0.325188  -0.910749   0.693070   0.001000
  0.386291   0.677365  -0.534985   0.325188  -0.910749   0.693070   0.001000
  0.386291   0.677365  -0.534985   0.325188  -0.910749   0.693070   0.001000
  0.386291   0.677365  -0.534985   0.325188  -0.910749   0.693070   0.001000
  0.386291   0.677365  -0.534985   0.325188  -0.910749   0.693070   0.001000
  0.386291   0.677365  -0.534985   0.325188  -0.910749   0.693070   0.001000
  0.386291   0.677365  -0.534985   0.325188  -0.910749   0.693070   0.001000
  0.386291   0.677365  -0.534985   0.325188  -0.910749   0.693070   0.001000
  0.386291   0.677365  -0.534985   0.325188  -0.910749   0.693070   0.001000
  0.386291   0.677365  -0.534985   0.325188  -0.910749   0.693070   0.001000
  0.386291   0.677365  -0.534985   0.325188  -0.910749   0.693070   0.001000
  0.386291   0.677365  -0.534985   0.325188  -0.910749   0.693070   0.001000
  0.386291   0.677365  -0.534985   0.325188  -0.910749   0.693070   0.001000
  0.386291   0.677365  -0.534985   0.325188  -0.910749   0.693070   0.001000
  0.386291   0.677365  -0.534985   0.325188  -0.910749   0.693070   0.001000
  0.316316   0.767494  -0.397362   0.391153  -0.751177   0.857095   0.001000
  0.316316   0.767494  -0.397362   0.391153  -0.751177   0.857095   0.001000
  0.316316   0.767494  -0.397362   0.391153  -0.751177   0.857095   0.001000
  0.316316   0.767494  -0.397362   0.391153  -0.751177   0.857095   0.001000
  0.316316   0.767494  -0.397362   0.391153  -0.751177   0.857095   0.001000
  0.316316   0.767494  -0.397362   0.391153  -0.751177   0.857095   0.001000
  0.316316   0.767494  -0.397362   0.391153  -0.751177   0.857095   0.001000
  0.316316   0.767494  -0.397362   0.391153  -0.751177   0.857095   0.001000
  0.316316   0.767494  -0.397362   0.391153  -0.751177   0.857095   0.001000
  0.316316   0.767494  -0.397362   0.391153  -0.751177   0.857095   0.001000
  0.316316   0.767494  -0.397362   0.391153  -0.751177   0.857095   0.001000
  0.316316   0.767494  -0.397362   0.391153  -0.751177   0.857095   0.001000
  0.316316   0.767494  -0.397362   0.391153  -0.751177   0.857095   0.001000
  0.316316   0.767494  -0.397362   0.391153  -0.751177   0.857095   0.001000
  0.316316   0.767494  -0.397362   0.391153  -0.751177   0.857095   0.001000
  0.388855   0.671488  -0.541528   0.323485  -0.843342   0.759071   0.001000
  0.388855   0.671488  -0.541528   0.323485  -0.843342   0.759071   0.001000
  0.388855   0.671488  -0.541528   0.323485  -0.843342   0.759071   0.001000
  0.388855   0.671488  -0.541528   0.323485  -0.843342   0.759071   0.001000
  0.388855   0.671488  -0.541528   0.323485  -0.843342   0.759071   0.001000
  0.388855   0.671488  -0.541528   0.323485  -0.843342   0.759071   0.001000
  0.388855   0.671488  -0.541528   0.323485  -0.843342   0.759071   0.001000
  0.388855   0.671488  -0.541528   0.323485  -0.843342   0.759071   0.001000
  0.388855   0.671488  -0.541528   0.323485  -0.843342   0.759071   0.001000
  0.388855   0.671488  -0.541528   0.323485  -0.843342   0.759071   0.001000
  0.388855   0.671488  -0.541528   0.323485  -0.843342   0.759071   0.001000
  0.388855   0.671488  -0.541528   0.323485  -0.843342   0.759071   0.001000
  0.388855   0.671488  -0.541528   0.323485  -0.843342   0.759071   0.001000
  0.388855   0.671488  -0.541528   0.323485  -0.843342   0.759071   0.001000
  0.388855   0.671488  -0.541528   0.323485  -0.843342   0.759071   0.001000
  0.388855   0.671488  -0.541528   0.323485  -0.843342   0.759071   0.001000
  0.388855   0.671488  -0.541528   0.323485  -0.843342   0.759071   0.001000
  0.388855   0.671488  -0.541528   0.323485  -0.843342   0.759071   0.001000
  0.388855   0.671488  -0.541528   0.323485  -0.843342   0.759071   0.001000
  0.388855   0.671488  -0.541528   0.323485  -0.843342   0.759071   0.001000
  0.388855   0.671488  -0.541528   0.323485  -0.843342   0.759071   0.001000
  0.388855   0.671488  -0.541528   0.323485  -0.843342   0.759071   0.001000
  0.388855   0.671488  -0.541528   0.323485  -0.843342   0.759071   0.001000
  0.388855   0.671488  -0.541528   0.323485  -0.843342   0.759071   0.001000
  0.388855   0.671488  -0.541528   0.323485  -0.843342   0.759071   0.001000
  0.388855   0.671488  -0.541528   0.323485  -0.843342   0.759071   0.001000
  0.388855   0.671488  -0.541528   0.323485  -0.843342   0.759071   0.001000
  0.388855   0.671488  -0.541528   0.323485  -0.843342   0.759071   0.001000
  0.388855   0.671488  -0.541528   0.323485  -0.843342   0.759071   0.001000
  0.388855   0.671488  -0.541528   0.323485  -0.843342   0.759071   0.001000
  0.388855   0.671488  -0.541528   0.323485  -0.843342   0.759071   0.001000
  0.388855   0.671488  -0.541528   0.323485  -0.843342   0.759071   0.001000
  0.387684   0.676159  -0.538780   0.319728  -0.881996   0.750607   0.001000
  0.377478   0.675931  -0.536977   0.335087  -0.801893   0.884106   0.001000
  0.379840   0.695153  -0.497465   0.353572  -0.781009   0.708077   0.001000
  0.379840   0.695153  -0.497465   0.353572  -0.781009   0.708077   0.001000
  0.369818   0.705122  -0.468335   0.383014  -0.811672   0.790513   0.001000
  0.379823   0.695146  -0.512552   0.331356  -0.798770   0.940788   0.001000
  0.379823   0.695146  -0.512552   0.331356  -0.798770   0.940788   0.001000
  0.379823   0.695146  -0.512552   0.331356  -0.798770   0.940788   0.001000
  0.379391   0.676941  -0.538484   0.328402  -0.568072   0.815357   0.001000
  0.410461   0.668595  -0.527245   0.326367  -0.649739   0.770946   0.001000
  0.389892   0.679060  -0.532212   0.321887  -0.629091   0.827223   0.001000
  0.389892   0.679060  -0.532212   0.321887  -0.629091   0.827223   0.001000
  0.389892   0.679060  -0.532212   0.321887  -0.629091   0.827223   0.001000
  0.389892   0.679060  -0.532212   0.321887  -0.629091   0.827223   0.001000
  0.389892   0.679060  -0.532212   0.321887  -0.629091   0.827223   0.001000
  0.389892   0.679060  -0.532212   0.321887  -0.629091   0.827223   0.001000
  0.389892   0.679060  -0.532212   0.321887  -0.629091   0.827223   0.001000
  0.389892   0.679060  -0.532212   0.321887  -0.629091   0.827223   0.001000
  0.389892   0.679060  -0.532212   0.321887  -0.629091   0.827223   0.001000
  0.389892   0.679060  -0.532212   0.321887  -0.629091   0.827223   0.001000
  0.389892   0.679060  -0.532212   0.321887  -0.629091   0.827223   0.001000
  0.389892   0.679060  -0.532212   0.321887  -0.629091   0.827223   0.001000
  0.389892   0.679060  -0.532212   0.321887  -0.629091   0.827223   0.001000
  0.389892   0.679060  -0.532212   0.321887  -0.629091   0.827223   0.001000
  0.389892   0.679060  -0.532212   0.321887  -0.629091   0.827223   0.001000
  0.389892   0.679060  -0.532212   0.321887  -0.629091   0.827223   0.001000
  0.389892   0.679060  -0.532212   0.321887  -0.629091   0.827223   0.001000
  0.389892   0.679060  -0.532212   0.321887  -0.629091   0.827223   0.001000
  0.389892   0.679060  -0.532212   0.321887  -0.629091   0.827223   0.001000
  0.389892   0.679060  -0.532212   0.321887  -0.629091   0.827223   0.001000
  0.389892   0.679060  -0.532212   0.321887  -0.629091   0.827223   0.001000
  0.389892   0.679060  -0.532212   0.321887  -0.629091   0.827223   0.001000
  0.389892   0.679060  -0.532212   0.321887  -0.629091   0.827223   0.001000
  0.389892   0.679060  -0.532212   0.321887  -0.629091   0.827223   0.001000
  0.389892   0.679060  -0.532212   0.321887  -0.629091   0.827223   0.001000
  0.389892   0.679060  -0.532212   0.321887  -0.629091   0.827223   0.001000
  0.389892   0.679060  -0.532212   0.321887  -0.629091   0.827223   0.001000
  0.389892   0.679060  -0.532212   0.321887  -0.629091   0.827223   0.001000
  0.389892   0.679060  -0.532212   0.321887  -0.629091   0.827223   0.001000
  0.389892   0.679060  -0.532212   0.321887  -0.629091   0.827223   0.001000
  0.389892   0.679060  -0.532212   0.321887  -0.629091   0.827223   0.001000
  0.389892   0.679060  -0.532212   0.321887  -0.629091   0.827223   0.001000
  0.389892   0.679060  -0.532212   0.321887  -0.629091   0.827223   0.001000
  0.389892   0.679060  -0.532212   0.321887  -0.629091   0.827223   0.001000
  0.389892   0.679060  -0.532212   0.321887  -0.629091   0.827223   0.001000
  0.389892   0.679060  -0.532212   0.321887  -0.629091   0.827223   0.001000
  0.389892   0.679060  -0.532212   0.321887  -0.629091   0.827223   0.001000
  0.389892   0.679060  -0.532212   0.321887  -0.629091   0.827223   0.001000
  0.389892   0.679060  -0.532212   0.321887  -0.629091   0.827223   0.001000
  0.389892   0.679060  -0.532212   0.321887  -0.629091   0.827223   0.001000
  0.389892   0.679060  -0.532212   0.321887  -0.629091   0.827223   0.001000
  0.389892   0.679060  -0.532212   0.321887  -0.629091   0.827223   0.001000
  0.389892   0.679060  -0.532212   0.321887  -0.629091   0.827223   0.001000
  0.389892   0.679060  -0.532212   0.321887  -0.629091   0.827223   0.001000
  0.389892   0.679060  -0.532212   0.321887  -0.629091   0.827223   0.001000
  0.389892   0.679060  -0.532212   0.321887  -0.629091   0.827223   0.001000
  0.389892   0.679060  -0.532212   0.321887  -0.629091   0.827223   0.001000
  0.389892   0.679060  -0.532212   0.321887  -0.629091   0.827223   0.001000
  0.389892   0.679060  -0.532212   0.321887  -0.629091   0.827223   0.001000
  0.383789   0.699251  -0.489348   0.352553  -0.583950   0.818914   0.001000
  0.383789   0.699251  -0.489348   0.352553  -0.583950   0.818914   0.001000
  0.383789   0.699251  -0.489348   0.352553  -0.583950   0.818914   0.001000
  0.383789   0.699251  -0.489348   0.352553  -0.583950   0.818914   0.001000
  0.320374   0.770791  -0.397447   0.381154  -1.011327   0.496833   0.001000
  0.400543   0.666746  -0.532978   0.333091  -0.753634   0.757955   0.001000
  0.400543   0.666746  -0.532978   0.333091  -0.753634   0.757955   0.001000
  0.400543   0.666746  -0.532978   0.333091  -0.753634   0.757955   0.001000
  0.400543   0.666746  -0.532978   0.333091  -0.753634   0.757955   0.001000
  0.400543   0.666746  -0.532978   0.333091  -0.753634   0.757955   0.001000
  0.400543   0.666746  -0.532978   0.333091  -0.753634   0.757955   0.001000
  0.373651   0.672198  -0.546673   0.331185  -0.795067   0.816367   0.001000
  0.373651   0.672198  -0.546673   0.331185  -0.795067   0.816367   0.001000
  0.373651   0.672198  -0.546673   0.331185  -0.795067   0.816367   0.001000
  0.373651   0.672198  -0.546673   0.331185  -0.795067   0.816367   0.001000
  0.387129   0.683770  -0.522702   0.330716  -0.812833   0.807115   0.001000
  0.387129   0.683770  -0.522702   0.330716  -0.812833   0.807115   0.001000
  0.387129   0.683770  -0.522702   0.330716  -0.812833   0.807115   0.001000
  0.387129   0.683770  -0.522702   0.330716  -0.812833   0.807115   0.001000
  0.388109   0.686379  -0.514627   0.336769  -0.692209   0.800830   0.001000
  0.395986   0.680616  -0.522268   0.327403  -0.826260   0.901448   0.001000
  0.343665   0.762140  -0.372500   0.402840  -0.642352   0.482670   0.001000
  0.343665   0.762140  -0.372500   0.402840  -0.642352   0.482670   0.001000
  0.343665   0.762140  -0.372500   0.402840  -0.642352   0.482670   0.001000
  0.343665   0.762140  -0.372500   0.402840  -0.642352   0.482670   0.001000
  0.343665   0.762140  -0.372500   0.402840  -0.642352   0.482670   0.001000
  0.370290   0.692442  -0.528444   0.322732  -0.707959   0.771107   0.001000
  0.396115   0.673059  -0.537739   0.317682  -0.590875   0.807546   0.001000
  0.396115   0.673059  -0.537739   0.317682  -0.590875   0.807546   0.001000
  0.396115   0.673059  -0.537739   0.317682  -0.590875   0.807546   0.001000
  0.396115   0.673059  -0.537739   0.317682  -0.590875   0.807546   0.001000
  0.396115   0.673059  -0.537739   0.317682  -0.590875   0.807546   0.001000
  0.396115   0.673059  -0.537739   0.317682  -0.590875   0.807546   0.001000
  0.396115   0.673059  -0.537739   0.317682  -0.590875   0.807546   0.001000
  0.396115   0.673059  -0.537739   0.317682  -0.590875   0.807546   0.001000
  0.396115   0.673059  -0.537739   0.317682  -0.590875   0.807546   0.001000
  0.396115   0.673059  -0.537739   0.317682  -0.590875   0.807546   0.001000
  0.396115   0.673059  -0.537739   0.317682  -0.590875   0.807546   0.001000
  0.396115   0.673059  -0.537739   0.317682  -0.590875   0.807546   0.001000
  0.396115   0.673059  -0.537739   0.317682  -0.590875   0.807546   0.001000
  0.396115   0.673059  -0.537739   0.317682  -0.590875   0.807546   0.001000
  0.396115   0.673059  -0.537739   0.317682  -0.590875   0.807546   0.001000
  0.396115   0.673059  -0.537739   0.317682  -0.590875   0.807546   0.001000
  0.396115   0.673059  -0.537739   0.317682  -0.590875   0.807546   0.001000
  0.396115   0.673059  -0.537739   0.317682  -0.590875   0.807546   0.001000
  0.396115   0.673059  -0.537739   0.317682  -0.590875   0.807546   0.001000
  0.396115   0.673059  -0.537739   0.317682  -0.590875   0.807546   0.001000
  0.396115   0.673059  -0.537739   0.317682  -0.590875   0.807546   0.001000
  0.396115   0.673059  -0.537739   0.317682  -0.590875   0.807546   0.001000
  0.396115   0.673059  -0.537739   0.317682  -0.590875   0.807546   0.001000
  0.396115   0.673059  -0.537739   0.317682  -0.590875   0.807546   0.001000
  0.396115   0.673059  -0.537739   0.317682  -0.590875   0.807546   0.001000
  0.396115   0.673059  -0.537739   0.317682  -0.590875   0.807546   0.001000
  0.396115   0.673059  -0.537739   0.317682  -0.590875   0.807546   0.001000
  0.396115   0.673059  -0.537739   0.317682  -0.590875   0.807546   0.001000
  0.396115   0.673059  -0.537739   0.317682  -0.590875   0.807546   0.001000
  0.396115   0.673059  -0.537739   0.317682  -0.590875   0.807546   0.001000
  0.396115   0.673059  -0.537739   0.317682  -0.590875   0.807546   0.001000
  0.396115   0.673059  -0.537739   0.317682  -0.590875   0.807546   0.001000
  0.396115   0.673059  -0.537739   0.317682  -0.590875   0.807546   0.001000
  0.396115   0.673059  -0.537739   0.317682  -0.590875   0.807546   0.001000
  0.396115   0.673059  -0.537739   0.317682  -0.590875   0.807546   0.001000
  0.396115   0.673059  -0.537739   0.317682  -0.590875   0.807546   0.001000
  0.396115   0.673059  -0.537739   0.317682  -0.590875   0.807546   0.001000
  0.396115   0.673059  -0.537739   0.317682  -0.590875   0.807546   0.001000
  0.396115   0.673059  -0.537739   0.317682  -0.590875   0.807546   0.001000
  0.396115   0.673059  -0.537739   0.317682  -0.590875   0.807546   0.001000
  0.396115   0.673059  -0.537739   0.317682  -0.590875   0.807546   0.001000
  0.396115   0.673059  -0.537739   0.317682  -0.590875   0.807546   0.001000
  0.313558   0.792236  -0.409175   0.326527  -0.604596   0.845799   0.001000
  0.377358   0.694347  -0.501536   0.352058  -0.578271   0.643793   0.001000
  0.399118   0.672079  -0.534803   0.320936  -0.544945   0.779426   0.001000
  0.397773   0.667526  -0.531934   0.336500  -0.622180   0.764931   0.001000
  0.321886   0.772250  -0.393950   0.380556  -0.665993   0.687206   0.001000
  0.321886   0.772250  -0.393950   0.380556  -0.665993   0.687206   0.001000
  0.321886   0.772250  -0.393950   0.380556  -0.665993   0.687206   0.001000
  0.321886   0.772250  -0.393950   0.380556  -0.665993   0.687206   0.001000
  0.321886   0.772250  -0.393950   0.380556  -0.665993   0.687206   0.001000
  0.321886   0.772250  -0.393950   0.380556  -0.665993   0.687206   0.001000
  0.321886   0.772250  -0.393950   0.380556  -0.665993   0.687206   0.001000
  0.379614   0.698213  -0.524459   0.305506  -0.559034   0.812657   0.001000
  0.391788   0.687212  -0.516819   0.327322  -0.695681   0.718318   0.001000
  0.391788   0.687212  -0.516819   0.327322  -0.695681   0.718318   0.001000
  0.391788   0.687212  -0.516819   0.327322  -0.695681   0.718318   0.001000
  0.384427   0.684402  -0.532646   0.316383  -0.787800   0.735954   0.001000
  0.384427   0.684402  -0.532646   0.316383  -0.787800   0.735954   0.001000
  0.384427   0.684402  -0.532646   0.316383  -0.787800   0.735954   0.001000
  0.384427   0.684402  -0.532646   0.316383  -0.787800   0.735954   0.001000
  0.327318   0.771214  -0.385329   0.386799  -0.558900   0.821702   0.001000
  0.311392   0.743191  -0.457238   0.376345  -0.698485   0.852505   0.001000
  0.380737   0.666169  -0.544779   0.338339  -0.640716   0.678869   0.001000
  0.380737   0.666169  -0.544779   0.338339  -0.640716   0.678869   0.001000
  0.380737   0.666169  -0.544779   0.338339  -0.640716   0.678869   0.001000
  0.380737   0.666169  -0.544779   0.338339  -0.640716   0.678869   0.001000
  0.393314   0.675624  -0.531600   0.325941  -0.472831   0.789424   0.001000
  0.393314   0.675624  -0.531600   0.325941  -0.472831   0.789424   0.001000
  0.393314   0.675624  -0.531600   0.325941  -0.472831   0.789424   0.001000
  0.393314   0.675624  -0.531600   0.325941  -0.472831   0.789424   0.001000
  0.393314   0.675624  -0.531600   0.325941  -0.472831   0.789424   0.001000
  0.393314   0.675624  -0.531600   0.325941  -0.472831   0.789424   0.001000
  0.393314   0.675624  -0.531600   0.325941  -0.472831   0.789424   0.001000
  0.393314   0.675624  -0.531600   0.325941  -0.472831   0.789424   0.001000
  0.393314   0.675624  -0.531600   0.325941  -0.472831   0.789424   0.001000
  0.393314   0.675624  -0.531600   0.325941  -0.472831   0.789424   0.001000
  0.393314   0.675624  -0.531600   0.325941  -0.472831   0.789424   0.001000
  0.380033   0.678717  -0.536977   0.326456  -0.667416   0.710102   0.001000
  0.380033   0.678717  -0.536977   0.326456  -0.667416   0.710102   0.001000
  0.380033   0.678717  -0.536977   0.326456  -0.667416   0.710102   0.001000
  0.380033   0.678717  -0.536977   0.326456  -0.667416   0.710102   0.001000
  0.380033   0.678717  -0.536977   0.326456  -0.667416   0.710102   0.001000
  0.380033   0.678717  -0.536977   0.326456  -0.667416   0.710102   0.001000
  0.380033   0.678717  -0.536977   0.326456  -0.667416   0.710102   0.001000
  0.380033   0.678717  -0.536977   0.326456  -0.667416   0.710102   0.001000
  0.380033   0.678717  -0.536977   0.326456  -0.667416   0.710102   0.001000
  0.380033   0.678717  -0.536977   0.326456  -0.667416   0.710102   0.001000
  0.380033   0.678717  -0.536977   0.326456  -0.667416   0.710102   0.001000
  0.380033   0.678717  -0.536977   0.326456  -0.667416   0.710102   0.001000
  0.376921   0.679558  -0.539144   0.324739  -0.627930   0.865170   0.001000
  0.376921   0.679558  -0.539144   0.324739  -0.627930   0.865170   0.001000
  0.376921   0.679558  -0.539144   0.324739  -0.627930   0.865170   0.001000
  0.376921   0.679558  -0.539144   0.324739  -0.627930   0.865170   0.001000
  0.376921   0.679558  -0.539144   0.324739  -0.627930   0.865170   0.001000
  0.376921   0.679558  -0.539144   0.324739  -0.627930   0.865170   0.001000
  0.376921   0.679558  -0.539144   0.324739  -0.627930   0.865170   0.001000
  0.376921   0.679558  -0.539144   0.324739  -0.627930   0.865170   0.001000
  0.376921   0.679558  -0.539144   0.324739  -0.627930   0.865170   0.001000
  0.379484   0.680647  -0.536156   0.324421  -0.684875   0.766815   0.001000
  0.379484   0.680647  -0.536156   0.324421  -0.684875   0.766815   0.001000
  0.379484   0.680647  -0.536156   0.324421  -0.684875   0.766815   0.001000
  0.390016   0.676266  -0.536821   0.319959  -0.580432   0.734742   0.001000
  0.390016   0.676266  -0.536821   0.319959  -0.580432   0.734742   0.001000
  0.390016   0.676266  -0.536821   0.319959  -0.580432   0.734742   0.001000
  0.390016   0.676266  -0.536821   0.319959  -0.580432   0.734742   0.001000
  0.390016   0.676266  -0.536821   0.319959  -0.580432   0.734742   0.001000
  0.390016   0.676266  -0.536821   0.319959  -0.580432   0.734742   0.001000
  0.390016   0.676266  -0.536821   0.319959  -0.580432   0.734742   0.001000
  0.390016   0.676266  -0.536821   0.319959  -0.580432   0.734742   0.001000
  0.390016   0.676266  -0.536821   0.319959  -0.580432   0.734742   0.001000
  0.390016   0.676266  -0.536821   0.319959  -0.580432   0.734742   0.001000
  0.390016   0.676266  -0.536821   0.319959  -0.580432   0.734742   0.001000
  0.390016   0.676266  -0.536821   0.319959  -0.580432   0.734742   0.001000
  0.389866   0.681308  -0.531815   0.317800  -0.606890   0.753868   0.001000
  0.389866   0.681308  -0.531815   0.317800  -0.606890   0.753868   0.001000
  0.389866   0.681308  -0.531815   0.317800  -0.606890   0.753868   0.001000
  0.389866   0.681308  -0.531815   0.317800  -0.606890   0.753868   0.001000
  0.389866   0.681308  -0.531815   0.317800  -0.606890   0.753868   0.001000
  0.389866   0.681308  -0.531815   0.317800  -0.606890   0.753868   0.001000
  0.389866   0.681308  -0.531815   0.317800  -0.606890   0.753868   0.001000
  0.389866   0.681308  -0.531815   0.317800  -0.606890   0.753868   0.001000
  0.389866   0.681308  -0.531815   0.317800  -0.606890   0.753868   0.001000
  0.389866   0.681308  -0.531815   0.317800  -0.606890   0.753868   0.001000
  0.389866   0.681308  -0.531815   0.317800  -0.606890   0.753868   0.001000
  0.389866   0.681308  -0.531815   0.317800  -0.606890   0.753868   0.001000
  0.383481   0.675193  -0.526385   0.346376  -0.598680   0.772320   0.001000
  0.393366   0.635160  -0.511967   0.423940  -0.603525   0.719768   0.001000
  0.376083   0.701969  -0.495000   0.347529  -0.707739   0.785483   0.001000
  0.367849   0.706130  -0.499531   0.341374  -0.665869   0.854793   0.001000
  0.376160   0.688798  -0.532110   0.317679  -0.553982   0.785273   0.001000
  0.376160   0.688798  -0.532110   0.317679  -0.553982   0.785273   0.001000
  0.376160   0.688798  -0.532110   0.317679  -0.553982   0.785273   0.001000
  0.326129   0.766073  -0.394275   0.388999  -0.450954   0.864186   0.001000
  0.326129   0.766073  -0.394275   0.388999  -0.450954   0.864186   0.001000
  0.373112   0.697910  -0.520579   0.320479  -0.447056   0.765966   0.001000
  0.373112   0.697910  -0.520579   0.320479  -0.447056   0.765966   0.001000
  0.318441   0.768979  -0.395943   0.387937  -0.512828   0.836139   0.001000
  0.384618   0.681223  -0.539842   0.310765  -0.385092   0.723887   0.001000
  0.378619   0.685398  -0.533865   0.319164  -0.501829   0.777062   0.001000
  0.319761   0.773845  -0.389185   0.383995  -0.736362   0.744497   0.001000
  0.406405   0.676929  -0.516673   0.331137  -0.835964   0.794482   0.001000
  0.332520   0.746679  -0.419604   0.394757  -0.792579   0.726161   0.001000
  0.319294   0.770896  -0.406615   0.372069  -0.775932   0.844106   0.001000
  0.333621   0.756144  -0.398113   0.398056  -0.954489   0.895501   0.001000
  0.363149   0.718560  -0.477166   0.352288  -0.859999   0.830218   0.001000
  0.377935   0.684976  -0.527329   0.331508  -0.839294   0.778095   0.001000
  0.382788   0.677535  -0.545963   0.310393  -0.886743   0.766348   0.001000
  0.404013   0.665072  -0.536269   0.326906  -0.848702   0.758334   0.001000
  0.394575   0.677761  -0.530752   0.321329  -0.803977   0.884414   0.001000
  0.396917   0.662556  -0.539820   0.334769  -0.851376   0.744463   0.001000
  0.396917   0.662556  -0.539820   0.334769  -0.851376   0.744463   0.001000
  0.393887   0.671493  -0.537608   0.323925  -0.582355   0.591293   0.001000
  0.393887   0.671493  -0.537608   0.323925  -0.582355   0.591293   0.001000
  0.393887   0.671493  -0.537608   0.323925  -0.582355   0.591293   0.001000
  0.379643   0.685810  -0.526880   0.328533  -0.561231   0.608074   0.001000
  0.379643   0.685810  -0.526880   0.328533  -0.561231   0.608074   0.001000
  0.379643   0.685810  -0.526880   0.328533  -0.561231   0.608074   0.001000
  0.379643   0.685810  -0.526880   0.328533  -0.561231   0.608074   0.001000
  0.379643   0.685810  -0.526880   0.328533  -0.561231   0.608074   0.001000
  0.389657   0.676019  -0.528004   0.335229  -0.612000   0.602101   0.001000
  0.389657   0.676019  -0.528004   0.335229  -0.612000   0.602101   0.001000
  0.370178   0.686404  -0.536434   0.322577  -0.534864   0.688765   0.001000
  0.385269   0.681062  -0.510683   0.356264  -0.542646   0.660362   0.001000
  0.362183   0.714765  -0.506227   0.318854  -0.482613   1.006765   0.001000
  0.386521   0.676229  -0.526083   0.341396  -0.622770   0.744932   0.001000
  0.366427   0.695798  -0.513782   0.342964  -0.616111   0.784107   0.001000
  0.379192   0.675675  -0.534694   0.337312  -0.711664   0.735731   0.001000
  0.373177   0.665183  -0.547498   0.344260  -0.663371   0.633703   0.001000
  0.388037   0.680615  -0.532614   0.320176  -0.689983   0.536314   0.001000
  0.388037   0.680615  -0.532614   0.320176  -0.689983   0.536314   0.001000
  0.412495   0.736798  -0.436205   0.310969  -0.621389   0.586122   0.001000
  0.392428   0.675885  -0.532419   0.325129  -0.609241   0.623445   0.001000
  0.392428   0.675885  -0.532419   0.325129  -0.609241   0.623445   0.001000
  0.392428   0.675885  -0.532419   0.325129  -0.609241   0.623445   0.001000
  0.392428   0.675885  -0.532419   0.325129  -0.609241   0.623445   0.001000
  0.392428   0.675885  -0.532419   0.325129  -0.609241   0.623445   0.001000
  0.392428   0.675885  -0.532419   0.325129  -0.609241   0.623445   0.001000
  0.392428   0.675885  -0.532419   0.325129  -0.609241   0.623445   0.001000
  0.392428   0.675885  -0.532419   0.325129  -0.609241   0.623445   0.001000
  0.392428   0.675885  -0.532419   0.325129  -0.609241   0.623445   0.001000
  0.392428   0.675885  -0.532419   0.325129  -0.609241   0.623445   0.001000
  0.392428   0.675885  -0.532419   0.325129  -0.609241   0.623445   0.001000
  0.392428   0.675885  -0.532419   0.325129  -0.609241   0.623445   0.001000
  0.392428   0.675885  -0.532419   0.325129  -0.609241   0.623445   0.001000
  0.392428   0.675885  -0.532419   0.325129  -0.609241   0.623445   0.001000
  0.392428   0.675885  -0.532419   0.325129  -0.609241   0.623445   0.001000
  0.392428   0.675885  -0.532419   0.325129  -0.609241   0.623445   0.001000
  0.392428   0.675885  -0.532419   0.325129  -0.609241   0.623445   0.001000
  0.392428   0.675885  -0.532419   0.325129  -0.609241   0.623445   0.001000
  0.392428   0.675885  -0.532419   0.325129  -0.609241   0.623445   0.001000
  0.392428   0.675885  -0.532419   0.325129  -0.609241   0.623445   0.001000
  0.392428   0.675885  -0.532419   0.325129  -0.609241   0.623445   0.001000
  0.392428   0.675885  -0.532419   0.325129  -0.609241   0.623445   0.001000
  0.392428   0.675885  -0.532419   0.325129  -0.609241   0.623445   0.001000
  0.392428   0.675885  -0.532419   0.325129  -0.609241   0.623445   0.001000
  0.392428   0.675885  -0.532419   0.325129  -0.609241   0.623445   0.001000
  0.392428   0.675885  -0.532419   0.325129  -0.609241   0.623445   0.001000
  0.392428   0.675885  -0.532419   0.325129  -0.609241   0.623445   0.001000
  0.392428   0.675885  -0.532419   0.325129  -0.609241   0.623445   0.001000
  0.392428   0.675885  -0.532419   0.325129  -0.609241   0.623445   0.001000
  0.392428   0.675885  -0.532419   0.325129  -0.609241   0.623445   0.001000
  0.392428   0.675885  -0.532419   0.325129  -0.609241   0.623445   0.001000
  0.392428   0.675885  -0.532419   0.325129  -0.609241   0.623445   0.001000
  0.373412   0.691214  -0.519890   0.335411  -0.586122   0.667039   0.001000
  0.373412   0.691214  -0.519890   0.335411  -0.586122   0.667039   0.001000
  0.373412   0.691214  -0.519890   0.335411  -0.586122   0.667039   0.001000
  0.369482   0.688535  -0.526661   0.334711  -0.586000   0.596213   0.001000
  0.369482   0.688535  -0.526661   0.334711  -0.586000   0.596213   0.001000
  0.394639   0.679649  -0.529213   0.319799  -0.493425   0.787761   0.001000
  0.395217   0.670354  -0.536395   0.326665  -0.604640   0.696977   0.001000
  0.395217   0.670354  -0.536395   0.326665  -0.604640   0.696977   0.001000
  0.395217   0.670354  -0.536395   0.326665  -0.604640   0.696977   0.001000
  0.395217   0.670354  -0.536395   0.326665  -0.604640   0.696977   0.001000
  0.395217   0.670354  -0.536395   0.326665  -0.604640   0.696977   0.001000
  0.395217   0.670354  -0.536395   0.326665  -0.604640   0.696977   0.001000
  0.395217   0.670354  -0.536395   0.326665  -0.604640   0.696977   0.001000
  0.395217   0.670354  -0.536395   0.326665  -0.604640   0.696977   0.001000
  0.395217   0.670354  -0.536395   0.326665  -0.604640   0.696977   0.001000
  0.395217   0.670354  -0.536395   0.326665  -0.604640   0.696977   0.001000
  0.395217   0.670354  -0.536395   0.326665  -0.604640   0.696977   0.001000
  0.395217   0.670354  -0.536395   0.326665  -0.604640   0.696977   0.001000
  0.395217   0.670354  -0.536395   0.326665  -0.604640   0.696977   0.001000
  0.389052   0.676181  -0.540868   0.314449  -0.530365   0.784983   0.001000
  0.389052   0.676181  -0.540868   0.314449  -0.530365   0.784983   0.001000
  0.389052   0.676181  -0.540868   0.314449  -0.530365   0.784983   0.001000
  0.389052   0.676181  -0.540868   0.314449  -0.530365   0.784983   0.001000
  0.389052   0.676181  -0.540868   0.314449  -0.530365   0.784983   0.001000
  0.389052   0.676181  -0.540868   0.314449  -0.530365   0.784983   0.001000
  0.389052   0.676181  -0.540868   0.314449  -0.530365   0.784983   0.001000
  0.326664   0.749224  -0.414967   0.399696  -0.691927   0.662365   0.001000
  0.383157   0.679966  -0.535704   0.322270  -0.629601   0.651993   0.001000
  0.383157   0.679966  -0.535704   0.322270  -0.629601   0.651993   0.001000
  0.383157   0.679966  -0.535704   0.322270  -0.629601   0.651993   0.001000
  0.383157   0.679966  -0.535704   0.322270  -0.629601   0.651993   0.001000
  0.394521   0.674389  -0.530310   0.329126  -0.775215   0.640122   0.001000
  0.394521   0.674389  -0.530310   0.329126  -0.775215   0.640122   0.001000
  0.394521   0.674389  -0.530310   0.329126  -0.775215   0.640122   0.001000
  0.394521   0.674389  -0.530310   0.329126  -0.775215   0.640122   0.001000
  0.379175   0.682318  -0.532697   0.326960  -0.746683   0.710806   0.001000
  0.379175   0.682318  -0.532697   0.326960  -0.746683   0.710806   0.001000
  0.379175   0.682318  -0.532697   0.326960  -0.746683   0.710806   0.001000
  0.379175   0.682318  -0.532697   0.326960  -0.746683   0.710806   0.001000
  0.379175   0.682318  -0.532697   0.326960  -0.746683   0.710806   0.001000
  0.389832   0.686413  -0.523103   0.321297  -0.847308   0.727519   0.001000
  0.372727   0.680861  -0.534680   0.334096  -0.885021   0.530026   0.001000
  0.339031   0.756658  -0.397877   0.392708  -0.748106   0.698730   0.001000
  0.379389   0.682849  -0.536522   0.319258  -0.778187   0.703958   0.001000
  0.379389   0.682849  -0.536522   0.319258  -0.778187   0.703958   0.001000
  0.379389   0.682849  -0.536522   0.319258  -0.778187   0.703958   0.001000
  0.379389   0.682849  -0.536522   0.319258  -0.778187   0.703958   0.001000
  0.379389   0.682849  -0.536522   0.319258  -0.778187   0.703958   0.001000
  0.379389   0.682849  -0.536522   0.319258  -0.778187   0.703958   0.001000
  0.379389   0.682849  -0.536522   0.319258  -0.778187   0.703958   0.001000
  0.379389   0.682849  -0.536522   0.319258  -0.778187   0.703958   0.001000
  0.379389   0.682849  -0.536522   0.319258  -0.778187   0.703958   0.001000
  0.379389   0.682849  -0.536522   0.319258  -0.778187   0.703958   0.001000
  0.319809   0.762456  -0.396225   0.399236  -0.703072   0.644890   0.001000
  0.361046   0.684413  -0.539301   0.332233  -0.885191   0.778118   0.001000
  0.379355   0.685677  -0.534559   0.316517  -0.807058   0.687075   0.001000
  0.379355   0.685677  -0.534559   0.316517  -0.807058   0.687075   0.001000
  0.379355   0.685677  -0.534559   0.316517  -0.807058   0.687075   0.001000
  0.379355   0.685677  -0.534559   0.316517  -0.807058   0.687075   0.001000
  0.379355   0.685677  -0.534559   0.316517  -0.807058   0.687075   0.001000
  0.379355   0.685677  -0.534559   0.316517  -0.807058   0.687075   0.001000
  0.379355   0.685677  -0.534559   0.316517  -0.807058   0.687075   0.001000
  0.379355   0.685677  -0.534559   0.316517  -0.807058   0.687075   0.001000
  0.379355   0.685677  -0.534559   0.316517  -0.807058   0.687075   0.001000
  0.379355   0.685677  -0.534559   0.316517  -0.807058   0.687075   0.001000
  0.379355   0.685677  -0.534559   0.316517  -0.807058   0.687075   0.001000
  0.379355   0.685677  -0.534559   0.316517  -0.807058   0.687075   0.001000
  0.379355   0.685677  -0.534559   0.316517  -0.807058   0.687075   0.001000
  0.379355   0.685677  -0.534559   0.316517  -0.807058   0.687075   0.001000
  0.379355   0.685677  -0.534559   0.316517  -0.807058   0.687075   0.001000
  0.391294   0.666711  -0.541469   0.330449  -0.791887   0.623306   0.001000
  0.391294   0.666711  -0.541469   0.330449  -0.791887   0.623306   0.001000
  0.321566   0.759658  -0.401685   0.397699  -0.813107   0.683085   0.001000
  0.395110   0.672068  -0.535127   0.325349  -0.745214   0.666002   0.001000
  0.393721   0.677916  -0.528433   0.325843  -0.811911   0.811428   0.001000
  0.393721   0.677916  -0.528433   0.325843  -0.811911   0.811428   0.001000
  0.393721   0.677916  -0.528433   0.325843  -0.811911   0.811428   0.001000
  0.393721   0.677916  -0.528433   0.325843  -0.811911   0.811428   0.001000
  0.393721   0.677916  -0.528433   0.325843  -0.811911   0.811428   0.001000
  0.393721   0.677916  -0.528433   0.325843  -0.811911   0.811428   0.001000
  0.393721   0.677916  -0.528433   0.325843  -0.811911   0.811428   0.001000
  0.393721   0.677916  -0.528433   0.325843  -0.811911   0.811428   0.001000
  0.409418   0.668079  -0.523750   0.334266  -0.763672   0.823308   0.001000
  0.409418   0.668079  -0.523750   0.334266  -0.763672   0.823308   0.001000
  0.400929   0.692351  -0.503887   0.325582  -0.872685   0.815562   0.001000
  0.400929   0.692351  -0.503887   0.325582  -0.872685   0.815562   0.001000
  0.384913   0.683681  -0.523265   0.332589  -0.836659   0.600629   0.001000
  0.384913   0.683681  -0.523265   0.332589  -0.836659   0.600629   0.001000
  0.384913   0.683681  -0.523265   0.332589  -0.836659   0.600629   0.001000
  0.384913   0.683681  -0.523265   0.332589  -0.836659   0.600629   0.001000
  0.384913   0.683681  -0.523265   0.332589  -0.836659   0.600629   0.001000
  0.384913   0.683681  -0.523265   0.332589  -0.836659   0.600629   0.001000
  0.384913   0.683681  -0.523265   0.332589  -0.836659   0.600629   0.001000
  0.384913   0.683681  -0.523265   0.332589  -0.836659   0.600629   0.001000
  0.384913   0.683681  -0.523265   0.332589  -0.836659   0.600629   0.001000
  0.384913   0.683681  -0.523265   0.332589  -0.836659   0.600629   0.001000
  0.384913   0.683681  -0.523265   0.332589  -0.836659   0.600629   0.001000
  0.384913   0.683681  -0.523265   0.332589  -0.836659   0.600629   0.001000
  0.384913   0.683681  -0.523265   0.332589  -0.836659   0.600629   0.001000
  0.384913   0.683681  -0.523265   0.332589  -0.836659   0.600629   0.001000
  0.384913   0.683681  -0.523265   0.332589  -0.836659   0.600629   0.001000
  0.384913   0.683681  -0.523265   0.332589  -0.836659   0.600629   0.001000
  0.384913   0.683681  -0.523265   0.332589  -0.836659   0.600629   0.001000
  0.384913   0.683681  -0.523265   0.332589  -0.836659   0.600629   0.001000
  0.384913   0.683681  -0.523265   0.332589  -0.836659   0.600629   0.001000
  0.384913   0.683681  -0.523265   0.332589  -0.836659   0.600629   0.001000
  0.384913   0.683681  -0.523265   0.332589  -0.836659   0.600629   0.001000
  0.384913   0.683681  -0.523265   0.332589  -0.836659   0.600629   0.001000
  0.384913   0.683681  -0.523265   0.332589  -0.836659   0.600629   0.001000
  0.384913   0.683681  -0.523265   0.332589  -0.836659   0.600629   0.001000
  0.384913   0.683681  -0.523265   0.332589  -0.836659   0.600629   0.001000
  0.384913   0.683681  -0.523265   0.332589  -0.836659   0.600629   0.001000
  0.384913   0.683681  -0.523265   0.332589  -0.836659   0.600629   0.001000
  0.384913   0.683681  -0.523265   0.332589  -0.836659   0.600629   0.001000
  0.384913   0.683681  -0.523265   0.332589  -0.836659   0.600629   0.001000
  0.384913   0.683681  -0.523265   0.332589  -0.836659   0.600629   0.001000
  0.384913   0.683681  -0.523265   0.332589  -0.836659   0.600629   0.001000
  0.384913   0.683681  -0.523265   0.332589  -0.836659   0.600629   0.001000
  0.384913   0.683681  -0.523265   0.332589  -0.836659   0.600629   0.001000
  0.384913   0.683681  -0.523265   0.332589  -0.836659   0.600629   0.001000
  0.384913   0.683681  -0.523265   0.332589  -0.836659   0.600629   0.001000
  0.384913   0.683681  -0.523265   0.332589  -0.836659   0.600629   0.001000
  0.384913   0.683681  -0.523265   0.332589  -0.836659   0.600629   0.001000
  0.384913   0.683681  -0.523265   0.332589  -0.836659   0.600629   0.001000
  0.384913   0.683681  -0.523265   0.332589  -0.836659   0.600629   0.001000
  0.384913   0.683681  -0.523265   0.332589  -0.836659   0.600629   0.001000
  0.384913   0.683681  -0.523265   0.332589  -0.836659   0.600629   0.001000
  0.384913   0.683681  -0.523265   0.332589  -0.836659   0.600629   0.001000
  0.384913   0.683681  -0.523265   0.332589  -0.836659   0.600629   0.001000
  0.384913   0.683681  -0.523265   0.332589  -0.836659   0.600629   0.001000
  0.384913   0.683681  -0.523265   0.332589  -0.836659   0.600629   0.001000
  0.384913   0.683681  -0.523265   0.332589  -0.836659   0.600629   0.001000
  0.384913   0.683681  -0.523265   0.332589  -0.836659   0.600629   0.001000
  0.384913   0.683681  -0.523265   0.332589  -0.836659   0.600629   0.001000
  0.384913   0.683681  -0.523265   0.332589  -0.836659   0.600629   0.001000
  0.384913   0.683681  -0.523265   0.332589  -0.836659   0.600629   0.001000
  0.384913   0.683681  -0.523265   0.332589  -0.836659   0.600629   0.001000
  0.389511   0.676621  -0.533602   0.325167  -0.710731   0.614229   0.001000
  0.377167   0.682419  -0.523273   0.343853  -0.718739   0.859882   0.001000
  0.377167   0.682419  -0.523273   0.343853  -0.718739   0.859882   0.001000
  0.377167   0.682419  -0.523273   0.343853  -0.718739   0.859882   0.001000
  0.377167   0.682419  -0.523273   0.343853  -0.718739   0.859882   0.001000
  0.336318   0.766298  -0.416988   0.354681  -0.584316   0.776504   0.001000
  0.325725   0.766682  -0.386065   0.396304  -0.696026   0.879001   0.001000
  0.389172   0.665550  -0.536129   0.343736  -0.453509   0.806860   0.001000
  0.376210   0.676360  -0.551450   0.311297  -0.500415   0.865513   0.001000
  0.378490   0.692329  -0.516056   0.333335  -0.543123   0.841010   0.001000
  0.378490   0.692329  -0.516056   0.333335  -0.543123   0.841010   0.001000
  0.378490   0.692329  -0.516056   0.333335  -0.543123   0.841010   0.001000
  0.378490   0.692329  -0.516056   0.333335  -0.543123   0.841010   0.001000
  0.378490   0.692329  -0.516056   0.333335  -0.543123   0.841010   0.001000
  0.378490   0.692329  -0.516056   0.333335  -0.543123   0.841010   0.001000
  0.378490   0.692329  -0.516056   0.333335  -0.543123   0.841010   0.001000
  0.378490   0.692329  -0.516056   0.333335  -0.543123   0.841010   0.001000
  0.378490   0.692329  -0.516056   0.333335  -0.543123   0.841010   0.001000
  0.376151   0.690737  -0.527905   0.320483  -0.495835   0.838329   0.001000
  0.376151   0.690737  -0.527905   0.320483  -0.495835   0.838329   0.001000
  0.382427   0.681438  -0.523877   0.339035  -0.631188   0.832083   0.001000
  0.382427   0.681438  -0.523877   0.339035  -0.631188   0.832083   0.001000
  0.382427   0.681438  -0.523877   0.339035  -0.631188   0.832083   0.001000
  0.382427   0.681438  -0.523877   0.339035  -0.631188   0.832083   0.001000
  0.382427   0.681438  -0.523877   0.339035  -0.631188   0.832083   0.001000
  0.382427   0.681438  -0.523877   0.339035  -0.631188   0.832083   0.001000
  0.382427   0.681438  -0.523877   0.339035  -0.631188   0.832083   0.001000
  0.382427   0.681438  -0.523877   0.339035  -0.631188   0.832083   0.001000
  0.382427   0.681438  -0.523877   0.339035  -0.631188   0.832083   0.001000
  0.382427   0.681438  -0.523877   0.339035  -0.631188   0.832083   0.001000
  0.382427   0.681438  -0.523877   0.339035  -0.631188   0.832083   0.001000
  0.382427   0.681438  -0.523877   0.339035  -0.631188   0.832083   0.001000
  0.370481   0.687853  -0.532429   0.325764  -0.573280   0.889137   0.001000
  0.376832   0.687443  -0.525269   0.330926  -0.522296   0.793858   0.001000
  0.376832   0.687443  -0.525269   0.330926  -0.522296   0.793858   0.001000
  0.376832   0.687443  -0.525269   0.330926  -0.522296   0.793858   0.001000
  0.376832   0.687443  -0.525269   0.330926  -0.522296   0.793858   0.001000
  0.376832   0.687443  -0.525269   0.330926  -0.522296   0.793858   0.001000
  0.376832   0.687443  -0.525269   0.330926  -0.522296   0.793858   0.001000
  0.376832   0.687443  -0.525269   0.330926  -0.522296   0.793858   0.001000
  0.376832   0.687443  -0.525269   0.330926  -0.522296   0.793858   0.001000
  0.376832   0.687443  -0.525269   0.330926  -0.522296   0.793858   0.001000
  0.376832   0.687443  -0.525269   0.330926  -0.522296   0.793858   0.001000
  0.376832   0.687443  -0.525269   0.330926  -0.522296   0.793858   0.001000
  0.376832   0.687443  -0.525269   0.330926  -0.522296   0.793858   0.001000
  0.376832   0.687443  -0.525269   0.330926  -0.522296   0.793858   0.001000
  0.376832   0.687443  -0.525269   0.330926  -0.522296   0.793858   0.001000
  0.376832   0.687443  -0.525269   0.330926  -0.522296   0.793858   0.001000
  0.376832   0.687443  -0.525269   0.330926  -0.522296   0.793858   0.001000
  0.376832   0.687443  -0.525269   0.330926  -0.522296   0.793858   0.001000
  0.376832   0.687443  -0.525269   0.330926  -0.522296   0.793858   0.001000
  0.376832   0.687443  -0.525269   0.330926  -0.522296   0.793858   0.001000
  0.376832   0.687443  -0.525269   0.330926  -0.522296   0.793858   0.001000
  0.376832   0.687443  -0.525269   0.330926  -0.522296   0.793858   0.001000
  0.376832   0.687443  -0.525269   0.330926  -0.522296   0.793858   0.001000
  0.376832   0.687443  -0.525269   0.330926  -0.522296   0.793858   0.001000
  0.398704   0.694504  -0.504088   0.323410  -0.575155   0.771038   0.001000
  0.379294   0.686969  -0.532947   0.316508  -0.432913   0.772475   0.001000
  0.379294   0.686969  -0.532947   0.316508  -0.432913   0.772475   0.001000
  0.379294   0.686969  -0.532947   0.316508  -0.432913   0.772475   0.001000
  0.379294   0.686969  -0.532947   0.316508  -0.432913   0.772475   0.001000
  0.379294   0.686969  -0.532947   0.316508  -0.432913   0.772475   0.001000
  0.379294   0.686969  -0.532947   0.316508  -0.432913   0.772475   0.001000
  0.379294   0.686969  -0.532947   0.316508  -0.432913   0.772475   0.001000
  0.379294   0.686969  -0.532947   0.316508  -0.432913   0.772475   0.001000
  0.379294   0.686969  -0.532947   0.316508  -0.432913   0.772475   0.001000
  0.379294   0.686969  -0.532947   0.316508  -0.432913   0.772475   0.001000
  0.379294   0.686969  -0.532947   0.316508  -0.432913   0.772475   0.001000
  0.379294   0.686969  -0.532947   0.316508  -0.432913   0.772475   0.001000
  0.379294   0.686969  -0.532947   0.316508  -0.432913   0.772475   0.001000
  0.318600   0.764260  -0.397528   0.395439  -0.524282   0.871702   0.001000
  0.382577   0.685011  -0.529475   0.322569  -0.513801   0.963150   0.001000
  0.382577   0.685011  -0.529475   0.322569  -0.513801   0.963150   0.001000
  0.382577   0.685011  -0.529475   0.322569  -0.513801   0.963150   0.001000
  0.382577   0.685011  -0.529475   0.322569  -0.513801   0.963150   0.001000
  0.382577   0.685011  -0.529475   0.322569  -0.513801   0.963150   0.001000
  0.382577   0.685011  -0.529475   0.322569  -0.513801   0.963150   0.001000
  0.382577   0.685011  -0.529475   0.322569  -0.513801   0.963150   0.001000
  0.382577   0.685011  -0.529475   0.322569  -0.513801   0.963150   0.001000
  0.382577   0.685011  -0.529475   0.322569  -0.513801   0.963150   0.001000
  0.382577   0.685011  -0.529475   0.322569  -0.513801   0.963150   0.001000
  0.386996   0.672890  -0.535360   0.332931  -0.580537   0.846923   0.001000
  0.386996   0.672890  -0.535360   0.332931  -0.580537   0.846923   0.001000
  0.338336   0.769098  -0.383211   0.383622  -0.576150   0.762601   0.001000
  0.383130   0.681397  -0.532986   0.323782  -0.512091   0.853943   0.001000
  0.383130   0.681397  -0.532986   0.323782  -0.512091   0.853943   0.001000
  0.383130   0.681397  -0.532986   0.323782  -0.512091   0.853943   0.001000
  0.383130   0.681397  -0.532986   0.323782  -0.512091   0.853943   0.001000
  0.383130   0.681397  -0.532986   0.323782  -0.512091   0.853943   0.001000
  0.383130   0.681397  -0.532986   0.323782  -0.512091   0.853943   0.001000
  0.383130   0.681397  -0.532986   0.323782  -0.512091   0.853943   0.001000
  0.383130   0.681397  -0.532986   0.323782  -0.512091   0.853943   0.001000
  0.383130   0.681397  -0.532986   0.323782  -0.512091   0.853943   0.001000
  0.383130   0.681397  -0.532986   0.323782  -0.512091   0.853943   0.001000
  0.383130   0.681397  -0.532986   0.323782  -0.512091   0.853943   0.001000
  0.383130   0.681397  -0.532986   0.323782  -0.512091   0.853943   0.001000
  0.383130   0.681397  -0.532986   0.323782  -0.512091   0.853943   0.001000
  0.383130   0.681397  -0.532986   0.323782  -0.512091   0.853943   0.001000
  0.375364   0.687716  -0.527913   0.327805  -0.536428   0.889393   0.001000
  0.375364   0.687716  -0.527913   0.327805  -0.536428   0.889393   0.001000
  0.375364   0.687716  -0.527913   0.327805  -0.536428   0.889393   0.001000
  0.375364   0.687716  -0.527913   0.327805  -0.536428   0.889393   0.001000
  0.375364   0.687716  -0.527913   0.327805  -0.536428   0.889393   0.001000
  0.375364   0.687716  -0.527913   0.327805  -0.536428   0.889393   0.001000
  0.375364   0.687716  -0.527913   0.327805  -0.536428   0.889393   0.001000
  0.375364   0.687716  -0.527913   0.327805  -0.536428   0.889393   0.001000
  0.375364   0.687716  -0.527913   0.327805  -0.536428   0.889393   0.001000
  0.375364   0.687716  -0.527913   0.327805  -0.536428   0.889393   0.001000
  0.380820   0.683761  -0.533211   0.321143  -0.652380   0.832116   0.001000
  0.380820   0.683761  -0.533211   0.321143  -0.652380   0.832116   0.001000
  0.380820   0.683761  -0.533211   0.321143  -0.652380   0.832116   0.001000
  0.402225   0.669845  -0.532106   0.326168  -0.715376   0.812542   0.001000
  0.402225   0.669845  -0.532106   0.326168  -0.715376   0.812542   0.001000
  0.402225   0.669845  -0.532106   0.326168  -0.715376   0.812542   0.001000
  0.402225   0.669845  -0.532106   0.326168  -0.715376   0.812542   0.001000
  0.361585   0.687352  -0.535497   0.331732  -0.708413   0.821901   0.001000
  0.361585   0.687352  -0.535497   0.331732  -0.708413   0.821901   0.001000
  0.387156   0.722933  -0.425721   0.382414  -0.681692   0.933056   0.001000
  0.376693   0.678484  -0.537317   0.330232  -0.759769   0.840649   0.001000
  0.376693   0.678484  -0.537317   0.330232  -0.759769   0.840649   0.001000
  0.376693   0.678484  -0.537317   0.330232  -0.759769   0.840649   0.001000
  0.376693   0.678484  -0.537317   0.330232  -0.759769   0.840649   0.001000
  0.376693   0.678484  -0.537317   0.330232  -0.759769   0.840649   0.001000
  0.376693   0.678484  -0.537317   0.330232  -0.759769   0.840649   0.001000
  0.376693   0.678484  -0.537317   0.330232  -0.759769   0.840649   0.001000
  0.376693   0.678484  -0.537317   0.330232  -0.759769   0.840649   0.001000
  0.384204   0.681124  -0.532270   0.324261  -0.699057   0.814243   0.001000
  0.384204   0.681124  -0.532270   0.324261  -0.699057   0.814243   0.001000
  0.384204   0.681124  -0.532270   0.324261  -0.699057   0.814243   0.001000
  0.384204   0.681124  -0.532270   0.324261  -0.699057   0.814243   0.001000
  0.384204   0.681124  -0.532270   0.324261  -0.699057   0.814243   0.001000
  0.384204   0.681124  -0.532270   0.324261  -0.699057   0.814243   0.001000
  0.384204   0.681124  -0.532270   0.324261  -0.699057   0.814243   0.001000
  0.384204   0.681124  -0.532270   0.324261  -0.699057   0.814243   0.001000
  0.384204   0.681124  -0.532270   0.324261  -0.699057   0.814243   0.001000
  0.384204   0.681124  -0.532270   0.324261  -0.699057   0.814243   0.001000
  0.384204   0.681124  -0.532270   0.324261  -0.699057   0.814243   0.001000
  0.384204   0.681124  -0.532270   0.324261  -0.699057   0.814243   0.001000
  0.384204   0.681124  -0.532270   0.324261  -0.699057   0.814243   0.001000
  0.384204   0.681124  -0.532270   0.324261  -0.699057   0.814243   0.001000
  0.384204   0.681124  -0.532270   0.324261  -0.699057   0.814243   0.001000
  0.394512   0.668737  -0.529747   0.341348  -0.636464   0.870630   0.001000
  0.381983   0.681088  -0.525664   0.337468  -0.617712   0.715654   0.001000
  0.381983   0.681088  -0.525664   0.337468  -0.617712   0.715654   0.001000
  0.381983   0.681088  -0.525664   0.337468  -0.617712   0.715654   0.001000
  0.381983   0.681088  -0.525664   0.337468  -0.617712   0.715654   0.001000
  0.381983   0.681088  -0.525664   0.337468  -0.617712   0.715654   0.001000
  0.317300   0.759809  -0.406959   0.395469  -0.719083   0.886889   0.001000
  0.317300   0.759809  -0.406959   0.395469  -0.719083   0.886889   0.001000
  0.317300   0.759809  -0.406959   0.395469  -0.719083   0.886889   0.001000
  0.386858   0.687790  -0.519568   0.327621  -0.628785   0.754369   0.001000
  0.386858   0.687790  -0.519568   0.327621  -0.628785   0.754369   0.001000
  0.386858   0.687790  -0.519568   0.327621  -0.628785   0.754369   0.001000
  0.386858   0.687790  -0.519568   0.327621  -0.628785   0.754369   0.001000
  0.386858   0.687790  -0.519568   0.327621  -0.628785   0.754369   0.001000
  0.386858   0.687790  -0.519568   0.327621  -0.628785   0.754369   0.001000
  0.386858   0.687790  -0.519568   0.327621  -0.628785   0.754369   0.001000
  0.379977   0.684780  -0.536606   0.314242  -0.617423   0.871834   0.001000
  0.379977   0.684780  -0.536606   0.314242  -0.617423   0.871834   0.001000
  0.379977   0.684780  -0.536606   0.314242  -0.617423   0.871834   0.001000
  0.379977   0.684780  -0.536606   0.314242  -0.617423   0.871834   0.001000
  0.379977   0.684780  -0.536606   0.314242  -0.617423   0.871834   0.001000
  0.379977   0.684780  -0.536606   0.314242  -0.617423   0.871834   0.001000
  0.379977   0.684780  -0.536606   0.314242  -0.617423   0.871834   0.001000
  0.379977   0.684780  -0.536606   0.314242  -0.617423   0.871834   0.001000
  0.379977   0.684780  -0.536606   0.314242  -0.617423   0.871834   0.001000
  0.379977   0.684780  -0.536606   0.314242  -0.617423   0.871834   0.001000
  0.379977   0.684780  -0.536606   0.314242  -0.617423   0.871834   0.001000
  0.379977   0.684780  -0.536606   0.314242  -0.617423   0.871834   0.001000
  0.379977   0.684780  -0.536606   0.314242  -0.617423   0.871834   0.001000
  0.388061   0.681784  -0.525447   0.329370  -0.773666   0.946053   0.001000
  0.383939   0.678566  -0.531530   0.331081  -0.690431   0.941786   0.001000
  0.377004   0.676614  -0.533820   0.339260  -0.575154   0.708484   0.001000
  0.377004   0.676614  -0.533820   0.339260  -0.575154   0.708484   0.001000
  0.387077   0.687612  -0.528510   0.313109  -0.651374   0.620825   0.001000
  0.371729   0.675780  -0.549097   0.321920  -0.582840   0.621938   0.001000
  0.371729   0.675780  -0.549097   0.321920  -0.582840   0.621938   0.001000
  0.371729   0.675780  -0.549097   0.321920  -0.582840   0.621938   0.001000
  0.371729   0.675780  -0.549097   0.321920  -0.582840   0.621938   0.001000
  0.371729   0.675780  -0.549097   0.321920  -0.582840   0.621938   0.001000
  0.402802   0.677353  -0.520625   0.328470  -0.644959   0.725226   0.001000
  0.402802   0.677353  -0.520625   0.328470  -0.644959   0.725226   0.001000
  0.402802   0.677353  -0.520625   0.328470  -0.644959   0.725226   0.001000
  0.402802   0.677353  -0.520625   0.328470  -0.644959   0.725226   0.001000
  0.402802   0.677353  -0.520625   0.328470  -0.644959   0.725226   0.001000
  0.402802   0.677353  -0.520625   0.328470  -0.644959   0.725226   0.001000
  0.385253   0.672808  -0.535889   0.334263  -0.522383   0.639551   0.001000
  0.385253   0.672808  -0.535889   0.334263  -0.522383   0.639551   0.001000
  0.385253   0.672808  -0.535889   0.334263  -0.522383   0.639551   0.001000
  0.385253   0.672808  -0.535889   0.334263  -0.522383   0.639551   0.001000
  0.385253   0.672808  -0.535889   0.334263  -0.522383   0.639551   0.001000
  0.385253   0.672808  -0.535889   0.334263  -0.522383   0.639551   0.001000
  0.385253   0.672808  -0.535889   0.334263  -0.522383   0.639551   0.001000
  0.385253   0.672808  -0.535889   0.334263  -0.522383   0.639551   0.001000
  0.385253   0.672808  -0.535889   0.334263  -0.522383   0.639551   0.001000
  0.385253   0.672808  -0.535889   0.334263  -0.522383   0.639551   0.001000
  0.385253   0.672808  -0.535889   0.334263  -0.522383   0.639551   0.001000
  0.385253   0.672808  -0.535889   0.334263  -0.522383   0.639551   0.001000
  0.385253   0.672808  -0.535889   0.334263  -0.522383   0.639551   0.001000
  0.385253   0.672808  -0.535889   0.334263  -0.522383   0.639551   0.001000
  0.385253   0.672808  -0.535889   0.334263  -0.522383   0.639551   0.001000
  0.385253   0.672808  -0.535889   0.334263  -0.522383   0.639551   0.001000
  0.407659   0.680278  -0.521423   0.314886  -0.660582   0.689932   0.001000
  0.407659   0.680278  -0.521423   0.314886  -0.660582   0.689932   0.001000
  0.375696   0.674904  -0.554618   0.309445  -0.665552   0.735767   0.001000
  0.375696   0.674904  -0.554618   0.309445  -0.665552   0.735767   0.001000
  0.323837   0.724069  -0.511068   0.331153  -0.668020   0.637844   0.001000
  0.373885   0.700658  -0.512943   0.325849  -0.702714   0.640051   0.001000
  0.373885   0.700658  -0.512943   0.325849  -0.702714   0.640051   0.001000
  0.373885   0.700658  -0.512943   0.325849  -0.702714   0.640051   0.001000
  0.373885   0.700658  -0.512943   0.325849  -0.702714   0.640051   0.001000
  0.380663   0.684797  -0.528589   0.326716  -0.711667   0.630133   0.001000
  0.380663   0.684797  -0.528589   0.326716  -0.711667   0.630133   0.001000
  0.380663   0.684797  -0.528589   0.326716  -0.711667   0.630133   0.001000
  0.380663   0.684797  -0.528589   0.326716  -0.711667   0.630133   0.001000
  0.380663   0.684797  -0.528589   0.326716  -0.711667   0.630133   0.001000
  0.380663   0.684797  -0.528589   0.326716  -0.711667   0.630133   0.001000
  0.380663   0.684797  -0.528589   0.326716  -0.711667   0.630133   0.001000
  0.380663   0.684797  -0.528589   0.326716  -0.711667   0.630133   0.001000
  0.380663   0.684797  -0.528589   0.326716  -0.711667   0.630133   0.001000
  0.380663   0.684797  -0.528589   0.326716  -0.711667   0.630133   0.001000
  0.380663   0.684797  -0.528589   0.326716  -0.711667   0.630133   0.001000
  0.393463   0.667926  -0.538908   0.329607  -0.607386   0.747217   0.001000
  0.393463   0.667926  -0.538908   0.329607  -0.607386   0.747217   0.001000
  0.385898   0.686783  -0.517238   0.334479  -0.560252   0.597512   0.001000
  0.385898   0.686783  -0.517238   0.334479  -0.560252   0.597512   0.001000
  0.385898   0.686783  -0.517238   0.334479  -0.560252   0.597512   0.001000
  0.385898   0.686783  -0.517238   0.334479  -0.560252   0.597512   0.001000
  0.385898   0.686783  -0.517238   0.334479  -0.560252   0.597512   0.001000
  0.385898   0.686783  -0.517238   0.334479  -0.560252   0.597512   0.001000
  0.385898   0.686783  -0.517238   0.334479  -0.560252   0.597512   0.001000
  0.385898   0.686783  -0.517238   0.334479  -0.560252   0.597512   0.001000
  0.385898   0.686783  -0.517238   0.334479  -0.560252   0.597512   0.001000
  0.385898   0.686783  -0.517238   0.334479  -0.560252   0.597512   0.001000
  0.385898   0.686783  -0.517238   0.334479  -0.560252   0.597512   0.001000
  0.385898   0.686783  -0.517238   0.334479  -0.560252   0.597512   0.001000
  0.385898   0.686783  -0.517238   0.334479  -0.560252   0.597512   0.001000
  0.380387   0.672241  -0.538409   0.336917  -0.585483   0.769150   0.001000
  0.324562   0.766115  -0.389796   0.394698  -0.639323   0.766075   0.001000
  0.377901   0.701233  -0.510986   0.323043  -0.759635   0.645342   0.001000
  0.377901   0.701233  -0.510986   0.323043  -0.759635   0.645342   0.001000
  0.377901   0.701233  -0.510986   0.323043  -0.759635   0.645342   0.001000
  0.377901   0.701233  -0.510986   0.323043  -0.759635   0.645342   0.001000
  0.319975   0.761818  -0.406961   0.389400  -0.563015   0.648183   0.001000
  0.319975   0.761818  -0.406961   0.389400  -0.563015   0.648183   0.001000
  0.319975   0.761818  -0.406961   0.389400  -0.563015   0.648183   0.001000
  0.319975   0.761818  -0.406961   0.389400  -0.563015   0.648183   0.001000
  0.319975   0.761818  -0.406961   0.389400  -0.563015   0.648183   0.001000
  0.319975   0.761818  -0.406961   0.389400  -0.563015   0.648183   0.001000
  0.319975   0.761818  -0.406961   0.389400  -0.563015   0.648183   0.001000
  0.319975   0.761818  -0.406961   0.389400  -0.563015   0.648183   0.001000
  0.319975   0.761818  -0.406961   0.389400  -0.563015   0.648183   0.001000
  0.319975   0.761818  -0.406961   0.389400  -0.563015   0.648183   0.001000
  0.319975   0.761818  -0.406961   0.389400  -0.563015   0.648183   0.001000
  0.319975   0.761818  -0.406961   0.389400  -0.563015   0.648183   0.001000
  0.319975   0.761818  -0.406961   0.389400  -0.563015   0.648183   0.001000
  0.319975   0.761818  -0.406961   0.389400  -0.563015   0.648183   0.001000
  0.319975   0.761818  -0.406961   0.389400  -0.563015   0.648183   0.001000
  0.385364   0.667774  -0.527452   0.356885  -0.680792   0.663116   0.001000
  0.385364   0.667774  -0.527452   0.356885  -0.680792   0.663116   0.001000
  0.385364   0.667774  -0.527452   0.356885  -0.680792   0.663116   0.001000
  0.383804   0.679624  -0.534610   0.324034  -0.618979   0.838998   0.001000
  0.383804   0.679624  -0.534610   0.324034  -0.618979   0.838998   0.001000
  0.383804   0.679624  -0.534610   0.324034  -0.618979   0.838998   0.001000
  0.383804   0.679624  -0.534610   0.324034  -0.618979   0.838998   0.001000
  0.383804   0.679624  -0.534610   0.324034  -0.618979   0.838998   0.001000
  0.383804   0.679624  -0.534610   0.324034  -0.618979   0.838998   0.001000
  0.383804   0.679624  -0.534610   0.324034  -0.618979   0.838998   0.001000
  0.383804   0.679624  -0.534610   0.324034  -0.618979   0.838998   0.001000
  0.383804   0.679624  -0.534610   0.324034  -0.618979   0.838998   0.001000
  0.383804   0.679624  -0.534610   0.324034  -0.618979   0.838998   0.001000
  0.383804   0.679624  -0.534610   0.324034  -0.618979   0.838998   0.001000
  0.383804   0.679624  -0.534610   0.324034  -0.618979   0.838998   0.001000
  0.383804   0.679624  -0.534610   0.324034  -0.618979   0.838998   0.001000
  0.383804   0.679624  -0.534610   0.324034  -0.618979   0.838998   0.001000
  0.383804   0.679624  -0.534610   0.324034  -0.618979   0.838998   0.001000
  0.383804   0.679624  -0.534610   0.324034  -0.618979   0.838998   0.001000
  0.383804   0.679624  -0.534610   0.324034  -0.618979   0.838998   0.001000
  0.388915   0.679654  -0.530828   0.324094  -0.614431   0.635895   0.001000
  0.388915   0.679654  -0.530828   0.324094  -0.614431   0.635895   0.001000
  0.377088   0.677255  -0.540513   0.327072  -0.514594   0.730466   0.001000
  0.398457   0.677351  -0.528401   0.321279  -0.685443   0.721609   0.001000
  0.398457   0.677351  -0.528401   0.321279  -0.685443   0.721609   0.001000
  0.388596   0.683618  -0.530021   0.317391  -0.770997   0.715623   0.001000
  0.388596   0.683618  -0.530021   0.317391  -0.770997   0.715623   0.001000
  0.388596   0.683618  -0.530021   0.317391  -0.770997   0.715623   0.001000
  0.388596   0.683618  -0.530021   0.317391  -0.770997   0.715623   0.001000
  0.388596   0.683618  -0.530021   0.317391  -0.770997   0.715623   0.001000
  0.388596   0.683618  -0.530021   0.317391  -0.770997   0.715623   0.001000
  0.369024   0.720879  -0.498670   0.309004  -0.668485   0.621636   0.001000
  0.374407   0.690654  -0.518136   0.338159  -0.557966   0.642274   0.001000
  0.374407   0.690654  -0.518136   0.338159  -0.557966   0.642274   0.001000
  0.374407   0.690654  -0.518136   0.338159  -0.557966   0.642274   0.001000
  0.374407   0.690654  -0.518136   0.338159  -0.557966   0.642274   0.001000
  0.374407   0.690654  -0.518136   0.338159  -0.557966   0.642274   0.001000
  0.374407   0.690654  -0.518136   0.338159  -0.557966   0.642274   0.001000
  0.374407   0.690654  -0.518136   0.338159  -0.557966   0.642274   0.001000
  0.374407   0.690654  -0.518136   0.338159  -0.557966   0.642274   0.001000
  0.374407   0.690654  -0.518136   0.338159  -0.557966   0.642274   0.001000
  0.374407   0.690654  -0.518136   0.338159  -0.557966   0.642274   0.001000
  0.374407   0.690654  -0.518136   0.338159  -0.557966   0.642274   0.001000
  0.374407   0.690654  -0.518136   0.338159  -0.557966   0.642274   0.001000
  0.373899   0.699706  -0.498749   0.349084  -0.661175   0.706850   0.001000
  0.373899   0.699706  -0.498749   0.349084  -0.661175   0.706850   0.001000
  0.373899   0.699706  -0.498749   0.349084  -0.661175   0.706850   0.001000
  0.373899   0.699706  -0.498749   0.349084  -0.661175   0.706850   0.001000
  0.381303   0.661346  -0.552961   0.333862  -0.676586   1.144467   0.001000
  0.364842   0.687284  -0.534081   0.330589  -0.642783   0.979302   0.001000
  0.364842   0.687284  -0.534081   0.330589  -0.642783   0.979302   0.001000
  0.364842   0.687284  -0.534081   0.330589  -0.642783   0.979302   0.001000
  0.373568   0.683448  -0.535430   0.326588  -0.820184   0.967488   0.001000
  0.355637   0.690286  -0.530099   0.340621  -0.739829   0.938136   0.001000
  0.369089   0.691818  -0.518632   0.340855  -0.581350   0.268786   0.001000
  0.391873   0.669402  -0.520460   0.357013  -0.730357   0.717414   0.001000
  0.617191   0.416160  -0.276889   0.607634  -0.571497   0.948256   0.001000
