  0.161503   0.461423  -0.753068   0.440334  -1.742293  -2.046112   0.001000
  0.161503   0.461423  -0.753068   0.440334  -1.742293  -2.046112   0.001000
  0.161503   0.461423  -0.753068   0.440334  -1.742293  -2.046112   0.001000
  0.161503   0.461423  -0.753068   0.440334  -1.742293  -2.046112   0.001000
  0.161503   0.461423  -0.753068   0.440334  -1.742293  -2.046112   0.001000
  0.161503   0.461423  -0.753068   0.440334  -1.742293  -2.046112   0.001000
  0.161503   0.461423  -0.753068   0.440334  -1.742293  -2.046112   0.001000
  0.161503   0.461423  -0.753068   0.440334  -1.742293  -2.046112   0.001000
  0.161503   0.461423  -0.753068   0.440334  -1.742293  -2.046112   0.001000
  0.161503   0.461423  -0.753068   0.440334  -1.742293  -2.046112   0.001000
  0.161503   0.461423  -0.753068   0.440334  -1.742293  -2.046112   0.001000
  0.167053   0.455323  -0.753022   0.444672  -1.837921  -2.199113   0.001000
  0.167053   0.455323  -0.753022   0.444672  -1.837921  -2.199113   0.001000
  0.174077   0.445814  -0.759536   0.440513  -1.914971  -1.752190   0.001000
  0.174077   0.445814  -0.759536   0.440513  -1.914971  -1.752190   0.001000
  0.174077   0.445814  -0.759536   0.440513  -1.914971  -1.752190   0.001000
  0.174077   0.445814  -0.759536   0.440513  -1.914971  -1.752190   0.001000
  0.174077   0.445814  -0.759536   0.440513  -1.914971  -1.752190   0.001000
  0.174077   0.445814  -0.759536   0.440513  -1.914971  -1.752190   0.001000
  0.174077   0.445814  -0.759536   0.440513  -1.914971  -1.752190   0.001000
  0.161768   0.449672  -0.759193   0.441874  -1.877795  -1.775256   0.001000
  0.161768   0.449672  -0.759193   0.441874  -1.877795  -1.775256   0.001000
  0.161768   0.449672  -0.759193   0.441874  -1.877795  -1.775256   0.001000
  0.161768   0.449672  -0.759193   0.441874  -1.877795  -1.775256   0.001000
  0.161768   0.449672  -0.759193   0.441874  -1.877795  -1.775256   0.001000
  0.161768   0.449672  -0.759193   0.441874  -1.877795  -1.775256   0.001000
  0.161768   0.449672  -0.759193   0.441874  -1.877795  -1.775256   0.001000
  0.161768   0.449672  -0.759193   0.441874  -1.877795  -1.775256   0.001000
  0.161768   0.449672  -0.759193   0.441874  -1.877795  -1.775256   0.001000
  0.161768   0.449672  -0.759193   0.441874  -1.877795  -1.775256   0.001000
  0.185729   0.440049  -0.769478   0.423987  -1.627321  -1.634582   0.001000
  0.179343   0.436072  -0.761409   0.444898  -1.765372  -1.673139   0.001000
  0.179913   0.430073  -0.770583   0.434592  -1.744218  -1.783577   0.001000
  0.179913   0.430073  -0.770583   0.434592  -1.744218  -1.783577   0.001000
  0.194162   0.424882  -0.764678   0.443897  -1.790796  -1.766638   0.001000
  0.163908   0.467097  -0.745479   0.446336  -2.372282  -1.915491   0.001000
  0.163908   0.467097  -0.745479   0.446336  -2.372282  -1.915491   0.001000
  0.163908   0.467097  -0.745479   0.446336  -2.372282  -1.915491   0.001000
  0.163908   0.467097  -0.745479   0.446336  -2.372282  -1.915491   0.001000
  0.162712   0.457127  -0.753439   0.443721  -2.237859  -1.922644   0.001000
  0.164433   0.444447  -0.764366   0.437233  -2.018985  -1.774263   0.001000
  0.163714   0.458161  -0.750233   0.447702  -2.033961  -1.891438   0.001000
  0.163714   0.458161  -0.750233   0.447702  -2.033961  -1.891438   0.001000
  0.163714   0.458161  -0.750233   0.447702  -2.033961  -1.891438   0.001000
  0.163714   0.458161  -0.750233   0.447702  -2.033961  -1.891438   0.001000
  0.163034   0.450600  -0.753321   0.450429  -2.109190  -1.713211   0.001000
  0.163034   0.450600  -0.753321   0.450429  -2.109190  -1.713211   0.001000
  0.173058   0.466577  -0.749173   0.437146  -2.184879  -1.947660   0.001000
  0.162528   0.457006  -0.756149   0.439283  -2.081045  -1.926600   0.001000
  0.165032   0.456822  -0.758111   0.435139  -2.174723  -1.986839   0.001000
  0.165032   0.456822  -0.758111   0.435139  -2.174723  -1.986839   0.001000
  0.165032   0.456822  -0.758111   0.435139  -2.174723  -1.986839   0.001000
  0.165032   0.456822  -0.758111   0.435139  -2.174723  -1.986839   0.001000
  0.165032   0.456822  -0.758111   0.435139  -2.174723  -1.986839   0.001000
  0.165032   0.456822  -0.758111   0.435139  -2.174723  -1.986839   0.001000
  0.165032   0.456822  -0.758111   0.435139  -2.174723  -1.986839   0.001000
  0.165032   0.456822  -0.758111   0.435139  -2.174723  -1.986839   0.001000
  0.165032   0.456822  -0.758111   0.435139  -2.174723  -1.986839   0.001000
  0.165032   0.456822  -0.758111   0.435139  -2.174723  -1.986839   0.001000
  0.153452   0.454414  -0.759383   0.439656  -2.125519  -1.937616   0.001000
  0.172351   0.446050  -0.753285   0.451549  -2.178611  -2.111207   0.001000
  0.172351   0.446050  -0.753285   0.451549  -2.178611  -2.111207   0.001000
  0.173934   0.456458  -0.757123   0.433772  -2.191273  -2.028114   0.001000
  0.173934   0.456458  -0.757123   0.433772  -2.191273  -2.028114   0.001000
  0.153387   0.461989  -0.749913   0.447961  -2.046781  -1.879113   0.001000
  0.153387   0.461989  -0.749913   0.447961  -2.046781  -1.879113   0.001000
  0.153387   0.461989  -0.749913   0.447961  -2.046781  -1.879113   0.001000
  0.153387   0.461989  -0.749913   0.447961  -2.046781  -1.879113   0.001000
  0.153387   0.461989  -0.749913   0.447961  -2.046781  -1.879113   0.001000
  0.153387   0.461989  -0.749913   0.447961  -2.046781  -1.879113   0.001000
  0.166543   0.456291  -0.749153   0.450368  -2.037542  -1.935761   0.001000
  0.166543   0.456291  -0.749153   0.450368  -2.037542  -1.935761   0.001000
  0.166543   0.456291  -0.749153   0.450368  -2.037542  -1.935761   0.001000
  0.166543   0.456291  -0.749153   0.450368  -2.037542  -1.935761   0.001000
  0.166543   0.456291  -0.749153   0.450368  -2.037542  -1.935761   0.001000
  0.166543   0.456291  -0.749153   0.450368  -2.037542  -1.935761   0.001000
  0.166543   0.456291  -0.749153   0.450368  -2.037542  -1.935761   0.001000
  0.166543   0.456291  -0.749153   0.450368  -2.037542  -1.935761   0.001000
  0.159785   0.452908  -0.755043   0.446378  -2.180847  -1.961362   0.001000
  0.159785   0.452908  -0.755043   0.446378  -2.180847  -1.961362   0.001000
  0.164985   0.437492  -0.764055   0.444522  -2.167601  -1.944002   0.001000
  0.194316   0.403901  -0.778990   0.438498  -2.127361  -1.601722   0.001000
  0.168302   0.446321  -0.757991   0.444883  -2.296401  -2.060345   0.001000
  0.168302   0.446321  -0.757991   0.444883  -2.296401  -2.060345   0.001000
  0.168302   0.446321  -0.757991   0.444883  -2.296401  -2.060345   0.001000
  0.168678   0.416926  -0.773339   0.446842  -1.964100  -1.867395   0.001000
  0.176695   0.411919  -0.794269   0.410169  -1.983787  -1.853625   0.001000
  0.173251   0.428585  -0.767780   0.443637  -1.765902  -2.368722   0.001000
  0.192733   0.442017  -0.758733   0.437949  -1.951249  -2.143407   0.001000
  0.177878   0.436258  -0.762186   0.443972  -1.933919  -2.209773   0.001000
  0.177878   0.436258  -0.762186   0.443972  -1.933919  -2.209773   0.001000
  0.177878   0.436258  -0.762186   0.443972  -1.933919  -2.209773   0.001000
  0.169666   0.432267  -0.768576   0.440057  -1.898908  -2.228849   0.001000
  0.169666   0.432267  -0.768576   0.440057  -1.898908  -2.228849   0.001000
  0.162488   0.447301  -0.766074   0.432030  -2.433272  -2.329251   0.001000
  0.164653   0.461758  -0.749364   0.445110  -1.778397  -2.175247   0.001000
  0.164653   0.461758  -0.749364   0.445110  -1.778397  -2.175247   0.001000
  0.164653   0.461758  -0.749364   0.445110  -1.778397  -2.175247   0.001000
  0.164653   0.461758  -0.749364   0.445110  -1.778397  -2.175247   0.001000
  0.164653   0.461758  -0.749364   0.445110  -1.778397  -2.175247   0.001000
  0.164653   0.461758  -0.749364   0.445110  -1.778397  -2.175247   0.001000
  0.164653   0.461758  -0.749364   0.445110  -1.778397  -2.175247   0.001000
  0.164653   0.461758  -0.749364   0.445110  -1.778397  -2.175247   0.001000
  0.164653   0.461758  -0.749364   0.445110  -1.778397  -2.175247   0.001000
  0.151203   0.468911  -0.755804   0.431302  -1.926209  -1.894251   0.001000
  0.165356   0.455034  -0.752845   0.445899  -1.965332  -1.822389   0.001000
  0.165356   0.455034  -0.752845   0.445899  -1.965332  -1.822389   0.001000
  0.165356   0.455034  -0.752845   0.445899  -1.965332  -1.822389   0.001000
  0.165356   0.455034  -0.752845   0.445899  -1.965332  -1.822389   0.001000
  0.165356   0.455034  -0.752845   0.445899  -1.965332  -1.822389   0.001000
  0.165356   0.455034  -0.752845   0.445899  -1.965332  -1.822389   0.001000
  0.165356   0.455034  -0.752845   0.445899  -1.965332  -1.822389   0.001000
  0.165356   0.455034  -0.752845   0.445899  -1.965332  -1.822389   0.001000
  0.165356   0.455034  -0.752845   0.445899  -1.965332  -1.822389   0.001000
  0.165356   0.455034  -0.752845   0.445899  -1.965332  -1.822389   0.001000
  0.165356   0.455034  -0.752845   0.445899  -1.965332  -1.822389   0.001000
  0.165356   0.455034  -0.752845   0.445899  -1.965332  -1.822389   0.001000
  0.165356   0.455034  -0.752845   0.445899  -1.965332  -1.822389   0.001000
  0.165356   0.455034  -0.752845   0.445899  -1.965332  -1.822389   0.001000
  0.165356   0.455034  -0.752845   0.445899  -1.965332  -1.822389   0.001000
  0.165356   0.455034  -0.752845   0.445899  -1.965332  -1.822389   0.001000
  0.165356   0.455034  -0.752845   0.445899  -1.965332  -1.822389   0.001000
  0.165356   0.455034  -0.752845   0.445899  -1.965332  -1.822389   0.001000
  0.165356   0.455034  -0.752845   0.445899  -1.965332  -1.822389   0.001000
  0.145956   0.463860  -0.750299   0.447863  -2.071301  -1.820024   0.001000
  0.145956   0.463860  -0.750299   0.447863  -2.071301  -1.820024   0.001000
  0.153307   0.482683  -0.744544   0.434935  -1.871536  -2.041205   0.001000
  0.149164   0.480897  -0.745343   0.436979  -1.890067  -2.054050   0.001000
  0.133674   0.498070  -0.728738   0.450553  -1.775185  -1.890811   0.001000
  0.155077   0.512795  -0.705479   0.463995  -1.875816  -1.760371   0.001000
  0.161520   0.472321  -0.738607   0.453082  -1.919439  -1.798837   0.001000
  0.161520   0.472321  -0.738607   0.453082  -1.919439  -1.798837   0.001000
  0.161520   0.472321  -0.738607   0.453082  -1.919439  -1.798837   0.001000
  0.161520   0.472321  -0.738607   0.453082  -1.919439  -1.798837   0.001000
  0.161520   0.472321  -0.738607   0.453082  -1.919439  -1.798837   0.001000
  0.151902   0.477802  -0.745166   0.439727  -1.932377  -1.809012   0.001000
  0.151902   0.477802  -0.745166   0.439727  -1.932377  -1.809012   0.001000
  0.151902   0.477802  -0.745166   0.439727  -1.932377  -1.809012   0.001000
  0.151902   0.477802  -0.745166   0.439727  -1.932377  -1.809012   0.001000
  0.151902   0.477802  -0.745166   0.439727  -1.932377  -1.809012   0.001000
  0.151902   0.477802  -0.745166   0.439727  -1.932377  -1.809012   0.001000
  0.151902   0.477802  -0.745166   0.439727  -1.932377  -1.809012   0.001000
  0.151902   0.477802  -0.745166   0.439727  -1.932377  -1.809012   0.001000
  0.171967   0.452110  -0.754844   0.442983  -1.779210  -1.728202   0.001000
  0.171967   0.452110  -0.754844   0.442983  -1.779210  -1.728202   0.001000
  0.155274   0.475970  -0.749905   0.432417  -1.973953  -1.718510   0.001000
  0.160517   0.475116  -0.745577   0.438878  -1.847835  -1.786888   0.001000
  0.160517   0.475116  -0.745577   0.438878  -1.847835  -1.786888   0.001000
  0.167764   0.460088  -0.752825   0.439805  -1.706528  -2.171035   0.001000
  0.167764   0.460088  -0.752825   0.439805  -1.706528  -2.171035   0.001000
  0.171074   0.416406  -0.785141   0.425316  -1.638312  -1.947650   0.001000
  0.169022   0.450469  -0.760980   0.435222  -1.834703  -2.216667   0.001000
  0.169022   0.450469  -0.760980   0.435222  -1.834703  -2.216667   0.001000
  0.174678   0.437570  -0.768530   0.432877  -1.843686  -2.146269   0.001000
  0.174678   0.437570  -0.768530   0.432877  -1.843686  -2.146269   0.001000
  0.174678   0.437570  -0.768530   0.432877  -1.843686  -2.146269   0.001000
  0.174678   0.437570  -0.768530   0.432877  -1.843686  -2.146269   0.001000
  0.163316   0.454934  -0.753923   0.444932  -1.763634  -2.055087   0.001000
  0.172245   0.450069  -0.763305   0.430273  -1.912867  -2.068858   0.001000
  0.172245   0.450069  -0.763305   0.430273  -1.912867  -2.068858   0.001000
  0.172245   0.450069  -0.763305   0.430273  -1.912867  -2.068858   0.001000
  0.172245   0.450069  -0.763305   0.430273  -1.912867  -2.068858   0.001000
  0.172245   0.450069  -0.763305   0.430273  -1.912867  -2.068858   0.001000
  0.170806   0.462936  -0.753590   0.434302  -1.833372  -2.172514   0.001000
  0.170806   0.462936  -0.753590   0.434302  -1.833372  -2.172514   0.001000
  0.170806   0.462936  -0.753590   0.434302  -1.833372  -2.172514   0.001000
  0.163547   0.466253  -0.748494   0.442286  -1.908281  -2.117579   0.001000
  0.163547   0.466253  -0.748494   0.442286  -1.908281  -2.117579   0.001000
  0.185093   0.427670  -0.771792   0.432638  -1.882825  -2.302321   0.001000
  0.176545   0.452631  -0.751492   0.446337  -2.012493  -1.729514   0.001000
  0.176545   0.452631  -0.751492   0.446337  -2.012493  -1.729514   0.001000
  0.176545   0.452631  -0.751492   0.446337  -2.012493  -1.729514   0.001000
  0.176545   0.452631  -0.751492   0.446337  -2.012493  -1.729514   0.001000
  0.176545   0.452631  -0.751492   0.446337  -2.012493  -1.729514   0.001000
  0.176545   0.452631  -0.751492   0.446337  -2.012493  -1.729514   0.001000
  0.161719   0.441948  -0.770854   0.429318  -1.937292  -1.754200   0.001000
  0.165809   0.451622  -0.761690   0.434020  -1.865725  -1.625314   0.001000
  0.165809   0.451622  -0.761690   0.434020  -1.865725  -1.625314   0.001000
  0.164001   0.440140  -0.762581   0.444804  -1.888650  -1.744751   0.001000
  0.164001   0.440140  -0.762581   0.444804  -1.888650  -1.744751   0.001000
  0.164001   0.440140  -0.762581   0.444804  -1.888650  -1.744751   0.001000
  0.200499   0.453805  -0.720775   0.484092  -2.097503  -1.815316   0.001000
  0.167820   0.449697  -0.765935   0.427728  -2.111901  -1.800883   0.001000
  0.167820   0.449697  -0.765935   0.427728  -2.111901  -1.800883   0.001000
  0.167820   0.449697  -0.765935   0.427728  -2.111901  -1.800883   0.001000
  0.167820   0.449697  -0.765935   0.427728  -2.111901  -1.800883   0.001000
  0.164951   0.446038  -0.758737   0.445151  -2.071578  -1.676355   0.001000
  0.164951   0.446038  -0.758737   0.445151  -2.071578  -1.676355   0.001000
  0.164951   0.446038  -0.758737   0.445151  -2.071578  -1.676355   0.001000
  0.164951   0.446038  -0.758737   0.445151  -2.071578  -1.676355   0.001000
  0.164951   0.446038  -0.758737   0.445151  -2.071578  -1.676355   0.001000
  0.164951   0.446038  -0.758737   0.445151  -2.071578  -1.676355   0.001000
  0.164951   0.446038  -0.758737   0.445151  -2.071578  -1.676355   0.001000
  0.164951   0.446038  -0.758737   0.445151  -2.071578  -1.676355   0.001000
  0.164951   0.446038  -0.758737   0.445151  -2.071578  -1.676355   0.001000
  0.164951   0.446038  -0.758737   0.445151  -2.071578  -1.676355   0.001000
  0.164951   0.446038  -0.758737   0.445151  -2.071578  -1.676355   0.001000
  0.164951   0.446038  -0.758737   0.445151  -2.071578  -1.676355   0.001000
  0.164951   0.446038  -0.758737   0.445151  -2.071578  -1.676355   0.001000
  0.164951   0.446038  -0.758737   0.445151  -2.071578  -1.676355   0.001000
  0.164951   0.446038  -0.758737   0.445151  -2.071578  -1.676355   0.001000
  0.164951   0.446038  -0.758737   0.445151  -2.071578  -1.676355   0.001000
  0.164951   0.446038  -0.758737   0.445151  -2.071578  -1.676355   0.001000
  0.164951   0.446038  -0.758737   0.445151  -2.071578  -1.676355   0.001000
  0.164951   0.446038  -0.758737   0.445151  -2.071578  -1.676355   0.001000
  0.164951   0.446038  -0.758737   0.445151  -2.071578  -1.676355   0.001000
  0.164951   0.446038  -0.758737   0.445151  -2.071578  -1.676355   0.001000
  0.164951   0.446038  -0.758737   0.445151  -2.071578  -1.676355   0.001000
  0.164951   0.446038  -0.758737   0.445151  -2.071578  -1.676355   0.001000
  0.164951   0.446038  -0.758737   0.445151  -2.071578  -1.676355   0.001000
  0.164951   0.446038  -0.758737   0.445151  -2.071578  -1.676355   0.001000
  0.164951   0.446038  -0.758737   0.445151  -2.071578  -1.676355   0.001000
  0.164951   0.446038  -0.758737   0.445151  -2.071578  -1.676355   0.001000
  0.164951   0.446038  -0.758737   0.445151  -2.071578  -1.676355   0.001000
  0.164951   0.446038  -0.758737   0.445151  -2.071578  -1.676355   0.001000
  0.180536   0.444363  -0.754688   0.447655  -2.103445  -1.750417   0.001000
  0.161982   0.448540  -0.753217   0.453032  -2.022415  -1.904677   0.001000
  0.161982   0.448540  -0.753217   0.453032  -2.022415  -1.904677   0.001000
  0.161982   0.448540  -0.753217   0.453032  -2.022415  -1.904677   0.001000
  0.192526   0.412229  -0.746979   0.484792  -2.056587  -1.830703   0.001000
  0.162544   0.450180  -0.754825   0.448504  -2.165158  -1.817747   0.001000
  0.162544   0.450180  -0.754825   0.448504  -2.165158  -1.817747   0.001000
  0.170672   0.447850  -0.753573   0.449922  -2.030605  -1.745139   0.001000
  0.170672   0.447850  -0.753573   0.449922  -2.030605  -1.745139   0.001000
  0.170672   0.447850  -0.753573   0.449922  -2.030605  -1.745139   0.001000
  0.170672   0.447850  -0.753573   0.449922  -2.030605  -1.745139   0.001000
  0.160047   0.446295  -0.764558   0.436642  -2.076455  -1.717728   0.001000
  0.171833   0.451277  -0.751254   0.449933  -2.038632  -1.775468   0.001000
  0.171833   0.451277  -0.751254   0.449933  -2.038632  -1.775468   0.001000
  0.171833   0.451277  -0.751254   0.449933  -2.038632  -1.775468   0.001000
  0.171833   0.451277  -0.751254   0.449933  -2.038632  -1.775468   0.001000
  0.172102   0.442440  -0.752549   0.456397  -2.131221  -1.743778   0.001000
  0.172102   0.442440  -0.752549   0.456397  -2.131221  -1.743778   0.001000
  0.171790   0.451937  -0.757966   0.437868  -2.137922  -1.714680   0.001000
  0.171790   0.451937  -0.757966   0.437868  -2.137922  -1.714680   0.001000
  0.171790   0.451937  -0.757966   0.437868  -2.137922  -1.714680   0.001000
  0.171790   0.451937  -0.757966   0.437868  -2.137922  -1.714680   0.001000
  0.171790   0.451937  -0.757966   0.437868  -2.137922  -1.714680   0.001000
  0.171790   0.451937  -0.757966   0.437868  -2.137922  -1.714680   0.001000
  0.171790   0.451937  -0.757966   0.437868  -2.137922  -1.714680   0.001000
  0.171790   0.451937  -0.757966   0.437868  -2.137922  -1.714680   0.001000
  0.171790   0.451937  -0.757966   0.437868  -2.137922  -1.714680   0.001000
  0.171790   0.451937  -0.757966   0.437868  -2.137922  -1.714680   0.001000
  0.163663   0.440408  -0.767471   0.436168  -2.018424  -1.717476   0.001000
  0.163663   0.440408  -0.767471   0.436168  -2.018424  -1.717476   0.001000
  0.175043   0.436730  -0.759470   0.449258  -1.892971  -1.784826   0.001000
  0.181810   0.432536  -0.767062   0.437578  -1.760206  -1.804883   0.001000
  0.181810   0.432536  -0.767062   0.437578  -1.760206  -1.804883   0.001000
  0.181810   0.432536  -0.767062   0.437578  -1.760206  -1.804883   0.001000
  0.181810   0.432536  -0.767062   0.437578  -1.760206  -1.804883   0.001000
  0.181810   0.432536  -0.767062   0.437578  -1.760206  -1.804883   0.001000
  0.176481   0.453678  -0.758754   0.432808  -1.808968  -1.854395   0.001000
  0.163570   0.428653  -0.766335   0.449702  -1.947164  -1.587862   0.001000
  0.166193   0.456891  -0.748706   0.450632  -2.118997  -1.847670   0.001000
  0.177232   0.449085  -0.757228   0.439906  -1.776453  -1.749444   0.001000
  0.164884   0.465674  -0.755940   0.429553  -1.852953  -1.872641   0.001000
  0.181309   0.433810  -0.769938   0.431429  -1.907758  -1.776488   0.001000
  0.181309   0.433810  -0.769938   0.431429  -1.907758  -1.776488   0.001000
  0.181309   0.433810  -0.769938   0.431429  -1.907758  -1.776488   0.001000
  0.178242   0.435717  -0.772920   0.425411  -1.885839  -1.889362   0.001000
  0.178242   0.435717  -0.772920   0.425411  -1.885839  -1.889362   0.001000
  0.184233   0.432925  -0.766935   0.436399  -1.874796  -1.723515   0.001000
  0.184233   0.432925  -0.766935   0.436399  -1.874796  -1.723515   0.001000
  0.182214   0.427972  -0.764616   0.446095  -1.926218  -1.827367   0.001000
  0.176666   0.463385  -0.757195   0.425111  -1.986829  -1.810747   0.001000
  0.178836   0.441471  -0.762457   0.437927  -1.981426  -1.819664   0.001000
  0.178836   0.441471  -0.762457   0.437927  -1.981426  -1.819664   0.001000
  0.178836   0.441471  -0.762457   0.437927  -1.981426  -1.819664   0.001000
  0.178836   0.441471  -0.762457   0.437927  -1.981426  -1.819664   0.001000
  0.178836   0.441471  -0.762457   0.437927  -1.981426  -1.819664   0.001000
  0.178836   0.441471  -0.762457   0.437927  -1.981426  -1.819664   0.001000
  0.178836   0.441471  -0.762457   0.437927  -1.981426  -1.819664   0.001000
  0.178836   0.441471  -0.762457   0.437927  -1.981426  -1.819664   0.001000
  0.178836   0.441471  -0.762457   0.437927  -1.981426  -1.819664   0.001000
  0.178836   0.441471  -0.762457   0.437927  -1.981426  -1.819664   0.001000
  0.178836   0.441471  -0.762457   0.437927  -1.981426  -1.819664   0.001000
  0.178836   0.441471  -0.762457   0.437927  -1.981426  -1.819664   0.001000
  0.178836   0.441471  -0.762457   0.437927  -1.981426  -1.819664   0.001000
  0.178836   0.441471  -0.762457   0.437927  -1.981426  -1.819664   0.001000
  0.178836   0.441471  -0.762457   0.437927  -1.981426  -1.819664   0.001000
  0.179216   0.436511  -0.759312   0.448091  -2.010952  -1.731997   0.001000
  0.179216   0.436511  -0.759312   0.448091  -2.010952  -1.731997   0.001000
  0.179216   0.436511  -0.759312   0.448091  -2.010952  -1.731997   0.001000
  0.179216   0.436511  -0.759312   0.448091  -2.010952  -1.731997   0.001000
  0.186533   0.431838  -0.766455   0.437343  -1.918274  -1.714172   0.001000
  0.186533   0.431838  -0.766455   0.437343  -1.918274  -1.714172   0.001000
  0.186533   0.431838  -0.766455   0.437343  -1.918274  -1.714172   0.001000
  0.145088   0.433241  -0.757257   0.466705  -1.939677  -1.783204   0.001000
  0.172002   0.453484  -0.765300   0.423183  -2.043166  -1.787086   0.001000
  0.164245   0.441621  -0.765155   0.438785  -1.924558  -1.766033   0.001000
  0.164245   0.441621  -0.765155   0.438785  -1.924558  -1.766033   0.001000
  0.164245   0.441621  -0.765155   0.438785  -1.924558  -1.766033   0.001000
  0.164245   0.441621  -0.765155   0.438785  -1.924558  -1.766033   0.001000
  0.164245   0.441621  -0.765155   0.438785  -1.924558  -1.766033   0.001000
  0.164245   0.441621  -0.765155   0.438785  -1.924558  -1.766033   0.001000
  0.164245   0.441621  -0.765155   0.438785  -1.924558  -1.766033   0.001000
  0.207982   0.404049  -0.780862   0.428652  -1.960786  -1.787102   0.001000
  0.170157   0.447500  -0.756774   0.445065  -1.946908  -1.742410   0.001000
  0.170157   0.447500  -0.756774   0.445065  -1.946908  -1.742410   0.001000
  0.170157   0.447500  -0.756774   0.445065  -1.946908  -1.742410   0.001000
  0.170157   0.447500  -0.756774   0.445065  -1.946908  -1.742410   0.001000
  0.170157   0.447500  -0.756774   0.445065  -1.946908  -1.742410   0.001000
  0.170157   0.447500  -0.756774   0.445065  -1.946908  -1.742410   0.001000
  0.170157   0.447500  -0.756774   0.445065  -1.946908  -1.742410   0.001000
  0.170157   0.447500  -0.756774   0.445065  -1.946908  -1.742410   0.001000
  0.183800   0.433254  -0.772871   0.425652  -1.931689  -1.749645   0.001000
  0.183800   0.433254  -0.772871   0.425652  -1.931689  -1.749645   0.001000
  0.167707   0.428337  -0.767827   0.445919  -1.940100  -1.931810   0.001000
  0.167707   0.428337  -0.767827   0.445919  -1.940100  -1.931810   0.001000
  0.174081   0.433114  -0.763826   0.445733  -2.028070  -1.879942   0.001000
  0.169419   0.436786  -0.762489   0.446235  -2.020348  -1.952571   0.001000
  0.169419   0.436786  -0.762489   0.446235  -2.020348  -1.952571   0.001000
  0.169419   0.436786  -0.762489   0.446235  -2.020348  -1.952571   0.001000
  0.169419   0.436786  -0.762489   0.446235  -2.020348  -1.952571   0.001000
  0.169419   0.436786  -0.762489   0.446235  -2.020348  -1.952571   0.001000
  0.169327   0.459583  -0.748071   0.447774  -1.960485  -1.905988   0.001000
  0.169327   0.459583  -0.748071   0.447774  -1.960485  -1.905988   0.001000
  0.169327   0.459583  -0.748071   0.447774  -1.960485  -1.905988   0.001000
  0.169327   0.459583  -0.748071   0.447774  -1.960485  -1.905988   0.001000
  0.169327   0.459583  -0.748071   0.447774  -1.960485  -1.905988   0.001000
  0.173943   0.437297  -0.769148   0.432350  -2.048458  -1.957102   0.001000
  0.164690   0.465148  -0.752941   0.435425  -2.015099  -1.873946   0.001000
  0.175272   0.432613  -0.772445   0.430644  -2.049963  -1.984199   0.001000
  0.176083   0.441421  -0.764366   0.435760  -2.005266  -1.797173   0.001000
  0.176083   0.441421  -0.764366   0.435760  -2.005266  -1.797173   0.001000
  0.176083   0.441421  -0.764366   0.435760  -2.005266  -1.797173   0.001000
  0.176083   0.441421  -0.764366   0.435760  -2.005266  -1.797173   0.001000
  0.177911   0.446113  -0.757378   0.442390  -2.002450  -1.769748   0.001000
  0.177911   0.446113  -0.757378   0.442390  -2.002450  -1.769748   0.001000
  0.178756   0.459439  -0.756807   0.429192  -1.927046  -1.825571   0.001000
  0.172558   0.446689  -0.759875   0.439639  -1.929255  -1.830568   0.001000
  0.172558   0.446689  -0.759875   0.439639  -1.929255  -1.830568   0.001000
  0.172558   0.446689  -0.759875   0.439639  -1.929255  -1.830568   0.001000
  0.172558   0.446689  -0.759875   0.439639  -1.929255  -1.830568   0.001000
  0.172558   0.446689  -0.759875   0.439639  -1.929255  -1.830568   0.001000
  0.172558   0.446689  -0.759875   0.439639  -1.929255  -1.830568   0.001000
  0.172558   0.446689  -0.759875   0.439639  -1.929255  -1.830568   0.001000
  0.172558   0.446689  -0.759875   0.439639  -1.929255  -1.830568   0.001000
  0.172558   0.446689  -0.759875   0.439639  -1.929255  -1.830568   0.001000
  0.172558   0.446689  -0.759875   0.439639  -1.929255  -1.830568   0.001000
  0.172558   0.446689  -0.759875   0.439639  -1.929255  -1.830568   0.001000
  0.172558   0.446689  -0.759875   0.439639  -1.929255  -1.830568   0.001000
  0.172558   0.446689  -0.759875   0.439639  -1.929255  -1.830568   0.001000
  0.172558   0.446689  -0.759875   0.439639  -1.929255  -1.830568   0.001000
  0.175734   0.421741  -0.777085   0.432887  -1.832040  -1.917575   0.001000
  0.175734   0.421741  -0.777085   0.432887  -1.832040  -1.917575   0.001000
  0.175734   0.421741  -0.777085   0.432887  -1.832040  -1.917575   0.001000
  0.169154   0.430799  -0.765310   0.447326  -1.856054  -1.919243   0.001000
  0.169154   0.430799  -0.765310   0.447326  -1.856054  -1.919243   0.001000
  0.178079   0.417800  -0.774304   0.440663  -1.848170  -1.908824   0.001000
  0.178079   0.417800  -0.774304   0.440663  -1.848170  -1.908824   0.001000
  0.178079   0.417800  -0.774304   0.440663  -1.848170  -1.908824   0.001000
  0.166274   0.435363  -0.776897   0.423370  -1.946542  -1.851177   0.001000
  0.188301   0.431115  -0.767983   0.434609  -1.963573  -1.872395   0.001000
  0.172983   0.427006  -0.765642   0.448927  -2.024895  -1.986242   0.001000
  0.166122   0.433392  -0.777101   0.425076  -1.908655  -2.014382   0.001000
  0.172152   0.440736  -0.762679   0.440948  -1.957166  -1.991680   0.001000
  0.172152   0.440736  -0.762679   0.440948  -1.957166  -1.991680   0.001000
  0.172152   0.440736  -0.762679   0.440948  -1.957166  -1.991680   0.001000
  0.172152   0.440736  -0.762679   0.440948  -1.957166  -1.991680   0.001000
  0.172152   0.440736  -0.762679   0.440948  -1.957166  -1.991680   0.001000
  0.172152   0.440736  -0.762679   0.440948  -1.957166  -1.991680   0.001000
  0.172152   0.440736  -0.762679   0.440948  -1.957166  -1.991680   0.001000
  0.172152   0.440736  -0.762679   0.440948  -1.957166  -1.991680   0.001000
  0.172152   0.440736  -0.762679   0.440948  -1.957166  -1.991680   0.001000
  0.172152   0.440736  -0.762679   0.440948  -1.957166  -1.991680   0.001000
  0.172152   0.440736  -0.762679   0.440948  -1.957166  -1.991680   0.001000
  0.172152   0.440736  -0.762679   0.440948  -1.957166  -1.991680   0.001000
  0.172152   0.440736  -0.762679   0.440948  -1.957166  -1.991680   0.001000
  0.172152   0.440736  -0.762679   0.440948  -1.957166  -1.991680   0.001000
  0.172152   0.440736  -0.762679   0.440948  -1.957166  -1.991680   0.001000
  0.172152   0.440736  -0.762679   0.440948  -1.957166  -1.991680   0.001000
  0.172152   0.440736  -0.762679   0.440948  -1.957166  -1.991680   0.001000
  0.172152   0.440736  -0.762679   0.440948  -1.957166  -1.991680   0.001000
  0.172152   0.440736  -0.762679   0.440948  -1.957166  -1.991680   0.001000
  0.172152   0.440736  -0.762679   0.440948  -1.957166  -1.991680   0.001000
  0.178228   0.435183  -0.770743   0.429891  -1.831482  -1.851402   0.001000
  0.178228   0.435183  -0.770743   0.429891  -1.831482  -1.851402   0.001000
  0.178228   0.435183  -0.770743   0.429891  -1.831482  -1.851402   0.001000
  0.178228   0.435183  -0.770743   0.429891  -1.831482  -1.851402   0.001000
  0.178228   0.435183  -0.770743   0.429891  -1.831482  -1.851402   0.001000
  0.178228   0.435183  -0.770743   0.429891  -1.831482  -1.851402   0.001000
  0.178228   0.435183  -0.770743   0.429891  -1.831482  -1.851402   0.001000
  0.178228   0.435183  -0.770743   0.429891  -1.831482  -1.851402   0.001000
  0.178228   0.435183  -0.770743   0.429891  -1.831482  -1.851402   0.001000
  0.178228   0.435183  -0.770743   0.429891  -1.831482  -1.851402   0.001000
  0.178228   0.435183  -0.770743   0.429891  -1.831482  -1.851402   0.001000
  0.178228   0.435183  -0.770743   0.429891  -1.831482  -1.851402   0.001000
  0.161889   0.451202  -0.752938   0.450880  -1.972397  -1.972676   0.001000
  0.161889   0.451202  -0.752938   0.450880  -1.972397  -1.972676   0.001000
  0.179011   0.448555  -0.757716   0.438885  -1.990824  -1.843417   0.001000
  0.179011   0.448555  -0.757716   0.438885  -1.990824  -1.843417   0.001000
  0.179011   0.448555  -0.757716   0.438885  -1.990824  -1.843417   0.001000
  0.179011   0.448555  -0.757716   0.438885  -1.990824  -1.843417   0.001000
  0.179011   0.448555  -0.757716   0.438885  -1.990824  -1.843417   0.001000
  0.179011   0.448555  -0.757716   0.438885  -1.990824  -1.843417   0.001000
  0.179011   0.448555  -0.757716   0.438885  -1.990824  -1.843417   0.001000
  0.176724   0.457989  -0.749852   0.443549  -2.047249  -1.710695   0.001000
  0.185322   0.438207  -0.759590   0.443457  -2.030265  -1.853121   0.001000
  0.185322   0.438207  -0.759590   0.443457  -2.030265  -1.853121   0.001000
  0.185322   0.438207  -0.759590   0.443457  -2.030265  -1.853121   0.001000
  0.185322   0.438207  -0.759590   0.443457  -2.030265  -1.853121   0.001000
  0.185322   0.438207  -0.759590   0.443457  -2.030265  -1.853121   0.001000
  0.185322   0.438207  -0.759590   0.443457  -2.030265  -1.853121   0.001000
  0.185322   0.438207  -0.759590   0.443457  -2.030265  -1.853121   0.001000
  0.165730   0.443980  -0.764450   0.437072  -2.047816  -1.784633   0.001000
  0.165730   0.443980  -0.764450   0.437072  -2.047816  -1.784633   0.001000
  0.165730   0.443980  -0.764450   0.437072  -2.047816  -1.784633   0.001000
  0.165730   0.443980  -0.764450   0.437072  -2.047816  -1.784633   0.001000
  0.165730   0.443980  -0.764450   0.437072  -2.047816  -1.784633   0.001000
  0.165730   0.443980  -0.764450   0.437072  -2.047816  -1.784633   0.001000
  0.165730   0.443980  -0.764450   0.437072  -2.047816  -1.784633   0.001000
  0.165730   0.443980  -0.764450   0.437072  -2.047816  -1.784633   0.001000
  0.165730   0.443980  -0.764450   0.437072  -2.047816  -1.784633   0.001000
  0.165730   0.443980  -0.764450   0.437072  -2.047816  -1.784633   0.001000
  0.165730   0.443980  -0.764450   0.437072  -2.047816  -1.784633   0.001000
  0.165730   0.443980  -0.764450   0.437072  -2.047816  -1.784633   0.001000
  0.165730   0.443980  -0.764450   0.437072  -2.047816  -1.784633   0.001000
  0.165730   0.443980  -0.764450   0.437072  -2.047816  -1.784633   0.001000
  0.165730   0.443980  -0.764450   0.437072  -2.047816  -1.784633   0.001000
  0.165730   0.443980  -0.764450   0.437072  -2.047816  -1.784633   0.001000
  0.165730   0.443980  -0.764450   0.437072  -2.047816  -1.784633   0.001000
  0.165730   0.443980  -0.764450   0.437072  -2.047816  -1.784633   0.001000
  0.165730   0.443980  -0.764450   0.437072  -2.047816  -1.784633   0.001000
  0.165730   0.443980  -0.764450   0.437072  -2.047816  -1.784633   0.001000
  0.165730   0.443980  -0.764450   0.437072  -2.047816  -1.784633   0.001000
  0.165730   0.443980  -0.764450   0.437072  -2.047816  -1.784633   0.001000
  0.165730   0.443980  -0.764450   0.437072  -2.047816  -1.784633   0.001000
  0.165730   0.443980  -0.764450   0.437072  -2.047816  -1.784633   0.001000
  0.165730   0.443980  -0.764450   0.437072  -2.047816  -1.784633   0.001000
  0.165730   0.443980  -0.764450   0.437072  -2.047816  -1.784633   0.001000
  0.165730   0.443980  -0.764450   0.437072  -2.047816  -1.784633   0.001000
  0.165730   0.443980  -0.764450   0.437072  -2.047816  -1.784633   0.001000
  0.168436   0.458867  -0.750275   0.445150  -2.026294  -1.800858   0.001000
  0.168436   0.458867  -0.750275   0.445150  -2.026294  -1.800858   0.001000
  0.168436   0.458867  -0.750275   0.445150  -2.026294  -1.800858   0.001000
  0.168436   0.458867  -0.750275   0.445150  -2.026294  -1.800858   0.001000
  0.168436   0.458867  -0.750275   0.445150  -2.026294  -1.800858   0.001000
  0.168436   0.458867  -0.750275   0.445150  -2.026294  -1.800858   0.001000
  0.168436   0.458867  -0.750275   0.445150  -2.026294  -1.800858   0.001000
  0.168436   0.458867  -0.750275   0.445150  -2.026294  -1.800858   0.001000
  0.168436   0.458867  -0.750275   0.445150  -2.026294  -1.800858   0.001000
  0.168436   0.458867  -0.750275   0.445150  -2.026294  -1.800858   0.001000
  0.168436   0.458867  -0.750275   0.445150  -2.026294  -1.800858   0.001000
  0.168436   0.458867  -0.750275   0.445150  -2.026294  -1.800858   0.001000
  0.168436   0.458867  -0.750275   0.445150  -2.026294  -1.800858   0.001000
  0.168436   0.458867  -0.750275   0.445150  -2.026294  -1.800858   0.001000
  0.168436   0.458867  -0.750275   0.445150  -2.026294  -1.800858   0.001000
  0.168436   0.458867  -0.750275   0.445150  -2.026294  -1.800858   0.001000
  0.168436   0.458867  -0.750275   0.445150  -2.026294  -1.800858   0.001000
  0.168436   0.458867  -0.750275   0.445150  -2.026294  -1.800858   0.001000
  0.168436   0.458867  -0.750275   0.445150  -2.026294  -1.800858   0.001000
  0.168436   0.458867  -0.750275   0.445150  -2.026294  -1.800858   0.001000
  0.183890   0.416576  -0.772934   0.441839  -2.056528  -1.847705   0.001000
  0.168598   0.434136  -0.766589   0.442088  -1.964393  -1.987483   0.001000
  0.168598   0.434136  -0.766589   0.442088  -1.964393  -1.987483   0.001000
  0.168598   0.434136  -0.766589   0.442088  -1.964393  -1.987483   0.001000
  0.168598   0.434136  -0.766589   0.442088  -1.964393  -1.987483   0.001000
  0.168598   0.434136  -0.766589   0.442088  -1.964393  -1.987483   0.001000
  0.168598   0.434136  -0.766589   0.442088  -1.964393  -1.987483   0.001000
  0.168598   0.434136  -0.766589   0.442088  -1.964393  -1.987483   0.001000
  0.168598   0.434136  -0.766589   0.442088  -1.964393  -1.987483   0.001000
  0.168598   0.434136  -0.766589   0.442088  -1.964393  -1.987483   0.001000
  0.168598   0.434136  -0.766589   0.442088  -1.964393  -1.987483   0.001000
  0.168598   0.434136  -0.766589   0.442088  -1.964393  -1.987483   0.001000
  0.168598   0.434136  -0.766589   0.442088  -1.964393  -1.987483   0.001000
  0.185348   0.423102  -0.773601   0.433789  -1.914971  -1.792727   0.001000
  0.174458   0.422719  -0.780988   0.425359  -1.942318  -1.907768   0.001000
  0.174458   0.422719  -0.780988   0.425359  -1.942318  -1.907768   0.001000
  0.174458   0.422719  -0.780988   0.425359  -1.942318  -1.907768   0.001000
  0.174458   0.422719  -0.780988   0.425359  -1.942318  -1.907768   0.001000
  0.174458   0.422719  -0.780988   0.425359  -1.942318  -1.907768   0.001000
  0.174458   0.422719  -0.780988   0.425359  -1.942318  -1.907768   0.001000
  0.174458   0.422719  -0.780988   0.425359  -1.942318  -1.907768   0.001000
  0.183039   0.396177  -0.787270   0.435599  -2.101697  -1.858896   0.001000
  0.171384   0.443728  -0.761952   0.439502  -2.096339  -1.913675   0.001000
  0.171384   0.443728  -0.761952   0.439502  -2.096339  -1.913675   0.001000
  0.178270   0.433228  -0.772187   0.429256  -2.048846  -2.016120   0.001000
  0.185990   0.435083  -0.764586   0.437629  -2.088537  -1.937474   0.001000
  0.176198   0.456454  -0.756412   0.434103  -1.948376  -1.897679   0.001000
  0.176198   0.456454  -0.756412   0.434103  -1.948376  -1.897679   0.001000
  0.183050   0.426259  -0.769849   0.438325  -2.021908  -1.984146   0.001000
  0.183050   0.426259  -0.769849   0.438325  -2.021908  -1.984146   0.001000
  0.183050   0.426259  -0.769849   0.438325  -2.021908  -1.984146   0.001000
  0.183050   0.426259  -0.769849   0.438325  -2.021908  -1.984146   0.001000
  0.183050   0.426259  -0.769849   0.438325  -2.021908  -1.984146   0.001000
  0.183050   0.426259  -0.769849   0.438325  -2.021908  -1.984146   0.001000
  0.183050   0.426259  -0.769849   0.438325  -2.021908  -1.984146   0.001000
  0.183050   0.426259  -0.769849   0.438325  -2.021908  -1.984146   0.001000
  0.183050   0.426259  -0.769849   0.438325  -2.021908  -1.984146   0.001000
  0.186027   0.444954  -0.758051   0.439053  -2.054548  -1.923161   0.001000
  0.186027   0.444954  -0.758051   0.439053  -2.054548  -1.923161   0.001000
  0.186027   0.444954  -0.758051   0.439053  -2.054548  -1.923161   0.001000
  0.186027   0.444954  -0.758051   0.439053  -2.054548  -1.923161   0.001000
  0.186027   0.444954  -0.758051   0.439053  -2.054548  -1.923161   0.001000
  0.186027   0.444954  -0.758051   0.439053  -2.054548  -1.923161   0.001000
  0.186027   0.444954  -0.758051   0.439053  -2.054548  -1.923161   0.001000
  0.186027   0.444954  -0.758051   0.439053  -2.054548  -1.923161   0.001000
  0.175385   0.451483  -0.759438   0.434346  -2.088242  -1.980355   0.001000
  0.175385   0.451483  -0.759438   0.434346  -2.088242  -1.980355   0.001000
  0.175385   0.451483  -0.759438   0.434346  -2.088242  -1.980355   0.001000
  0.175385   0.451483  -0.759438   0.434346  -2.088242  -1.980355   0.001000
  0.172242   0.454705  -0.740877   0.463333  -1.985703  -2.063273   0.001000
  0.172242   0.454705  -0.740877   0.463333  -1.985703  -2.063273   0.001000
  0.186478   0.400536  -0.787602   0.429512  -2.141334  -1.791036   0.001000
  0.160398   0.448427  -0.757081   0.447230  -1.889467  -1.999767   0.001000
  0.176645   0.444272  -0.756721   0.445862  -1.931346  -1.841914   0.001000
  0.176645   0.444272  -0.756721   0.445862  -1.931346  -1.841914   0.001000
  0.176645   0.444272  -0.756721   0.445862  -1.931346  -1.841914   0.001000
  0.176645   0.444272  -0.756721   0.445862  -1.931346  -1.841914   0.001000
  0.176645   0.444272  -0.756721   0.445862  -1.931346  -1.841914   0.001000
  0.176645   0.444272  -0.756721   0.445862  -1.931346  -1.841914   0.001000
  0.176645   0.444272  -0.756721   0.445862  -1.931346  -1.841914   0.001000
  0.176645   0.444272  -0.756721   0.445862  -1.931346  -1.841914   0.001000
  0.176645   0.444272  -0.756721   0.445862  -1.931346  -1.841914   0.001000
  0.176645   0.444272  -0.756721   0.445862  -1.931346  -1.841914   0.001000
  0.176645   0.444272  -0.756721   0.445862  -1.931346  -1.841914   0.001000
  0.175436   0.445044  -0.755770   0.447179  -1.990242  -1.983966   0.001000
  0.169697   0.447098  -0.764096   0.432971  -1.868543  -1.811604   0.001000
  0.174211   0.440181  -0.769571   0.428547  -1.863681  -1.774382   0.001000
  0.174211   0.440181  -0.769571   0.428547  -1.863681  -1.774382   0.001000
  0.173945   0.454164  -0.756873   0.436602  -2.014149  -2.074223   0.001000
  0.182596   0.419453  -0.769459   0.445702  -1.841755  -1.889597   0.001000
  0.182596   0.419453  -0.769459   0.445702  -1.841755  -1.889597   0.001000
  0.184379   0.421159  -0.775065   0.433479  -1.859236  -1.878649   0.001000
  0.184379   0.421159  -0.775065   0.433479  -1.859236  -1.878649   0.001000
  0.184379   0.421159  -0.775065   0.433479  -1.859236  -1.878649   0.001000
  0.184379   0.421159  -0.775065   0.433479  -1.859236  -1.878649   0.001000
  0.171737   0.441504  -0.764787   0.436672  -1.943435  -2.048670   0.001000
  0.171737   0.441504  -0.764787   0.436672  -1.943435  -2.048670   0.001000
  0.171737   0.441504  -0.764787   0.436672  -1.943435  -2.048670   0.001000
  0.171737   0.441504  -0.764787   0.436672  -1.943435  -2.048670   0.001000
  0.171737   0.441504  -0.764787   0.436672  -1.943435  -2.048670   0.001000
  0.171737   0.441504  -0.764787   0.436672  -1.943435  -2.048670   0.001000
  0.171737   0.441504  -0.764787   0.436672  -1.943435  -2.048670   0.001000
  0.171737   0.441504  -0.764787   0.436672  -1.943435  -2.048670   0.001000
  0.171737   0.441504  -0.764787   0.436672  -1.943435  -2.048670   0.001000
  0.171737   0.441504  -0.764787   0.436672  -1.943435  -2.048670   0.001000
  0.171737   0.441504  -0.764787   0.436672  -1.943435  -2.048670   0.001000
  0.171737   0.441504  -0.764787   0.436672  -1.943435  -2.048670   0.001000
  0.171737   0.441504  -0.764787   0.436672  -1.943435  -2.048670   0.001000
  0.171737   0.441504  -0.764787   0.436672  -1.943435  -2.048670   0.001000
  0.171737   0.441504  -0.764787   0.436672  -1.943435  -2.048670   0.001000
  0.171737   0.441504  -0.764787   0.436672  -1.943435  -2.048670   0.001000
  0.171737   0.441504  -0.764787   0.436672  -1.943435  -2.048670   0.001000
  0.179164   0.425172  -0.772762   0.435853  -1.888949  -2.000404   0.001000
  0.179164   0.425172  -0.772762   0.435853  -1.888949  -2.000404   0.001000
  0.179164   0.425172  -0.772762   0.435853  -1.888949  -2.000404   0.001000
  0.179164   0.425172  -0.772762   0.435853  -1.888949  -2.000404   0.001000
  0.179164   0.425172  -0.772762   0.435853  -1.888949  -2.000404   0.001000
  0.179164   0.425172  -0.772762   0.435853  -1.888949  -2.000404   0.001000
  0.179164   0.425172  -0.772762   0.435853  -1.888949  -2.000404   0.001000
  0.179164   0.425172  -0.772762   0.435853  -1.888949  -2.000404   0.001000
  0.179164   0.425172  -0.772762   0.435853  -1.888949  -2.000404   0.001000
  0.179164   0.425172  -0.772762   0.435853  -1.888949  -2.000404   0.001000
  0.179164   0.425172  -0.772762   0.435853  -1.888949  -2.000404   0.001000
  0.179164   0.425172  -0.772762   0.435853  -1.888949  -2.000404   0.001000
  0.179164   0.425172  -0.772762   0.435853  -1.888949  -2.000404   0.001000
  0.179164   0.425172  -0.772762   0.435853  -1.888949  -2.000404   0.001000
  0.179164   0.425172  -0.772762   0.435853  -1.888949  -2.000404   0.001000
  0.179164   0.425172  -0.772762   0.435853  -1.888949  -2.000404   0.001000
  0.179164   0.425172  -0.772762   0.435853  -1.888949  -2.000404   0.001000
  0.179164   0.425172  -0.772762   0.435853  -1.888949  -2.000404   0.001000
  0.179164   0.425172  -0.772762   0.435853  -1.888949  -2.000404   0.001000
  0.195628   0.422131  -0.777134   0.423790  -1.936874  -2.025423   0.001000
  0.173072   0.423188  -0.772093   0.441396  -1.984224  -1.914863   0.001000
  0.173072   0.423188  -0.772093   0.441396  -1.984224  -1.914863   0.001000
  0.179474   0.433003  -0.763364   0.444491  -1.943532  -1.814002   0.001000
  0.179474   0.433003  -0.763364   0.444491  -1.943532  -1.814002   0.001000
  0.179474   0.433003  -0.763364   0.444491  -1.943532  -1.814002   0.001000
  0.179474   0.433003  -0.763364   0.444491  -1.943532  -1.814002   0.001000
  0.179474   0.433003  -0.763364   0.444491  -1.943532  -1.814002   0.001000
  0.179474   0.433003  -0.763364   0.444491  -1.943532  -1.814002   0.001000
  0.179474   0.433003  -0.763364   0.444491  -1.943532  -1.814002   0.001000
  0.179474   0.433003  -0.763364   0.444491  -1.943532  -1.814002   0.001000
  0.179474   0.433003  -0.763364   0.444491  -1.943532  -1.814002   0.001000
  0.179474   0.433003  -0.763364   0.444491  -1.943532  -1.814002   0.001000
  0.179474   0.433003  -0.763364   0.444491  -1.943532  -1.814002   0.001000
  0.179474   0.433003  -0.763364   0.444491  -1.943532  -1.814002   0.001000
  0.179474   0.433003  -0.763364   0.444491  -1.943532  -1.814002   0.001000
  0.175207   0.434976  -0.773424   0.426514  -1.914829  -1.853908   0.001000
  0.175207   0.434976  -0.773424   0.426514  -1.914829  -1.853908   0.001000
  0.175207   0.434976  -0.773424   0.426514  -1.914829  -1.853908   0.001000
  0.175207   0.434976  -0.773424   0.426514  -1.914829  -1.853908   0.001000
  0.175207   0.434976  -0.773424   0.426514  -1.914829  -1.853908   0.001000
  0.175207   0.434976  -0.773424   0.426514  -1.914829  -1.853908   0.001000
  0.164827   0.448781  -0.767840   0.426437  -1.884146  -1.844213   0.001000
  0.178700   0.419709  -0.769812   0.446431  -1.940381  -1.785075   0.001000
  0.178700   0.419709  -0.769812   0.446431  -1.940381  -1.785075   0.001000
  0.178700   0.419709  -0.769812   0.446431  -1.940381  -1.785075   0.001000
  0.178700   0.419709  -0.769812   0.446431  -1.940381  -1.785075   0.001000
  0.178700   0.419709  -0.769812   0.446431  -1.940381  -1.785075   0.001000
  0.178700   0.419709  -0.769812   0.446431  -1.940381  -1.785075   0.001000
  0.171199   0.422066  -0.786722   0.416677  -1.834397  -1.734281   0.001000
  0.187036   0.428865  -0.772836   0.428739  -1.984772  -1.892373   0.001000
  0.187036   0.428865  -0.772836   0.428739  -1.984772  -1.892373   0.001000
  0.188385   0.421574  -0.769463   0.441264  -1.996684  -1.728812   0.001000
  0.188385   0.421574  -0.769463   0.441264  -1.996684  -1.728812   0.001000
  0.188385   0.421574  -0.769463   0.441264  -1.996684  -1.728812   0.001000
  0.188385   0.421574  -0.769463   0.441264  -1.996684  -1.728812   0.001000
  0.168823   0.437196  -0.766058   0.439902  -1.921821  -1.751349   0.001000
  0.168823   0.437196  -0.766058   0.439902  -1.921821  -1.751349   0.001000
  0.168823   0.437196  -0.766058   0.439902  -1.921821  -1.751349   0.001000
  0.168823   0.437196  -0.766058   0.439902  -1.921821  -1.751349   0.001000
  0.168823   0.437196  -0.766058   0.439902  -1.921821  -1.751349   0.001000
  0.195401   0.428512  -0.776246   0.419092  -1.831535  -1.894028   0.001000
  0.167031   0.454939  -0.756393   0.439319  -1.844001  -1.794494   0.001000
  0.167031   0.454939  -0.756393   0.439319  -1.844001  -1.794494   0.001000
  0.167031   0.454939  -0.756393   0.439319  -1.844001  -1.794494   0.001000
  0.167031   0.454939  -0.756393   0.439319  -1.844001  -1.794494   0.001000
  0.167031   0.454939  -0.756393   0.439319  -1.844001  -1.794494   0.001000
  0.167031   0.454939  -0.756393   0.439319  -1.844001  -1.794494   0.001000
  0.167031   0.454939  -0.756393   0.439319  -1.844001  -1.794494   0.001000
  0.167031   0.454939  -0.756393   0.439319  -1.844001  -1.794494   0.001000
  0.167031   0.454939  -0.756393   0.439319  -1.844001  -1.794494   0.001000
  0.167031   0.454939  -0.756393   0.439319  -1.844001  -1.794494   0.001000
  0.167031   0.454939  -0.756393   0.439319  -1.844001  -1.794494   0.001000
  0.167031   0.454939  -0.756393   0.439319  -1.844001  -1.794494   0.001000
  0.167031   0.454939  -0.756393   0.439319  -1.844001  -1.794494   0.001000
  0.167031   0.454939  -0.756393   0.439319  -1.844001  -1.794494   0.001000
  0.167031   0.454939  -0.756393   0.439319  -1.844001  -1.794494   0.001000
  0.167031   0.454939  -0.756393   0.439319  -1.844001  -1.794494   0.001000
  0.167031   0.454939  -0.756393   0.439319  -1.844001  -1.794494   0.001000
  0.167031   0.454939  -0.756393   0.439319  -1.844001  -1.794494   0.001000
  0.167031   0.454939  -0.756393   0.439319  -1.844001  -1.794494   0.001000
  0.167031   0.454939  -0.756393   0.439319  -1.844001  -1.794494   0.001000
  0.179751   0.436909  -0.750538   0.462054  -1.888394  -1.881258   0.001000
  0.165880   0.436404  -0.768386   0.437742  -1.866770  -1.922866   0.001000
  0.165880   0.436404  -0.768386   0.437742  -1.866770  -1.922866   0.001000
  0.165880   0.436404  -0.768386   0.437742  -1.866770  -1.922866   0.001000
  0.165880   0.436404  -0.768386   0.437742  -1.866770  -1.922866   0.001000
  0.165880   0.436404  -0.768386   0.437742  -1.866770  -1.922866   0.001000
  0.172093   0.436354  -0.759581   0.450573  -1.925062  -1.829356   0.001000
  0.161981   0.435783  -0.762727   0.449557  -2.115758  -1.742621   0.001000
  0.161981   0.435783  -0.762727   0.449557  -2.115758  -1.742621   0.001000
  0.166170   0.455718  -0.746530   0.455413  -2.012540  -1.892822   0.001000
  0.164776   0.452444  -0.747866   0.456989  -2.072080  -1.793235   0.001000
  0.164776   0.452444  -0.747866   0.456989  -2.072080  -1.793235   0.001000
  0.167389   0.452996  -0.761511   0.432292  -2.086703  -2.080688   0.001000
  0.167389   0.452996  -0.761511   0.432292  -2.086703  -2.080688   0.001000
  0.167389   0.452996  -0.761511   0.432292  -2.086703  -2.080688   0.001000
  0.165529   0.446517  -0.757098   0.447242  -2.024140  -2.096026   0.001000
  0.174486   0.428353  -0.765454   0.447379  -2.062369  -1.965347   0.001000
  0.174486   0.428353  -0.765454   0.447379  -2.062369  -1.965347   0.001000
  0.174486   0.428353  -0.765454   0.447379  -2.062369  -1.965347   0.001000
  0.174486   0.428353  -0.765454   0.447379  -2.062369  -1.965347   0.001000
  0.174486   0.428353  -0.765454   0.447379  -2.062369  -1.965347   0.001000
  0.174486   0.428353  -0.765454   0.447379  -2.062369  -1.965347   0.001000
  0.174486   0.428353  -0.765454   0.447379  -2.062369  -1.965347   0.001000
  0.179820   0.455880  -0.750786   0.442899  -1.928752  -1.908070   0.001000
  0.179731   0.439803  -0.766768   0.431666  -1.958016  -2.004922   0.001000
  0.179731   0.439803  -0.766768   0.431666  -1.958016  -2.004922   0.001000
  0.179731   0.439803  -0.766768   0.431666  -1.958016  -2.004922   0.001000
  0.151894   0.453362  -0.757427   0.444628  -1.986794  -1.975582   0.001000
  0.168020   0.446440  -0.760024   0.441388  -2.017266  -1.939403   0.001000
  0.168020   0.446440  -0.760024   0.441388  -2.017266  -1.939403   0.001000
  0.168020   0.446440  -0.760024   0.441388  -2.017266  -1.939403   0.001000
  0.168020   0.446440  -0.760024   0.441388  -2.017266  -1.939403   0.001000
  0.168020   0.446440  -0.760024   0.441388  -2.017266  -1.939403   0.001000
  0.168020   0.446440  -0.760024   0.441388  -2.017266  -1.939403   0.001000
  0.168020   0.446440  -0.760024   0.441388  -2.017266  -1.939403   0.001000
  0.168020   0.446440  -0.760024   0.441388  -2.017266  -1.939403   0.001000
  0.168020   0.446440  -0.760024   0.441388  -2.017266  -1.939403   0.001000
  0.168020   0.446440  -0.760024   0.441388  -2.017266  -1.939403   0.001000
  0.168020   0.446440  -0.760024   0.441388  -2.017266  -1.939403   0.001000
  0.168020   0.446440  -0.760024   0.441388  -2.017266  -1.939403   0.001000
  0.168020   0.446440  -0.760024   0.441388  -2.017266  -1.939403   0.001000
  0.168020   0.446440  -0.760024   0.441388  -2.017266  -1.939403   0.001000
  0.168020   0.446440  -0.760024   0.441388  -2.017266  -1.939403   0.001000
  0.168020   0.446440  -0.760024   0.441388  -2.017266  -1.939403   0.001000
  0.168020   0.446440  -0.760024   0.441388  -2.017266  -1.939403   0.001000
  0.168020   0.446440  -0.760024   0.441388  -2.017266  -1.939403   0.001000
  0.168020   0.446440  -0.760024   0.441388  -2.017266  -1.939403   0.001000
  0.168020   0.446440  -0.760024   0.441388  -2.017266  -1.939403   0.001000
  0.166028   0.444887  -0.760311   0.443212  -2.039928  -1.943861   0.001000
  0.166028   0.444887  -0.760311   0.443212  -2.039928  -1.943861   0.001000
  0.166028   0.444887  -0.760311   0.443212  -2.039928  -1.943861   0.001000
  0.166028   0.444887  -0.760311   0.443212  -2.039928  -1.943861   0.001000
  0.166028   0.444887  -0.760311   0.443212  -2.039928  -1.943861   0.001000
  0.166028   0.444887  -0.760311   0.443212  -2.039928  -1.943861   0.001000
  0.166028   0.444887  -0.760311   0.443212  -2.039928  -1.943861   0.001000
  0.166028   0.444887  -0.760311   0.443212  -2.039928  -1.943861   0.001000
  0.166028   0.444887  -0.760311   0.443212  -2.039928  -1.943861   0.001000
  0.166028   0.444887  -0.760311   0.443212  -2.039928  -1.943861   0.001000
  0.166028   0.444887  -0.760311   0.443212  -2.039928  -1.943861   0.001000
  0.166028   0.444887  -0.760311   0.443212  -2.039928  -1.943861   0.001000
  0.166028   0.444887  -0.760311   0.443212  -2.039928  -1.943861   0.001000
  0.166028   0.444887  -0.760311   0.443212  -2.039928  -1.943861   0.001000
  0.173949   0.440108  -0.762147   0.441791  -2.027889  -1.926812   0.001000
  0.173949   0.440108  -0.762147   0.441791  -2.027889  -1.926812   0.001000
  0.173949   0.440108  -0.762147   0.441791  -2.027889  -1.926812   0.001000
  0.173949   0.440108  -0.762147   0.441791  -2.027889  -1.926812   0.001000
  0.173949   0.440108  -0.762147   0.441791  -2.027889  -1.926812   0.001000
  0.173949   0.440108  -0.762147   0.441791  -2.027889  -1.926812   0.001000
  0.173949   0.440108  -0.762147   0.441791  -2.027889  -1.926812   0.001000
  0.173949   0.440108  -0.762147   0.441791  -2.027889  -1.926812   0.001000
  0.173949   0.440108  -0.762147   0.441791  -2.027889  -1.926812   0.001000
  0.173949   0.440108  -0.762147   0.441791  -2.027889  -1.926812   0.001000
  0.173949   0.440108  -0.762147   0.441791  -2.027889  -1.926812   0.001000
  0.173949   0.440108  -0.762147   0.441791  -2.027889  -1.926812   0.001000
  0.173949   0.440108  -0.762147   0.441791  -2.027889  -1.926812   0.001000
  0.173949   0.440108  -0.762147   0.441791  -2.027889  -1.926812   0.001000
  0.173949   0.440108  -0.762147   0.441791  -2.027889  -1.926812   0.001000
  0.173949   0.440108  -0.762147   0.441791  -2.027889  -1.926812   0.001000
  0.173949   0.440108  -0.762147   0.441791  -2.027889  -1.926812   0.001000
  0.173949   0.440108  -0.762147   0.441791  -2.027889  -1.926812   0.001000
  0.173949   0.440108  -0.762147   0.441791  -2.027889  -1.926812   0.001000
  0.173949   0.440108  -0.762147   0.441791  -2.027889  -1.926812   0.001000
  0.173949   0.440108  -0.762147   0.441791  -2.027889  -1.926812   0.001000
  0.173949   0.440108  -0.762147   0.441791  -2.027889  -1.926812   0.001000
  0.173949   0.440108  -0.762147   0.441791  -2.027889  -1.926812   0.001000
  0.173949   0.440108  -0.762147   0.441791  -2.027889  -1.926812   0.001000
  0.173949   0.440108  -0.762147   0.441791  -2.027889  -1.926812   0.001000
  0.173949   0.440108  -0.762147   0.441791  -2.027889  -1.926812   0.001000
  0.173949   0.440108  -0.762147   0.441791  -2.027889  -1.926812   0.001000
  0.173949   0.440108  -0.762147   0.441791  -2.027889  -1.926812   0.001000
  0.173949   0.440108  -0.762147   0.441791  -2.027889  -1.926812   0.001000
  0.173949   0.440108  -0.762147   0.441791  -2.027889  -1.926812   0.001000
  0.173949   0.440108  -0.762147   0.441791  -2.027889  -1.926812   0.001000
  0.173949   0.440108  -0.762147   0.441791  -2.027889  -1.926812   0.001000
  0.173949   0.440108  -0.762147   0.441791  -2.027889  -1.926812   0.001000
  0.173949   0.440108  -0.762147   0.441791  -2.027889  -1.926812   0.001000
  0.173949   0.440108  -0.762147   0.441791  -2.027889  -1.926812   0.001000
  0.173949   0.440108  -0.762147   0.441791  -2.027889  -1.926812   0.001000
  0.173949   0.440108  -0.762147   0.441791  -2.027889  -1.926812   0.001000
  0.173949   0.440108  -0.762147   0.441791  -2.027889  -1.926812   0.001000
  0.173949   0.440108  -0.762147   0.441791  -2.027889  -1.926812   0.001000
  0.164000   0.477707  -0.748297   0.430059  -1.972480  -1.840358   0.001000
  0.172497   0.441091  -0.758850   0.447025  -2.050486  -1.953270   0.001000
  0.172497   0.441091  -0.758850   0.447025  -2.050486  -1.953270   0.001000
  0.172497   0.441091  -0.758850   0.447025  -2.050486  -1.953270   0.001000
  0.193378   0.439138  -0.772276   0.416356  -2.055047  -1.927709   0.001000
  0.170937   0.462637  -0.766127   0.412065  -2.068172  -1.968462   0.001000
  0.178964   0.445698  -0.756050   0.444649  -2.092744  -1.892881   0.001000
  0.178964   0.445698  -0.756050   0.444649  -2.092744  -1.892881   0.001000
  0.178964   0.445698  -0.756050   0.444649  -2.092744  -1.892881   0.001000
  0.178964   0.445698  -0.756050   0.444649  -2.092744  -1.892881   0.001000
  0.178964   0.445698  -0.756050   0.444649  -2.092744  -1.892881   0.001000
  0.178964   0.445698  -0.756050   0.444649  -2.092744  -1.892881   0.001000
  0.173444   0.455739  -0.748972   0.448621  -1.930798  -1.988928   0.001000
  0.154156   0.455744  -0.760803   0.435559  -2.042720  -1.971780   0.001000
  0.165637   0.428874  -0.762600   0.455052  -2.004626  -1.897089   0.001000
  0.165637   0.428874  -0.762600   0.455052  -2.004626  -1.897089   0.001000
  0.165637   0.428874  -0.762600   0.455052  -2.004626  -1.897089   0.001000
  0.171024   0.423866  -0.768939   0.447014  -2.105077  -1.828622   0.001000
  0.171024   0.423866  -0.768939   0.447014  -2.105077  -1.828622   0.001000
  0.166810   0.465241  -0.757542   0.426445  -2.117186  -1.968648   0.001000
  0.166810   0.465241  -0.757542   0.426445  -2.117186  -1.968648   0.001000
  0.173300   0.446200  -0.762150   0.435890  -2.135143  -1.781414   0.001000
  0.173300   0.446200  -0.762150   0.435890  -2.135143  -1.781414   0.001000
  0.173300   0.446200  -0.762150   0.435890  -2.135143  -1.781414   0.001000
  0.173300   0.446200  -0.762150   0.435890  -2.135143  -1.781414   0.001000
  0.173300   0.446200  -0.762150   0.435890  -2.135143  -1.781414   0.001000
  0.173300   0.446200  -0.762150   0.435890  -2.135143  -1.781414   0.001000
  0.174585   0.457072  -0.759771   0.428198  -2.172498  -1.926244   0.001000
  0.181115   0.444502  -0.769221   0.421799  -2.058728  -1.978981   0.001000
  0.169100   0.444868  -0.761475   0.440062  -2.052266  -1.958294   0.001000
  0.169100   0.444868  -0.761475   0.440062  -2.052266  -1.958294   0.001000
  0.169100   0.444868  -0.761475   0.440062  -2.052266  -1.958294   0.001000
  0.169100   0.444868  -0.761475   0.440062  -2.052266  -1.958294   0.001000
  0.169100   0.444868  -0.761475   0.440062  -2.052266  -1.958294   0.001000
  0.169100   0.444868  -0.761475   0.440062  -2.052266  -1.958294   0.001000
  0.169100   0.444868  -0.761475   0.440062  -2.052266  -1.958294   0.001000
  0.169100   0.444868  -0.761475   0.440062  -2.052266  -1.958294   0.001000
  0.169100   0.444868  -0.761475   0.440062  -2.052266  -1.958294   0.001000
  0.169100   0.444868  -0.761475   0.440062  -2.052266  -1.958294   0.001000
  0.169100   0.444868  -0.761475   0.440062  -2.052266  -1.958294   0.001000
  0.169100   0.444868  -0.761475   0.440062  -2.052266  -1.958294   0.001000
  0.169100   0.444868  -0.761475   0.440062  -2.052266  -1.958294   0.001000
  0.169100   0.444868  -0.761475   0.440062  -2.052266  -1.958294   0.001000
  0.169100   0.444868  -0.761475   0.440062  -2.052266  -1.958294   0.001000
  0.169100   0.444868  -0.761475   0.440062  -2.052266  -1.958294   0.001000
  0.169100   0.444868  -0.761475   0.440062  -2.052266  -1.958294   0.001000
  0.169100   0.444868  -0.761475   0.440062  -2.052266  -1.958294   0.001000
  0.169100   0.444868  -0.761475   0.440062  -2.052266  -1.958294   0.001000
  0.169100   0.444868  -0.761475   0.440062  -2.052266  -1.958294   0.001000
  0.169100   0.444868  -0.761475   0.440062  -2.052266  -1.958294   0.001000
  0.169100   0.444868  -0.761475   0.440062  -2.052266  -1.958294   0.001000
  0.169100   0.444868  -0.761475   0.440062  -2.052266  -1.958294   0.001000
  0.169100   0.444868  -0.761475   0.440062  -2.052266  -1.958294   0.001000
  0.169100   0.444868  -0.761475   0.440062  -2.052266  -1.958294   0.001000
  0.169100   0.444868  -0.761475   0.440062  -2.052266  -1.958294   0.001000
  0.169100   0.444868  -0.761475   0.440062  -2.052266  -1.958294   0.001000
  0.169100   0.444868  -0.761475   0.440062  -2.052266  -1.958294   0.001000
  0.175640   0.443913  -0.765909   0.430668  -2.118676  -1.844265   0.001000
  0.175640   0.443913  -0.765909   0.430668  -2.118676  -1.844265   0.001000
  0.175640   0.443913  -0.765909   0.430668  -2.118676  -1.844265   0.001000
  0.175640   0.443913  -0.765909   0.430668  -2.118676  -1.844265   0.001000
  0.175640   0.443913  -0.765909   0.430668  -2.118676  -1.844265   0.001000
  0.183942   0.429520  -0.765483   0.442395  -2.206168  -1.854503   0.001000
  0.183942   0.429520  -0.765483   0.442395  -2.206168  -1.854503   0.001000
  0.183942   0.429520  -0.765483   0.442395  -2.206168  -1.854503   0.001000
  0.183942   0.429520  -0.765483   0.442395  -2.206168  -1.854503   0.001000
  0.183942   0.429520  -0.765483   0.442395  -2.206168  -1.854503   0.001000
  0.178451   0.420764  -0.779751   0.427904  -2.022157  -2.031982   0.001000
  0.178451   0.420764  -0.779751   0.427904  -2.022157  -2.031982   0.001000
  0.178451   0.420764  -0.779751   0.427904  -2.022157  -2.031982   0.001000
  0.178451   0.420764  -0.779751   0.427904  -2.022157  -2.031982   0.001000
  0.178451   0.420764  -0.779751   0.427904  -2.022157  -2.031982   0.001000
  0.178451   0.420764  -0.779751   0.427904  -2.022157  -2.031982   0.001000
  0.161929   0.435882  -0.784915   0.409506  -2.095700  -1.970466   0.001000
  0.153143   0.477757  -0.735347   0.455588  -2.120640  -1.921945   0.001000
  0.153143   0.477757  -0.735347   0.455588  -2.120640  -1.921945   0.001000
  0.231822   0.481060  -0.734406   0.418914  -2.143915  -1.951398   0.001000
  0.166650   0.423810  -0.771929   0.443551  -2.051971  -2.030485   0.001000
  0.166650   0.423810  -0.771929   0.443551  -2.051971  -2.030485   0.001000
  0.166650   0.423810  -0.771929   0.443551  -2.051971  -2.030485   0.001000
  0.166650   0.423810  -0.771929   0.443551  -2.051971  -2.030485   0.001000
  0.174489   0.438987  -0.762487   0.442105  -1.924543  -2.081079   0.001000
  0.174489   0.438987  -0.762487   0.442105  -1.924543  -2.081079   0.001000
  0.174489   0.438987  -0.762487   0.442105  -1.924543  -2.081079   0.001000
  0.174489   0.438987  -0.762487   0.442105  -1.924543  -2.081079   0.001000
  0.174489   0.438987  -0.762487   0.442105  -1.924543  -2.081079   0.001000
  0.174489   0.438987  -0.762487   0.442105  -1.924543  -2.081079   0.001000
  0.174489   0.438987  -0.762487   0.442105  -1.924543  -2.081079   0.001000
  0.174489   0.438987  -0.762487   0.442105  -1.924543  -2.081079   0.001000
  0.168578   0.447163  -0.753568   0.451400  -2.070631  -1.980955   0.001000
  0.168578   0.447163  -0.753568   0.451400  -2.070631  -1.980955   0.001000
  0.168578   0.447163  -0.753568   0.451400  -2.070631  -1.980955   0.001000
  0.168578   0.447163  -0.753568   0.451400  -2.070631  -1.980955   0.001000
  0.168578   0.447163  -0.753568   0.451400  -2.070631  -1.980955   0.001000
  0.168578   0.447163  -0.753568   0.451400  -2.070631  -1.980955   0.001000
  0.162213   0.440035  -0.765049   0.441312  -2.220831  -1.878582   0.001000
  0.177179   0.439746  -0.766682   0.432932  -2.112726  -1.980962   0.001000
  0.177179   0.439746  -0.766682   0.432932  -2.112726  -1.980962   0.001000
  0.177179   0.439746  -0.766682   0.432932  -2.112726  -1.980962   0.001000
  0.177179   0.439746  -0.766682   0.432932  -2.112726  -1.980962   0.001000
  0.177179   0.439746  -0.766682   0.432932  -2.112726  -1.980962   0.001000
  0.177179   0.439746  -0.766682   0.432932  -2.112726  -1.980962   0.001000
  0.177179   0.439746  -0.766682   0.432932  -2.112726  -1.980962   0.001000
  0.184562   0.441173  -0.770956   0.420630  -2.129368  -1.887202   0.001000
  0.184562   0.441173  -0.770956   0.420630  -2.129368  -1.887202   0.001000
  0.149919   0.463901  -0.754243   0.439815  -2.120450  -1.815178   0.001000
  0.191965   0.439321  -0.760079   0.438664  -2.166381  -1.930476   0.001000
  0.191965   0.439321  -0.760079   0.438664  -2.166381  -1.930476   0.001000
  0.191965   0.439321  -0.760079   0.438664  -2.166381  -1.930476   0.001000
  0.191965   0.439321  -0.760079   0.438664  -2.166381  -1.930476   0.001000
  0.191965   0.439321  -0.760079   0.438664  -2.166381  -1.930476   0.001000
  0.175880   0.444793  -0.751608   0.454215  -2.138174  -1.992912   0.001000
  0.175880   0.444793  -0.751608   0.454215  -2.138174  -1.992912   0.001000
  0.175880   0.444793  -0.751608   0.454215  -2.138174  -1.992912   0.001000
  0.167244   0.447569  -0.760576   0.439585  -2.183888  -1.858143   0.001000
  0.167244   0.447569  -0.760576   0.439585  -2.183888  -1.858143   0.001000
  0.167244   0.447569  -0.760576   0.439585  -2.183888  -1.858143   0.001000
  0.167244   0.447569  -0.760576   0.439585  -2.183888  -1.858143   0.001000
  0.167244   0.447569  -0.760576   0.439585  -2.183888  -1.858143   0.001000
  0.167244   0.447569  -0.760576   0.439585  -2.183888  -1.858143   0.001000
  0.167244   0.447569  -0.760576   0.439585  -2.183888  -1.858143   0.001000
  0.167244   0.447569  -0.760576   0.439585  -2.183888  -1.858143   0.001000
  0.167244   0.447569  -0.760576   0.439585  -2.183888  -1.858143   0.001000
  0.167244   0.447569  -0.760576   0.439585  -2.183888  -1.858143   0.001000
  0.167244   0.447569  -0.760576   0.439585  -2.183888  -1.858143   0.001000
  0.167244   0.447569  -0.760576   0.439585  -2.183888  -1.858143   0.001000
  0.168245   0.436251  -0.770957   0.432440  -2.173029  -1.872514   0.001000
  0.168245   0.436251  -0.770957   0.432440  -2.173029  -1.872514   0.001000
  0.168245   0.436251  -0.770957   0.432440  -2.173029  -1.872514   0.001000
  0.183246   0.423692  -0.776816   0.428326  -2.175095  -1.960477   0.001000
  0.183246   0.423692  -0.776816   0.428326  -2.175095  -1.960477   0.001000
  0.183246   0.423692  -0.776816   0.428326  -2.175095  -1.960477   0.001000
  0.183246   0.423692  -0.776816   0.428326  -2.175095  -1.960477   0.001000
  0.183246   0.423692  -0.776816   0.428326  -2.175095  -1.960477   0.001000
  0.183246   0.423692  -0.776816   0.428326  -2.175095  -1.960477   0.001000
  0.183246   0.423692  -0.776816   0.428326  -2.175095  -1.960477   0.001000
  0.183246   0.423692  -0.776816   0.428326  -2.175095  -1.960477   0.001000
  0.176636   0.448328  -0.757436   0.440560  -2.134529  -1.957129   0.001000
  0.171328   0.424579  -0.771349   0.442041  -1.943575  -2.015531   0.001000
  0.171328   0.424579  -0.771349   0.442041  -1.943575  -2.015531   0.001000
  0.170593   0.439852  -0.765298   0.437889  -2.217181  -1.774960   0.001000
  0.170593   0.439852  -0.765298   0.437889  -2.217181  -1.774960   0.001000
  0.168095   0.464525  -0.753696   0.433477  -2.088726  -1.889720   0.001000
  0.158999   0.454460  -0.757972   0.440072  -2.069858  -1.880781   0.001000
  0.158999   0.454460  -0.757972   0.440072  -2.069858  -1.880781   0.001000
  0.158999   0.454460  -0.757972   0.440072  -2.069858  -1.880781   0.001000
  0.158999   0.454460  -0.757972   0.440072  -2.069858  -1.880781   0.001000
  0.158999   0.454460  -0.757972   0.440072  -2.069858  -1.880781   0.001000
  0.158999   0.454460  -0.757972   0.440072  -2.069858  -1.880781   0.001000
  0.158999   0.454460  -0.757972   0.440072  -2.069858  -1.880781   0.001000
  0.158999   0.454460  -0.757972   0.440072  -2.069858  -1.880781   0.001000
  0.158999   0.454460  -0.757972   0.440072  -2.069858  -1.880781   0.001000
  0.158999   0.454460  -0.757972   0.440072  -2.069858  -1.880781   0.001000
  0.158999   0.454460  -0.757972   0.440072  -2.069858  -1.880781   0.001000
  0.158999   0.454460  -0.757972   0.440072  -2.069858  -1.880781   0.001000
  0.158999   0.454460  -0.757972   0.440072  -2.069858  -1.880781   0.001000
  0.158999   0.454460  -0.757972   0.440072  -2.069858  -1.880781   0.001000
  0.166827   0.457132  -0.742008   0.461111  -1.934546  -1.821039   0.001000
  0.160212   0.435675  -0.769596   0.438453  -2.098519  -1.859213   0.001000
  0.174820   0.453171  -0.758336   0.434743  -2.088598  -2.011406   0.001000
  0.174820   0.453171  -0.758336   0.434743  -2.088598  -2.011406   0.001000
  0.188192   0.435271  -0.766112   0.433815  -2.120123  -1.920251   0.001000
  0.188192   0.435271  -0.766112   0.433815  -2.120123  -1.920251   0.001000
  0.148767   0.457359  -0.759481   0.438041  -2.051937  -1.830700   0.001000
  0.148767   0.457359  -0.759481   0.438041  -2.051937  -1.830700   0.001000
  0.148767   0.457359  -0.759481   0.438041  -2.051937  -1.830700   0.001000
  0.167241   0.451485  -0.762129   0.432841  -2.043945  -1.879124   0.001000
  0.167241   0.451485  -0.762129   0.432841  -2.043945  -1.879124   0.001000
  0.167241   0.451485  -0.762129   0.432841  -2.043945  -1.879124   0.001000
  0.167241   0.451485  -0.762129   0.432841  -2.043945  -1.879124   0.001000
  0.167241   0.451485  -0.762129   0.432841  -2.043945  -1.879124   0.001000
  0.167241   0.451485  -0.762129   0.432841  -2.043945  -1.879124   0.001000
  0.167241   0.451485  -0.762129   0.432841  -2.043945  -1.879124   0.001000
  0.167241   0.451485  -0.762129   0.432841  -2.043945  -1.879124   0.001000
  0.167241   0.451485  -0.762129   0.432841  -2.043945  -1.879124   0.001000
  0.167241   0.451485  -0.762129   0.432841  -2.043945  -1.879124   0.001000
  0.167241   0.451485  -0.762129   0.432841  -2.043945  -1.879124   0.001000
  0.167241   0.451485  -0.762129   0.432841  -2.043945  -1.879124   0.001000
  0.158478   0.452158  -0.762571   0.434654  -2.036604  -1.826170   0.001000
  0.158478   0.452158  -0.762571   0.434654  -2.036604  -1.826170   0.001000
  0.158478   0.452158  -0.762571   0.434654  -2.036604  -1.826170   0.001000
  0.158478   0.452158  -0.762571   0.434654  -2.036604  -1.826170   0.001000
  0.158478   0.452158  -0.762571   0.434654  -2.036604  -1.826170   0.001000
  0.158478   0.452158  -0.762571   0.434654  -2.036604  -1.826170   0.001000
  0.158478   0.452158  -0.762571   0.434654  -2.036604  -1.826170   0.001000
  0.158478   0.452158  -0.762571   0.434654  -2.036604  -1.826170   0.001000
  0.158478   0.452158  -0.762571   0.434654  -2.036604  -1.826170   0.001000
  0.158478   0.452158  -0.762571   0.434654  -2.036604  -1.826170   0.001000
  0.158478   0.452158  -0.762571   0.434654  -2.036604  -1.826170   0.001000
  0.158478   0.452158  -0.762571   0.434654  -2.036604  -1.826170   0.001000
  0.158478   0.452158  -0.762571   0.434654  -2.036604  -1.826170   0.001000
  0.158478   0.452158  -0.762571   0.434654  -2.036604  -1.826170   0.001000
  0.158478   0.452158  -0.762571   0.434654  -2.036604  -1.826170   0.001000
  0.158478   0.452158  -0.762571   0.434654  -2.036604  -1.826170   0.001000
  0.158478   0.452158  -0.762571   0.434654  -2.036604  -1.826170   0.001000
  0.158478   0.452158  -0.762571   0.434654  -2.036604  -1.826170   0.001000
  0.158478   0.452158  -0.762571   0.434654  -2.036604  -1.826170   0.001000
  0.182208   0.435121  -0.767658   0.433788  -2.077004  -1.975039   0.001000
  0.182208   0.435121  -0.767658   0.433788  -2.077004  -1.975039   0.001000
  0.182208   0.435121  -0.767658   0.433788  -2.077004  -1.975039   0.001000
  0.182208   0.435121  -0.767658   0.433788  -2.077004  -1.975039   0.001000
  0.182208   0.435121  -0.767658   0.433788  -2.077004  -1.975039   0.001000
  0.182208   0.435121  -0.767658   0.433788  -2.077004  -1.975039   0.001000
  0.165395   0.445341  -0.763755   0.437028  -2.104751  -1.910908   0.001000
  0.165395   0.445341  -0.763755   0.437028  -2.104751  -1.910908   0.001000
  0.165395   0.445341  -0.763755   0.437028  -2.104751  -1.910908   0.001000
  0.165395   0.445341  -0.763755   0.437028  -2.104751  -1.910908   0.001000
  0.165395   0.445341  -0.763755   0.437028  -2.104751  -1.910908   0.001000
  0.165395   0.445341  -0.763755   0.437028  -2.104751  -1.910908   0.001000
  0.165395   0.445341  -0.763755   0.437028  -2.104751  -1.910908   0.001000
  0.165395   0.445341  -0.763755   0.437028  -2.104751  -1.910908   0.001000
  0.165395   0.445341  -0.763755   0.437028  -2.104751  -1.910908   0.001000
  0.165395   0.445341  -0.763755   0.437028  -2.104751  -1.910908   0.001000
  0.165395   0.445341  -0.763755   0.437028  -2.104751  -1.910908   0.001000
  0.165395   0.445341  -0.763755   0.437028  -2.104751  -1.910908   0.001000
  0.165395   0.445341  -0.763755   0.437028  -2.104751  -1.910908   0.001000
  0.179922   0.447661  -0.763119   0.429974  -1.827793  -1.892206   0.001000
  0.164839   0.452812  -0.755412   0.444007  -1.944914  -1.897050   0.001000
  0.164839   0.452812  -0.755412   0.444007  -1.944914  -1.897050   0.001000
  0.164839   0.452812  -0.755412   0.444007  -1.944914  -1.897050   0.001000
  0.160983   0.469805  -0.757950   0.422942  -2.084896  -2.092079   0.001000
  0.160647   0.465545  -0.750281   0.441065  -2.059207  -2.038838   0.001000
  0.160647   0.465545  -0.750281   0.441065  -2.059207  -2.038838   0.001000
  0.160647   0.465545  -0.750281   0.441065  -2.059207  -2.038838   0.001000
  0.160647   0.465545  -0.750281   0.441065  -2.059207  -2.038838   0.001000
  0.160647   0.465545  -0.750281   0.441065  -2.059207  -2.038838   0.001000
  0.160647   0.465545  -0.750281   0.441065  -2.059207  -2.038838   0.001000
  0.160647   0.465545  -0.750281   0.441065  -2.059207  -2.038838   0.001000
  0.161461   0.459864  -0.747286   0.451685  -1.843605  -2.014185   0.001000
  0.161461   0.459864  -0.747286   0.451685  -1.843605  -2.014185   0.001000
  0.161461   0.459864  -0.747286   0.451685  -1.843605  -2.014185   0.001000
  0.172578   0.450906  -0.753061   0.446990  -1.919439  -2.102926   0.001000
  0.172578   0.450906  -0.753061   0.446990  -1.919439  -2.102926   0.001000
  0.172578   0.450906  -0.753061   0.446990  -1.919439  -2.102926   0.001000
  0.172578   0.450906  -0.753061   0.446990  -1.919439  -2.102926   0.001000
  0.172578   0.450906  -0.753061   0.446990  -1.919439  -2.102926   0.001000
  0.172578   0.450906  -0.753061   0.446990  -1.919439  -2.102926   0.001000
  0.172578   0.450906  -0.753061   0.446990  -1.919439  -2.102926   0.001000
  0.168324   0.462864  -0.755435   0.432137  -1.887397  -2.049603   0.001000
  0.159721   0.468843  -0.748921   0.440218  -1.807092  -2.165488   0.001000
  0.159721   0.468843  -0.748921   0.440218  -1.807092  -2.165488   0.001000
  0.159721   0.468843  -0.748921   0.440218  -1.807092  -2.165488   0.001000
  0.157117   0.459536  -0.749647   0.449633  -1.833387  -2.213752   0.001000
  0.157117   0.459536  -0.749647   0.449633  -1.833387  -2.213752   0.001000
  0.157117   0.459536  -0.749647   0.449633  -1.833387  -2.213752   0.001000
  0.157117   0.459536  -0.749647   0.449633  -1.833387  -2.213752   0.001000
  0.157117   0.459536  -0.749647   0.449633  -1.833387  -2.213752   0.001000
  0.157117   0.459536  -0.749647   0.449633  -1.833387  -2.213752   0.001000
  0.157117   0.459536  -0.749647   0.449633  -1.833387  -2.213752   0.001000
  0.157117   0.459536  -0.749647   0.449633  -1.833387  -2.213752   0.001000
  0.149845   0.462965  -0.760562   0.429831  -1.901814  -1.819871   0.001000
  0.179764   0.460036  -0.752045   0.436440  -1.898926  -2.090310   0.001000
  0.178218   0.448553  -0.752342   0.448353  -1.905302  -2.173205   0.001000
  0.163994   0.458685  -0.758913   0.432163  -1.731691  -2.142123   0.001000
  0.163994   0.458685  -0.758913   0.432163  -1.731691  -2.142123   0.001000
  0.163994   0.458685  -0.758913   0.432163  -1.731691  -2.142123   0.001000
  0.163994   0.458685  -0.758913   0.432163  -1.731691  -2.142123   0.001000
  0.163994   0.458685  -0.758913   0.432163  -1.731691  -2.142123   0.001000
  0.174166   0.455141  -0.750974   0.445590  -1.823806  -2.230100   0.001000
  0.165612   0.450671  -0.760320   0.437472  -1.625833  -2.141587   0.001000
  0.165612   0.450671  -0.760320   0.437472  -1.625833  -2.141587   0.001000
  0.168358   0.455028  -0.759242   0.433770  -1.782141  -2.317077   0.001000
  0.182726   0.425883  -0.771775   0.435428  -1.977537  -2.176832   0.001000
  0.182726   0.425883  -0.771775   0.435428  -1.977537  -2.176832   0.001000
  0.178822   0.428053  -0.771556   0.435310  -1.609948  -2.194355   0.001000
  0.162297   0.444145  -0.765527   0.436306  -1.690254  -2.130467   0.001000
  0.163518   0.453662  -0.760001   0.435718  -1.674435  -2.161296   0.001000
  0.163518   0.453662  -0.760001   0.435718  -1.674435  -2.161296   0.001000
  0.163518   0.453662  -0.760001   0.435718  -1.674435  -2.161296   0.001000
  0.163518   0.453662  -0.760001   0.435718  -1.674435  -2.161296   0.001000
  0.170556   0.469196  -0.742416   0.446749  -1.724994  -2.107783   0.001000
  0.181947   0.442416  -0.762946   0.434829  -1.774206  -2.236377   0.001000
  0.174799   0.452708  -0.758056   0.435721  -1.852160  -2.192752   0.001000
