 -0.308708  -0.052336  -0.380190   0.870297   0.854899   1.109210   0.001000
 -0.308708  -0.052336  -0.380190   0.870297   0.854899   1.109210   0.001000
 -0.308708  -0.052336  -0.380190   0.870297   0.854899   1.109210   0.001000
 -0.304714  -0.056680  -0.373210   0.874443   0.746549   1.068880   0.001000
 -0.257682  -0.077175  -0.439093   0.857229   0.936912   1.311856   0.001000
 -0.311706  -0.048514  -0.368388   0.874515   0.772716   1.090552   0.001000
 -0.311706  -0.048514  -0.368388   0.874515   0.772716   1.090552   0.001000
 -0.293600  -0.076116  -0.385531   0.871419   0.732290   1.186790   0.001000
 -0.288522  -0.072630  -0.392489   0.870306   0.698484   1.000009   0.001000
 -0.287343  -0.074254  -0.387113   0.872963   1.138310   1.077494   0.001000
 -0.287343  -0.074254  -0.387113   0.872963   1.138310   1.077494   0.001000
 -0.287343  -0.074254  -0.387113   0.872963   1.138310   1.077494   0.001000
 -0.287343  -0.074254  -0.387113   0.872963   1.138310   1.077494   0.001000
 -0.287343  -0.074254  -0.387113   0.872963   1.138310   1.077494   0.001000
 -0.287343  -0.074254  -0.387113   0.872963   1.138310   1.077494   0.001000
 -0.287343  -0.074254  -0.387113   0.872963   1.138310   1.077494   0.001000
 -0.287343  -0.074254  -0.387113   0.872963   1.138310   1.077494   0.001000
 -0.287343  -0.074254  -0.387113   0.872963   1.138310   1.077494   0.001000
 -0.287343  -0.074254  -0.387113   0.872963   1.138310   1.077494   0.001000
 -0.287343  -0.074254  -0.387113   0.872963   1.138310   1.077494   0.001000
 -0.287343  -0.074254  -0.387113   0.872963   1.138310   1.077494   0.001000
 -0.287343  -0.074254  -0.387113   0.872963   1.138310   1.077494   0.001000
 -0.287343  -0.074254  -0.387113   0.872963   1.138310   1.077494   0.001000
 -0.287343  -0.074254  -0.387113   0.872963   1.138310   1.077494   0.001000
 -0.287343  -0.074254  -0.387113   0.872963   1.138310   1.077494   0.001000
 -0.287343  -0.074254  -0.387113   0.872963   1.138310   1.077494   0.001000
 -0.287343  -0.074254  -0.387113   0.872963   1.138310   1.077494   0.001000
 -0.287343  -0.074254  -0.387113   0.872963   1.138310   1.077494   0.001000
 -0.287343  -0.074254  -0.387113   0.872963   1.138310   1.077494   0.001000
 -0.287343  -0.074254  -0.387113   0.872963   1.138310   1.077494   0.001000
 -0.287343  -0.074254  -0.387113   0.872963   1.138310   1.077494   0.001000
 -0.287343  -0.074254  -0.387113   0.872963   1.138310   1.077494   0.001000
 -0.287343  -0.074254  -0.387113   0.872963   1.138310   1.077494   0.001000
 -0.287343  -0.074254  -0.387113   0.872963   1.138310   1.077494   0.001000
 -0.287343  -0.074254  -0.387113   0.872963   1.138310   1.077494   0.001000
 -0.287343  -0.074254  -0.387113   0.872963   1.138310   1.077494   0.001000
 -0.287343  -0.074254  -0.387113   0.872963   1.138310   1.077494   0.001000
 -0.287343  -0.074254  -0.387113   0.872963   1.138310   1.077494   0.001000
 -0.287343  -0.074254  -0.387113   0.872963   1.138310   1.077494   0.001000
 -0.287343  -0.074254  -0.387113   0.872963   1.138310   1.077494   0.001000
 -0.287343  -0.074254  -0.387113   0.872963   1.138310   1.077494   0.001000
 -0.287343  -0.074254  -0.387113   0.872963   1.138310   1.077494   0.001000
 -0.275671  -0.078683  -0.374005   0.882006   1.075515   1.078273   0.001000
 -0.294818  -0.068159  -0.374157   0.876609   0.856316   1.106828   0.001000
 -0.284449  -0.059835  -0.378950   0.878582   0.914747   1.163208   0.001000
 -0.284449  -0.059835  -0.378950   0.878582   0.914747   1.163208   0.001000
 -0.279405  -0.065109  -0.395528   0.872497   1.264428   0.957911   0.001000
 -0.292892  -0.076531  -0.374159   0.876563   1.152292   0.819985   0.001000
 -0.292892  -0.076531  -0.374159   0.876563   1.152292   0.819985   0.001000
 -0.292892  -0.076531  -0.374159   0.876563   1.152292   0.819985   0.001000
 -0.292892  -0.076531  -0.374159   0.876563   1.152292   0.819985   0.001000
 -0.292892  -0.076531  -0.374159   0.876563   1.152292   0.819985   0.001000
 -0.292892  -0.076531  -0.374159   0.876563   1.152292   0.819985   0.001000
 -0.292892  -0.076531  -0.374159   0.876563   1.152292   0.819985   0.001000
 -0.292892  -0.076531  -0.374159   0.876563   1.152292   0.819985   0.001000
 -0.292892  -0.076531  -0.374159   0.876563   1.152292   0.819985   0.001000
 -0.292892  -0.076531  -0.374159   0.876563   1.152292   0.819985   0.001000
 -0.292892  -0.076531  -0.374159   0.876563   1.152292   0.819985   0.001000
 -0.292892  -0.076531  -0.374159   0.876563   1.152292   0.819985   0.001000
 -0.292892  -0.076531  -0.374159   0.876563   1.152292   0.819985   0.001000
 -0.292892  -0.076531  -0.374159   0.876563   1.152292   0.819985   0.001000
 -0.292892  -0.076531  -0.374159   0.876563   1.152292   0.819985   0.001000
 -0.292892  -0.076531  -0.374159   0.876563   1.152292   0.819985   0.001000
 -0.292892  -0.076531  -0.374159   0.876563   1.152292   0.819985   0.001000
 -0.292892  -0.076531  -0.374159   0.876563   1.152292   0.819985   0.001000
 -0.292892  -0.076531  -0.374159   0.876563   1.152292   0.819985   0.001000
 -0.292892  -0.076531  -0.374159   0.876563   1.152292   0.819985   0.001000
 -0.292892  -0.076531  -0.374159   0.876563   1.152292   0.819985   0.001000
 -0.292503  -0.059471  -0.358389   0.884569   1.110410   0.552008   0.001000
 -0.303176  -0.074984  -0.372585   0.873866   0.828369   0.740025   0.001000
 -0.313147  -0.075376  -0.369632   0.871567   0.960326   0.796883   0.001000
 -0.298839  -0.057359  -0.383331   0.872045   0.818515   0.779258   0.001000
 -0.298839  -0.057359  -0.383331   0.872045   0.818515   0.779258   0.001000
 -0.272032  -0.076218  -0.382277   0.879803   0.891362   0.815056   0.001000
 -0.272032  -0.076218  -0.382277   0.879803   0.891362   0.815056   0.001000
 -0.297104  -0.079340  -0.378523   0.873015   0.940169   0.799421   0.001000
 -0.297104  -0.079340  -0.378523   0.873015   0.940169   0.799421   0.001000
 -0.297104  -0.079340  -0.378523   0.873015   0.940169   0.799421   0.001000
 -0.297104  -0.079340  -0.378523   0.873015   0.940169   0.799421   0.001000
 -0.297104  -0.079340  -0.378523   0.873015   0.940169   0.799421   0.001000
 -0.297104  -0.079340  -0.378523   0.873015   0.940169   0.799421   0.001000
 -0.297104  -0.079340  -0.378523   0.873015   0.940169   0.799421   0.001000
 -0.297104  -0.079340  -0.378523   0.873015   0.940169   0.799421   0.001000
 -0.297104  -0.079340  -0.378523   0.873015   0.940169   0.799421   0.001000
 -0.297104  -0.079340  -0.378523   0.873015   0.940169   0.799421   0.001000
 -0.297104  -0.079340  -0.378523   0.873015   0.940169   0.799421   0.001000
 -0.297104  -0.079340  -0.378523   0.873015   0.940169   0.799421   0.001000
 -0.297104  -0.079340  -0.378523   0.873015   0.940169   0.799421   0.001000
 -0.297104  -0.079340  -0.378523   0.873015   0.940169   0.799421   0.001000
 -0.297104  -0.079340  -0.378523   0.873015   0.940169   0.799421   0.001000
 -0.297104  -0.079340  -0.378523   0.873015   0.940169   0.799421   0.001000
 -0.297104  -0.079340  -0.378523   0.873015   0.940169   0.799421   0.001000
 -0.297104  -0.079340  -0.378523   0.873015   0.940169   0.799421   0.001000
 -0.297104  -0.079340  -0.378523   0.873015   0.940169   0.799421   0.001000
 -0.297104  -0.079340  -0.378523   0.873015   0.940169   0.799421   0.001000
 -0.297104  -0.079340  -0.378523   0.873015   0.940169   0.799421   0.001000
 -0.297104  -0.079340  -0.378523   0.873015   0.940169   0.799421   0.001000
 -0.279877  -0.050766  -0.380135   0.880107   0.855180   0.842499   0.001000
 -0.292428  -0.068425  -0.372445   0.878117   0.927768   0.834307   0.001000
 -0.292428  -0.068425  -0.372445   0.878117   0.927768   0.834307   0.001000
 -0.292428  -0.068425  -0.372445   0.878117   0.927768   0.834307   0.001000
 -0.292428  -0.068425  -0.372445   0.878117   0.927768   0.834307   0.001000
 -0.292428  -0.068425  -0.372445   0.878117   0.927768   0.834307   0.001000
 -0.292428  -0.068425  -0.372445   0.878117   0.927768   0.834307   0.001000
 -0.292428  -0.068425  -0.372445   0.878117   0.927768   0.834307   0.001000
 -0.292428  -0.068425  -0.372445   0.878117   0.927768   0.834307   0.001000
 -0.292428  -0.068425  -0.372445   0.878117   0.927768   0.834307   0.001000
 -0.292428  -0.068425  -0.372445   0.878117   0.927768   0.834307   0.001000
 -0.292428  -0.068425  -0.372445   0.878117   0.927768   0.834307   0.001000
 -0.292428  -0.068425  -0.372445   0.878117   0.927768   0.834307   0.001000
 -0.305127  -0.078810  -0.379060   0.870058   0.950673   0.795456   0.001000
 -0.305127  -0.078810  -0.379060   0.870058   0.950673   0.795456   0.001000
 -0.305127  -0.078810  -0.379060   0.870058   0.950673   0.795456   0.001000
 -0.277523  -0.071445  -0.366529   0.885174   0.863131   0.867940   0.001000
 -0.277523  -0.071445  -0.366529   0.885174   0.863131   0.867940   0.001000
 -0.277523  -0.071445  -0.366529   0.885174   0.863131   0.867940   0.001000
 -0.284248  -0.076885  -0.385349   0.874527   0.941586   0.854319   0.001000
 -0.284248  -0.076885  -0.385349   0.874527   0.941586   0.854319   0.001000
 -0.284248  -0.076885  -0.385349   0.874527   0.941586   0.854319   0.001000
 -0.284248  -0.076885  -0.385349   0.874527   0.941586   0.854319   0.001000
 -0.284248  -0.076885  -0.385349   0.874527   0.941586   0.854319   0.001000
 -0.284248  -0.076885  -0.385349   0.874527   0.941586   0.854319   0.001000
 -0.284248  -0.076885  -0.385349   0.874527   0.941586   0.854319   0.001000
 -0.284248  -0.076885  -0.385349   0.874527   0.941586   0.854319   0.001000
 -0.284248  -0.076885  -0.385349   0.874527   0.941586   0.854319   0.001000
 -0.284248  -0.076885  -0.385349   0.874527   0.941586   0.854319   0.001000
 -0.284248  -0.076885  -0.385349   0.874527   0.941586   0.854319   0.001000
 -0.284248  -0.076885  -0.385349   0.874527   0.941586   0.854319   0.001000
 -0.284248  -0.076885  -0.385349   0.874527   0.941586   0.854319   0.001000
 -0.284248  -0.076885  -0.385349   0.874527   0.941586   0.854319   0.001000
 -0.284248  -0.076885  -0.385349   0.874527   0.941586   0.854319   0.001000
 -0.284248  -0.076885  -0.385349   0.874527   0.941586   0.854319   0.001000
 -0.284248  -0.076885  -0.385349   0.874527   0.941586   0.854319   0.001000
 -0.284248  -0.076885  -0.385349   0.874527   0.941586   0.854319   0.001000
 -0.284248  -0.076885  -0.385349   0.874527   0.941586   0.854319   0.001000
 -0.284248  -0.076885  -0.385349   0.874527   0.941586   0.854319   0.001000
 -0.284248  -0.076885  -0.385349   0.874527   0.941586   0.854319   0.001000
 -0.284248  -0.076885  -0.385349   0.874527   0.941586   0.854319   0.001000
 -0.284248  -0.076885  -0.385349   0.874527   0.941586   0.854319   0.001000
 -0.284248  -0.076885  -0.385349   0.874527   0.941586   0.854319   0.001000
 -0.284248  -0.076885  -0.385349   0.874527   0.941586   0.854319   0.001000
 -0.284248  -0.076885  -0.385349   0.874527   0.941586   0.854319   0.001000
 -0.284248  -0.076885  -0.385349   0.874527   0.941586   0.854319   0.001000
 -0.300980  -0.054416  -0.351530   0.884803   0.768482   0.747364   0.001000
 -0.267090  -0.061466  -0.394107   0.877248   0.894173   0.845734   0.001000
 -0.267090  -0.061466  -0.394107   0.877248   0.894173   0.845734   0.001000
 -0.267090  -0.061466  -0.394107   0.877248   0.894173   0.845734   0.001000
 -0.267090  -0.061466  -0.394107   0.877248   0.894173   0.845734   0.001000
 -0.267090  -0.061466  -0.394107   0.877248   0.894173   0.845734   0.001000
 -0.267090  -0.061466  -0.394107   0.877248   0.894173   0.845734   0.001000
 -0.279798  -0.073176  -0.353753   0.889504   0.846396   0.791442   0.001000
 -0.265786  -0.072106  -0.388529   0.879320   0.999691   0.752300   0.001000
 -0.265786  -0.072106  -0.388529   0.879320   0.999691   0.752300   0.001000
 -0.265786  -0.072106  -0.388529   0.879320   0.999691   0.752300   0.001000
 -0.265786  -0.072106  -0.388529   0.879320   0.999691   0.752300   0.001000
 -0.265786  -0.072106  -0.388529   0.879320   0.999691   0.752300   0.001000
 -0.287583  -0.067357  -0.391717   0.871388   1.256042   1.221014   0.001000
 -0.274857  -0.071981  -0.360259   0.888530   0.832050   0.779029   0.001000
 -0.296948  -0.072112  -0.367603   0.878345   1.294209   0.778522   0.001000
 -0.296948  -0.072112  -0.367603   0.878345   1.294209   0.778522   0.001000
 -0.296948  -0.072112  -0.367603   0.878345   1.294209   0.778522   0.001000
 -0.292597  -0.074858  -0.369147   0.878928   1.222344   0.824115   0.001000
 -0.292597  -0.074858  -0.369147   0.878928   1.222344   0.824115   0.001000
 -0.292597  -0.074858  -0.369147   0.878928   1.222344   0.824115   0.001000
 -0.292597  -0.074858  -0.369147   0.878928   1.222344   0.824115   0.001000
 -0.292597  -0.074858  -0.369147   0.878928   1.222344   0.824115   0.001000
 -0.292597  -0.074858  -0.369147   0.878928   1.222344   0.824115   0.001000
 -0.292597  -0.074858  -0.369147   0.878928   1.222344   0.824115   0.001000
 -0.292597  -0.074858  -0.369147   0.878928   1.222344   0.824115   0.001000
 -0.302947  -0.069193  -0.386584   0.868325   1.023890   0.763878   0.001000
 -0.302947  -0.069193  -0.386584   0.868325   1.023890   0.763878   0.001000
 -0.306330  -0.070878  -0.366366   0.875736   1.093049   0.975697   0.001000
 -0.306330  -0.070878  -0.366366   0.875736   1.093049   0.975697   0.001000
 -0.299445  -0.056774  -0.387546   0.870010   1.043770   0.858901   0.001000
 -0.300353  -0.072203  -0.383835   0.870198   1.112893   0.844335   0.001000
 -0.300353  -0.072203  -0.383835   0.870198   1.112893   0.844335   0.001000
 -0.300353  -0.072203  -0.383835   0.870198   1.112893   0.844335   0.001000
 -0.288064  -0.078898  -0.373527   0.878221   1.322403   0.706797   0.001000
 -0.288064  -0.078898  -0.373527   0.878221   1.322403   0.706797   0.001000
 -0.291430  -0.077306  -0.385614   0.872006   1.130393   0.829414   0.001000
 -0.291430  -0.077306  -0.385614   0.872006   1.130393   0.829414   0.001000
 -0.291430  -0.077306  -0.385614   0.872006   1.130393   0.829414   0.001000
 -0.291430  -0.077306  -0.385614   0.872006   1.130393   0.829414   0.001000
 -0.292883  -0.063956  -0.374864   0.877272   1.163204   0.823457   0.001000
 -0.292883  -0.063956  -0.374864   0.877272   1.163204   0.823457   0.001000
 -0.292883  -0.063956  -0.374864   0.877272   1.163204   0.823457   0.001000
 -0.292883  -0.063956  -0.374864   0.877272   1.163204   0.823457   0.001000
 -0.292883  -0.063956  -0.374864   0.877272   1.163204   0.823457   0.001000
 -0.292883  -0.063956  -0.374864   0.877272   1.163204   0.823457   0.001000
 -0.292883  -0.063956  -0.374864   0.877272   1.163204   0.823457   0.001000
 -0.292883  -0.063956  -0.374864   0.877272   1.163204   0.823457   0.001000
 -0.292883  -0.063956  -0.374864   0.877272   1.163204   0.823457   0.001000
 -0.292883  -0.063956  -0.374864   0.877272   1.163204   0.823457   0.001000
 -0.292883  -0.063956  -0.374864   0.877272   1.163204   0.823457   0.001000
 -0.292883  -0.063956  -0.374864   0.877272   1.163204   0.823457   0.001000
 -0.290330  -0.071603  -0.378341   0.876036   1.260409   0.735838   0.001000
 -0.298464  -0.063984  -0.372057   0.876584   1.135636   0.656189   0.001000
 -0.298464  -0.063984  -0.372057   0.876584   1.135636   0.656189   0.001000
 -0.310719  -0.061893  -0.365472   0.875244   1.082733   0.802529   0.001000
 -0.312564  -0.059435  -0.348836   0.881524   1.310897   0.795573   0.001000
 -0.283051  -0.075184  -0.366904   0.882956   1.122871   0.864476   0.001000
 -0.287973  -0.069882  -0.377213   0.877438   1.163083   0.931448   0.001000
 -0.287973  -0.069882  -0.377213   0.877438   1.163083   0.931448   0.001000
 -0.287973  -0.069882  -0.377213   0.877438   1.163083   0.931448   0.001000
 -0.287973  -0.069882  -0.377213   0.877438   1.163083   0.931448   0.001000
 -0.287973  -0.069882  -0.377213   0.877438   1.163083   0.931448   0.001000
 -0.287745  -0.076674  -0.381361   0.875150   1.139123   0.888120   0.001000
 -0.287745  -0.076674  -0.381361   0.875150   1.139123   0.888120   0.001000
 -0.287745  -0.076674  -0.381361   0.875150   1.139123   0.888120   0.001000
 -0.287745  -0.076674  -0.381361   0.875150   1.139123   0.888120   0.001000
 -0.287745  -0.076674  -0.381361   0.875150   1.139123   0.888120   0.001000
 -0.287745  -0.076674  -0.381361   0.875150   1.139123   0.888120   0.001000
 -0.260796  -0.103290  -0.362133   0.888919   1.147763   0.978122   0.001000
 -0.297707  -0.052954  -0.360049   0.882571   1.224046   0.723597   0.001000
 -0.297032  -0.053950  -0.394958   0.867681   1.040863   0.734130   0.001000
 -0.266287  -0.074877  -0.382931   0.881390   1.055252   0.714382   0.001000
 -0.300011  -0.075755  -0.369109   0.876364   1.068785   0.653533   0.001000
 -0.300011  -0.075755  -0.369109   0.876364   1.068785   0.653533   0.001000
 -0.300011  -0.075755  -0.369109   0.876364   1.068785   0.653533   0.001000
 -0.300011  -0.075755  -0.369109   0.876364   1.068785   0.653533   0.001000
 -0.300011  -0.075755  -0.369109   0.876364   1.068785   0.653533   0.001000
 -0.300011  -0.075755  -0.369109   0.876364   1.068785   0.653533   0.001000
 -0.300011  -0.075755  -0.369109   0.876364   1.068785   0.653533   0.001000
 -0.300011  -0.075755  -0.369109   0.876364   1.068785   0.653533   0.001000
 -0.300011  -0.075755  -0.369109   0.876364   1.068785   0.653533   0.001000
 -0.300011  -0.075755  -0.369109   0.876364   1.068785   0.653533   0.001000
 -0.300011  -0.075755  -0.369109   0.876364   1.068785   0.653533   0.001000
 -0.300011  -0.075755  -0.369109   0.876364   1.068785   0.653533   0.001000
 -0.300011  -0.075755  -0.369109   0.876364   1.068785   0.653533   0.001000
 -0.300011  -0.075755  -0.369109   0.876364   1.068785   0.653533   0.001000
 -0.293323  -0.061125  -0.376132   0.876784   1.042585   0.705252   0.001000
 -0.293323  -0.061125  -0.376132   0.876784   1.042585   0.705252   0.001000
 -0.293323  -0.061125  -0.376132   0.876784   1.042585   0.705252   0.001000
 -0.293323  -0.061125  -0.376132   0.876784   1.042585   0.705252   0.001000
 -0.293323  -0.061125  -0.376132   0.876784   1.042585   0.705252   0.001000
 -0.293323  -0.061125  -0.376132   0.876784   1.042585   0.705252   0.001000
 -0.268546  -0.061037  -0.408117   0.870401   0.964649   0.578050   0.001000
 -0.304169  -0.068392  -0.370742   0.874845   0.903954   0.656442   0.001000
 -0.304169  -0.068392  -0.370742   0.874845   0.903954   0.656442   0.001000
 -0.304169  -0.068392  -0.370742   0.874845   0.903954   0.656442   0.001000
 -0.304169  -0.068392  -0.370742   0.874845   0.903954   0.656442   0.001000
 -0.304169  -0.068392  -0.370742   0.874845   0.903954   0.656442   0.001000
 -0.304169  -0.068392  -0.370742   0.874845   0.903954   0.656442   0.001000
 -0.304169  -0.068392  -0.370742   0.874845   0.903954   0.656442   0.001000
 -0.304169  -0.068392  -0.370742   0.874845   0.903954   0.656442   0.001000
 -0.304169  -0.068392  -0.370742   0.874845   0.903954   0.656442   0.001000
 -0.304169  -0.068392  -0.370742   0.874845   0.903954   0.656442   0.001000
 -0.304169  -0.068392  -0.370742   0.874845   0.903954   0.656442   0.001000
 -0.304169  -0.068392  -0.370742   0.874845   0.903954   0.656442   0.001000
 -0.304169  -0.068392  -0.370742   0.874845   0.903954   0.656442   0.001000
 -0.304169  -0.068392  -0.370742   0.874845   0.903954   0.656442   0.001000
 -0.304169  -0.068392  -0.370742   0.874845   0.903954   0.656442   0.001000
 -0.304169  -0.068392  -0.370742   0.874845   0.903954   0.656442   0.001000
 -0.304169  -0.068392  -0.370742   0.874845   0.903954   0.656442   0.001000
 -0.304169  -0.068392  -0.370742   0.874845   0.903954   0.656442   0.001000
 -0.304169  -0.068392  -0.370742   0.874845   0.903954   0.656442   0.001000
 -0.299869  -0.063548  -0.377735   0.873703   1.033745   0.747233   0.001000
 -0.299869  -0.063548  -0.377735   0.873703   1.033745   0.747233   0.001000
 -0.299869  -0.063548  -0.377735   0.873703   1.033745   0.747233   0.001000
 -0.299869  -0.063548  -0.377735   0.873703   1.033745   0.747233   0.001000
 -0.299869  -0.063548  -0.377735   0.873703   1.033745   0.747233   0.001000
 -0.349631  -0.069460  -0.347893   0.867124   0.844460   0.738008   0.001000
 -0.279355  -0.074072  -0.360037   0.887044   0.811970   0.892439   0.001000
 -0.294553  -0.061422  -0.373777   0.877358   0.980591   0.790018   0.001000
 -0.294553  -0.061422  -0.373777   0.877358   0.980591   0.790018   0.001000
 -0.294553  -0.061422  -0.373777   0.877358   0.980591   0.790018   0.001000
 -0.294553  -0.061422  -0.373777   0.877358   0.980591   0.790018   0.001000
 -0.294553  -0.061422  -0.373777   0.877358   0.980591   0.790018   0.001000
 -0.294553  -0.061422  -0.373777   0.877358   0.980591   0.790018   0.001000
 -0.294553  -0.061422  -0.373777   0.877358   0.980591   0.790018   0.001000
 -0.294553  -0.061422  -0.373777   0.877358   0.980591   0.790018   0.001000
 -0.294553  -0.061422  -0.373777   0.877358   0.980591   0.790018   0.001000
 -0.294553  -0.061422  -0.373777   0.877358   0.980591   0.790018   0.001000
 -0.298472  -0.066168  -0.372976   0.876028   1.115722   0.869251   0.001000
 -0.298472  -0.066168  -0.372976   0.876028   1.115722   0.869251   0.001000
 -0.298472  -0.066168  -0.372976   0.876028   1.115722   0.869251   0.001000
 -0.298472  -0.066168  -0.372976   0.876028   1.115722   0.869251   0.001000
 -0.298472  -0.066168  -0.372976   0.876028   1.115722   0.869251   0.001000
 -0.298472  -0.066168  -0.372976   0.876028   1.115722   0.869251   0.001000
 -0.298472  -0.066168  -0.372976   0.876028   1.115722   0.869251   0.001000
 -0.298472  -0.066168  -0.372976   0.876028   1.115722   0.869251   0.001000
 -0.298472  -0.066168  -0.372976   0.876028   1.115722   0.869251   0.001000
 -0.298472  -0.066168  -0.372976   0.876028   1.115722   0.869251   0.001000
 -0.298472  -0.066168  -0.372976   0.876028   1.115722   0.869251   0.001000
 -0.298472  -0.066168  -0.372976   0.876028   1.115722   0.869251   0.001000
 -0.298472  -0.066168  -0.372976   0.876028   1.115722   0.869251   0.001000
 -0.298472  -0.066168  -0.372976   0.876028   1.115722   0.869251   0.001000
 -0.298472  -0.066168  -0.372976   0.876028   1.115722   0.869251   0.001000
 -0.298472  -0.066168  -0.372976   0.876028   1.115722   0.869251   0.001000
 -0.298472  -0.066168  -0.372976   0.876028   1.115722   0.869251   0.001000
 -0.298472  -0.066168  -0.372976   0.876028   1.115722   0.869251   0.001000
 -0.298472  -0.066168  -0.372976   0.876028   1.115722   0.869251   0.001000
 -0.298472  -0.066168  -0.372976   0.876028   1.115722   0.869251   0.001000
 -0.298472  -0.066168  -0.372976   0.876028   1.115722   0.869251   0.001000
 -0.288057  -0.091452  -0.375110   0.876329   1.061742   0.852519   0.001000
 -0.288057  -0.091452  -0.375110   0.876329   1.061742   0.852519   0.001000
 -0.288057  -0.091452  -0.375110   0.876329   1.061742   0.852519   0.001000
 -0.297035  -0.071245  -0.371094   0.876917   1.004882   0.857958   0.001000
 -0.297035  -0.071245  -0.371094   0.876917   1.004882   0.857958   0.001000
 -0.297035  -0.071245  -0.371094   0.876917   1.004882   0.857958   0.001000
 -0.297035  -0.071245  -0.371094   0.876917   1.004882   0.857958   0.001000
 -0.297035  -0.071245  -0.371094   0.876917   1.004882   0.857958   0.001000
 -0.297035  -0.071245  -0.371094   0.876917   1.004882   0.857958   0.001000
 -0.297035  -0.071245  -0.371094   0.876917   1.004882   0.857958   0.001000
 -0.281838  -0.059216  -0.386760   0.876058   1.081993   0.814631   0.001000
 -0.309305  -0.059449  -0.385874   0.867120   0.948145   0.866298   0.001000
 -0.309305  -0.059449  -0.385874   0.867120   0.948145   0.866298   0.001000
 -0.309305  -0.059449  -0.385874   0.867120   0.948145   0.866298   0.001000
 -0.309305  -0.059449  -0.385874   0.867120   0.948145   0.866298   0.001000
 -0.286042  -0.068145  -0.371468   0.880652   1.013325   0.819797   0.001000
 -0.286042  -0.068145  -0.371468   0.880652   1.013325   0.819797   0.001000
 -0.286042  -0.068145  -0.371468   0.880652   1.013325   0.819797   0.001000
 -0.286042  -0.068145  -0.371468   0.880652   1.013325   0.819797   0.001000
 -0.286042  -0.068145  -0.371468   0.880652   1.013325   0.819797   0.001000
 -0.286042  -0.068145  -0.371468   0.880652   1.013325   0.819797   0.001000
 -0.286042  -0.068145  -0.371468   0.880652   1.013325   0.819797   0.001000
 -0.286042  -0.068145  -0.371468   0.880652   1.013325   0.819797   0.001000
 -0.298844  -0.083257  -0.384815   0.869298   1.018380   0.850495   0.001000
 -0.523712  -0.047121  -0.274930   0.804934   1.022423   0.889009   0.001000
 -0.306467  -0.081848  -0.383385   0.867407   0.911323   0.987154   0.001000
 -0.289695  -0.085371  -0.383428   0.872795   1.002334   0.956697   0.001000
 -0.289695  -0.085371  -0.383428   0.872795   1.002334   0.956697   0.001000
 -0.289695  -0.085371  -0.383428   0.872795   1.002334   0.956697   0.001000
 -0.289695  -0.085371  -0.383428   0.872795   1.002334   0.956697   0.001000
 -0.289695  -0.085371  -0.383428   0.872795   1.002334   0.956697   0.001000
 -0.289695  -0.085371  -0.383428   0.872795   1.002334   0.956697   0.001000
 -0.289695  -0.085371  -0.383428   0.872795   1.002334   0.956697   0.001000
 -0.289695  -0.085371  -0.383428   0.872795   1.002334   0.956697   0.001000
 -0.289695  -0.085371  -0.383428   0.872795   1.002334   0.956697   0.001000
 -0.289695  -0.085371  -0.383428   0.872795   1.002334   0.956697   0.001000
 -0.283939  -0.063440  -0.375257   0.880077   1.077088   0.871262   0.001000
 -0.283939  -0.063440  -0.375257   0.880077   1.077088   0.871262   0.001000
 -0.297996  -0.061076  -0.387282   0.870334   0.995284   0.924078   0.001000
 -0.297996  -0.061076  -0.387282   0.870334   0.995284   0.924078   0.001000
 -0.297996  -0.061076  -0.387282   0.870334   0.995284   0.924078   0.001000
 -0.297996  -0.061076  -0.387282   0.870334   0.995284   0.924078   0.001000
 -0.297996  -0.061076  -0.387282   0.870334   0.995284   0.924078   0.001000
 -0.297996  -0.061076  -0.387282   0.870334   0.995284   0.924078   0.001000
 -0.297996  -0.061076  -0.387282   0.870334   0.995284   0.924078   0.001000
 -0.297996  -0.061076  -0.387282   0.870334   0.995284   0.924078   0.001000
 -0.297996  -0.061076  -0.387282   0.870334   0.995284   0.924078   0.001000
 -0.297996  -0.061076  -0.387282   0.870334   0.995284   0.924078   0.001000
 -0.297996  -0.061076  -0.387282   0.870334   0.995284   0.924078   0.001000
 -0.297996  -0.061076  -0.387282   0.870334   0.995284   0.924078   0.001000
 -0.297996  -0.061076  -0.387282   0.870334   0.995284   0.924078   0.001000
 -0.297996  -0.061076  -0.387282   0.870334   0.995284   0.924078   0.001000
 -0.297996  -0.061076  -0.387282   0.870334   0.995284   0.924078   0.001000
 -0.297996  -0.061076  -0.387282   0.870334   0.995284   0.924078   0.001000
 -0.297996  -0.061076  -0.387282   0.870334   0.995284   0.924078   0.001000
 -0.297996  -0.061076  -0.387282   0.870334   0.995284   0.924078   0.001000
 -0.297996  -0.061076  -0.387282   0.870334   0.995284   0.924078   0.001000
 -0.297996  -0.061076  -0.387282   0.870334   0.995284   0.924078   0.001000
 -0.286827  -0.076902  -0.386630   0.873117   0.840164   0.910344   0.001000
 -0.286827  -0.076902  -0.386630   0.873117   0.840164   0.910344   0.001000
 -0.286827  -0.076902  -0.386630   0.873117   0.840164   0.910344   0.001000
 -0.286827  -0.076902  -0.386630   0.873117   0.840164   0.910344   0.001000
 -0.286827  -0.076902  -0.386630   0.873117   0.840164   0.910344   0.001000
 -0.286827  -0.076902  -0.386630   0.873117   0.840164   0.910344   0.001000
 -0.286827  -0.076902  -0.386630   0.873117   0.840164   0.910344   0.001000
 -0.286827  -0.076902  -0.386630   0.873117   0.840164   0.910344   0.001000
 -0.286827  -0.076902  -0.386630   0.873117   0.840164   0.910344   0.001000
 -0.286827  -0.076902  -0.386630   0.873117   0.840164   0.910344   0.001000
 -0.286827  -0.076902  -0.386630   0.873117   0.840164   0.910344   0.001000
 -0.286827  -0.076902  -0.386630   0.873117   0.840164   0.910344   0.001000
 -0.286827  -0.076902  -0.386630   0.873117   0.840164   0.910344   0.001000
 -0.286827  -0.076902  -0.386630   0.873117   0.840164   0.910344   0.001000
 -0.286827  -0.076902  -0.386630   0.873117   0.840164   0.910344   0.001000
 -0.286827  -0.076902  -0.386630   0.873117   0.840164   0.910344   0.001000
 -0.286827  -0.076902  -0.386630   0.873117   0.840164   0.910344   0.001000
 -0.286827  -0.076902  -0.386630   0.873117   0.840164   0.910344   0.001000
 -0.286827  -0.076902  -0.386630   0.873117   0.840164   0.910344   0.001000
 -0.286827  -0.076902  -0.386630   0.873117   0.840164   0.910344   0.001000
 -0.286827  -0.076902  -0.386630   0.873117   0.840164   0.910344   0.001000
 -0.286827  -0.076902  -0.386630   0.873117   0.840164   0.910344   0.001000
 -0.286827  -0.076902  -0.386630   0.873117   0.840164   0.910344   0.001000
 -0.286827  -0.076902  -0.386630   0.873117   0.840164   0.910344   0.001000
 -0.286827  -0.076902  -0.386630   0.873117   0.840164   0.910344   0.001000
 -0.286827  -0.076902  -0.386630   0.873117   0.840164   0.910344   0.001000
 -0.286827  -0.076902  -0.386630   0.873117   0.840164   0.910344   0.001000
 -0.286827  -0.076902  -0.386630   0.873117   0.840164   0.910344   0.001000
 -0.286827  -0.076902  -0.386630   0.873117   0.840164   0.910344   0.001000
 -0.286827  -0.076902  -0.386630   0.873117   0.840164   0.910344   0.001000
 -0.286827  -0.076902  -0.386630   0.873117   0.840164   0.910344   0.001000
 -0.286827  -0.076902  -0.386630   0.873117   0.840164   0.910344   0.001000
 -0.286827  -0.076902  -0.386630   0.873117   0.840164   0.910344   0.001000
 -0.286827  -0.076902  -0.386630   0.873117   0.840164   0.910344   0.001000
 -0.286827  -0.076902  -0.386630   0.873117   0.840164   0.910344   0.001000
 -0.286827  -0.076902  -0.386630   0.873117   0.840164   0.910344   0.001000
 -0.286827  -0.076902  -0.386630   0.873117   0.840164   0.910344   0.001000
 -0.286827  -0.076902  -0.386630   0.873117   0.840164   0.910344   0.001000
 -0.286827  -0.076902  -0.386630   0.873117   0.840164   0.910344   0.001000
 -0.286587  -0.066560  -0.359687   0.885473   1.210613   0.640946   0.001000
 -0.286587  -0.066560  -0.359687   0.885473   1.210613   0.640946   0.001000
 -0.286587  -0.066560  -0.359687   0.885473   1.210613   0.640946   0.001000
 -0.286587  -0.066560  -0.359687   0.885473   1.210613   0.640946   0.001000
 -0.300838  -0.058754  -0.381755   0.871956   1.267906   0.734709   0.001000
 -0.300838  -0.058754  -0.381755   0.871956   1.267906   0.734709   0.001000
 -0.294264  -0.070259  -0.377085   0.875374   1.155388   0.662401   0.001000
 -0.294264  -0.070259  -0.377085   0.875374   1.155388   0.662401   0.001000
 -0.294264  -0.070259  -0.377085   0.875374   1.155388   0.662401   0.001000
 -0.294264  -0.070259  -0.377085   0.875374   1.155388   0.662401   0.001000
 -0.294264  -0.070259  -0.377085   0.875374   1.155388   0.662401   0.001000
 -0.294264  -0.070259  -0.377085   0.875374   1.155388   0.662401   0.001000
 -0.294264  -0.070259  -0.377085   0.875374   1.155388   0.662401   0.001000
 -0.294264  -0.070259  -0.377085   0.875374   1.155388   0.662401   0.001000
 -0.294264  -0.070259  -0.377085   0.875374   1.155388   0.662401   0.001000
 -0.294264  -0.070259  -0.377085   0.875374   1.155388   0.662401   0.001000
 -0.294264  -0.070259  -0.377085   0.875374   1.155388   0.662401   0.001000
 -0.294264  -0.070259  -0.377085   0.875374   1.155388   0.662401   0.001000
 -0.294264  -0.070259  -0.377085   0.875374   1.155388   0.662401   0.001000
 -0.294264  -0.070259  -0.377085   0.875374   1.155388   0.662401   0.001000
 -0.294264  -0.070259  -0.377085   0.875374   1.155388   0.662401   0.001000
 -0.294264  -0.070259  -0.377085   0.875374   1.155388   0.662401   0.001000
 -0.294264  -0.070259  -0.377085   0.875374   1.155388   0.662401   0.001000
 -0.294264  -0.070259  -0.377085   0.875374   1.155388   0.662401   0.001000
 -0.294264  -0.070259  -0.377085   0.875374   1.155388   0.662401   0.001000
 -0.294264  -0.070259  -0.377085   0.875374   1.155388   0.662401   0.001000
 -0.294264  -0.070259  -0.377085   0.875374   1.155388   0.662401   0.001000
 -0.294264  -0.070259  -0.377085   0.875374   1.155388   0.662401   0.001000
 -0.294264  -0.070259  -0.377085   0.875374   1.155388   0.662401   0.001000
 -0.294264  -0.070259  -0.377085   0.875374   1.155388   0.662401   0.001000
 -0.294264  -0.070259  -0.377085   0.875374   1.155388   0.662401   0.001000
 -0.294264  -0.070259  -0.377085   0.875374   1.155388   0.662401   0.001000
 -0.294264  -0.070259  -0.377085   0.875374   1.155388   0.662401   0.001000
 -0.294264  -0.070259  -0.377085   0.875374   1.155388   0.662401   0.001000
 -0.294264  -0.070259  -0.377085   0.875374   1.155388   0.662401   0.001000
 -0.294264  -0.070259  -0.377085   0.875374   1.155388   0.662401   0.001000
 -0.294264  -0.070259  -0.377085   0.875374   1.155388   0.662401   0.001000
 -0.294264  -0.070259  -0.377085   0.875374   1.155388   0.662401   0.001000
 -0.294264  -0.070259  -0.377085   0.875374   1.155388   0.662401   0.001000
 -0.294264  -0.070259  -0.377085   0.875374   1.155388   0.662401   0.001000
 -0.294264  -0.070259  -0.377085   0.875374   1.155388   0.662401   0.001000
 -0.294264  -0.070259  -0.377085   0.875374   1.155388   0.662401   0.001000
 -0.303646  -0.076343  -0.378068   0.871226   1.142818   0.773280   0.001000
 -0.303646  -0.076343  -0.378068   0.871226   1.142818   0.773280   0.001000
 -0.303646  -0.076343  -0.378068   0.871226   1.142818   0.773280   0.001000
 -0.303646  -0.076343  -0.378068   0.871226   1.142818   0.773280   0.001000
 -0.303646  -0.076343  -0.378068   0.871226   1.142818   0.773280   0.001000
 -0.303646  -0.076343  -0.378068   0.871226   1.142818   0.773280   0.001000
 -0.303646  -0.076343  -0.378068   0.871226   1.142818   0.773280   0.001000
 -0.303646  -0.076343  -0.378068   0.871226   1.142818   0.773280   0.001000
 -0.311859  -0.077957  -0.374398   0.869766   1.273646   0.903180   0.001000
 -0.311859  -0.077957  -0.374398   0.869766   1.273646   0.903180   0.001000
 -0.279555  -0.079281  -0.372684   0.881289   1.071840   0.923923   0.001000
 -0.279555  -0.079281  -0.372684   0.881289   1.071840   0.923923   0.001000
 -0.294232  -0.065758  -0.365530   0.880620   1.096269   0.952885   0.001000
 -0.294232  -0.065758  -0.365530   0.880620   1.096269   0.952885   0.001000
 -0.294232  -0.065758  -0.365530   0.880620   1.096269   0.952885   0.001000
 -0.310149  -0.071691  -0.383870   0.866783   0.850777   0.859309   0.001000
 -0.310149  -0.071691  -0.383870   0.866783   0.850777   0.859309   0.001000
 -0.303109  -0.070893  -0.378823   0.871546   1.070139   0.850304   0.001000
 -0.303109  -0.070893  -0.378823   0.871546   1.070139   0.850304   0.001000
 -0.303109  -0.070893  -0.378823   0.871546   1.070139   0.850304   0.001000
 -0.296064  -0.071016  -0.371573   0.877061   1.017713   0.869630   0.001000
 -0.293868  -0.063597  -0.368634   0.879606   1.238581   0.972596   0.001000
 -0.282658  -0.074775  -0.381508   0.876907   1.257013   0.803130   0.001000
 -0.282658  -0.074775  -0.381508   0.876907   1.257013   0.803130   0.001000
 -0.278503  -0.058053  -0.380610   0.879887   1.351289   0.885943   0.001000
 -0.268637  -0.079601  -0.376752   0.882925   1.262180   0.814458   0.001000
 -0.296929  -0.075876  -0.383059   0.871402   1.497204   0.808587   0.001000
 -0.317058  -0.071152  -0.386047   0.863354   0.884936   0.902234   0.001000
 -0.317058  -0.071152  -0.386047   0.863354   0.884936   0.902234   0.001000
 -0.291556  -0.072206  -0.378229   0.875628   1.030855   0.948636   0.001000
 -0.291556  -0.072206  -0.378229   0.875628   1.030855   0.948636   0.001000
 -0.291556  -0.072206  -0.378229   0.875628   1.030855   0.948636   0.001000
 -0.291556  -0.072206  -0.378229   0.875628   1.030855   0.948636   0.001000
 -0.291556  -0.072206  -0.378229   0.875628   1.030855   0.948636   0.001000
 -0.291556  -0.072206  -0.378229   0.875628   1.030855   0.948636   0.001000
 -0.291556  -0.072206  -0.378229   0.875628   1.030855   0.948636   0.001000
 -0.291556  -0.072206  -0.378229   0.875628   1.030855   0.948636   0.001000
 -0.291556  -0.072206  -0.378229   0.875628   1.030855   0.948636   0.001000
 -0.302693  -0.069485  -0.374374   0.873724   1.019733   0.936508   0.001000
 -0.276822  -0.061236  -0.384202   0.878640   1.081036   1.084445   0.001000
 -0.276822  -0.061236  -0.384202   0.878640   1.081036   1.084445   0.001000
 -0.276822  -0.061236  -0.384202   0.878640   1.081036   1.084445   0.001000
 -0.270358  -0.076892  -0.389135   0.877251   1.190698   0.940249   0.001000
 -0.270358  -0.076892  -0.389135   0.877251   1.190698   0.940249   0.001000
 -0.292209  -0.092642  -0.380517   0.872490   1.207139   0.839199   0.001000
 -0.301652  -0.067762  -0.377249   0.872982   1.143346   0.977930   0.001000
 -0.301652  -0.067762  -0.377249   0.872982   1.143346   0.977930   0.001000
 -0.301652  -0.067762  -0.377249   0.872982   1.143346   0.977930   0.001000
 -0.301652  -0.067762  -0.377249   0.872982   1.143346   0.977930   0.001000
 -0.301652  -0.067762  -0.377249   0.872982   1.143346   0.977930   0.001000
 -0.301652  -0.067762  -0.377249   0.872982   1.143346   0.977930   0.001000
 -0.301652  -0.067762  -0.377249   0.872982   1.143346   0.977930   0.001000
 -0.301652  -0.067762  -0.377249   0.872982   1.143346   0.977930   0.001000
 -0.301652  -0.067762  -0.377249   0.872982   1.143346   0.977930   0.001000
 -0.301652  -0.067762  -0.377249   0.872982   1.143346   0.977930   0.001000
 -0.301652  -0.067762  -0.377249   0.872982   1.143346   0.977930   0.001000
 -0.301652  -0.067762  -0.377249   0.872982   1.143346   0.977930   0.001000
 -0.301652  -0.067762  -0.377249   0.872982   1.143346   0.977930   0.001000
 -0.301652  -0.067762  -0.377249   0.872982   1.143346   0.977930   0.001000
 -0.301652  -0.067762  -0.377249   0.872982   1.143346   0.977930   0.001000
 -0.301652  -0.067762  -0.377249   0.872982   1.143346   0.977930   0.001000
 -0.301652  -0.067762  -0.377249   0.872982   1.143346   0.977930   0.001000
 -0.301652  -0.067762  -0.377249   0.872982   1.143346   0.977930   0.001000
 -0.301652  -0.067762  -0.377249   0.872982   1.143346   0.977930   0.001000
 -0.301652  -0.067762  -0.377249   0.872982   1.143346   0.977930   0.001000
 -0.301652  -0.067762  -0.377249   0.872982   1.143346   0.977930   0.001000
 -0.301652  -0.067762  -0.377249   0.872982   1.143346   0.977930   0.001000
 -0.301652  -0.067762  -0.377249   0.872982   1.143346   0.977930   0.001000
 -0.301652  -0.067762  -0.377249   0.872982   1.143346   0.977930   0.001000
 -0.301652  -0.067762  -0.377249   0.872982   1.143346   0.977930   0.001000
 -0.301652  -0.067762  -0.377249   0.872982   1.143346   0.977930   0.001000
 -0.301652  -0.067762  -0.377249   0.872982   1.143346   0.977930   0.001000
 -0.301652  -0.067762  -0.377249   0.872982   1.143346   0.977930   0.001000
 -0.301652  -0.067762  -0.377249   0.872982   1.143346   0.977930   0.001000
 -0.301652  -0.067762  -0.377249   0.872982   1.143346   0.977930   0.001000
 -0.301652  -0.067762  -0.377249   0.872982   1.143346   0.977930   0.001000
 -0.301652  -0.067762  -0.377249   0.872982   1.143346   0.977930   0.001000
 -0.301652  -0.067762  -0.377249   0.872982   1.143346   0.977930   0.001000
 -0.301652  -0.067762  -0.377249   0.872982   1.143346   0.977930   0.001000
 -0.301652  -0.067762  -0.377249   0.872982   1.143346   0.977930   0.001000
 -0.291071  -0.082988  -0.387094   0.870947   1.017713   0.992604   0.001000
 -0.319309  -0.065359  -0.333507   0.884615   0.915997   0.854286   0.001000
 -0.290933  -0.077190  -0.381057   0.874183   1.014902   0.861313   0.001000
 -0.305274  -0.072134  -0.386666   0.867234   0.909429   0.917814   0.001000
 -0.308252  -0.071327  -0.378794   0.869717   1.059716   0.922300   0.001000
 -0.308252  -0.071327  -0.378794   0.869717   1.059716   0.922300   0.001000
 -0.308252  -0.071327  -0.378794   0.869717   1.059716   0.922300   0.001000
 -0.308252  -0.071327  -0.378794   0.869717   1.059716   0.922300   0.001000
 -0.308252  -0.071327  -0.378794   0.869717   1.059716   0.922300   0.001000
 -0.300512  -0.068763  -0.404533   0.860998   1.096953   0.932332   0.001000
 -0.298028  -0.067065  -0.370587   0.877124   0.967598   0.922489   0.001000
 -0.298028  -0.067065  -0.370587   0.877124   0.967598   0.922489   0.001000
 -0.298028  -0.067065  -0.370587   0.877124   0.967598   0.922489   0.001000
 -0.298028  -0.067065  -0.370587   0.877124   0.967598   0.922489   0.001000
 -0.298028  -0.067065  -0.370587   0.877124   0.967598   0.922489   0.001000
 -0.285996  -0.070529  -0.378509   0.877475   0.858254   0.866910   0.001000
 -0.285996  -0.070529  -0.378509   0.877475   0.858254   0.866910   0.001000
 -0.252000  -0.060656  -0.343019   0.902859   1.140319   0.940139   0.001000
 -0.296897  -0.084782  -0.401608   0.862192   0.971735   1.135980   0.001000
 -0.303444  -0.075691  -0.368453   0.875463   1.102645   1.035960   0.001000
 -0.308395  -0.078452  -0.379990   0.868531   1.067776   1.122987   0.001000
 -0.302234  -0.077909  -0.390716   0.865982   1.035435   1.168381   0.001000
 -0.289015  -0.078404  -0.395194   0.868415   1.306418   1.004884   0.001000
 -0.295979  -0.061822  -0.376151   0.875834   0.317580   0.757185   0.001000
 -0.295979  -0.061822  -0.376151   0.875834   0.317580   0.757185   0.001000
 -0.295979  -0.061822  -0.376151   0.875834   0.317580   0.757185   0.001000
 -0.297236  -0.059172  -0.381742   0.873168   0.529145   0.718145   0.001000
 -0.274400  -0.093678  -0.372390   0.881620   1.045805   0.734602   0.001000
 -0.295233  -0.034720  -0.361824   0.883581   0.944826   0.791282   0.001000
 -0.301111  -0.078773  -0.373268   0.873955   0.928022   0.826892   0.001000
 -0.307280  -0.069452  -0.374913   0.871892   1.054795   0.761548   0.001000
 -0.307280  -0.069452  -0.374913   0.871892   1.054795   0.761548   0.001000
 -0.307280  -0.069452  -0.374913   0.871892   1.054795   0.761548   0.001000
 -0.307280  -0.069452  -0.374913   0.871892   1.054795   0.761548   0.001000
 -0.307280  -0.069452  -0.374913   0.871892   1.054795   0.761548   0.001000
 -0.307280  -0.069452  -0.374913   0.871892   1.054795   0.761548   0.001000
 -0.307280  -0.069452  -0.374913   0.871892   1.054795   0.761548   0.001000
 -0.307280  -0.069452  -0.374913   0.871892   1.054795   0.761548   0.001000
 -0.307280  -0.069452  -0.374913   0.871892   1.054795   0.761548   0.001000
 -0.307280  -0.069452  -0.374913   0.871892   1.054795   0.761548   0.001000
 -0.307280  -0.069452  -0.374913   0.871892   1.054795   0.761548   0.001000
 -0.307280  -0.069452  -0.374913   0.871892   1.054795   0.761548   0.001000
 -0.307280  -0.069452  -0.374913   0.871892   1.054795   0.761548   0.001000
 -0.307280  -0.069452  -0.374913   0.871892   1.054795   0.761548   0.001000
 -0.307280  -0.069452  -0.374913   0.871892   1.054795   0.761548   0.001000
 -0.307280  -0.069452  -0.374913   0.871892   1.054795   0.761548   0.001000
 -0.307280  -0.069452  -0.374913   0.871892   1.054795   0.761548   0.001000
 -0.307280  -0.069452  -0.374913   0.871892   1.054795   0.761548   0.001000
 -0.307280  -0.069452  -0.374913   0.871892   1.054795   0.761548   0.001000
 -0.307280  -0.069452  -0.374913   0.871892   1.054795   0.761548   0.001000
 -0.307280  -0.069452  -0.374913   0.871892   1.054795   0.761548   0.001000
 -0.307280  -0.069452  -0.374913   0.871892   1.054795   0.761548   0.001000
 -0.307280  -0.069452  -0.374913   0.871892   1.054795   0.761548   0.001000
 -0.277603  -0.071936  -0.375419   0.881375   1.118966   0.884245   0.001000
 -0.277603  -0.071936  -0.375419   0.881375   1.118966   0.884245   0.001000
 -0.277603  -0.071936  -0.375419   0.881375   1.118966   0.884245   0.001000
 -0.277603  -0.071936  -0.375419   0.881375   1.118966   0.884245   0.001000
 -0.277603  -0.071936  -0.375419   0.881375   1.118966   0.884245   0.001000
 -0.277603  -0.071936  -0.375419   0.881375   1.118966   0.884245   0.001000
 -0.277603  -0.071936  -0.375419   0.881375   1.118966   0.884245   0.001000
 -0.287501  -0.049703  -0.372793   0.880851   1.172471   0.864041   0.001000
 -0.296392  -0.080812  -0.380144   0.872417   1.040826   0.907565   0.001000
 -0.286567  -0.094171  -0.367968   0.879551   1.062185   0.870572   0.001000
 -0.286567  -0.094171  -0.367968   0.879551   1.062185   0.870572   0.001000
 -0.286567  -0.094171  -0.367968   0.879551   1.062185   0.870572   0.001000
 -0.304643  -0.076822  -0.372034   0.873431   1.140134   0.895251   0.001000
 -0.304643  -0.076822  -0.372034   0.873431   1.140134   0.895251   0.001000
 -0.288176  -0.072788  -0.375535   0.877855   1.117134   0.829237   0.001000
 -0.288176  -0.072788  -0.375535   0.877855   1.117134   0.829237   0.001000
 -0.288176  -0.072788  -0.375535   0.877855   1.117134   0.829237   0.001000
 -0.288176  -0.072788  -0.375535   0.877855   1.117134   0.829237   0.001000
 -0.288176  -0.072788  -0.375535   0.877855   1.117134   0.829237   0.001000
 -0.288176  -0.072788  -0.375535   0.877855   1.117134   0.829237   0.001000
 -0.288176  -0.072788  -0.375535   0.877855   1.117134   0.829237   0.001000
 -0.288176  -0.072788  -0.375535   0.877855   1.117134   0.829237   0.001000
 -0.288176  -0.072788  -0.375535   0.877855   1.117134   0.829237   0.001000
 -0.288176  -0.072788  -0.375535   0.877855   1.117134   0.829237   0.001000
 -0.288176  -0.072788  -0.375535   0.877855   1.117134   0.829237   0.001000
 -0.288176  -0.072788  -0.375535   0.877855   1.117134   0.829237   0.001000
 -0.288176  -0.072788  -0.375535   0.877855   1.117134   0.829237   0.001000
 -0.288176  -0.072788  -0.375535   0.877855   1.117134   0.829237   0.001000
 -0.288176  -0.072788  -0.375535   0.877855   1.117134   0.829237   0.001000
 -0.288176  -0.072788  -0.375535   0.877855   1.117134   0.829237   0.001000
 -0.288176  -0.072788  -0.375535   0.877855   1.117134   0.829237   0.001000
 -0.288176  -0.072788  -0.375535   0.877855   1.117134   0.829237   0.001000
 -0.288176  -0.072788  -0.375535   0.877855   1.117134   0.829237   0.001000
 -0.288176  -0.072788  -0.375535   0.877855   1.117134   0.829237   0.001000
 -0.288176  -0.072788  -0.375535   0.877855   1.117134   0.829237   0.001000
 -0.288176  -0.072788  -0.375535   0.877855   1.117134   0.829237   0.001000
 -0.288176  -0.072788  -0.375535   0.877855   1.117134   0.829237   0.001000
 -0.288176  -0.072788  -0.375535   0.877855   1.117134   0.829237   0.001000
 -0.288176  -0.072788  -0.375535   0.877855   1.117134   0.829237   0.001000
 -0.288176  -0.072788  -0.375535   0.877855   1.117134   0.829237   0.001000
 -0.288176  -0.072788  -0.375535   0.877855   1.117134   0.829237   0.001000
 -0.288176  -0.072788  -0.375535   0.877855   1.117134   0.829237   0.001000
 -0.288176  -0.072788  -0.375535   0.877855   1.117134   0.829237   0.001000
 -0.288176  -0.072788  -0.375535   0.877855   1.117134   0.829237   0.001000
 -0.288176  -0.072788  -0.375535   0.877855   1.117134   0.829237   0.001000
 -0.288176  -0.072788  -0.375535   0.877855   1.117134   0.829237   0.001000
 -0.285821  -0.080826  -0.382230   0.875028   1.252851   0.925127   0.001000
 -0.285821  -0.080826  -0.382230   0.875028   1.252851   0.925127   0.001000
 -0.276218  -0.060037  -0.381528   0.880077   1.061841   0.836066   0.001000
 -0.281471  -0.074674  -0.376545   0.879438   1.131098   0.963108   0.001000
 -0.281471  -0.074674  -0.376545   0.879438   1.131098   0.963108   0.001000
 -0.281471  -0.074674  -0.376545   0.879438   1.131098   0.963108   0.001000
 -0.281471  -0.074674  -0.376545   0.879438   1.131098   0.963108   0.001000
 -0.281471  -0.074674  -0.376545   0.879438   1.131098   0.963108   0.001000
 -0.281471  -0.074674  -0.376545   0.879438   1.131098   0.963108   0.001000
 -0.281471  -0.074674  -0.376545   0.879438   1.131098   0.963108   0.001000
 -0.281471  -0.074674  -0.376545   0.879438   1.131098   0.963108   0.001000
 -0.281471  -0.074674  -0.376545   0.879438   1.131098   0.963108   0.001000
 -0.281471  -0.074674  -0.376545   0.879438   1.131098   0.963108   0.001000
 -0.281471  -0.074674  -0.376545   0.879438   1.131098   0.963108   0.001000
 -0.281471  -0.074674  -0.376545   0.879438   1.131098   0.963108   0.001000
 -0.281471  -0.074674  -0.376545   0.879438   1.131098   0.963108   0.001000
 -0.281471  -0.074674  -0.376545   0.879438   1.131098   0.963108   0.001000
 -0.281471  -0.074674  -0.376545   0.879438   1.131098   0.963108   0.001000
 -0.281471  -0.074674  -0.376545   0.879438   1.131098   0.963108   0.001000
 -0.285257  -0.070485  -0.372979   0.880084   1.059949   0.856181   0.001000
 -0.285257  -0.070485  -0.372979   0.880084   1.059949   0.856181   0.001000
 -0.285257  -0.070485  -0.372979   0.880084   1.059949   0.856181   0.001000
 -0.285257  -0.070485  -0.372979   0.880084   1.059949   0.856181   0.001000
 -0.285257  -0.070485  -0.372979   0.880084   1.059949   0.856181   0.001000
 -0.285257  -0.070485  -0.372979   0.880084   1.059949   0.856181   0.001000
 -0.285257  -0.070485  -0.372979   0.880084   1.059949   0.856181   0.001000
 -0.285257  -0.070485  -0.372979   0.880084   1.059949   0.856181   0.001000
 -0.285257  -0.070485  -0.372979   0.880084   1.059949   0.856181   0.001000
 -0.285257  -0.070485  -0.372979   0.880084   1.059949   0.856181   0.001000
 -0.285257  -0.070485  -0.372979   0.880084   1.059949   0.856181   0.001000
 -0.285257  -0.070485  -0.372979   0.880084   1.059949   0.856181   0.001000
 -0.285257  -0.070485  -0.372979   0.880084   1.059949   0.856181   0.001000
 -0.285257  -0.070485  -0.372979   0.880084   1.059949   0.856181   0.001000
 -0.288129  -0.076718  -0.393819   0.869484   1.175552   0.864298   0.001000
 -0.315281  -0.018979  -0.387391   0.866121   1.167063   1.016855   0.001000
 -0.299893  -0.069531  -0.397932   0.864222   1.227277   1.004797   0.001000
 -0.299893  -0.069531  -0.397932   0.864222   1.227277   1.004797   0.001000
 -0.299893  -0.069531  -0.397932   0.864222   1.227277   1.004797   0.001000
 -0.299893  -0.069531  -0.397932   0.864222   1.227277   1.004797   0.001000
 -0.279844  -0.059726  -0.388004   0.876112   1.221712   0.954284   0.001000
 -0.310816  -0.073118  -0.444721   0.836821   1.207235   1.024487   0.001000
 -0.301335  -0.064999  -0.392257   0.866664   1.209655   1.101292   0.001000
 -0.296905  -0.071059  -0.382067   0.872252   1.105915   0.913335   0.001000
 -0.296905  -0.071059  -0.382067   0.872252   1.105915   0.913335   0.001000
 -0.296905  -0.071059  -0.382067   0.872252   1.105915   0.913335   0.001000
 -0.296905  -0.071059  -0.382067   0.872252   1.105915   0.913335   0.001000
 -0.296905  -0.071059  -0.382067   0.872252   1.105915   0.913335   0.001000
 -0.296905  -0.071059  -0.382067   0.872252   1.105915   0.913335   0.001000
 -0.296905  -0.071059  -0.382067   0.872252   1.105915   0.913335   0.001000
 -0.296905  -0.071059  -0.382067   0.872252   1.105915   0.913335   0.001000
 -0.296905  -0.071059  -0.382067   0.872252   1.105915   0.913335   0.001000
 -0.296905  -0.071059  -0.382067   0.872252   1.105915   0.913335   0.001000
 -0.296905  -0.071059  -0.382067   0.872252   1.105915   0.913335   0.001000
 -0.296905  -0.071059  -0.382067   0.872252   1.105915   0.913335   0.001000
 -0.296905  -0.071059  -0.382067   0.872252   1.105915   0.913335   0.001000
 -0.296905  -0.071059  -0.382067   0.872252   1.105915   0.913335   0.001000
 -0.296905  -0.071059  -0.382067   0.872252   1.105915   0.913335   0.001000
 -0.296905  -0.071059  -0.382067   0.872252   1.105915   0.913335   0.001000
 -0.296905  -0.071059  -0.382067   0.872252   1.105915   0.913335   0.001000
 -0.296905  -0.071059  -0.382067   0.872252   1.105915   0.913335   0.001000
 -0.296905  -0.071059  -0.382067   0.872252   1.105915   0.913335   0.001000
 -0.296905  -0.071059  -0.382067   0.872252   1.105915   0.913335   0.001000
 -0.296905  -0.071059  -0.382067   0.872252   1.105915   0.913335   0.001000
 -0.297483  -0.061283  -0.374209   0.876194   1.149387   1.115727   0.001000
 -0.297483  -0.061283  -0.374209   0.876194   1.149387   1.115727   0.001000
 -0.297483  -0.061283  -0.374209   0.876194   1.149387   1.115727   0.001000
 -0.297483  -0.061283  -0.374209   0.876194   1.149387   1.115727   0.001000
 -0.294385  -0.058984  -0.379717   0.875028   1.182297   0.928688   0.001000
 -0.294385  -0.058984  -0.379717   0.875028   1.182297   0.928688   0.001000
 -0.294385  -0.058984  -0.379717   0.875028   1.182297   0.928688   0.001000
 -0.294385  -0.058984  -0.379717   0.875028   1.182297   0.928688   0.001000
 -0.294385  -0.058984  -0.379717   0.875028   1.182297   0.928688   0.001000
 -0.285969  -0.067629  -0.377478   0.878156   1.346658   0.885609   0.001000
 -0.285969  -0.067629  -0.377478   0.878156   1.346658   0.885609   0.001000
 -0.285969  -0.067629  -0.377478   0.878156   1.346658   0.885609   0.001000
 -0.285969  -0.067629  -0.377478   0.878156   1.346658   0.885609   0.001000
 -0.285969  -0.067629  -0.377478   0.878156   1.346658   0.885609   0.001000
 -0.285969  -0.067629  -0.377478   0.878156   1.346658   0.885609   0.001000
 -0.285969  -0.067629  -0.377478   0.878156   1.346658   0.885609   0.001000
 -0.285969  -0.067629  -0.377478   0.878156   1.346658   0.885609   0.001000
 -0.285969  -0.067629  -0.377478   0.878156   1.346658   0.885609   0.001000
 -0.285969  -0.067629  -0.377478   0.878156   1.346658   0.885609   0.001000
 -0.285969  -0.067629  -0.377478   0.878156   1.346658   0.885609   0.001000
 -0.314337  -0.057475  -0.397250   0.860280   1.109263   0.981277   0.001000
 -0.304852  -0.069142  -0.383338   0.869101   1.242707   0.978066   0.001000
 -0.304852  -0.069142  -0.383338   0.869101   1.242707   0.978066   0.001000
 -0.304852  -0.069142  -0.383338   0.869101   1.242707   0.978066   0.001000
 -0.297544  -0.074481  -0.381668   0.871923   1.186206   1.017485   0.001000
 -0.297544  -0.074481  -0.381668   0.871923   1.186206   1.017485   0.001000
 -0.297544  -0.074481  -0.381668   0.871923   1.186206   1.017485   0.001000
 -0.297544  -0.074481  -0.381668   0.871923   1.186206   1.017485   0.001000
 -0.297544  -0.074481  -0.381668   0.871923   1.186206   1.017485   0.001000
 -0.297544  -0.074481  -0.381668   0.871923   1.186206   1.017485   0.001000
 -0.297544  -0.074481  -0.381668   0.871923   1.186206   1.017485   0.001000
 -0.297544  -0.074481  -0.381668   0.871923   1.186206   1.017485   0.001000
 -0.297544  -0.074481  -0.381668   0.871923   1.186206   1.017485   0.001000
 -0.297544  -0.074481  -0.381668   0.871923   1.186206   1.017485   0.001000
 -0.297544  -0.074481  -0.381668   0.871923   1.186206   1.017485   0.001000
 -0.297544  -0.074481  -0.381668   0.871923   1.186206   1.017485   0.001000
 -0.297544  -0.074481  -0.381668   0.871923   1.186206   1.017485   0.001000
 -0.297544  -0.074481  -0.381668   0.871923   1.186206   1.017485   0.001000
 -0.297544  -0.074481  -0.381668   0.871923   1.186206   1.017485   0.001000
 -0.297544  -0.074481  -0.381668   0.871923   1.186206   1.017485   0.001000
 -0.297544  -0.074481  -0.381668   0.871923   1.186206   1.017485   0.001000
 -0.297544  -0.074481  -0.381668   0.871923   1.186206   1.017485   0.001000
 -0.297544  -0.074481  -0.381668   0.871923   1.186206   1.017485   0.001000
 -0.297544  -0.074481  -0.381668   0.871923   1.186206   1.017485   0.001000
 -0.297544  -0.074481  -0.381668   0.871923   1.186206   1.017485   0.001000
 -0.297544  -0.074481  -0.381668   0.871923   1.186206   1.017485   0.001000
 -0.297544  -0.074481  -0.381668   0.871923   1.186206   1.017485   0.001000
 -0.297544  -0.074481  -0.381668   0.871923   1.186206   1.017485   0.001000
 -0.297544  -0.074481  -0.381668   0.871923   1.186206   1.017485   0.001000
 -0.297544  -0.074481  -0.381668   0.871923   1.186206   1.017485   0.001000
 -0.297544  -0.074481  -0.381668   0.871923   1.186206   1.017485   0.001000
 -0.297544  -0.074481  -0.381668   0.871923   1.186206   1.017485   0.001000
 -0.297544  -0.074481  -0.381668   0.871923   1.186206   1.017485   0.001000
 -0.297544  -0.074481  -0.381668   0.871923   1.186206   1.017485   0.001000
 -0.297544  -0.074481  -0.381668   0.871923   1.186206   1.017485   0.001000
 -0.297544  -0.074481  -0.381668   0.871923   1.186206   1.017485   0.001000
 -0.297544  -0.074481  -0.381668   0.871923   1.186206   1.017485   0.001000
 -0.297544  -0.074481  -0.381668   0.871923   1.186206   1.017485   0.001000
 -0.297544  -0.074481  -0.381668   0.871923   1.186206   1.017485   0.001000
 -0.297544  -0.074481  -0.381668   0.871923   1.186206   1.017485   0.001000
 -0.297544  -0.074481  -0.381668   0.871923   1.186206   1.017485   0.001000
 -0.297544  -0.074481  -0.381668   0.871923   1.186206   1.017485   0.001000
 -0.293417  -0.069401  -0.385218   0.872180   1.197253   0.980532   0.001000
 -0.293417  -0.069401  -0.385218   0.872180   1.197253   0.980532   0.001000
 -0.293417  -0.069401  -0.385218   0.872180   1.197253   0.980532   0.001000
 -0.293417  -0.069401  -0.385218   0.872180   1.197253   0.980532   0.001000
 -0.293417  -0.069401  -0.385218   0.872180   1.197253   0.980532   0.001000
 -0.293417  -0.069401  -0.385218   0.872180   1.197253   0.980532   0.001000
 -0.293417  -0.069401  -0.385218   0.872180   1.197253   0.980532   0.001000
 -0.293417  -0.069401  -0.385218   0.872180   1.197253   0.980532   0.001000
 -0.293417  -0.069401  -0.385218   0.872180   1.197253   0.980532   0.001000
 -0.293417  -0.069401  -0.385218   0.872180   1.197253   0.980532   0.001000
 -0.293417  -0.069401  -0.385218   0.872180   1.197253   0.980532   0.001000
 -0.293417  -0.069401  -0.385218   0.872180   1.197253   0.980532   0.001000
 -0.278493  -0.063685  -0.371295   0.883474   0.903103   0.974510   0.001000
 -0.278493  -0.063685  -0.371295   0.883474   0.903103   0.974510   0.001000
 -0.278493  -0.063685  -0.371295   0.883474   0.903103   0.974510   0.001000
 -0.278493  -0.063685  -0.371295   0.883474   0.903103   0.974510   0.001000
 -0.278493  -0.063685  -0.371295   0.883474   0.903103   0.974510   0.001000
 -0.278493  -0.063685  -0.371295   0.883474   0.903103   0.974510   0.001000
 -0.275283  -0.077665  -0.375890   0.881416   0.851244   0.972364   0.001000
 -0.275283  -0.077665  -0.375890   0.881416   0.851244   0.972364   0.001000
 -0.275283  -0.077665  -0.375890   0.881416   0.851244   0.972364   0.001000
 -0.275283  -0.077665  -0.375890   0.881416   0.851244   0.972364   0.001000
 -0.275283  -0.077665  -0.375890   0.881416   0.851244   0.972364   0.001000
 -0.275283  -0.077665  -0.375890   0.881416   0.851244   0.972364   0.001000
 -0.275283  -0.077665  -0.375890   0.881416   0.851244   0.972364   0.001000
 -0.275283  -0.077665  -0.375890   0.881416   0.851244   0.972364   0.001000
 -0.275283  -0.077665  -0.375890   0.881416   0.851244   0.972364   0.001000
 -0.275283  -0.077665  -0.375890   0.881416   0.851244   0.972364   0.001000
 -0.275283  -0.077665  -0.375890   0.881416   0.851244   0.972364   0.001000
 -0.275283  -0.077665  -0.375890   0.881416   0.851244   0.972364   0.001000
 -0.275283  -0.077665  -0.375890   0.881416   0.851244   0.972364   0.001000
 -0.275283  -0.077665  -0.375890   0.881416   0.851244   0.972364   0.001000
 -0.275283  -0.077665  -0.375890   0.881416   0.851244   0.972364   0.001000
 -0.275283  -0.077665  -0.375890   0.881416   0.851244   0.972364   0.001000
 -0.275283  -0.077665  -0.375890   0.881416   0.851244   0.972364   0.001000
 -0.275283  -0.077665  -0.375890   0.881416   0.851244   0.972364   0.001000
 -0.275283  -0.077665  -0.375890   0.881416   0.851244   0.972364   0.001000
 -0.275283  -0.077665  -0.375890   0.881416   0.851244   0.972364   0.001000
 -0.298895  -0.076921  -0.374730   0.874256   1.104598   0.983675   0.001000
 -0.298895  -0.076921  -0.374730   0.874256   1.104598   0.983675   0.001000
 -0.288739  -0.055069  -0.364953   0.883406   0.874120   0.889021   0.001000
 -0.288739  -0.055069  -0.364953   0.883406   0.874120   0.889021   0.001000
 -0.300486  -0.054238  -0.367219   0.878588   0.947814   0.977073   0.001000
 -0.300486  -0.054238  -0.367219   0.878588   0.947814   0.977073   0.001000
 -0.300486  -0.054238  -0.367219   0.878588   0.947814   0.977073   0.001000
 -0.276093  -0.060026  -0.374246   0.883238   0.913902   0.902364   0.001000
 -0.276093  -0.060026  -0.374246   0.883238   0.913902   0.902364   0.001000
 -0.276093  -0.060026  -0.374246   0.883238   0.913902   0.902364   0.001000
 -0.276093  -0.060026  -0.374246   0.883238   0.913902   0.902364   0.001000
 -0.305820  -0.074026  -0.390095   0.865344   0.838675   0.922560   0.001000
 -0.305820  -0.074026  -0.390095   0.865344   0.838675   0.922560   0.001000
 -0.305820  -0.074026  -0.390095   0.865344   0.838675   0.922560   0.001000
 -0.304689  -0.065653  -0.367976   0.876041   0.991511   0.917000   0.001000
 -0.304689  -0.065653  -0.367976   0.876041   0.991511   0.917000   0.001000
 -0.304689  -0.065653  -0.367976   0.876041   0.991511   0.917000   0.001000
 -0.304689  -0.065653  -0.367976   0.876041   0.991511   0.917000   0.001000
 -0.304689  -0.065653  -0.367976   0.876041   0.991511   0.917000   0.001000
 -0.295638  -0.063433  -0.402869   0.863870   0.777515   0.836696   0.001000
 -0.295638  -0.063433  -0.402869   0.863870   0.777515   0.836696   0.001000
 -0.250102  -0.097269  -0.401193   0.875803   0.957117   0.891729   0.001000
 -0.305456  -0.077149  -0.382845   0.868432   0.909836   0.924734   0.001000
 -0.287083  -0.062671  -0.366657   0.882733   1.031468   0.872613   0.001000
 -0.324543  -0.064951  -0.373079   0.866756   1.010625   0.898888   0.001000
 -0.294850  -0.070305  -0.372313   0.877214   0.887663   1.017931   0.001000
 -0.294850  -0.070305  -0.372313   0.877214   0.887663   1.017931   0.001000
 -0.294850  -0.070305  -0.372313   0.877214   0.887663   1.017931   0.001000
 -0.294850  -0.070305  -0.372313   0.877214   0.887663   1.017931   0.001000
 -0.294850  -0.070305  -0.372313   0.877214   0.887663   1.017931   0.001000
 -0.294850  -0.070305  -0.372313   0.877214   0.887663   1.017931   0.001000
 -0.294850  -0.070305  -0.372313   0.877214   0.887663   1.017931   0.001000
 -0.294850  -0.070305  -0.372313   0.877214   0.887663   1.017931   0.001000
 -0.294850  -0.070305  -0.372313   0.877214   0.887663   1.017931   0.001000
 -0.294850  -0.070305  -0.372313   0.877214   0.887663   1.017931   0.001000
 -0.294850  -0.070305  -0.372313   0.877214   0.887663   1.017931   0.001000
 -0.294850  -0.070305  -0.372313   0.877214   0.887663   1.017931   0.001000
 -0.294850  -0.070305  -0.372313   0.877214   0.887663   1.017931   0.001000
 -0.294850  -0.070305  -0.372313   0.877214   0.887663   1.017931   0.001000
 -0.294850  -0.070305  -0.372313   0.877214   0.887663   1.017931   0.001000
 -0.294850  -0.070305  -0.372313   0.877214   0.887663   1.017931   0.001000
 -0.294850  -0.070305  -0.372313   0.877214   0.887663   1.017931   0.001000
 -0.294850  -0.070305  -0.372313   0.877214   0.887663   1.017931   0.001000
 -0.294850  -0.070305  -0.372313   0.877214   0.887663   1.017931   0.001000
 -0.294850  -0.070305  -0.372313   0.877214   0.887663   1.017931   0.001000
 -0.294850  -0.070305  -0.372313   0.877214   0.887663   1.017931   0.001000
 -0.294850  -0.070305  -0.372313   0.877214   0.887663   1.017931   0.001000
 -0.294850  -0.070305  -0.372313   0.877214   0.887663   1.017931   0.001000
 -0.294850  -0.070305  -0.372313   0.877214   0.887663   1.017931   0.001000
 -0.294850  -0.070305  -0.372313   0.877214   0.887663   1.017931   0.001000
 -0.294850  -0.070305  -0.372313   0.877214   0.887663   1.017931   0.001000
 -0.294850  -0.070305  -0.372313   0.877214   0.887663   1.017931   0.001000
 -0.296352  -0.074973  -0.370766   0.876976   1.009129   0.851511   0.001000
 -0.296352  -0.074973  -0.370766   0.876976   1.009129   0.851511   0.001000
 -0.296352  -0.074973  -0.370766   0.876976   1.009129   0.851511   0.001000
 -0.296352  -0.074973  -0.370766   0.876976   1.009129   0.851511   0.001000
 -0.296352  -0.074973  -0.370766   0.876976   1.009129   0.851511   0.001000
 -0.296352  -0.074973  -0.370766   0.876976   1.009129   0.851511   0.001000
 -0.316364  -0.035791  -0.371012   0.872343   0.862775   0.973748   0.001000
 -0.316364  -0.035791  -0.371012   0.872343   0.862775   0.973748   0.001000
 -0.316364  -0.035791  -0.371012   0.872343   0.862775   0.973748   0.001000
 -0.328353  -0.076815  -0.379266   0.861650   0.767631   0.925536   0.001000
 -0.290026  -0.076564  -0.387618   0.871651   1.039763   0.895699   0.001000
 -0.290026  -0.076564  -0.387618   0.871651   1.039763   0.895699   0.001000
 -0.290525  -0.063925  -0.385224   0.873562   0.938940   0.874340   0.001000
 -0.290525  -0.063925  -0.385224   0.873562   0.938940   0.874340   0.001000
 -0.290525  -0.063925  -0.385224   0.873562   0.938940   0.874340   0.001000
 -0.290525  -0.063925  -0.385224   0.873562   0.938940   0.874340   0.001000
 -0.290525  -0.063925  -0.385224   0.873562   0.938940   0.874340   0.001000
 -0.290525  -0.063925  -0.385224   0.873562   0.938940   0.874340   0.001000
 -0.290525  -0.063925  -0.385224   0.873562   0.938940   0.874340   0.001000
 -0.290525  -0.063925  -0.385224   0.873562   0.938940   0.874340   0.001000
 -0.290525  -0.063925  -0.385224   0.873562   0.938940   0.874340   0.001000
 -0.290525  -0.063925  -0.385224   0.873562   0.938940   0.874340   0.001000
 -0.283214  -0.081996  -0.379486   0.876959   0.945271   1.073134   0.001000
 -0.283214  -0.081996  -0.379486   0.876959   0.945271   1.073134   0.001000
 -0.283214  -0.081996  -0.379486   0.876959   0.945271   1.073134   0.001000
 -0.283214  -0.081996  -0.379486   0.876959   0.945271   1.073134   0.001000
 -0.283214  -0.081996  -0.379486   0.876959   0.945271   1.073134   0.001000
 -0.283214  -0.081996  -0.379486   0.876959   0.945271   1.073134   0.001000
 -0.283214  -0.081996  -0.379486   0.876959   0.945271   1.073134   0.001000
 -0.283214  -0.081996  -0.379486   0.876959   0.945271   1.073134   0.001000
 -0.283214  -0.081996  -0.379486   0.876959   0.945271   1.073134   0.001000
 -0.283214  -0.081996  -0.379486   0.876959   0.945271   1.073134   0.001000
 -0.283214  -0.081996  -0.379486   0.876959   0.945271   1.073134   0.001000
 -0.283214  -0.081996  -0.379486   0.876959   0.945271   1.073134   0.001000
 -0.283214  -0.081996  -0.379486   0.876959   0.945271   1.073134   0.001000
 -0.283214  -0.081996  -0.379486   0.876959   0.945271   1.073134   0.001000
 -0.283214  -0.081996  -0.379486   0.876959   0.945271   1.073134   0.001000
 -0.283214  -0.081996  -0.379486   0.876959   0.945271   1.073134   0.001000
 -0.283214  -0.081996  -0.379486   0.876959   0.945271   1.073134   0.001000
 -0.283214  -0.081996  -0.379486   0.876959   0.945271   1.073134   0.001000
 -0.283214  -0.081996  -0.379486   0.876959   0.945271   1.073134   0.001000
 -0.283214  -0.081996  -0.379486   0.876959   0.945271   1.073134   0.001000
 -0.283214  -0.081996  -0.379486   0.876959   0.945271   1.073134   0.001000
 -0.283214  -0.081996  -0.379486   0.876959   0.945271   1.073134   0.001000
 -0.283214  -0.081996  -0.379486   0.876959   0.945271   1.073134   0.001000
 -0.283214  -0.081996  -0.379486   0.876959   0.945271   1.073134   0.001000
 -0.283214  -0.081996  -0.379486   0.876959   0.945271   1.073134   0.001000
 -0.283214  -0.081996  -0.379486   0.876959   0.945271   1.073134   0.001000
 -0.283214  -0.081996  -0.379486   0.876959   0.945271   1.073134   0.001000
 -0.283214  -0.081996  -0.379486   0.876959   0.945271   1.073134   0.001000
 -0.283214  -0.081996  -0.379486   0.876959   0.945271   1.073134   0.001000
 -0.283214  -0.081996  -0.379486   0.876959   0.945271   1.073134   0.001000
 -0.283214  -0.081996  -0.379486   0.876959   0.945271   1.073134   0.001000
 -0.283214  -0.081996  -0.379486   0.876959   0.945271   1.073134   0.001000
 -0.283214  -0.081996  -0.379486   0.876959   0.945271   1.073134   0.001000
 -0.307272  -0.070325  -0.389040   0.865613   1.066167   1.017652   0.001000
 -0.307272  -0.070325  -0.389040   0.865613   1.066167   1.017652   0.001000
 -0.281376  -0.066755  -0.381377   0.878022   0.762185   1.034605   0.001000
 -0.281376  -0.066755  -0.381377   0.878022   0.762185   1.034605   0.001000
 -0.288174  -0.049645  -0.396966   0.870005   1.018661   0.881402   0.001000
 -0.369417  -0.093209  -0.305411   0.872678   0.917587   0.838713   0.001000
 -0.295988  -0.062595  -0.376810   0.875492   0.869134   0.759190   0.001000
 -0.295988  -0.062595  -0.376810   0.875492   0.869134   0.759190   0.001000
 -0.295988  -0.062595  -0.376810   0.875492   0.869134   0.759190   0.001000
 -0.293353  -0.069429  -0.389789   0.870166   0.913299   0.840850   0.001000
 -0.290073  -0.048079  -0.379639   0.877166   0.854525   0.992894   0.001000
 -0.278309  -0.071789  -0.371824   0.882688   0.845327   1.015645   0.001000
 -0.278309  -0.071789  -0.371824   0.882688   0.845327   1.015645   0.001000
 -0.278309  -0.071789  -0.371824   0.882688   0.845327   1.015645   0.001000
 -0.278309  -0.071789  -0.371824   0.882688   0.845327   1.015645   0.001000
 -0.278309  -0.071789  -0.371824   0.882688   0.845327   1.015645   0.001000
 -0.278309  -0.071789  -0.371824   0.882688   0.845327   1.015645   0.001000
 -0.278309  -0.071789  -0.371824   0.882688   0.845327   1.015645   0.001000
 -0.278309  -0.071789  -0.371824   0.882688   0.845327   1.015645   0.001000
 -0.278309  -0.071789  -0.371824   0.882688   0.845327   1.015645   0.001000
 -0.278309  -0.071789  -0.371824   0.882688   0.845327   1.015645   0.001000
 -0.278309  -0.071789  -0.371824   0.882688   0.845327   1.015645   0.001000
 -0.278309  -0.071789  -0.371824   0.882688   0.845327   1.015645   0.001000
 -0.278309  -0.071789  -0.371824   0.882688   0.845327   1.015645   0.001000
 -0.278309  -0.071789  -0.371824   0.882688   0.845327   1.015645   0.001000
 -0.278309  -0.071789  -0.371824   0.882688   0.845327   1.015645   0.001000
 -0.278309  -0.071789  -0.371824   0.882688   0.845327   1.015645   0.001000
 -0.305809  -0.055728  -0.369271   0.875793   0.783294   1.056868   0.001000
 -0.305809  -0.055728  -0.369271   0.875793   0.783294   1.056868   0.001000
 -0.305809  -0.055728  -0.369271   0.875793   0.783294   1.056868   0.001000
 -0.286055  -0.075997  -0.381889   0.875533   0.891903   0.785843   0.001000
 -0.286055  -0.075997  -0.381889   0.875533   0.891903   0.785843   0.001000
 -0.286055  -0.075997  -0.381889   0.875533   0.891903   0.785843   0.001000
 -0.286055  -0.075997  -0.381889   0.875533   0.891903   0.785843   0.001000
 -0.286324  -0.070999  -0.384556   0.874697   0.843174   1.166950   0.001000
 -0.271063  -0.083490  -0.379606   0.880598   0.782784   1.179214   0.001000
 -0.271063  -0.083490  -0.379606   0.880598   0.782784   1.179214   0.001000
 -0.293699  -0.049692  -0.382955   0.874424   0.990449   0.891657   0.001000
 -0.285590  -0.079369  -0.374818   0.878437   1.013260   0.879806   0.001000
 -0.285590  -0.079369  -0.374818   0.878437   1.013260   0.879806   0.001000
 -0.285590  -0.079369  -0.374818   0.878437   1.013260   0.879806   0.001000
 -0.291301  -0.067132  -0.377898   0.876259   0.956395   0.867217   0.001000
 -0.291301  -0.067132  -0.377898   0.876259   0.956395   0.867217   0.001000
 -0.291301  -0.067132  -0.377898   0.876259   0.956395   0.867217   0.001000
 -0.291301  -0.067132  -0.377898   0.876259   0.956395   0.867217   0.001000
 -0.291301  -0.067132  -0.377898   0.876259   0.956395   0.867217   0.001000
 -0.291301  -0.067132  -0.377898   0.876259   0.956395   0.867217   0.001000
 -0.291301  -0.067132  -0.377898   0.876259   0.956395   0.867217   0.001000
 -0.291301  -0.067132  -0.377898   0.876259   0.956395   0.867217   0.001000
 -0.291301  -0.067132  -0.377898   0.876259   0.956395   0.867217   0.001000
 -0.291301  -0.067132  -0.377898   0.876259   0.956395   0.867217   0.001000
 -0.291301  -0.067132  -0.377898   0.876259   0.956395   0.867217   0.001000
 -0.291301  -0.067132  -0.377898   0.876259   0.956395   0.867217   0.001000
 -0.291301  -0.067132  -0.377898   0.876259   0.956395   0.867217   0.001000
 -0.291301  -0.067132  -0.377898   0.876259   0.956395   0.867217   0.001000
 -0.291301  -0.067132  -0.377898   0.876259   0.956395   0.867217   0.001000
 -0.291301  -0.067132  -0.377898   0.876259   0.956395   0.867217   0.001000
 -0.291301  -0.067132  -0.377898   0.876259   0.956395   0.867217   0.001000
 -0.291301  -0.067132  -0.377898   0.876259   0.956395   0.867217   0.001000
 -0.291301  -0.067132  -0.377898   0.876259   0.956395   0.867217   0.001000
 -0.291301  -0.067132  -0.377898   0.876259   0.956395   0.867217   0.001000
 -0.291301  -0.067132  -0.377898   0.876259   0.956395   0.867217   0.001000
 -0.291301  -0.067132  -0.377898   0.876259   0.956395   0.867217   0.001000
 -0.291301  -0.067132  -0.377898   0.876259   0.956395   0.867217   0.001000
 -0.291301  -0.067132  -0.377898   0.876259   0.956395   0.867217   0.001000
 -0.291301  -0.067132  -0.377898   0.876259   0.956395   0.867217   0.001000
 -0.291301  -0.067132  -0.377898   0.876259   0.956395   0.867217   0.001000
 -0.291301  -0.067132  -0.377898   0.876259   0.956395   0.867217   0.001000
 -0.291301  -0.067132  -0.377898   0.876259   0.956395   0.867217   0.001000
 -0.291301  -0.067132  -0.377898   0.876259   0.956395   0.867217   0.001000
 -0.291301  -0.067132  -0.377898   0.876259   0.956395   0.867217   0.001000
 -0.291301  -0.067132  -0.377898   0.876259   0.956395   0.867217   0.001000
 -0.291301  -0.067132  -0.377898   0.876259   0.956395   0.867217   0.001000
 -0.293715  -0.084421  -0.363138   0.880190   1.019290   0.896081   0.001000
 -0.300438  -0.070974  -0.391057   0.867049   1.026977   0.931573   0.001000
 -0.300438  -0.070974  -0.391057   0.867049   1.026977   0.931573   0.001000
 -0.300438  -0.070974  -0.391057   0.867049   1.026977   0.931573   0.001000
 -0.275587  -0.069004  -0.387580   0.876967   1.120186   0.955907   0.001000
 -0.262583  -0.084040  -0.371123   0.886710   1.275005   1.010463   0.001000
 -0.306946  -0.064182  -0.379429   0.870459   0.983866   1.003612   0.001000
 -0.306946  -0.064182  -0.379429   0.870459   0.983866   1.003612   0.001000
 -0.306946  -0.064182  -0.379429   0.870459   0.983866   1.003612   0.001000
 -0.306946  -0.064182  -0.379429   0.870459   0.983866   1.003612   0.001000
 -0.327229  -0.105221  -0.427567   0.836084   1.032137   1.061244   0.001000
 -0.278790  -0.055751  -0.384542   0.878234   1.133565   0.979439   0.001000
 -0.278790  -0.055751  -0.384542   0.878234   1.133565   0.979439   0.001000
 -0.278790  -0.055751  -0.384542   0.878234   1.133565   0.979439   0.001000
 -0.278790  -0.055751  -0.384542   0.878234   1.133565   0.979439   0.001000
 -0.278790  -0.055751  -0.384542   0.878234   1.133565   0.979439   0.001000
 -0.278790  -0.055751  -0.384542   0.878234   1.133565   0.979439   0.001000
 -0.278790  -0.055751  -0.384542   0.878234   1.133565   0.979439   0.001000
 -0.278790  -0.055751  -0.384542   0.878234   1.133565   0.979439   0.001000
 -0.308565  -0.070398  -0.382202   0.868190   0.979575   0.952639   0.001000
 -0.308565  -0.070398  -0.382202   0.868190   0.979575   0.952639   0.001000
 -0.308565  -0.070398  -0.382202   0.868190   0.979575   0.952639   0.001000
 -0.308565  -0.070398  -0.382202   0.868190   0.979575   0.952639   0.001000
 -0.288236  -0.073081  -0.365216   0.882154   1.055483   0.866586   0.001000
 -0.288236  -0.073081  -0.365216   0.882154   1.055483   0.866586   0.001000
 -0.288236  -0.073081  -0.365216   0.882154   1.055483   0.866586   0.001000
 -0.288236  -0.073081  -0.365216   0.882154   1.055483   0.866586   0.001000
 -0.288140  -0.103303  -0.406633   0.860786   1.022103   0.934410   0.001000
 -0.305901  -0.062615  -0.361535   0.878520   1.104377   0.819734   0.001000
 -0.313223  -0.052402  -0.355921   0.878900   0.927679   0.854736   0.001000
 -0.313223  -0.052402  -0.355921   0.878900   0.927679   0.854736   0.001000
 -0.303888  -0.059954  -0.369690   0.876006   0.931878   0.859511   0.001000
 -0.303888  -0.059954  -0.369690   0.876006   0.931878   0.859511   0.001000
 -0.303888  -0.059954  -0.369690   0.876006   0.931878   0.859511   0.001000
 -0.303888  -0.059954  -0.369690   0.876006   0.931878   0.859511   0.001000
 -0.303888  -0.059954  -0.369690   0.876006   0.931878   0.859511   0.001000
 -0.288616  -0.056982  -0.391040   0.872090   0.997350   1.259562   0.001000
 -0.298547  -0.072734  -0.378698   0.873022   1.140031   0.706843   0.001000
 -0.306492  -0.069623  -0.379227   0.870289   1.244493   0.685236   0.001000
 -0.307743  -0.066643  -0.371517   0.873400   1.228466   0.866268   0.001000
 -0.307743  -0.066643  -0.371517   0.873400   1.228466   0.866268   0.001000
 -0.307743  -0.066643  -0.371517   0.873400   1.228466   0.866268   0.001000
 -0.307743  -0.066643  -0.371517   0.873400   1.228466   0.866268   0.001000
 -0.307743  -0.066643  -0.371517   0.873400   1.228466   0.866268   0.001000
 -0.288658  -0.092627  -0.417507   0.856612   0.386587   0.456209   0.001000
