  0.802662   0.559062   0.051560   0.201307  -1.913393   0.293832   0.001000
  0.815260   0.571234  -0.030458   0.090088  -1.904309  -0.203973   0.001000
  0.815260   0.571234  -0.030458   0.090088  -1.904309  -0.203973   0.001000
  0.815260   0.571234  -0.030458   0.090088  -1.904309  -0.203973   0.001000
  0.815260   0.571234  -0.030458   0.090088  -1.904309  -0.203973   0.001000
  0.815260   0.571234  -0.030458   0.090088  -1.904309  -0.203973   0.001000
  0.815260   0.571234  -0.030458   0.090088  -1.904309  -0.203973   0.001000
  0.815260   0.571234  -0.030458   0.090088  -1.904309  -0.203973   0.001000
  0.815260   0.571234  -0.030458   0.090088  -1.904309  -0.203973   0.001000
  0.815260   0.571234  -0.030458   0.090088  -1.904309  -0.203973   0.001000
  0.815260   0.571234  -0.030458   0.090088  -1.904309  -0.203973   0.001000
  0.815260   0.571234  -0.030458   0.090088  -1.904309  -0.203973   0.001000
  0.815260   0.571234  -0.030458   0.090088  -1.904309  -0.203973   0.001000
  0.815260   0.571234  -0.030458   0.090088  -1.904309  -0.203973   0.001000
  0.815260   0.571234  -0.030458   0.090088  -1.904309  -0.203973   0.001000
  0.815260   0.571234  -0.030458   0.090088  -1.904309  -0.203973   0.001000
  0.815260   0.571234  -0.030458   0.090088  -1.904309  -0.203973   0.001000
  0.815260   0.571234  -0.030458   0.090088  -1.904309  -0.203973   0.001000
  0.815260   0.571234  -0.030458   0.090088  -1.904309  -0.203973   0.001000
  0.815260   0.571234  -0.030458   0.090088  -1.904309  -0.203973   0.001000
  0.815260   0.571234  -0.030458   0.090088  -1.904309  -0.203973   0.001000
  0.815260   0.571234  -0.030458   0.090088  -1.904309  -0.203973   0.001000
  0.815260   0.571234  -0.030458   0.090088  -1.904309  -0.203973   0.001000
  0.815260   0.571234  -0.030458   0.090088  -1.904309  -0.203973   0.001000
  0.815260   0.571234  -0.030458   0.090088  -1.904309  -0.203973   0.001000
  0.815260   0.571234  -0.030458   0.090088  -1.904309  -0.203973   0.001000
  0.814577   0.571955  -0.036403   0.089486  -2.256481   0.095811   0.001000
  0.814577   0.571955  -0.036403   0.089486  -2.256481   0.095811   0.001000
  0.814980   0.572674  -0.035507   0.081193  -2.552066  -0.065591   0.001000
  0.825106   0.555269   0.004831   0.104173  -0.725796   0.535433   0.001000
  0.823423   0.562246  -0.042208   0.063816  -1.308523  -0.029336   0.001000
  0.823423   0.562246  -0.042208   0.063816  -1.308523  -0.029336   0.001000
  0.819615   0.566350  -0.038666   0.077354  -1.087994  -0.133966   0.001000
  0.819615   0.566350  -0.038666   0.077354  -1.087994  -0.133966   0.001000
  0.816167   0.571970  -0.044974   0.068549  -1.237641  -0.011318   0.001000
  0.823420   0.561087  -0.044096   0.072218  -0.803529  -0.092521   0.001000
  0.820463   0.567050  -0.040955   0.060149  -1.063424   0.015501   0.001000
  0.819919   0.566377  -0.036953   0.074725  -1.341875   0.150176   0.001000
  0.819919   0.566377  -0.036953   0.074725  -1.341875   0.150176   0.001000
  0.819919   0.566377  -0.036953   0.074725  -1.341875   0.150176   0.001000
  0.819919   0.566377  -0.036953   0.074725  -1.341875   0.150176   0.001000
  0.819919   0.566377  -0.036953   0.074725  -1.341875   0.150176   0.001000
  0.819919   0.566377  -0.036953   0.074725  -1.341875   0.150176   0.001000
  0.819919   0.566377  -0.036953   0.074725  -1.341875   0.150176   0.001000
  0.819919   0.566377  -0.036953   0.074725  -1.341875   0.150176   0.001000
  0.824065   0.560867  -0.041230   0.068154  -1.055735   0.229346   0.001000
  0.823328   0.562236  -0.040982   0.065899  -1.204112  -0.183358   0.001000
  0.819226   0.568718  -0.041664   0.060763  -1.177245   0.176463   0.001000
  0.822735   0.563410  -0.042179   0.062434  -1.106343   0.351434   0.001000
  0.822735   0.563410  -0.042179   0.062434  -1.106343   0.351434   0.001000
  0.789075   0.565746   0.077394   0.226500  -1.464841   0.295251   0.001000
  0.789075   0.565746   0.077394   0.226500  -1.464841   0.295251   0.001000
  0.815750   0.572815  -0.042733   0.067887  -1.062228  -0.059736   0.001000
  0.815750   0.572815  -0.042733   0.067887  -1.062228  -0.059736   0.001000
  0.825308   0.559231  -0.043608   0.064997  -0.973833   0.315815   0.001000
  0.825308   0.559231  -0.043608   0.064997  -0.973833   0.315815   0.001000
  0.819622   0.567711  -0.042248   0.064341  -0.931891  -0.215418   0.001000
  0.819622   0.567711  -0.042248   0.064341  -0.931891  -0.215418   0.001000
  0.822744   0.562732  -0.036455   0.071386  -1.366976  -0.096062   0.001000
  0.822744   0.562732  -0.036455   0.071386  -1.366976  -0.096062   0.001000
  0.822744   0.562732  -0.036455   0.071386  -1.366976  -0.096062   0.001000
  0.822744   0.562732  -0.036455   0.071386  -1.366976  -0.096062   0.001000
  0.822744   0.562732  -0.036455   0.071386  -1.366976  -0.096062   0.001000
  0.822744   0.562732  -0.036455   0.071386  -1.366976  -0.096062   0.001000
  0.822744   0.562732  -0.036455   0.071386  -1.366976  -0.096062   0.001000
  0.822744   0.562732  -0.036455   0.071386  -1.366976  -0.096062   0.001000
  0.822744   0.562732  -0.036455   0.071386  -1.366976  -0.096062   0.001000
  0.822744   0.562732  -0.036455   0.071386  -1.366976  -0.096062   0.001000
  0.820734   0.566183  -0.041217   0.064298  -1.643490   0.060530   0.001000
  0.820734   0.566183  -0.041217   0.064298  -1.643490   0.060530   0.001000
  0.820734   0.566183  -0.041217   0.064298  -1.643490   0.060530   0.001000
  0.820734   0.566183  -0.041217   0.064298  -1.643490   0.060530   0.001000
  0.820734   0.566183  -0.041217   0.064298  -1.643490   0.060530   0.001000
  0.820734   0.566183  -0.041217   0.064298  -1.643490   0.060530   0.001000
  0.819943   0.567525  -0.037255   0.064978  -1.594149   0.261108   0.001000
  0.819943   0.567525  -0.037255   0.064978  -1.594149   0.261108   0.001000
  0.819943   0.567525  -0.037255   0.064978  -1.594149   0.261108   0.001000
  0.819943   0.567525  -0.037255   0.064978  -1.594149   0.261108   0.001000
  0.821091   0.565787  -0.038363   0.064985  -1.108230   0.253990   0.001000
  0.819006   0.568377  -0.040002   0.067653  -0.976231  -0.023919   0.001000
  0.825274   0.559205  -0.040903   0.067367  -1.007982   0.158522   0.001000
  0.825274   0.559205  -0.040903   0.067367  -1.007982   0.158522   0.001000
  0.825274   0.559205  -0.040903   0.067367  -1.007982   0.158522   0.001000
  0.820427   0.567106  -0.038779   0.061532  -1.281455   0.398606   0.001000
  0.820427   0.567106  -0.038779   0.061532  -1.281455   0.398606   0.001000
  0.790753   0.562204   0.074638   0.230361  -1.704184   0.218349   0.001000
  0.790753   0.562204   0.074638   0.230361  -1.704184   0.218349   0.001000
  0.790753   0.562204   0.074638   0.230361  -1.704184   0.218349   0.001000
  0.790753   0.562204   0.074638   0.230361  -1.704184   0.218349   0.001000
  0.821717   0.564694  -0.040720   0.065143  -1.338033   0.439325   0.001000
  0.821717   0.564694  -0.040720   0.065143  -1.338033   0.439325   0.001000
  0.820011   0.565977  -0.044810   0.072419  -1.171585   0.567288   0.001000
  0.787362   0.566372   0.071232   0.232831  -1.254775   0.484546   0.001000
  0.818607   0.569404  -0.034899   0.066663  -1.085563   0.084598   0.001000
  0.816784   0.572632  -0.027572   0.064776  -1.478624  -0.058603   0.001000
  0.814846   0.572053  -0.034559   0.087105  -1.368677  -0.148744   0.001000
  0.814846   0.572053  -0.034559   0.087105  -1.368677  -0.148744   0.001000
  0.814846   0.572053  -0.034559   0.087105  -1.368677  -0.148744   0.001000
  0.814846   0.572053  -0.034559   0.087105  -1.368677  -0.148744   0.001000
  0.814846   0.572053  -0.034559   0.087105  -1.368677  -0.148744   0.001000
  0.814846   0.572053  -0.034559   0.087105  -1.368677  -0.148744   0.001000
  0.814846   0.572053  -0.034559   0.087105  -1.368677  -0.148744   0.001000
  0.814846   0.572053  -0.034559   0.087105  -1.368677  -0.148744   0.001000
  0.814846   0.572053  -0.034559   0.087105  -1.368677  -0.148744   0.001000
  0.814846   0.572053  -0.034559   0.087105  -1.368677  -0.148744   0.001000
  0.814846   0.572053  -0.034559   0.087105  -1.368677  -0.148744   0.001000
  0.814846   0.572053  -0.034559   0.087105  -1.368677  -0.148744   0.001000
  0.814846   0.572053  -0.034559   0.087105  -1.368677  -0.148744   0.001000
  0.814846   0.572053  -0.034559   0.087105  -1.368677  -0.148744   0.001000
  0.814846   0.572053  -0.034559   0.087105  -1.368677  -0.148744   0.001000
  0.814846   0.572053  -0.034559   0.087105  -1.368677  -0.148744   0.001000
  0.814846   0.572053  -0.034559   0.087105  -1.368677  -0.148744   0.001000
  0.782156   0.577714   0.060978   0.225301  -1.250315  -0.219149   0.001000
  0.823671   0.562181  -0.037484   0.064137  -0.783732  -0.320473   0.001000
  0.820144   0.567468  -0.038280   0.062280  -1.534864   0.002604   0.001000
  0.820144   0.567468  -0.038280   0.062280  -1.534864   0.002604   0.001000
  0.821618   0.564915  -0.040051   0.064890  -0.917998   0.198997   0.001000
  0.819362   0.568175  -0.039946   0.065015  -1.391678   0.105534   0.001000
  0.819379   0.568469  -0.037770   0.063521  -1.376318  -0.266794   0.001000
  0.819379   0.568469  -0.037770   0.063521  -1.376318  -0.266794   0.001000
  0.819379   0.568469  -0.037770   0.063521  -1.376318  -0.266794   0.001000
  0.819379   0.568469  -0.037770   0.063521  -1.376318  -0.266794   0.001000
  0.822341   0.564154  -0.040142   0.062238  -1.443265  -0.239025   0.001000
  0.822341   0.564154  -0.040142   0.062238  -1.443265  -0.239025   0.001000
  0.821037   0.565605  -0.040940   0.065673  -1.433115   0.113504   0.001000
  0.821037   0.565605  -0.040940   0.065673  -1.433115   0.113504   0.001000
  0.821037   0.565605  -0.040940   0.065673  -1.433115   0.113504   0.001000
  0.821037   0.565605  -0.040940   0.065673  -1.433115   0.113504   0.001000
  0.821037   0.565605  -0.040940   0.065673  -1.433115   0.113504   0.001000
  0.821037   0.565605  -0.040940   0.065673  -1.433115   0.113504   0.001000
  0.821037   0.565605  -0.040940   0.065673  -1.433115   0.113504   0.001000
  0.821037   0.565605  -0.040940   0.065673  -1.433115   0.113504   0.001000
  0.821037   0.565605  -0.040940   0.065673  -1.433115   0.113504   0.001000
  0.821037   0.565605  -0.040940   0.065673  -1.433115   0.113504   0.001000
  0.821037   0.565605  -0.040940   0.065673  -1.433115   0.113504   0.001000
  0.821037   0.565605  -0.040940   0.065673  -1.433115   0.113504   0.001000
  0.821037   0.565605  -0.040940   0.065673  -1.433115   0.113504   0.001000
  0.821037   0.565605  -0.040940   0.065673  -1.433115   0.113504   0.001000
  0.821037   0.565605  -0.040940   0.065673  -1.433115   0.113504   0.001000
  0.821037   0.565605  -0.040940   0.065673  -1.433115   0.113504   0.001000
  0.821037   0.565605  -0.040940   0.065673  -1.433115   0.113504   0.001000
  0.821037   0.565605  -0.040940   0.065673  -1.433115   0.113504   0.001000
  0.821037   0.565605  -0.040940   0.065673  -1.433115   0.113504   0.001000
  0.821037   0.565605  -0.040940   0.065673  -1.433115   0.113504   0.001000
  0.821037   0.565605  -0.040940   0.065673  -1.433115   0.113504   0.001000
  0.821037   0.565605  -0.040940   0.065673  -1.433115   0.113504   0.001000
  0.821037   0.565605  -0.040940   0.065673  -1.433115   0.113504   0.001000
  0.821037   0.565605  -0.040940   0.065673  -1.433115   0.113504   0.001000
  0.821037   0.565605  -0.040940   0.065673  -1.433115   0.113504   0.001000
  0.821037   0.565605  -0.040940   0.065673  -1.433115   0.113504   0.001000
  0.821037   0.565605  -0.040940   0.065673  -1.433115   0.113504   0.001000
  0.821037   0.565605  -0.040940   0.065673  -1.433115   0.113504   0.001000
  0.821037   0.565605  -0.040940   0.065673  -1.433115   0.113504   0.001000
  0.821037   0.565605  -0.040940   0.065673  -1.433115   0.113504   0.001000
  0.821037   0.565605  -0.040940   0.065673  -1.433115   0.113504   0.001000
  0.821037   0.565605  -0.040940   0.065673  -1.433115   0.113504   0.001000
  0.821037   0.565605  -0.040940   0.065673  -1.433115   0.113504   0.001000
  0.821037   0.565605  -0.040940   0.065673  -1.433115   0.113504   0.001000
  0.821037   0.565605  -0.040940   0.065673  -1.433115   0.113504   0.001000
  0.821037   0.565605  -0.040940   0.065673  -1.433115   0.113504   0.001000
  0.821037   0.565605  -0.040940   0.065673  -1.433115   0.113504   0.001000
  0.821037   0.565605  -0.040940   0.065673  -1.433115   0.113504   0.001000
  0.821037   0.565605  -0.040940   0.065673  -1.433115   0.113504   0.001000
  0.787960   0.566416   0.075119   0.229454  -1.148271   0.098570   0.001000
  0.787960   0.566416   0.075119   0.229454  -1.148271   0.098570   0.001000
  0.821919   0.563804  -0.045524   0.067092  -1.234288  -0.128538   0.001000
  0.821919   0.563804  -0.045524   0.067092  -1.234288  -0.128538   0.001000
  0.821919   0.563804  -0.045524   0.067092  -1.234288  -0.128538   0.001000
  0.821919   0.563804  -0.045524   0.067092  -1.234288  -0.128538   0.001000
  0.821919   0.563804  -0.045524   0.067092  -1.234288  -0.128538   0.001000
  0.821919   0.563804  -0.045524   0.067092  -1.234288  -0.128538   0.001000
  0.821919   0.563804  -0.045524   0.067092  -1.234288  -0.128538   0.001000
  0.821919   0.563804  -0.045524   0.067092  -1.234288  -0.128538   0.001000
  0.821919   0.563804  -0.045524   0.067092  -1.234288  -0.128538   0.001000
  0.821919   0.563804  -0.045524   0.067092  -1.234288  -0.128538   0.001000
  0.821919   0.563804  -0.045524   0.067092  -1.234288  -0.128538   0.001000
  0.819184   0.568647  -0.040220   0.062937  -1.391043   0.446507   0.001000
  0.820060   0.566485  -0.043874   0.068342  -1.258508   0.326754   0.001000
  0.820060   0.566485  -0.043874   0.068342  -1.258508   0.326754   0.001000
  0.820060   0.566485  -0.043874   0.068342  -1.258508   0.326754   0.001000
  0.820060   0.566485  -0.043874   0.068342  -1.258508   0.326754   0.001000
  0.820060   0.566485  -0.043874   0.068342  -1.258508   0.326754   0.001000
  0.820060   0.566485  -0.043874   0.068342  -1.258508   0.326754   0.001000
  0.821835   0.564536  -0.041598   0.064458  -0.878747   0.189735   0.001000
  0.824994   0.558595  -0.046983   0.071749  -1.616383   0.122549   0.001000
  0.824994   0.558595  -0.046983   0.071749  -1.616383   0.122549   0.001000
  0.824994   0.558595  -0.046983   0.071749  -1.616383   0.122549   0.001000
  0.816753   0.571853  -0.032210   0.069729  -1.423383  -0.034352   0.001000
  0.824817   0.560665  -0.039630   0.061323  -1.472973   0.062201   0.001000
  0.824817   0.560665  -0.039630   0.061323  -1.472973   0.062201   0.001000
  0.821645   0.564566  -0.036906   0.069305  -0.926594  -0.263670   0.001000
  0.790436   0.563763   0.067828   0.229743  -1.024148  -0.152937   0.001000
  0.821840   0.564791  -0.041510   0.062190  -1.017707  -0.219583   0.001000
  0.818690   0.569530  -0.038217   0.062623  -1.687277  -0.241221   0.001000
  0.818690   0.569530  -0.038217   0.062623  -1.687277  -0.241221   0.001000
  0.820970   0.566089  -0.041870   0.061626  -1.165574   0.084204   0.001000
  0.820970   0.566089  -0.041870   0.061626  -1.165574   0.084204   0.001000
  0.820970   0.566089  -0.041870   0.061626  -1.165574   0.084204   0.001000
  0.820970   0.566089  -0.041870   0.061626  -1.165574   0.084204   0.001000
  0.816508   0.571625  -0.038029   0.071515  -1.408370   0.166540   0.001000
  0.816508   0.571625  -0.038029   0.071515  -1.408370   0.166540   0.001000
  0.816508   0.571625  -0.038029   0.071515  -1.408370   0.166540   0.001000
  0.816508   0.571625  -0.038029   0.071515  -1.408370   0.166540   0.001000
  0.816882   0.571455  -0.042544   0.065827  -1.207865  -0.177968   0.001000
  0.821139   0.565738  -0.038967   0.064438  -0.889806  -0.044556   0.001000
  0.814897   0.575729  -0.038453   0.054768  -1.166463   0.226910   0.001000
  0.815767   0.573835  -0.038083   0.061537  -1.185550  -0.474277   0.001000
  0.815767   0.573835  -0.038083   0.061537  -1.185550  -0.474277   0.001000
  0.821683   0.564996  -0.039027   0.063986  -1.421776  -0.113984   0.001000
  0.815075   0.573784  -0.042316   0.068072  -1.440286   0.357719   0.001000
  0.815075   0.573784  -0.042316   0.068072  -1.440286   0.357719   0.001000
  0.818820   0.568522  -0.039368   0.069040  -1.293818   0.026550   0.001000
  0.818820   0.568522  -0.039368   0.069040  -1.293818   0.026550   0.001000
  0.818820   0.568522  -0.039368   0.069040  -1.293818   0.026550   0.001000
  0.818820   0.568522  -0.039368   0.069040  -1.293818   0.026550   0.001000
  0.818820   0.568522  -0.039368   0.069040  -1.293818   0.026550   0.001000
  0.818820   0.568522  -0.039368   0.069040  -1.293818   0.026550   0.001000
  0.818914   0.568844  -0.041516   0.063827  -1.303030   0.117300   0.001000
  0.818914   0.568844  -0.041516   0.063827  -1.303030   0.117300   0.001000
  0.819772   0.567793  -0.038158   0.064254  -1.034142   0.311481   0.001000
  0.791572   0.564164   0.059513   0.227136  -1.251437  -0.001257   0.001000
  0.791572   0.564164   0.059513   0.227136  -1.251437  -0.001257   0.001000
  0.820128   0.562676  -0.009683   0.103401  -1.275916  -0.128903   0.001000
  0.820989   0.565567  -0.037960   0.068338  -1.175638   0.097476   0.001000
  0.821923   0.564314  -0.040091   0.066212  -1.352141   0.083004   0.001000
  0.821923   0.564314  -0.040091   0.066212  -1.352141   0.083004   0.001000
  0.821923   0.564314  -0.040091   0.066212  -1.352141   0.083004   0.001000
  0.821923   0.564314  -0.040091   0.066212  -1.352141   0.083004   0.001000
  0.821923   0.564314  -0.040091   0.066212  -1.352141   0.083004   0.001000
  0.821923   0.564314  -0.040091   0.066212  -1.352141   0.083004   0.001000
  0.821923   0.564314  -0.040091   0.066212  -1.352141   0.083004   0.001000
  0.821923   0.564314  -0.040091   0.066212  -1.352141   0.083004   0.001000
  0.821923   0.564314  -0.040091   0.066212  -1.352141   0.083004   0.001000
  0.821923   0.564314  -0.040091   0.066212  -1.352141   0.083004   0.001000
  0.821923   0.564314  -0.040091   0.066212  -1.352141   0.083004   0.001000
  0.821923   0.564314  -0.040091   0.066212  -1.352141   0.083004   0.001000
  0.795954   0.555156   0.076332   0.228980  -1.040583   0.519250   0.001000
  0.819578   0.566302  -0.047180   0.073262  -1.305297   0.107195   0.001000
  0.819578   0.566302  -0.047180   0.073262  -1.305297   0.107195   0.001000
  0.819578   0.566302  -0.047180   0.073262  -1.305297   0.107195   0.001000
  0.819578   0.566302  -0.047180   0.073262  -1.305297   0.107195   0.001000
  0.819578   0.566302  -0.047180   0.073262  -1.305297   0.107195   0.001000
  0.819578   0.566302  -0.047180   0.073262  -1.305297   0.107195   0.001000
  0.819578   0.566302  -0.047180   0.073262  -1.305297   0.107195   0.001000
  0.819578   0.566302  -0.047180   0.073262  -1.305297   0.107195   0.001000
  0.819578   0.566302  -0.047180   0.073262  -1.305297   0.107195   0.001000
  0.823389   0.561207  -0.036575   0.075755  -1.512671  -0.130273   0.001000
  0.823389   0.561207  -0.036575   0.075755  -1.512671  -0.130273   0.001000
  0.823389   0.561207  -0.036575   0.075755  -1.512671  -0.130273   0.001000
  0.823389   0.561207  -0.036575   0.075755  -1.512671  -0.130273   0.001000
  0.823389   0.561207  -0.036575   0.075755  -1.512671  -0.130273   0.001000
  0.823389   0.561207  -0.036575   0.075755  -1.512671  -0.130273   0.001000
  0.823389   0.561207  -0.036575   0.075755  -1.512671  -0.130273   0.001000
  0.823389   0.561207  -0.036575   0.075755  -1.512671  -0.130273   0.001000
  0.823389   0.561207  -0.036575   0.075755  -1.512671  -0.130273   0.001000
  0.822559   0.564225  -0.033851   0.062460  -1.460534  -0.058250   0.001000
  0.822559   0.564225  -0.033851   0.062460  -1.460534  -0.058250   0.001000
  0.819347   0.567232  -0.045035   0.069929  -1.541412   0.134372   0.001000
  0.819347   0.567232  -0.045035   0.069929  -1.541412   0.134372   0.001000
  0.819347   0.567232  -0.045035   0.069929  -1.541412   0.134372   0.001000
  0.819347   0.567232  -0.045035   0.069929  -1.541412   0.134372   0.001000
  0.819347   0.567232  -0.045035   0.069929  -1.541412   0.134372   0.001000
  0.819347   0.567232  -0.045035   0.069929  -1.541412   0.134372   0.001000
  0.819347   0.567232  -0.045035   0.069929  -1.541412   0.134372   0.001000
  0.819347   0.567232  -0.045035   0.069929  -1.541412   0.134372   0.001000
  0.819347   0.567232  -0.045035   0.069929  -1.541412   0.134372   0.001000
  0.819347   0.567232  -0.045035   0.069929  -1.541412   0.134372   0.001000
  0.819347   0.567232  -0.045035   0.069929  -1.541412   0.134372   0.001000
  0.819347   0.567232  -0.045035   0.069929  -1.541412   0.134372   0.001000
  0.819347   0.567232  -0.045035   0.069929  -1.541412   0.134372   0.001000
  0.819347   0.567232  -0.045035   0.069929  -1.541412   0.134372   0.001000
  0.819347   0.567232  -0.045035   0.069929  -1.541412   0.134372   0.001000
  0.819347   0.567232  -0.045035   0.069929  -1.541412   0.134372   0.001000
  0.819347   0.567232  -0.045035   0.069929  -1.541412   0.134372   0.001000
  0.819347   0.567232  -0.045035   0.069929  -1.541412   0.134372   0.001000
  0.819347   0.567232  -0.045035   0.069929  -1.541412   0.134372   0.001000
  0.819347   0.567232  -0.045035   0.069929  -1.541412   0.134372   0.001000
  0.819347   0.567232  -0.045035   0.069929  -1.541412   0.134372   0.001000
  0.819347   0.567232  -0.045035   0.069929  -1.541412   0.134372   0.001000
  0.819347   0.567232  -0.045035   0.069929  -1.541412   0.134372   0.001000
  0.786254   0.572918   0.060835   0.223313  -1.421451  -0.074937   0.001000
  0.820064   0.567579  -0.030609   0.066426  -0.705824   0.122437   0.001000
  0.820516   0.566114  -0.041116   0.067658  -0.892489   0.076602   0.001000
  0.820885   0.566723  -0.034528   0.061482  -1.137517  -0.254798   0.001000
  0.820316   0.566997  -0.041038   0.062551  -1.465937  -0.149006   0.001000
  0.820316   0.566997  -0.041038   0.062551  -1.465937  -0.149006   0.001000
  0.820316   0.566997  -0.041038   0.062551  -1.465937  -0.149006   0.001000
  0.820316   0.566997  -0.041038   0.062551  -1.465937  -0.149006   0.001000
  0.820316   0.566997  -0.041038   0.062551  -1.465937  -0.149006   0.001000
  0.820316   0.566997  -0.041038   0.062551  -1.465937  -0.149006   0.001000
  0.820316   0.566997  -0.041038   0.062551  -1.465937  -0.149006   0.001000
  0.826844   0.556426  -0.035628   0.073822  -0.911706   0.600762   0.001000
  0.819917   0.567015  -0.037595   0.069407  -1.247013   0.128937   0.001000
  0.819917   0.567015  -0.037595   0.069407  -1.247013   0.128937   0.001000
  0.819917   0.567015  -0.037595   0.069407  -1.247013   0.128937   0.001000
  0.819917   0.567015  -0.037595   0.069407  -1.247013   0.128937   0.001000
  0.819917   0.567015  -0.037595   0.069407  -1.247013   0.128937   0.001000
  0.819917   0.567015  -0.037595   0.069407  -1.247013   0.128937   0.001000
  0.819917   0.567015  -0.037595   0.069407  -1.247013   0.128937   0.001000
  0.820927   0.565830  -0.041389   0.064823  -1.552763   0.283009   0.001000
  0.820927   0.565830  -0.041389   0.064823  -1.552763   0.283009   0.001000
  0.820927   0.565830  -0.041389   0.064823  -1.552763   0.283009   0.001000
  0.820927   0.565830  -0.041389   0.064823  -1.552763   0.283009   0.001000
  0.820927   0.565830  -0.041389   0.064823  -1.552763   0.283009   0.001000
  0.820927   0.565830  -0.041389   0.064823  -1.552763   0.283009   0.001000
  0.821464   0.563942  -0.043060   0.072881  -1.017535   0.088766   0.001000
  0.822545   0.563361  -0.033975   0.069924  -1.008483  -0.200743   0.001000
  0.793700   0.563860   0.070930   0.216960  -1.402337   0.137176   0.001000
  0.790036   0.563116   0.074546   0.230623  -1.615137  -0.124641   0.001000
  0.790036   0.563116   0.074546   0.230623  -1.615137  -0.124641   0.001000
  0.790036   0.563116   0.074546   0.230623  -1.615137  -0.124641   0.001000
  0.790036   0.563116   0.074546   0.230623  -1.615137  -0.124641   0.001000
  0.790036   0.563116   0.074546   0.230623  -1.615137  -0.124641   0.001000
  0.790036   0.563116   0.074546   0.230623  -1.615137  -0.124641   0.001000
  0.790036   0.563116   0.074546   0.230623  -1.615137  -0.124641   0.001000
  0.790036   0.563116   0.074546   0.230623  -1.615137  -0.124641   0.001000
  0.790036   0.563116   0.074546   0.230623  -1.615137  -0.124641   0.001000
  0.790036   0.563116   0.074546   0.230623  -1.615137  -0.124641   0.001000
  0.790036   0.563116   0.074546   0.230623  -1.615137  -0.124641   0.001000
  0.790036   0.563116   0.074546   0.230623  -1.615137  -0.124641   0.001000
  0.790036   0.563116   0.074546   0.230623  -1.615137  -0.124641   0.001000
  0.790036   0.563116   0.074546   0.230623  -1.615137  -0.124641   0.001000
  0.790036   0.563116   0.074546   0.230623  -1.615137  -0.124641   0.001000
  0.790036   0.563116   0.074546   0.230623  -1.615137  -0.124641   0.001000
  0.790036   0.563116   0.074546   0.230623  -1.615137  -0.124641   0.001000
  0.822801   0.563749  -0.034908   0.062984  -1.475229   0.248079   0.001000
  0.820874   0.562940  -0.013477   0.095303  -0.949878  -0.099231   0.001000
  0.815929   0.574322  -0.031388   0.058564  -0.794786   0.211409   0.001000
  0.819125   0.568309  -0.042205   0.065406  -1.167984  -0.139597   0.001000
  0.819125   0.568309  -0.042205   0.065406  -1.167984  -0.139597   0.001000
  0.819125   0.568309  -0.042205   0.065406  -1.167984  -0.139597   0.001000
  0.820023   0.566927  -0.043699   0.065164  -1.542135   0.133250   0.001000
  0.820023   0.566927  -0.043699   0.065164  -1.542135   0.133250   0.001000
  0.820023   0.566927  -0.043699   0.065164  -1.542135   0.133250   0.001000
  0.820023   0.566927  -0.043699   0.065164  -1.542135   0.133250   0.001000
  0.820023   0.566927  -0.043699   0.065164  -1.542135   0.133250   0.001000
  0.820023   0.566927  -0.043699   0.065164  -1.542135   0.133250   0.001000
  0.820023   0.566927  -0.043699   0.065164  -1.542135   0.133250   0.001000
  0.820023   0.566927  -0.043699   0.065164  -1.542135   0.133250   0.001000
  0.820023   0.566927  -0.043699   0.065164  -1.542135   0.133250   0.001000
  0.820023   0.566927  -0.043699   0.065164  -1.542135   0.133250   0.001000
  0.820023   0.566927  -0.043699   0.065164  -1.542135   0.133250   0.001000
  0.820023   0.566927  -0.043699   0.065164  -1.542135   0.133250   0.001000
  0.820023   0.566927  -0.043699   0.065164  -1.542135   0.133250   0.001000
  0.820023   0.566927  -0.043699   0.065164  -1.542135   0.133250   0.001000
  0.820023   0.566927  -0.043699   0.065164  -1.542135   0.133250   0.001000
  0.820023   0.566927  -0.043699   0.065164  -1.542135   0.133250   0.001000
  0.820023   0.566927  -0.043699   0.065164  -1.542135   0.133250   0.001000
  0.820023   0.566927  -0.043699   0.065164  -1.542135   0.133250   0.001000
  0.820023   0.566927  -0.043699   0.065164  -1.542135   0.133250   0.001000
  0.820023   0.566927  -0.043699   0.065164  -1.542135   0.133250   0.001000
  0.820023   0.566927  -0.043699   0.065164  -1.542135   0.133250   0.001000
  0.820023   0.566927  -0.043699   0.065164  -1.542135   0.133250   0.001000
  0.820023   0.566927  -0.043699   0.065164  -1.542135   0.133250   0.001000
  0.820023   0.566927  -0.043699   0.065164  -1.542135   0.133250   0.001000
  0.820023   0.566927  -0.043699   0.065164  -1.542135   0.133250   0.001000
  0.823428   0.562474  -0.041287   0.062335  -1.032225  -0.349901   0.001000
  0.821075   0.565866  -0.037543   0.064970  -1.179384  -0.053274   0.001000
  0.821075   0.565866  -0.037543   0.064970  -1.179384  -0.053274   0.001000
  0.821075   0.565866  -0.037543   0.064970  -1.179384  -0.053274   0.001000
  0.821075   0.565866  -0.037543   0.064970  -1.179384  -0.053274   0.001000
  0.821075   0.565866  -0.037543   0.064970  -1.179384  -0.053274   0.001000
  0.821075   0.565866  -0.037543   0.064970  -1.179384  -0.053274   0.001000
  0.821075   0.565866  -0.037543   0.064970  -1.179384  -0.053274   0.001000
  0.821075   0.565866  -0.037543   0.064970  -1.179384  -0.053274   0.001000
  0.821075   0.565866  -0.037543   0.064970  -1.179384  -0.053274   0.001000
  0.822851   0.563357  -0.039731   0.062976  -0.946456  -0.115229   0.001000
  0.821130   0.565854  -0.042004   0.061570  -0.726602  -0.151526   0.001000
  0.819327   0.568437  -0.039194   0.063613  -1.396409  -0.310437   0.001000
  0.819327   0.568437  -0.039194   0.063613  -1.396409  -0.310437   0.001000
  0.819327   0.568437  -0.039194   0.063613  -1.396409  -0.310437   0.001000
  0.819327   0.568437  -0.039194   0.063613  -1.396409  -0.310437   0.001000
  0.818141   0.569290  -0.042805   0.068719  -0.937786   0.112405   0.001000
  0.790550   0.562582   0.077349   0.229239  -1.053010   0.011530   0.001000
  0.822686   0.562791  -0.041891   0.068554  -1.557602  -0.374497   0.001000
  0.822686   0.562791  -0.041891   0.068554  -1.557602  -0.374497   0.001000
  0.790486   0.562338   0.073790   0.231219  -1.174408   0.205154   0.001000
  0.820486   0.566652  -0.039252   0.064557  -0.993191   0.088964   0.001000
  0.820486   0.566652  -0.039252   0.064557  -0.993191   0.088964   0.001000
  0.821335   0.565491  -0.039611   0.063713  -1.451351  -0.104769   0.001000
  0.807167   0.580602  -0.051742   0.093301  -1.379335   0.297717   0.001000
  0.820625   0.566191  -0.043144   0.064347  -0.862459   0.098163   0.001000
  0.822410   0.564018  -0.037679   0.064074  -1.014316  -0.130953   0.001000
  0.822410   0.564018  -0.037679   0.064074  -1.014316  -0.130953   0.001000
  0.822410   0.564018  -0.037679   0.064074  -1.014316  -0.130953   0.001000
  0.789558   0.563453   0.071310   0.232452  -1.369120  -0.193035   0.001000
  0.822117   0.564318  -0.039669   0.063997  -0.911232  -0.124353   0.001000
  0.789670   0.562953   0.075276   0.232032  -1.215717  -0.260242   0.001000
  0.789670   0.562953   0.075276   0.232032  -1.215717  -0.260242   0.001000
  0.789670   0.562953   0.075276   0.232032  -1.215717  -0.260242   0.001000
  0.820869   0.566973  -0.030748   0.061406  -1.171165  -0.154652   0.001000
  0.817050   0.571608  -0.039568   0.064243  -1.336422  -0.024177   0.001000
  0.817050   0.571608  -0.039568   0.064243  -1.336422  -0.024177   0.001000
  0.817050   0.571608  -0.039568   0.064243  -1.336422  -0.024177   0.001000
  0.817050   0.571608  -0.039568   0.064243  -1.336422  -0.024177   0.001000
  0.817050   0.571608  -0.039568   0.064243  -1.336422  -0.024177   0.001000
  0.817050   0.571608  -0.039568   0.064243  -1.336422  -0.024177   0.001000
  0.817050   0.571608  -0.039568   0.064243  -1.336422  -0.024177   0.001000
  0.817050   0.571608  -0.039568   0.064243  -1.336422  -0.024177   0.001000
  0.821239   0.565261  -0.036629   0.068589  -1.257761   0.025368   0.001000
  0.821239   0.565261  -0.036629   0.068589  -1.257761   0.025368   0.001000
  0.821239   0.565261  -0.036629   0.068589  -1.257761   0.025368   0.001000
  0.821239   0.565261  -0.036629   0.068589  -1.257761   0.025368   0.001000
  0.821239   0.565261  -0.036629   0.068589  -1.257761   0.025368   0.001000
  0.821239   0.565261  -0.036629   0.068589  -1.257761   0.025368   0.001000
  0.821239   0.565261  -0.036629   0.068589  -1.257761   0.025368   0.001000
  0.821239   0.565261  -0.036629   0.068589  -1.257761   0.025368   0.001000
  0.791474   0.569747   0.056071   0.214041  -1.817221   0.116187   0.001000
  0.791474   0.569747   0.056071   0.214041  -1.817221   0.116187   0.001000
  0.786619   0.575360   0.074845   0.211162  -1.049756  -0.035811   0.001000
  0.791223   0.568251   0.073171   0.213784  -1.389059  -0.022111   0.001000
  0.792762   0.560490   0.074867   0.227539  -1.596406  -0.055271   0.001000
  0.792762   0.560490   0.074867   0.227539  -1.596406  -0.055271   0.001000
  0.828164   0.554839  -0.042208   0.067211  -1.183790   0.136397   0.001000
  0.820356   0.568136  -0.029413   0.058066  -0.817714  -0.023502   0.001000
  0.818770   0.569493  -0.033587   0.064549  -1.199726  -0.405439   0.001000
  0.818770   0.569493  -0.033587   0.064549  -1.199726  -0.405439   0.001000
  0.823372   0.563479  -0.028169   0.061291  -1.514770   0.518623   0.001000
  0.818124   0.569708  -0.039671   0.067320  -1.050727  -0.502344   0.001000
  0.820662   0.564774  -0.042570   0.075710  -1.014848   0.037038   0.001000
  0.825450   0.559159  -0.042603   0.064482  -1.062205   0.009920   0.001000
  0.825450   0.559159  -0.042603   0.064482  -1.062205   0.009920   0.001000
  0.822092   0.564223  -0.041199   0.064182  -1.501996   0.166942   0.001000
  0.822092   0.564223  -0.041199   0.064182  -1.501996   0.166942   0.001000
  0.822092   0.564223  -0.041199   0.064182  -1.501996   0.166942   0.001000
  0.822092   0.564223  -0.041199   0.064182  -1.501996   0.166942   0.001000
  0.789483   0.564536   0.071475   0.230016  -1.135615   0.027993   0.001000
  0.789483   0.564536   0.071475   0.230016  -1.135615   0.027993   0.001000
  0.789483   0.564536   0.071475   0.230016  -1.135615   0.027993   0.001000
  0.789483   0.564536   0.071475   0.230016  -1.135615   0.027993   0.001000
  0.789483   0.564536   0.071475   0.230016  -1.135615   0.027993   0.001000
  0.821366   0.564954  -0.040534   0.067391  -1.384661  -0.123529   0.001000
  0.821366   0.564954  -0.040534   0.067391  -1.384661  -0.123529   0.001000
  0.821366   0.564954  -0.040534   0.067391  -1.384661  -0.123529   0.001000
  0.821366   0.564954  -0.040534   0.067391  -1.384661  -0.123529   0.001000
  0.821366   0.564954  -0.040534   0.067391  -1.384661  -0.123529   0.001000
  0.821366   0.564954  -0.040534   0.067391  -1.384661  -0.123529   0.001000
  0.821366   0.564954  -0.040534   0.067391  -1.384661  -0.123529   0.001000
  0.821366   0.564954  -0.040534   0.067391  -1.384661  -0.123529   0.001000
  0.821366   0.564954  -0.040534   0.067391  -1.384661  -0.123529   0.001000
  0.820440   0.566570  -0.041973   0.064154  -1.280589   0.100298   0.001000
  0.820440   0.566570  -0.041973   0.064154  -1.280589   0.100298   0.001000
  0.820440   0.566570  -0.041973   0.064154  -1.280589   0.100298   0.001000
  0.820440   0.566570  -0.041973   0.064154  -1.280589   0.100298   0.001000
  0.820729   0.566236  -0.039334   0.065068  -0.825300   0.326114   0.001000
  0.819048   0.568640  -0.041616   0.063850  -1.008255   0.141787   0.001000
  0.819370   0.568267  -0.039228   0.064552  -1.622085   0.056664   0.001000
  0.819370   0.568267  -0.039228   0.064552  -1.622085   0.056664   0.001000
  0.819370   0.568267  -0.039228   0.064552  -1.622085   0.056664   0.001000
  0.819370   0.568267  -0.039228   0.064552  -1.622085   0.056664   0.001000
  0.819370   0.568267  -0.039228   0.064552  -1.622085   0.056664   0.001000
  0.819370   0.568267  -0.039228   0.064552  -1.622085   0.056664   0.001000
  0.819370   0.568267  -0.039228   0.064552  -1.622085   0.056664   0.001000
  0.818027   0.568546  -0.047332   0.073126  -1.115172   0.331918   0.001000
  0.818027   0.568546  -0.047332   0.073126  -1.115172   0.331918   0.001000
  0.817596   0.571172  -0.035559   0.063525  -1.525974   0.422729   0.001000
  0.820746   0.566259  -0.039619   0.064474  -1.233342  -0.136738   0.001000
  0.820746   0.566259  -0.039619   0.064474  -1.233342  -0.136738   0.001000
  0.789613   0.562149   0.072992   0.234889  -1.477803  -0.040627   0.001000
  0.789613   0.562149   0.072992   0.234889  -1.477803  -0.040627   0.001000
  0.789613   0.562149   0.072992   0.234889  -1.477803  -0.040627   0.001000
  0.786097   0.566225   0.067015   0.238640  -0.863917   0.175515   0.001000
  0.820921   0.564708  -0.047115   0.070530  -1.509537   0.101354   0.001000
  0.820921   0.564708  -0.047115   0.070530  -1.509537   0.101354   0.001000
  0.820921   0.564708  -0.047115   0.070530  -1.509537   0.101354   0.001000
  0.820921   0.564708  -0.047115   0.070530  -1.509537   0.101354   0.001000
  0.820921   0.564708  -0.047115   0.070530  -1.509537   0.101354   0.001000
  0.820921   0.564708  -0.047115   0.070530  -1.509537   0.101354   0.001000
  0.820921   0.564708  -0.047115   0.070530  -1.509537   0.101354   0.001000
  0.820921   0.564708  -0.047115   0.070530  -1.509537   0.101354   0.001000
  0.820921   0.564708  -0.047115   0.070530  -1.509537   0.101354   0.001000
  0.820921   0.564708  -0.047115   0.070530  -1.509537   0.101354   0.001000
  0.820921   0.564708  -0.047115   0.070530  -1.509537   0.101354   0.001000
  0.820921   0.564708  -0.047115   0.070530  -1.509537   0.101354   0.001000
  0.820921   0.564708  -0.047115   0.070530  -1.509537   0.101354   0.001000
  0.820921   0.564708  -0.047115   0.070530  -1.509537   0.101354   0.001000
  0.820921   0.564708  -0.047115   0.070530  -1.509537   0.101354   0.001000
  0.820416   0.566617  -0.041933   0.064067  -0.917898   0.271664   0.001000
  0.790910   0.561286   0.074751   0.232018  -1.408536   0.231548   0.001000
  0.790910   0.561286   0.074751   0.232018  -1.408536   0.231548   0.001000
  0.790910   0.561286   0.074751   0.232018  -1.408536   0.231548   0.001000
  0.790910   0.561286   0.074751   0.232018  -1.408536   0.231548   0.001000
  0.790910   0.561286   0.074751   0.232018  -1.408536   0.231548   0.001000
  0.821726   0.565504  -0.036418   0.060375  -1.601429   0.149048   0.001000
  0.821711   0.564449  -0.042787   0.066014  -1.255762  -0.043898   0.001000
  0.821711   0.564449  -0.042787   0.066014  -1.255762  -0.043898   0.001000
  0.821711   0.564449  -0.042787   0.066014  -1.255762  -0.043898   0.001000
  0.821711   0.564449  -0.042787   0.066014  -1.255762  -0.043898   0.001000
  0.821711   0.564449  -0.042787   0.066014  -1.255762  -0.043898   0.001000
  0.821711   0.564449  -0.042787   0.066014  -1.255762  -0.043898   0.001000
  0.821711   0.564449  -0.042787   0.066014  -1.255762  -0.043898   0.001000
  0.821711   0.564449  -0.042787   0.066014  -1.255762  -0.043898   0.001000
  0.821711   0.564449  -0.042787   0.066014  -1.255762  -0.043898   0.001000
  0.821711   0.564449  -0.042787   0.066014  -1.255762  -0.043898   0.001000
  0.821711   0.564449  -0.042787   0.066014  -1.255762  -0.043898   0.001000
  0.821294   0.565385  -0.036780   0.066809  -1.134420   0.084948   0.001000
  0.819877   0.567093  -0.042531   0.066311  -1.135359   0.015854   0.001000
  0.819877   0.567093  -0.042531   0.066311  -1.135359   0.015854   0.001000
  0.819877   0.567093  -0.042531   0.066311  -1.135359   0.015854   0.001000
  0.819877   0.567093  -0.042531   0.066311  -1.135359   0.015854   0.001000
  0.819877   0.567093  -0.042531   0.066311  -1.135359   0.015854   0.001000
  0.819877   0.567093  -0.042531   0.066311  -1.135359   0.015854   0.001000
  0.819877   0.567093  -0.042531   0.066311  -1.135359   0.015854   0.001000
  0.819877   0.567093  -0.042531   0.066311  -1.135359   0.015854   0.001000
  0.819877   0.567093  -0.042531   0.066311  -1.135359   0.015854   0.001000
  0.819220   0.568174  -0.041265   0.065983  -0.917323  -0.400407   0.001000
  0.822589   0.563099  -0.043880   0.065887  -0.833061  -0.112355   0.001000
  0.821301   0.565538  -0.039824   0.063603  -1.165487   0.212511   0.001000
  0.819527   0.565502  -0.049577   0.078261  -1.219677   0.045666   0.001000
  0.828017   0.555632  -0.040898   0.063155  -1.415043   0.154347   0.001000
  0.822585   0.563641  -0.037514   0.065233  -1.135452   0.168514   0.001000
  0.822585   0.563641  -0.037514   0.065233  -1.135452   0.168514   0.001000
  0.820645   0.565394  -0.043387   0.070632  -1.041033  -0.313421   0.001000
  0.819625   0.567346  -0.041903   0.067658  -1.183629  -0.047144   0.001000
  0.819625   0.567346  -0.041903   0.067658  -1.183629  -0.047144   0.001000
  0.817122   0.571317  -0.040238   0.065489  -0.943984  -0.115820   0.001000
  0.819760   0.567679  -0.033539   0.067894  -1.245042   0.272202   0.001000
  0.819760   0.567679  -0.033539   0.067894  -1.245042   0.272202   0.001000
  0.819760   0.567679  -0.033539   0.067894  -1.245042   0.272202   0.001000
  0.827264   0.554901  -0.041369   0.077512  -1.096495   0.052000   0.001000
  0.817185   0.571114  -0.043516   0.064377  -1.422639   0.038852   0.001000
  0.817185   0.571114  -0.043516   0.064377  -1.422639   0.038852   0.001000
  0.817185   0.571114  -0.043516   0.064377  -1.422639   0.038852   0.001000
  0.817185   0.571114  -0.043516   0.064377  -1.422639   0.038852   0.001000
  0.817185   0.571114  -0.043516   0.064377  -1.422639   0.038852   0.001000
  0.817185   0.571114  -0.043516   0.064377  -1.422639   0.038852   0.001000
  0.817185   0.571114  -0.043516   0.064377  -1.422639   0.038852   0.001000
  0.817185   0.571114  -0.043516   0.064377  -1.422639   0.038852   0.001000
  0.817185   0.571114  -0.043516   0.064377  -1.422639   0.038852   0.001000
  0.817185   0.571114  -0.043516   0.064377  -1.422639   0.038852   0.001000
  0.817185   0.571114  -0.043516   0.064377  -1.422639   0.038852   0.001000
  0.817185   0.571114  -0.043516   0.064377  -1.422639   0.038852   0.001000
  0.820249   0.566671  -0.038013   0.068047  -1.128963   0.073674   0.001000
  0.820249   0.566671  -0.038013   0.068047  -1.128963   0.073674   0.001000
  0.820249   0.566671  -0.038013   0.068047  -1.128963   0.073674   0.001000
  0.820249   0.566671  -0.038013   0.068047  -1.128963   0.073674   0.001000
  0.819902   0.567332  -0.038732   0.066291  -1.015522  -0.003972   0.001000
  0.819902   0.567332  -0.038732   0.066291  -1.015522  -0.003972   0.001000
  0.819902   0.567332  -0.038732   0.066291  -1.015522  -0.003972   0.001000
  0.790518   0.563973   0.072752   0.227426  -0.832933   0.254265   0.001000
  0.819805   0.566082  -0.044633   0.074025  -1.169724   0.174903   0.001000
  0.800464   0.555046   0.071178   0.214744  -1.761331  -0.039252   0.001000
  0.794688   0.557050   0.076487   0.228727  -1.240982  -0.443416   0.001000
  0.789464   0.571381   0.056098   0.217080  -1.397738  -0.416333   0.001000
  0.789464   0.571381   0.056098   0.217080  -1.397738  -0.416333   0.001000
  0.821760   0.565099  -0.038734   0.062230  -0.943617  -0.046962   0.001000
  0.790122   0.561665   0.071532   0.234782  -1.230931   0.123891   0.001000
  0.828959   0.552303  -0.036391   0.080397  -1.456627   0.185226   0.001000
  0.820037   0.567195  -0.039227   0.065499  -1.159061  -0.571876   0.001000
  0.820826   0.565833  -0.042657   0.065251  -1.170825  -0.093911   0.001000
  0.782676   0.616523  -0.040887   0.075134  -1.030298   0.019796   0.001000
  0.822511   0.563934  -0.038690   0.062912  -0.932855   0.100314   0.001000
  0.820782   0.568038  -0.033889   0.050009  -0.942476  -0.060534   0.001000
  0.817637   0.570382  -0.039335   0.067730  -1.213027   0.132962   0.001000
  0.820997   0.565954  -0.036841   0.065603  -1.149476  -0.122959   0.001000
  0.820997   0.565954  -0.036841   0.065603  -1.149476  -0.122959   0.001000
  0.793160   0.559808   0.073593   0.228245  -1.027848   0.093293   0.001000
  0.820286   0.566546  -0.043646   0.065196  -1.241614  -0.138457   0.001000
  0.820286   0.566546  -0.043646   0.065196  -1.241614  -0.138457   0.001000
  0.820286   0.566546  -0.043646   0.065196  -1.241614  -0.138457   0.001000
  0.820286   0.566546  -0.043646   0.065196  -1.241614  -0.138457   0.001000
  0.820286   0.566546  -0.043646   0.065196  -1.241614  -0.138457   0.001000
  0.820286   0.566546  -0.043646   0.065196  -1.241614  -0.138457   0.001000
  0.821519   0.566018  -0.031444   0.061161  -1.534767  -0.259622   0.001000
  0.821519   0.566018  -0.031444   0.061161  -1.534767  -0.259622   0.001000
  0.823256   0.561772  -0.038050   0.072208  -1.156785   0.485245   0.001000
  0.820803   0.565573  -0.044028   0.066867  -1.152868   0.010404   0.001000
  0.821348   0.565186  -0.040381   0.065742  -1.604697  -0.146248   0.001000
  0.821348   0.565186  -0.040381   0.065742  -1.604697  -0.146248   0.001000
  0.821348   0.565186  -0.040381   0.065742  -1.604697  -0.146248   0.001000
  0.821348   0.565186  -0.040381   0.065742  -1.604697  -0.146248   0.001000
  0.821348   0.565186  -0.040381   0.065742  -1.604697  -0.146248   0.001000
  0.821348   0.565186  -0.040381   0.065742  -1.604697  -0.146248   0.001000
  0.822415   0.563644  -0.040457   0.065592  -1.282607   0.361991   0.001000
  0.822415   0.563644  -0.040457   0.065592  -1.282607   0.361991   0.001000
  0.822415   0.563644  -0.040457   0.065592  -1.282607   0.361991   0.001000
  0.822415   0.563644  -0.040457   0.065592  -1.282607   0.361991   0.001000
  0.820509   0.566494  -0.040732   0.064731  -1.134869   0.321347   0.001000
  0.820509   0.566494  -0.040732   0.064731  -1.134869   0.321347   0.001000
  0.820509   0.566494  -0.040732   0.064731  -1.134869   0.321347   0.001000
  0.821250   0.566057  -0.032756   0.063673  -1.044396  -0.405475   0.001000
  0.796057   0.557364   0.079012   0.222250  -1.743159  -0.099152   0.001000
  0.794946   0.556571   0.070092   0.231035  -1.317549   0.008296   0.001000
  0.794946   0.556571   0.070092   0.231035  -1.317549   0.008296   0.001000
  0.817147   0.570557  -0.038808   0.072316  -1.014573   0.296936   0.001000
  0.795148   0.554980   0.074828   0.232676  -1.199149  -0.104423   0.001000
  0.820122   0.567279  -0.038230   0.064295  -1.454947  -0.085052   0.001000
  0.820122   0.567279  -0.038230   0.064295  -1.454947  -0.085052   0.001000
  0.820122   0.567279  -0.038230   0.064295  -1.454947  -0.085052   0.001000
  0.820122   0.567279  -0.038230   0.064295  -1.454947  -0.085052   0.001000
  0.820122   0.567279  -0.038230   0.064295  -1.454947  -0.085052   0.001000
  0.820122   0.567279  -0.038230   0.064295  -1.454947  -0.085052   0.001000
  0.820122   0.567279  -0.038230   0.064295  -1.454947  -0.085052   0.001000
  0.825417   0.557375  -0.044600   0.077652  -1.650278   0.316154   0.001000
  0.825417   0.557375  -0.044600   0.077652  -1.650278   0.316154   0.001000
  0.825417   0.557375  -0.044600   0.077652  -1.650278   0.316154   0.001000
  0.825417   0.557375  -0.044600   0.077652  -1.650278   0.316154   0.001000
  0.822735   0.562132  -0.041050   0.073681  -1.048199  -0.096660   0.001000
  0.822735   0.562132  -0.041050   0.073681  -1.048199  -0.096660   0.001000
  0.819952   0.567420  -0.041500   0.063174  -1.206276   0.137377   0.001000
  0.819952   0.567420  -0.041500   0.063174  -1.206276   0.137377   0.001000
  0.819952   0.567420  -0.041500   0.063174  -1.206276   0.137377   0.001000
  0.819952   0.567420  -0.041500   0.063174  -1.206276   0.137377   0.001000
  0.820401   0.566483  -0.037886   0.067850  -1.333622   0.175438   0.001000
  0.820401   0.566483  -0.037886   0.067850  -1.333622   0.175438   0.001000
  0.820401   0.566483  -0.037886   0.067850  -1.333622   0.175438   0.001000
  0.822089   0.564563  -0.040902   0.061362  -1.362079  -0.083968   0.001000
  0.822089   0.564563  -0.040902   0.061362  -1.362079  -0.083968   0.001000
  0.822089   0.564563  -0.040902   0.061362  -1.362079  -0.083968   0.001000
  0.822089   0.564563  -0.040902   0.061362  -1.362079  -0.083968   0.001000
  0.822089   0.564563  -0.040902   0.061362  -1.362079  -0.083968   0.001000
  0.820176   0.566494  -0.040377   0.069033  -1.656414   0.165487   0.001000
  0.820176   0.566494  -0.040377   0.069033  -1.656414   0.165487   0.001000
  0.820176   0.566494  -0.040377   0.069033  -1.656414   0.165487   0.001000
  0.820176   0.566494  -0.040377   0.069033  -1.656414   0.165487   0.001000
  0.820176   0.566494  -0.040377   0.069033  -1.656414   0.165487   0.001000
  0.820176   0.566494  -0.040377   0.069033  -1.656414   0.165487   0.001000
  0.820176   0.566494  -0.040377   0.069033  -1.656414   0.165487   0.001000
  0.820176   0.566494  -0.040377   0.069033  -1.656414   0.165487   0.001000
  0.820176   0.566494  -0.040377   0.069033  -1.656414   0.165487   0.001000
  0.820176   0.566494  -0.040377   0.069033  -1.656414   0.165487   0.001000
  0.820567   0.566463  -0.034921   0.067597  -1.742692  -0.157358   0.001000
  0.820567   0.566463  -0.034921   0.067597  -1.742692  -0.157358   0.001000
  0.820567   0.566463  -0.034921   0.067597  -1.742692  -0.157358   0.001000
  0.819815   0.567876  -0.039426   0.062183  -1.160518  -0.249375   0.001000
  0.819815   0.567876  -0.039426   0.062183  -1.160518  -0.249375   0.001000
  0.812461   0.577184  -0.041606   0.070960  -1.493745   0.190787   0.001000
  0.812461   0.577184  -0.041606   0.070960  -1.493745   0.190787   0.001000
  0.812461   0.577184  -0.041606   0.070960  -1.493745   0.190787   0.001000
  0.817956   0.570052  -0.043125   0.064259  -1.114891   0.218471   0.001000
  0.817956   0.570052  -0.043125   0.064259  -1.114891   0.218471   0.001000
  0.817042   0.571076  -0.038768   0.069363  -1.181141   0.009255   0.001000
  0.823073   0.563804  -0.034583   0.058990  -1.528293  -0.098592   0.001000
  0.823073   0.563804  -0.034583   0.058990  -1.528293  -0.098592   0.001000
  0.787362   0.567198   0.072869   0.230300  -1.327823   0.111154   0.001000
  0.787362   0.567198   0.072869   0.230300  -1.327823   0.111154   0.001000
  0.821428   0.565469  -0.038587   0.063331  -1.041184  -0.644452   0.001000
  0.826855   0.557581  -0.035074   0.064686  -0.775958   0.272048   0.001000
  0.819599   0.568020  -0.041070   0.062644  -1.498486  -0.234884   0.001000
  0.819599   0.568020  -0.041070   0.062644  -1.498486  -0.234884   0.001000
  0.819599   0.568020  -0.041070   0.062644  -1.498486  -0.234884   0.001000
  0.819599   0.568020  -0.041070   0.062644  -1.498486  -0.234884   0.001000
  0.819599   0.568020  -0.041070   0.062644  -1.498486  -0.234884   0.001000
  0.819599   0.568020  -0.041070   0.062644  -1.498486  -0.234884   0.001000
  0.791417   0.560108   0.074258   0.233288  -1.104945   0.220117   0.001000
  0.791417   0.560108   0.074258   0.233288  -1.104945   0.220117   0.001000
  0.791417   0.560108   0.074258   0.233288  -1.104945   0.220117   0.001000
  0.791417   0.560108   0.074258   0.233288  -1.104945   0.220117   0.001000
  0.821965   0.564406  -0.036704   0.066872  -1.041940  -0.200857   0.001000
  0.816267   0.572780  -0.034897   0.066430  -1.331065   0.236889   0.001000
  0.822853   0.563068  -0.042733   0.063572  -1.106387  -0.143982   0.001000
  0.822853   0.563068  -0.042733   0.063572  -1.106387  -0.143982   0.001000
  0.822853   0.563068  -0.042733   0.063572  -1.106387  -0.143982   0.001000
  0.822853   0.563068  -0.042733   0.063572  -1.106387  -0.143982   0.001000
  0.796394   0.557783   0.074347   0.221603  -1.522247  -0.033840   0.001000
  0.796394   0.557783   0.074347   0.221603  -1.522247  -0.033840   0.001000
  0.796394   0.557783   0.074347   0.221603  -1.522247  -0.033840   0.001000
  0.822118   0.564254  -0.036128   0.066585  -1.248141  -0.062270   0.001000
  0.822118   0.564254  -0.036128   0.066585  -1.248141  -0.062270   0.001000
  0.788340   0.563801   0.071204   0.235753  -1.178188   0.033371   0.001000
  0.788340   0.563801   0.071204   0.235753  -1.178188   0.033371   0.001000
  0.821169   0.565343  -0.040799   0.066361  -1.266336  -0.405467   0.001000
  0.821169   0.565343  -0.040799   0.066361  -1.266336  -0.405467   0.001000
  0.821169   0.565343  -0.040799   0.066361  -1.266336  -0.405467   0.001000
  0.821169   0.565343  -0.040799   0.066361  -1.266336  -0.405467   0.001000
  0.821169   0.565343  -0.040799   0.066361  -1.266336  -0.405467   0.001000
  0.821169   0.565343  -0.040799   0.066361  -1.266336  -0.405467   0.001000
  0.822801   0.563580  -0.037105   0.063243  -1.486731   0.052677   0.001000
  0.792390   0.561316   0.078586   0.225535  -1.310116   0.000840   0.001000
  0.821720   0.564933  -0.040318   0.063254  -1.323753   0.118105   0.001000
  0.821720   0.564933  -0.040318   0.063254  -1.323753   0.118105   0.001000
  0.821720   0.564933  -0.040318   0.063254  -1.323753   0.118105   0.001000
  0.821720   0.564933  -0.040318   0.063254  -1.323753   0.118105   0.001000
  0.793612   0.558158   0.077046   0.229573  -1.577467   0.018546   0.001000
  0.793612   0.558158   0.077046   0.229573  -1.577467   0.018546   0.001000
  0.819947   0.568291  -0.036406   0.058360  -1.269779   0.003265   0.001000
  0.818860   0.568510  -0.035189   0.070892  -1.103364   0.056971   0.001000
  0.818860   0.568510  -0.035189   0.070892  -1.103364   0.056971   0.001000
  0.816472   0.572104  -0.039176   0.067345  -1.085587  -0.113513   0.001000
  0.821832   0.565007  -0.039372   0.061723  -1.180996  -0.422708   0.001000
  0.821832   0.565007  -0.039372   0.061723  -1.180996  -0.422708   0.001000
  0.822438   0.563559  -0.038772   0.067039  -1.293583   0.102193   0.001000
  0.822438   0.563559  -0.038772   0.067039  -1.293583   0.102193   0.001000
  0.822438   0.563559  -0.038772   0.067039  -1.293583   0.102193   0.001000
  0.820776   0.566346  -0.038721   0.063879  -1.336225  -0.372741   0.001000
  0.820776   0.566346  -0.038721   0.063879  -1.336225  -0.372741   0.001000
  0.820776   0.566346  -0.038721   0.063879  -1.336225  -0.372741   0.001000
  0.820776   0.566346  -0.038721   0.063879  -1.336225  -0.372741   0.001000
  0.820776   0.566346  -0.038721   0.063879  -1.336225  -0.372741   0.001000
  0.820776   0.566346  -0.038721   0.063879  -1.336225  -0.372741   0.001000
  0.820776   0.566346  -0.038721   0.063879  -1.336225  -0.372741   0.001000
  0.820776   0.566346  -0.038721   0.063879  -1.336225  -0.372741   0.001000
  0.787377   0.567267   0.074641   0.229507  -1.169875  -0.411472   0.001000
  0.787377   0.567267   0.074641   0.229507  -1.169875  -0.411472   0.001000
  0.821577   0.564910  -0.037408   0.066993  -1.035378  -0.255385   0.001000
  0.789639   0.562271   0.066949   0.236302  -1.357382   0.282398   0.001000
  0.819018   0.568586  -0.041224   0.064967  -1.123309  -0.213286   0.001000
  0.824189   0.561635  -0.033957   0.064231  -1.156573   0.124467   0.001000
  0.822809   0.563350  -0.036428   0.065541  -0.735893   0.099913   0.001000
  0.818003   0.569701  -0.041959   0.067464  -0.922157   0.001815   0.001000
  0.818003   0.569701  -0.041959   0.067464  -0.922157   0.001815   0.001000
  0.811335   0.576908  -0.051697   0.078992  -1.380875  -0.459102   0.001000
  0.820551   0.566262  -0.041957   0.065449  -1.198700  -0.378562   0.001000
  0.820551   0.566262  -0.041957   0.065449  -1.198700  -0.378562   0.001000
  0.820551   0.566262  -0.041957   0.065449  -1.198700  -0.378562   0.001000
  0.815443   0.573397  -0.030748   0.072963  -1.411590  -0.248165   0.001000
  0.815443   0.573397  -0.030748   0.072963  -1.411590  -0.248165   0.001000
  0.815443   0.573397  -0.030748   0.072963  -1.411590  -0.248165   0.001000
  0.815443   0.573397  -0.030748   0.072963  -1.411590  -0.248165   0.001000
  0.815443   0.573397  -0.030748   0.072963  -1.411590  -0.248165   0.001000
  0.815443   0.573397  -0.030748   0.072963  -1.411590  -0.248165   0.001000
  0.815443   0.573397  -0.030748   0.072963  -1.411590  -0.248165   0.001000
  0.815443   0.573397  -0.030748   0.072963  -1.411590  -0.248165   0.001000
  0.815443   0.573397  -0.030748   0.072963  -1.411590  -0.248165   0.001000
  0.815443   0.573397  -0.030748   0.072963  -1.411590  -0.248165   0.001000
  0.815443   0.573397  -0.030748   0.072963  -1.411590  -0.248165   0.001000
  0.815443   0.573397  -0.030748   0.072963  -1.411590  -0.248165   0.001000
  0.815443   0.573397  -0.030748   0.072963  -1.411590  -0.248165   0.001000
  0.815443   0.573397  -0.030748   0.072963  -1.411590  -0.248165   0.001000
  0.815443   0.573397  -0.030748   0.072963  -1.411590  -0.248165   0.001000
  0.815443   0.573397  -0.030748   0.072963  -1.411590  -0.248165   0.001000
  0.815443   0.573397  -0.030748   0.072963  -1.411590  -0.248165   0.001000
  0.815443   0.573397  -0.030748   0.072963  -1.411590  -0.248165   0.001000
  0.815443   0.573397  -0.030748   0.072963  -1.411590  -0.248165   0.001000
  0.815443   0.573397  -0.030748   0.072963  -1.411590  -0.248165   0.001000
  0.815443   0.573397  -0.030748   0.072963  -1.411590  -0.248165   0.001000
  0.818705   0.569575  -0.039358   0.061299  -1.102282   0.142323   0.001000
  0.820552   0.565363  -0.035005   0.076375  -1.248963   0.120569   0.001000
  0.820552   0.565363  -0.035005   0.076375  -1.248963   0.120569   0.001000
  0.820552   0.565363  -0.035005   0.076375  -1.248963   0.120569   0.001000
  0.820552   0.565363  -0.035005   0.076375  -1.248963   0.120569   0.001000
  0.820552   0.565363  -0.035005   0.076375  -1.248963   0.120569   0.001000
  0.820552   0.565363  -0.035005   0.076375  -1.248963   0.120569   0.001000
  0.820552   0.565363  -0.035005   0.076375  -1.248963   0.120569   0.001000
  0.820552   0.565363  -0.035005   0.076375  -1.248963   0.120569   0.001000
  0.820552   0.565363  -0.035005   0.076375  -1.248963   0.120569   0.001000
  0.820552   0.565363  -0.035005   0.076375  -1.248963   0.120569   0.001000
  0.820552   0.565363  -0.035005   0.076375  -1.248963   0.120569   0.001000
  0.820552   0.565363  -0.035005   0.076375  -1.248963   0.120569   0.001000
  0.819989   0.567873  -0.038126   0.060694  -1.026436   0.144565   0.001000
  0.821670   0.564045  -0.041652   0.070545  -1.348733  -0.002564   0.001000
  0.816122   0.572285  -0.040667   0.069140  -1.121270   0.437475   0.001000
  0.816122   0.572285  -0.040667   0.069140  -1.121270   0.437475   0.001000
  0.819196   0.568841  -0.040840   0.060579  -1.329441   0.200620   0.001000
  0.816910   0.571666  -0.042448   0.063667  -1.246085   0.505463   0.001000
  0.816910   0.571666  -0.042448   0.063667  -1.246085   0.505463   0.001000
  0.816910   0.571666  -0.042448   0.063667  -1.246085   0.505463   0.001000
  0.817736   0.570015  -0.040208   0.069098  -1.165187  -0.298160   0.001000
  0.817736   0.570015  -0.040208   0.069098  -1.165187  -0.298160   0.001000
  0.817736   0.570015  -0.040208   0.069098  -1.165187  -0.298160   0.001000
  0.817736   0.570015  -0.040208   0.069098  -1.165187  -0.298160   0.001000
  0.822339   0.563793  -0.040307   0.065349  -1.466434   0.183344   0.001000
  0.822339   0.563793  -0.040307   0.065349  -1.466434   0.183344   0.001000
  0.823726   0.562165  -0.040872   0.061438  -0.971753   0.418190   0.001000
  0.792843   0.559208   0.075256   0.230265  -0.966586   0.139618   0.001000
  0.792843   0.559208   0.075256   0.230265  -0.966586   0.139618   0.001000
  0.792843   0.559208   0.075256   0.230265  -0.966586   0.139618   0.001000
  0.823745   0.562344  -0.036855   0.062096  -1.451737   0.335215   0.001000
  0.823745   0.562344  -0.036855   0.062096  -1.451737   0.335215   0.001000
  0.818545   0.569266  -0.040998   0.065111  -1.468069  -0.044262   0.001000
  0.818545   0.569266  -0.040998   0.065111  -1.468069  -0.044262   0.001000
  0.818545   0.569266  -0.040998   0.065111  -1.468069  -0.044262   0.001000
  0.818545   0.569266  -0.040998   0.065111  -1.468069  -0.044262   0.001000
  0.818545   0.569266  -0.040998   0.065111  -1.468069  -0.044262   0.001000
  0.818545   0.569266  -0.040998   0.065111  -1.468069  -0.044262   0.001000
  0.818545   0.569266  -0.040998   0.065111  -1.468069  -0.044262   0.001000
  0.818545   0.569266  -0.040998   0.065111  -1.468069  -0.044262   0.001000
  0.818545   0.569266  -0.040998   0.065111  -1.468069  -0.044262   0.001000
  0.818545   0.569266  -0.040998   0.065111  -1.468069  -0.044262   0.001000
  0.823654   0.562348  -0.032076   0.065802  -1.611680  -0.127127   0.001000
  0.823654   0.562348  -0.032076   0.065802  -1.611680  -0.127127   0.001000
  0.823654   0.562348  -0.032076   0.065802  -1.611680  -0.127127   0.001000
  0.822246   0.564522  -0.034687   0.063430  -1.174432  -0.083436   0.001000
  0.792381   0.559464   0.075349   0.231204  -1.707982  -0.338903   0.001000
  0.792381   0.559464   0.075349   0.231204  -1.707982  -0.338903   0.001000
  0.792381   0.559464   0.075349   0.231204  -1.707982  -0.338903   0.001000
  0.792381   0.559464   0.075349   0.231204  -1.707982  -0.338903   0.001000
  0.821797   0.565115  -0.037367   0.062436  -1.306535  -0.382657   0.001000
  0.829609   0.550884  -0.033859   0.084438  -1.457979   0.250644   0.001000
  0.829609   0.550884  -0.033859   0.084438  -1.457979   0.250644   0.001000
  0.820751   0.566639  -0.040521   0.060378  -1.401095  -0.138006   0.001000
  0.786921   0.567799   0.074850   0.229690  -1.560007  -0.302809   0.001000
  0.786921   0.567799   0.074850   0.229690  -1.560007  -0.302809   0.001000
  0.786921   0.567799   0.074850   0.229690  -1.560007  -0.302809   0.001000
  0.786921   0.567799   0.074850   0.229690  -1.560007  -0.302809   0.001000
  0.786921   0.567799   0.074850   0.229690  -1.560007  -0.302809   0.001000
  0.786921   0.567799   0.074850   0.229690  -1.560007  -0.302809   0.001000
  0.786921   0.567799   0.074850   0.229690  -1.560007  -0.302809   0.001000
  0.786921   0.567799   0.074850   0.229690  -1.560007  -0.302809   0.001000
  0.786921   0.567799   0.074850   0.229690  -1.560007  -0.302809   0.001000
  0.786921   0.567799   0.074850   0.229690  -1.560007  -0.302809   0.001000
  0.786921   0.567799   0.074850   0.229690  -1.560007  -0.302809   0.001000
  0.786921   0.567799   0.074850   0.229690  -1.560007  -0.302809   0.001000
  0.786921   0.567799   0.074850   0.229690  -1.560007  -0.302809   0.001000
  0.786921   0.567799   0.074850   0.229690  -1.560007  -0.302809   0.001000
  0.786921   0.567799   0.074850   0.229690  -1.560007  -0.302809   0.001000
  0.786921   0.567799   0.074850   0.229690  -1.560007  -0.302809   0.001000
  0.786921   0.567799   0.074850   0.229690  -1.560007  -0.302809   0.001000
  0.816222   0.571800  -0.033713   0.075438  -1.187053   0.041938   0.001000
  0.816222   0.571800  -0.033713   0.075438  -1.187053   0.041938   0.001000
  0.816222   0.571800  -0.033713   0.075438  -1.187053   0.041938   0.001000
  0.816222   0.571800  -0.033713   0.075438  -1.187053   0.041938   0.001000
  0.821123   0.565912  -0.034552   0.065626  -1.155985  -0.368315   0.001000
  0.821708   0.565933  -0.029842   0.060212  -1.454804   0.255879   0.001000
  0.820309   0.566887  -0.037708   0.065650  -1.742591  -0.040443   0.001000
  0.820309   0.566887  -0.037708   0.065650  -1.742591  -0.040443   0.001000
  0.820309   0.566887  -0.037708   0.065650  -1.742591  -0.040443   0.001000
  0.820309   0.566887  -0.037708   0.065650  -1.742591  -0.040443   0.001000
  0.820309   0.566887  -0.037708   0.065650  -1.742591  -0.040443   0.001000
  0.820309   0.566887  -0.037708   0.065650  -1.742591  -0.040443   0.001000
  0.820309   0.566887  -0.037708   0.065650  -1.742591  -0.040443   0.001000
  0.820701   0.565187  -0.034924   0.076116  -1.145135  -0.108526   0.001000
  0.820701   0.565187  -0.034924   0.076116  -1.145135  -0.108526   0.001000
  0.820701   0.565187  -0.034924   0.076116  -1.145135  -0.108526   0.001000
  0.820701   0.565187  -0.034924   0.076116  -1.145135  -0.108526   0.001000
  0.820701   0.565187  -0.034924   0.076116  -1.145135  -0.108526   0.001000
  0.820701   0.565187  -0.034924   0.076116  -1.145135  -0.108526   0.001000
  0.822093   0.563617  -0.040251   0.069846  -1.036412   0.144271   0.001000
  0.822093   0.563617  -0.040251   0.069846  -1.036412   0.144271   0.001000
  0.822093   0.563617  -0.040251   0.069846  -1.036412   0.144271   0.001000
  0.823505   0.562759  -0.037028   0.061404  -1.451476  -0.478729   0.001000
  0.822692   0.562810  -0.043661   0.067208  -1.154569  -0.086013   0.001000
  0.822692   0.562810  -0.043661   0.067208  -1.154569  -0.086013   0.001000
  0.822692   0.562810  -0.043661   0.067208  -1.154569  -0.086013   0.001000
  0.822692   0.562810  -0.043661   0.067208  -1.154569  -0.086013   0.001000
  0.822692   0.562810  -0.043661   0.067208  -1.154569  -0.086013   0.001000
  0.822692   0.562810  -0.043661   0.067208  -1.154569  -0.086013   0.001000
  0.799307   0.550946   0.078633   0.226679  -1.536242  -0.008273   0.001000
  0.818872   0.568354  -0.038153   0.070471  -1.203448   0.370114   0.001000
  0.821006   0.565600  -0.043231   0.064629  -1.124881  -0.163494   0.001000
  0.821006   0.565600  -0.043231   0.064629  -1.124881  -0.163494   0.001000
  0.821006   0.565600  -0.043231   0.064629  -1.124881  -0.163494   0.001000
  0.805305   0.575702   0.025336   0.139320  -1.485025   0.051903   0.001000
  0.805305   0.575702   0.025336   0.139320  -1.485025   0.051903   0.001000
  0.819307   0.566591  -0.044346   0.075798  -1.599523  -0.066464   0.001000
  0.819307   0.566591  -0.044346   0.075798  -1.599523  -0.066464   0.001000
  0.819307   0.566591  -0.044346   0.075798  -1.599523  -0.066464   0.001000
  0.819307   0.566591  -0.044346   0.075798  -1.599523  -0.066464   0.001000
  0.819307   0.566591  -0.044346   0.075798  -1.599523  -0.066464   0.001000
  0.819307   0.566591  -0.044346   0.075798  -1.599523  -0.066464   0.001000
  0.819307   0.566591  -0.044346   0.075798  -1.599523  -0.066464   0.001000
  0.819307   0.566591  -0.044346   0.075798  -1.599523  -0.066464   0.001000
  0.819307   0.566591  -0.044346   0.075798  -1.599523  -0.066464   0.001000
  0.819307   0.566591  -0.044346   0.075798  -1.599523  -0.066464   0.001000
  0.819307   0.566591  -0.044346   0.075798  -1.599523  -0.066464   0.001000
  0.819307   0.566591  -0.044346   0.075798  -1.599523  -0.066464   0.001000
  0.819307   0.566591  -0.044346   0.075798  -1.599523  -0.066464   0.001000
  0.792165   0.559744   0.072373   0.232212  -1.205944  -0.117034   0.001000
  0.792165   0.559744   0.072373   0.232212  -1.205944  -0.117034   0.001000
  0.792165   0.559744   0.072373   0.232212  -1.205944  -0.117034   0.001000
  0.792165   0.559744   0.072373   0.232212  -1.205944  -0.117034   0.001000
  0.792165   0.559744   0.072373   0.232212  -1.205944  -0.117034   0.001000
  0.823416   0.562289  -0.037720   0.066296  -1.267172   0.114932   0.001000
  0.815984   0.572824  -0.039647   0.066858  -1.170478  -0.140973   0.001000
  0.815984   0.572824  -0.039647   0.066858  -1.170478  -0.140973   0.001000
  0.815984   0.572824  -0.039647   0.066858  -1.170478  -0.140973   0.001000
  0.815984   0.572824  -0.039647   0.066858  -1.170478  -0.140973   0.001000
  0.815984   0.572824  -0.039647   0.066858  -1.170478  -0.140973   0.001000
  0.815984   0.572824  -0.039647   0.066858  -1.170478  -0.140973   0.001000
  0.815984   0.572824  -0.039647   0.066858  -1.170478  -0.140973   0.001000
  0.815984   0.572824  -0.039647   0.066858  -1.170478  -0.140973   0.001000
  0.815984   0.572824  -0.039647   0.066858  -1.170478  -0.140973   0.001000
  0.815984   0.572824  -0.039647   0.066858  -1.170478  -0.140973   0.001000
  0.815984   0.572824  -0.039647   0.066858  -1.170478  -0.140973   0.001000
  0.815984   0.572824  -0.039647   0.066858  -1.170478  -0.140973   0.001000
  0.815984   0.572824  -0.039647   0.066858  -1.170478  -0.140973   0.001000
  0.815984   0.572824  -0.039647   0.066858  -1.170478  -0.140973   0.001000
  0.815984   0.572824  -0.039647   0.066858  -1.170478  -0.140973   0.001000
  0.815984   0.572824  -0.039647   0.066858  -1.170478  -0.140973   0.001000
  0.789412   0.569574   0.069945   0.217994  -1.234281   0.219364   0.001000
  0.789412   0.569574   0.069945   0.217994  -1.234281   0.219364   0.001000
  0.789412   0.569574   0.069945   0.217994  -1.234281   0.219364   0.001000
  0.825206   0.559850  -0.034230   0.066568  -1.127234   0.259945   0.001000
  0.816410   0.572595  -0.040501   0.062993  -1.154898  -0.255433   0.001000
  0.816410   0.572595  -0.040501   0.062993  -1.154898  -0.255433   0.001000
  0.816410   0.572595  -0.040501   0.062993  -1.154898  -0.255433   0.001000
  0.819094   0.569198  -0.037819   0.060563  -1.092155  -0.169088   0.001000
  0.819951   0.566821  -0.040271   0.069086  -0.874986  -0.155078   0.001000
  0.793013   0.556766   0.063776   0.238902  -1.229384  -0.319551   0.001000
  0.793013   0.556766   0.063776   0.238902  -1.229384  -0.319551   0.001000
  0.819897   0.567445  -0.038852   0.065312  -1.425952  -0.183292   0.001000
  0.819897   0.567445  -0.038852   0.065312  -1.425952  -0.183292   0.001000
  0.819897   0.567445  -0.038852   0.065312  -1.425952  -0.183292   0.001000
  0.819897   0.567445  -0.038852   0.065312  -1.425952  -0.183292   0.001000
  0.819897   0.567445  -0.038852   0.065312  -1.425952  -0.183292   0.001000
  0.821270   0.565061  -0.042043   0.066735  -1.373651  -0.400414   0.001000
  0.821270   0.565061  -0.042043   0.066735  -1.373651  -0.400414   0.001000
  0.821270   0.565061  -0.042043   0.066735  -1.373651  -0.400414   0.001000
  0.821270   0.565061  -0.042043   0.066735  -1.373651  -0.400414   0.001000
  0.821270   0.565061  -0.042043   0.066735  -1.373651  -0.400414   0.001000
  0.821270   0.565061  -0.042043   0.066735  -1.373651  -0.400414   0.001000
  0.821270   0.565061  -0.042043   0.066735  -1.373651  -0.400414   0.001000
  0.821270   0.565061  -0.042043   0.066735  -1.373651  -0.400414   0.001000
  0.821270   0.565061  -0.042043   0.066735  -1.373651  -0.400414   0.001000
  0.821270   0.565061  -0.042043   0.066735  -1.373651  -0.400414   0.001000
  0.821270   0.565061  -0.042043   0.066735  -1.373651  -0.400414   0.001000
  0.821270   0.565061  -0.042043   0.066735  -1.373651  -0.400414   0.001000
  0.821270   0.565061  -0.042043   0.066735  -1.373651  -0.400414   0.001000
  0.821270   0.565061  -0.042043   0.066735  -1.373651  -0.400414   0.001000
  0.821270   0.565061  -0.042043   0.066735  -1.373651  -0.400414   0.001000
  0.821270   0.565061  -0.042043   0.066735  -1.373651  -0.400414   0.001000
  0.818520   0.569552  -0.038097   0.064683  -1.275013   0.140974   0.001000
  0.818520   0.569552  -0.038097   0.064683  -1.275013   0.140974   0.001000
  0.821765   0.564978  -0.035904   0.064901  -1.342824  -0.116728   0.001000
  0.821765   0.564978  -0.035904   0.064901  -1.342824  -0.116728   0.001000
  0.821765   0.564978  -0.035904   0.064901  -1.342824  -0.116728   0.001000
  0.821765   0.564978  -0.035904   0.064901  -1.342824  -0.116728   0.001000
  0.788111   0.566198   0.075841   0.229237  -1.245050   0.154063   0.001000
  0.788111   0.566198   0.075841   0.229237  -1.245050   0.154063   0.001000
  0.788111   0.566198   0.075841   0.229237  -1.245050   0.154063   0.001000
  0.788111   0.566198   0.075841   0.229237  -1.245050   0.154063   0.001000
  0.821232   0.565475  -0.041126   0.064226  -1.495599   0.132562   0.001000
  0.821232   0.565475  -0.041126   0.064226  -1.495599   0.132562   0.001000
  0.821232   0.565475  -0.041126   0.064226  -1.495599   0.132562   0.001000
  0.821232   0.565475  -0.041126   0.064226  -1.495599   0.132562   0.001000
  0.821232   0.565475  -0.041126   0.064226  -1.495599   0.132562   0.001000
  0.821232   0.565475  -0.041126   0.064226  -1.495599   0.132562   0.001000
  0.821574   0.565220  -0.038293   0.063845  -0.917654   0.034354   0.001000
  0.818767   0.568621  -0.039022   0.069049  -1.433299  -0.030269   0.001000
  0.818767   0.568621  -0.039022   0.069049  -1.433299  -0.030269   0.001000
  0.818767   0.568621  -0.039022   0.069049  -1.433299  -0.030269   0.001000
  0.818767   0.568621  -0.039022   0.069049  -1.433299  -0.030269   0.001000
  0.818767   0.568621  -0.039022   0.069049  -1.433299  -0.030269   0.001000
  0.818767   0.568621  -0.039022   0.069049  -1.433299  -0.030269   0.001000
  0.818767   0.568621  -0.039022   0.069049  -1.433299  -0.030269   0.001000
  0.818767   0.568621  -0.039022   0.069049  -1.433299  -0.030269   0.001000
  0.818767   0.568621  -0.039022   0.069049  -1.433299  -0.030269   0.001000
  0.818767   0.568621  -0.039022   0.069049  -1.433299  -0.030269   0.001000
  0.818767   0.568621  -0.039022   0.069049  -1.433299  -0.030269   0.001000
  0.818767   0.568621  -0.039022   0.069049  -1.433299  -0.030269   0.001000
  0.818767   0.568621  -0.039022   0.069049  -1.433299  -0.030269   0.001000
  0.818767   0.568621  -0.039022   0.069049  -1.433299  -0.030269   0.001000
  0.818767   0.568621  -0.039022   0.069049  -1.433299  -0.030269   0.001000
  0.818767   0.568621  -0.039022   0.069049  -1.433299  -0.030269   0.001000
  0.818767   0.568621  -0.039022   0.069049  -1.433299  -0.030269   0.001000
  0.818767   0.568621  -0.039022   0.069049  -1.433299  -0.030269   0.001000
  0.818767   0.568621  -0.039022   0.069049  -1.433299  -0.030269   0.001000
  0.818767   0.568621  -0.039022   0.069049  -1.433299  -0.030269   0.001000
  0.818767   0.568621  -0.039022   0.069049  -1.433299  -0.030269   0.001000
  0.818767   0.568621  -0.039022   0.069049  -1.433299  -0.030269   0.001000
  0.818767   0.568621  -0.039022   0.069049  -1.433299  -0.030269   0.001000
  0.818767   0.568621  -0.039022   0.069049  -1.433299  -0.030269   0.001000
  0.818767   0.568621  -0.039022   0.069049  -1.433299  -0.030269   0.001000
  0.818767   0.568621  -0.039022   0.069049  -1.433299  -0.030269   0.001000
  0.818767   0.568621  -0.039022   0.069049  -1.433299  -0.030269   0.001000
  0.818767   0.568621  -0.039022   0.069049  -1.433299  -0.030269   0.001000
  0.818767   0.568621  -0.039022   0.069049  -1.433299  -0.030269   0.001000
  0.818767   0.568621  -0.039022   0.069049  -1.433299  -0.030269   0.001000
  0.818767   0.568621  -0.039022   0.069049  -1.433299  -0.030269   0.001000
  0.818767   0.568621  -0.039022   0.069049  -1.433299  -0.030269   0.001000
  0.818767   0.568621  -0.039022   0.069049  -1.433299  -0.030269   0.001000
  0.818767   0.568621  -0.039022   0.069049  -1.433299  -0.030269   0.001000
  0.818767   0.568621  -0.039022   0.069049  -1.433299  -0.030269   0.001000
  0.818767   0.568621  -0.039022   0.069049  -1.433299  -0.030269   0.001000
  0.818767   0.568621  -0.039022   0.069049  -1.433299  -0.030269   0.001000
  0.818767   0.568621  -0.039022   0.069049  -1.433299  -0.030269   0.001000
  0.818767   0.568621  -0.039022   0.069049  -1.433299  -0.030269   0.001000
  0.818767   0.568621  -0.039022   0.069049  -1.433299  -0.030269   0.001000
  0.818767   0.568621  -0.039022   0.069049  -1.433299  -0.030269   0.001000
  0.818767   0.568621  -0.039022   0.069049  -1.433299  -0.030269   0.001000
  0.818767   0.568621  -0.039022   0.069049  -1.433299  -0.030269   0.001000
  0.818767   0.568621  -0.039022   0.069049  -1.433299  -0.030269   0.001000
  0.818767   0.568621  -0.039022   0.069049  -1.433299  -0.030269   0.001000
  0.818767   0.568621  -0.039022   0.069049  -1.433299  -0.030269   0.001000
  0.818767   0.568621  -0.039022   0.069049  -1.433299  -0.030269   0.001000
  0.818767   0.568621  -0.039022   0.069049  -1.433299  -0.030269   0.001000
  0.818767   0.568621  -0.039022   0.069049  -1.433299  -0.030269   0.001000
  0.818767   0.568621  -0.039022   0.069049  -1.433299  -0.030269   0.001000
  0.818767   0.568621  -0.039022   0.069049  -1.433299  -0.030269   0.001000
  0.818767   0.568621  -0.039022   0.069049  -1.433299  -0.030269   0.001000
  0.818767   0.568621  -0.039022   0.069049  -1.433299  -0.030269   0.001000
  0.818767   0.568621  -0.039022   0.069049  -1.433299  -0.030269   0.001000
  0.818767   0.568621  -0.039022   0.069049  -1.433299  -0.030269   0.001000
  0.818767   0.568621  -0.039022   0.069049  -1.433299  -0.030269   0.001000
  0.818767   0.568621  -0.039022   0.069049  -1.433299  -0.030269   0.001000
  0.818767   0.568621  -0.039022   0.069049  -1.433299  -0.030269   0.001000
  0.822455   0.563848  -0.040631   0.063184  -1.283621  -0.197465   0.001000
  0.822455   0.563848  -0.040631   0.063184  -1.283621  -0.197465   0.001000
  0.820725   0.566803  -0.036476   0.061760  -0.898412   0.227501   0.001000
  0.818435   0.570130  -0.037301   0.061028  -1.391514  -0.030669   0.001000
  0.818929   0.568940  -0.037646   0.065155  -1.104240  -0.066827   0.001000
  0.815077   0.574374  -0.039478   0.064704  -1.004450  -0.006337   0.001000
  0.791345   0.561671   0.074607   0.229636  -1.239360  -0.303857   0.001000
  0.791345   0.561671   0.074607   0.229636  -1.239360  -0.303857   0.001000
  0.821290   0.564949  -0.039460   0.068980  -1.592849   0.043837   0.001000
  0.821290   0.564949  -0.039460   0.068980  -1.592849   0.043837   0.001000
  0.821290   0.564949  -0.039460   0.068980  -1.592849   0.043837   0.001000
  0.821290   0.564949  -0.039460   0.068980  -1.592849   0.043837   0.001000
  0.821290   0.564949  -0.039460   0.068980  -1.592849   0.043837   0.001000
  0.821290   0.564949  -0.039460   0.068980  -1.592849   0.043837   0.001000
  0.821290   0.564949  -0.039460   0.068980  -1.592849   0.043837   0.001000
  0.821290   0.564949  -0.039460   0.068980  -1.592849   0.043837   0.001000
  0.821290   0.564949  -0.039460   0.068980  -1.592849   0.043837   0.001000
  0.821290   0.564949  -0.039460   0.068980  -1.592849   0.043837   0.001000
  0.821290   0.564949  -0.039460   0.068980  -1.592849   0.043837   0.001000
  0.821290   0.564949  -0.039460   0.068980  -1.592849   0.043837   0.001000
  0.821290   0.564949  -0.039460   0.068980  -1.592849   0.043837   0.001000
  0.821290   0.564949  -0.039460   0.068980  -1.592849   0.043837   0.001000
  0.803154   0.566654   0.034826   0.180646  -2.479122  -0.107235   0.001000
  0.560504   0.818706   0.033127   0.120242  -2.082699  -0.064165   0.001000
