  0.283241   0.850373  -0.419715   0.143108   0.055422  -1.657938   0.001000
  0.256012   0.919172  -0.228556   0.193243  -0.152521  -1.507550   0.001000
  0.256012   0.919172  -0.228556   0.193243  -0.152521  -1.507550   0.001000
  0.256012   0.919172  -0.228556   0.193243  -0.152521  -1.507550   0.001000
  0.256012   0.919172  -0.228556   0.193243  -0.152521  -1.507550   0.001000
  0.256012   0.919172  -0.228556   0.193243  -0.152521  -1.507550   0.001000
  0.256012   0.919172  -0.228556   0.193243  -0.152521  -1.507550   0.001000
  0.256012   0.919172  -0.228556   0.193243  -0.152521  -1.507550   0.001000
  0.256012   0.919172  -0.228556   0.193243  -0.152521  -1.507550   0.001000
  0.256012   0.919172  -0.228556   0.193243  -0.152521  -1.507550   0.001000
  0.256012   0.919172  -0.228556   0.193243  -0.152521  -1.507550   0.001000
  0.256012   0.919172  -0.228556   0.193243  -0.152521  -1.507550   0.001000
  0.287068   0.851391  -0.415603   0.141416  -0.209073  -1.682868   0.001000
  0.287068   0.851391  -0.415603   0.141416  -0.209073  -1.682868   0.001000
  0.287068   0.851391  -0.415603   0.141416  -0.209073  -1.682868   0.001000
  0.287068   0.851391  -0.415603   0.141416  -0.209073  -1.682868   0.001000
  0.287068   0.851391  -0.415603   0.141416  -0.209073  -1.682868   0.001000
  0.287068   0.851391  -0.415603   0.141416  -0.209073  -1.682868   0.001000
  0.287068   0.851391  -0.415603   0.141416  -0.209073  -1.682868   0.001000
  0.287068   0.851391  -0.415603   0.141416  -0.209073  -1.682868   0.001000
  0.287068   0.851391  -0.415603   0.141416  -0.209073  -1.682868   0.001000
  0.313980   0.854325  -0.386927   0.147757  -0.075364  -1.414804   0.001000
  0.281536   0.856658  -0.406494   0.147093  -0.100929  -1.758657   0.001000
  0.281536   0.856658  -0.406494   0.147093  -0.100929  -1.758657   0.001000
  0.281536   0.856658  -0.406494   0.147093  -0.100929  -1.758657   0.001000
  0.286424   0.855867  -0.406858   0.141137  -0.188810  -1.408765   0.001000
  0.286424   0.855867  -0.406858   0.141137  -0.188810  -1.408765   0.001000
  0.289298   0.848303  -0.418899   0.145644  -0.054137  -1.447396   0.001000
  0.290575   0.846305  -0.420908   0.148894  -0.055761  -1.742477   0.001000
  0.255589   0.920619  -0.221201   0.195459   0.280183  -1.428592   0.001000
  0.190917   0.771212  -0.581861   0.173840   0.350146  -1.412482   0.001000
  0.282690   0.852287  -0.417657   0.138765   0.168649  -1.413060   0.001000
  0.282690   0.852287  -0.417657   0.138765   0.168649  -1.413060   0.001000
  0.282690   0.852287  -0.417657   0.138765   0.168649  -1.413060   0.001000
  0.282690   0.852287  -0.417657   0.138765   0.168649  -1.413060   0.001000
  0.258759   0.916309  -0.229765   0.201567  -0.012006  -1.307567   0.001000
  0.280682   0.854466  -0.410643   0.149925   0.087519  -1.788806   0.001000
  0.253357   0.920056  -0.231429   0.189072  -0.064711  -1.858535   0.001000
  0.253357   0.920056  -0.231429   0.189072  -0.064711  -1.858535   0.001000
  0.289578   0.849194  -0.412853   0.156738   0.009232  -1.530523   0.001000
  0.297931   0.850409  -0.408876   0.144439   0.053220  -1.776676   0.001000
  0.297931   0.850409  -0.408876   0.144439   0.053220  -1.776676   0.001000
  0.256481   0.919217  -0.223845   0.197864  -0.080539  -1.658180   0.001000
  0.256481   0.919217  -0.223845   0.197864  -0.080539  -1.658180   0.001000
  0.256481   0.919217  -0.223845   0.197864  -0.080539  -1.658180   0.001000
  0.256481   0.919217  -0.223845   0.197864  -0.080539  -1.658180   0.001000
  0.256481   0.919217  -0.223845   0.197864  -0.080539  -1.658180   0.001000
  0.256481   0.919217  -0.223845   0.197864  -0.080539  -1.658180   0.001000
  0.256481   0.919217  -0.223845   0.197864  -0.080539  -1.658180   0.001000
  0.256481   0.919217  -0.223845   0.197864  -0.080539  -1.658180   0.001000
  0.256481   0.919217  -0.223845   0.197864  -0.080539  -1.658180   0.001000
  0.256481   0.919217  -0.223845   0.197864  -0.080539  -1.658180   0.001000
  0.256481   0.919217  -0.223845   0.197864  -0.080539  -1.658180   0.001000
  0.256481   0.919217  -0.223845   0.197864  -0.080539  -1.658180   0.001000
  0.294638   0.857037  -0.398620   0.140635  -0.196670  -1.655465   0.001000
  0.334463   0.842732  -0.380194   0.182729   0.080893  -1.685285   0.001000
  0.260415   0.917983  -0.227857   0.193839   0.057289  -1.730570   0.001000
  0.260415   0.917983  -0.227857   0.193839   0.057289  -1.730570   0.001000
  0.260415   0.917983  -0.227857   0.193839   0.057289  -1.730570   0.001000
  0.260415   0.917983  -0.227857   0.193839   0.057289  -1.730570   0.001000
  0.268186   0.852463  -0.426726   0.138878  -0.110543  -1.174347   0.001000
  0.268186   0.852463  -0.426726   0.138878  -0.110543  -1.174347   0.001000
  0.259274   0.914979  -0.237797   0.197593  -0.049863  -1.557201   0.001000
  0.258668   0.912877  -0.245510   0.198672   0.081207  -1.548231   0.001000
  0.247538   0.917064  -0.243282   0.196299   0.297130  -1.701913   0.001000
  0.247538   0.917064  -0.243282   0.196299   0.297130  -1.701913   0.001000
  0.262379   0.917084  -0.229113   0.193963   0.363867  -1.638378   0.001000
  0.262379   0.917084  -0.229113   0.193963   0.363867  -1.638378   0.001000
  0.253989   0.919971  -0.228590   0.192065   0.296131  -1.441494   0.001000
  0.253989   0.919971  -0.228590   0.192065   0.296131  -1.441494   0.001000
  0.253989   0.919971  -0.228590   0.192065   0.296131  -1.441494   0.001000
  0.253989   0.919971  -0.228590   0.192065   0.296131  -1.441494   0.001000
  0.253989   0.919971  -0.228590   0.192065   0.296131  -1.441494   0.001000
  0.253989   0.919971  -0.228590   0.192065   0.296131  -1.441494   0.001000
  0.253989   0.919971  -0.228590   0.192065   0.296131  -1.441494   0.001000
  0.253460   0.918358  -0.237740   0.189356   0.289922  -1.417069   0.001000
  0.279473   0.858374  -0.405804   0.142873   0.211107  -1.647848   0.001000
  0.279473   0.858374  -0.405804   0.142873   0.211107  -1.647848   0.001000
  0.279473   0.858374  -0.405804   0.142873   0.211107  -1.647848   0.001000
  0.279473   0.858374  -0.405804   0.142873   0.211107  -1.647848   0.001000
  0.279473   0.858374  -0.405804   0.142873   0.211107  -1.647848   0.001000
  0.279473   0.858374  -0.405804   0.142873   0.211107  -1.647848   0.001000
  0.279473   0.858374  -0.405804   0.142873   0.211107  -1.647848   0.001000
  0.279473   0.858374  -0.405804   0.142873   0.211107  -1.647848   0.001000
  0.279473   0.858374  -0.405804   0.142873   0.211107  -1.647848   0.001000
  0.279473   0.858374  -0.405804   0.142873   0.211107  -1.647848   0.001000
  0.293865   0.852133  -0.407347   0.146903   0.162162  -1.356498   0.001000
  0.293865   0.852133  -0.407347   0.146903   0.162162  -1.356498   0.001000
  0.293865   0.852133  -0.407347   0.146903   0.162162  -1.356498   0.001000
  0.293865   0.852133  -0.407347   0.146903   0.162162  -1.356498   0.001000
  0.293865   0.852133  -0.407347   0.146903   0.162162  -1.356498   0.001000
  0.293865   0.852133  -0.407347   0.146903   0.162162  -1.356498   0.001000
  0.293865   0.852133  -0.407347   0.146903   0.162162  -1.356498   0.001000
  0.293865   0.852133  -0.407347   0.146903   0.162162  -1.356498   0.001000
  0.293865   0.852133  -0.407347   0.146903   0.162162  -1.356498   0.001000
  0.293865   0.852133  -0.407347   0.146903   0.162162  -1.356498   0.001000
  0.293865   0.852133  -0.407347   0.146903   0.162162  -1.356498   0.001000
  0.293865   0.852133  -0.407347   0.146903   0.162162  -1.356498   0.001000
  0.293865   0.852133  -0.407347   0.146903   0.162162  -1.356498   0.001000
  0.293865   0.852133  -0.407347   0.146903   0.162162  -1.356498   0.001000
  0.287756   0.864329  -0.386498   0.144049   0.256578  -1.391231   0.001000
  0.287756   0.864329  -0.386498   0.144049   0.256578  -1.391231   0.001000
  0.283198   0.858787  -0.403509   0.139513   0.467025  -1.679646   0.001000
  0.283198   0.858787  -0.403509   0.139513   0.467025  -1.679646   0.001000
  0.264180   0.917585  -0.227690   0.190796   0.195957  -1.765370   0.001000
  0.292258   0.851125  -0.406558   0.157740  -0.038362  -1.926814   0.001000
  0.278801   0.853741  -0.414426   0.147129   0.212074  -1.163260   0.001000
  0.278801   0.853741  -0.414426   0.147129   0.212074  -1.163260   0.001000
  0.278801   0.853741  -0.414426   0.147129   0.212074  -1.163260   0.001000
  0.278801   0.853741  -0.414426   0.147129   0.212074  -1.163260   0.001000
  0.284055   0.854850  -0.401920   0.164329   0.053244  -0.914093   0.001000
  0.286287   0.851698  -0.412230   0.150721   0.254240  -0.982469   0.001000
  0.286287   0.851698  -0.412230   0.150721   0.254240  -0.982469   0.001000
  0.252115   0.922445  -0.221878   0.190534   0.013356  -1.031784   0.001000
  0.252115   0.922445  -0.221878   0.190534   0.013356  -1.031784   0.001000
  0.279709   0.907653  -0.231619   0.210433   0.136082  -0.949776   0.001000
  0.249016   0.923801  -0.223669   0.185891  -0.028393  -0.810230   0.001000
  0.292041   0.854934  -0.401987   0.149017   0.068208  -1.133074   0.001000
  0.292041   0.854934  -0.401987   0.149017   0.068208  -1.133074   0.001000
  0.292041   0.854934  -0.401987   0.149017   0.068208  -1.133074   0.001000
  0.292041   0.854934  -0.401987   0.149017   0.068208  -1.133074   0.001000
  0.292041   0.854934  -0.401987   0.149017   0.068208  -1.133074   0.001000
  0.292041   0.854934  -0.401987   0.149017   0.068208  -1.133074   0.001000
  0.292041   0.854934  -0.401987   0.149017   0.068208  -1.133074   0.001000
  0.292041   0.854934  -0.401987   0.149017   0.068208  -1.133074   0.001000
  0.292041   0.854934  -0.401987   0.149017   0.068208  -1.133074   0.001000
  0.292041   0.854934  -0.401987   0.149017   0.068208  -1.133074   0.001000
  0.292041   0.854934  -0.401987   0.149017   0.068208  -1.133074   0.001000
  0.292041   0.854934  -0.401987   0.149017   0.068208  -1.133074   0.001000
  0.252819   0.917764  -0.233589   0.198062   0.080158  -1.081458   0.001000
  0.252819   0.917764  -0.233589   0.198062   0.080158  -1.081458   0.001000
  0.252819   0.917764  -0.233589   0.198062   0.080158  -1.081458   0.001000
  0.252819   0.917764  -0.233589   0.198062   0.080158  -1.081458   0.001000
  0.252819   0.917764  -0.233589   0.198062   0.080158  -1.081458   0.001000
  0.252819   0.917764  -0.233589   0.198062   0.080158  -1.081458   0.001000
  0.252819   0.917764  -0.233589   0.198062   0.080158  -1.081458   0.001000
  0.252819   0.917764  -0.233589   0.198062   0.080158  -1.081458   0.001000
  0.252819   0.917764  -0.233589   0.198062   0.080158  -1.081458   0.001000
  0.252819   0.917764  -0.233589   0.198062   0.080158  -1.081458   0.001000
  0.252819   0.917764  -0.233589   0.198062   0.080158  -1.081458   0.001000
  0.252819   0.917764  -0.233589   0.198062   0.080158  -1.081458   0.001000
  0.252819   0.917764  -0.233589   0.198062   0.080158  -1.081458   0.001000
  0.252819   0.917764  -0.233589   0.198062   0.080158  -1.081458   0.001000
  0.252819   0.917764  -0.233589   0.198062   0.080158  -1.081458   0.001000
  0.252819   0.917764  -0.233589   0.198062   0.080158  -1.081458   0.001000
  0.252819   0.917764  -0.233589   0.198062   0.080158  -1.081458   0.001000
  0.252819   0.917764  -0.233589   0.198062   0.080158  -1.081458   0.001000
  0.252819   0.917764  -0.233589   0.198062   0.080158  -1.081458   0.001000
  0.252819   0.917764  -0.233589   0.198062   0.080158  -1.081458   0.001000
  0.252819   0.917764  -0.233589   0.198062   0.080158  -1.081458   0.001000
  0.252819   0.917764  -0.233589   0.198062   0.080158  -1.081458   0.001000
  0.252819   0.917764  -0.233589   0.198062   0.080158  -1.081458   0.001000
  0.288592   0.853049  -0.411543   0.140192  -0.126634  -0.926900   0.001000
  0.288592   0.853049  -0.411543   0.140192  -0.126634  -0.926900   0.001000
  0.288592   0.853049  -0.411543   0.140192  -0.126634  -0.926900   0.001000
  0.288592   0.853049  -0.411543   0.140192  -0.126634  -0.926900   0.001000
  0.288592   0.853049  -0.411543   0.140192  -0.126634  -0.926900   0.001000
  0.288592   0.853049  -0.411543   0.140192  -0.126634  -0.926900   0.001000
  0.288592   0.853049  -0.411543   0.140192  -0.126634  -0.926900   0.001000
  0.283640   0.849875  -0.414220   0.160258   0.136624  -1.115301   0.001000
  0.283121   0.854646  -0.407481   0.152912   0.156898  -1.455308   0.001000
  0.283121   0.854646  -0.407481   0.152912   0.156898  -1.455308   0.001000
  0.281157   0.855366  -0.410548   0.144046  -0.025857  -1.385116   0.001000
  0.281157   0.855366  -0.410548   0.144046  -0.025857  -1.385116   0.001000
  0.281157   0.855366  -0.410548   0.144046  -0.025857  -1.385116   0.001000
  0.281157   0.855366  -0.410548   0.144046  -0.025857  -1.385116   0.001000
  0.281157   0.855366  -0.410548   0.144046  -0.025857  -1.385116   0.001000
  0.281157   0.855366  -0.410548   0.144046  -0.025857  -1.385116   0.001000
  0.281157   0.855366  -0.410548   0.144046  -0.025857  -1.385116   0.001000
  0.281157   0.855366  -0.410548   0.144046  -0.025857  -1.385116   0.001000
  0.281157   0.855366  -0.410548   0.144046  -0.025857  -1.385116   0.001000
  0.281157   0.855366  -0.410548   0.144046  -0.025857  -1.385116   0.001000
  0.281157   0.855366  -0.410548   0.144046  -0.025857  -1.385116   0.001000
  0.281157   0.855366  -0.410548   0.144046  -0.025857  -1.385116   0.001000
  0.281157   0.855366  -0.410548   0.144046  -0.025857  -1.385116   0.001000
  0.281157   0.855366  -0.410548   0.144046  -0.025857  -1.385116   0.001000
  0.281157   0.855366  -0.410548   0.144046  -0.025857  -1.385116   0.001000
  0.281157   0.855366  -0.410548   0.144046  -0.025857  -1.385116   0.001000
  0.281157   0.855366  -0.410548   0.144046  -0.025857  -1.385116   0.001000
  0.244627   0.966445  -0.053381   0.057382   0.048478  -1.494611   0.001000
  0.282487   0.849052  -0.419356   0.153144   0.213540  -1.334779   0.001000
  0.282487   0.849052  -0.419356   0.153144   0.213540  -1.334779   0.001000
  0.282487   0.849052  -0.419356   0.153144   0.213540  -1.334779   0.001000
  0.282487   0.849052  -0.419356   0.153144   0.213540  -1.334779   0.001000
  0.282487   0.849052  -0.419356   0.153144   0.213540  -1.334779   0.001000
  0.294828   0.852042  -0.407614   0.144743   0.286978  -1.413666   0.001000
  0.294828   0.852042  -0.407614   0.144743   0.286978  -1.413666   0.001000
  0.291759   0.850365  -0.412445   0.147126   0.201525  -1.366296   0.001000
  0.289451   0.858901  -0.397741   0.142511  -0.038092  -0.994707   0.001000
  0.300656   0.858037  -0.390058   0.145715   0.022146  -1.203356   0.001000
  0.300656   0.858037  -0.390058   0.145715   0.022146  -1.203356   0.001000
  0.286941   0.858652  -0.396859   0.151273   0.057304  -0.811751   0.001000
  0.286941   0.858652  -0.396859   0.151273   0.057304  -0.811751   0.001000
  0.286941   0.858652  -0.396859   0.151273   0.057304  -0.811751   0.001000
  0.251638   0.920367  -0.228915   0.192877   0.167330  -1.390526   0.001000
  0.251638   0.920367  -0.228915   0.192877   0.167330  -1.390526   0.001000
  0.251638   0.920367  -0.228915   0.192877   0.167330  -1.390526   0.001000
  0.251638   0.920367  -0.228915   0.192877   0.167330  -1.390526   0.001000
  0.251638   0.920367  -0.228915   0.192877   0.167330  -1.390526   0.001000
  0.281470   0.861093  -0.398045   0.144405   0.162125  -1.255235   0.001000
  0.281470   0.861093  -0.398045   0.144405   0.162125  -1.255235   0.001000
  0.281470   0.861093  -0.398045   0.144405   0.162125  -1.255235   0.001000
  0.281470   0.861093  -0.398045   0.144405   0.162125  -1.255235   0.001000
  0.281470   0.861093  -0.398045   0.144405   0.162125  -1.255235   0.001000
  0.281470   0.861093  -0.398045   0.144405   0.162125  -1.255235   0.001000
  0.281470   0.861093  -0.398045   0.144405   0.162125  -1.255235   0.001000
  0.281470   0.861093  -0.398045   0.144405   0.162125  -1.255235   0.001000
  0.281470   0.861093  -0.398045   0.144405   0.162125  -1.255235   0.001000
  0.263980   0.923508  -0.200169   0.193340   0.012801  -1.517219   0.001000
  0.246311   0.924027  -0.224267   0.187641   0.054290  -1.006346   0.001000
  0.246311   0.924027  -0.224267   0.187641   0.054290  -1.006346   0.001000
  0.246311   0.924027  -0.224267   0.187641   0.054290  -1.006346   0.001000
  0.246311   0.924027  -0.224267   0.187641   0.054290  -1.006346   0.001000
  0.246311   0.924027  -0.224267   0.187641   0.054290  -1.006346   0.001000
  0.246311   0.924027  -0.224267   0.187641   0.054290  -1.006346   0.001000
  0.262876   0.915596  -0.233609   0.194954   0.002055  -1.329159   0.001000
  0.288601   0.860434  -0.396885   0.137277   0.124329  -1.101818   0.001000
  0.282039   0.850182  -0.417864   0.151769   0.077942  -1.184700   0.001000
  0.282039   0.850182  -0.417864   0.151769   0.077942  -1.184700   0.001000
  0.250691   0.919711  -0.230690   0.195108   0.000078  -1.386881   0.001000
  0.250691   0.919711  -0.230690   0.195108   0.000078  -1.386881   0.001000
  0.250691   0.919711  -0.230690   0.195108   0.000078  -1.386881   0.001000
  0.250691   0.919711  -0.230690   0.195108   0.000078  -1.386881   0.001000
  0.278385   0.852729  -0.417662   0.144615   0.085031  -1.610608   0.001000
  0.278385   0.852729  -0.417662   0.144615   0.085031  -1.610608   0.001000
  0.285049   0.855822  -0.407305   0.142896   0.029285  -1.175660   0.001000
  0.285049   0.855822  -0.407305   0.142896   0.029285  -1.175660   0.001000
  0.285049   0.855822  -0.407305   0.142896   0.029285  -1.175660   0.001000
  0.285049   0.855822  -0.407305   0.142896   0.029285  -1.175660   0.001000
  0.285049   0.855822  -0.407305   0.142896   0.029285  -1.175660   0.001000
  0.285049   0.855822  -0.407305   0.142896   0.029285  -1.175660   0.001000
  0.285049   0.855822  -0.407305   0.142896   0.029285  -1.175660   0.001000
  0.293165   0.854391  -0.403187   0.146664  -0.032596  -1.204953   0.001000
  0.290654   0.850977  -0.407923   0.157977  -0.120151  -1.301298   0.001000
  0.287180   0.856367  -0.400294   0.154687   0.081281  -1.463226   0.001000
  0.309692   0.844797  -0.407058   0.157200  -0.178735  -1.514664   0.001000
  0.293172   0.849020  -0.411049   0.155738  -0.097061  -1.168874   0.001000
  0.293172   0.849020  -0.411049   0.155738  -0.097061  -1.168874   0.001000
  0.300485   0.848018  -0.410379   0.148872   0.019259  -1.513632   0.001000
  0.300485   0.848018  -0.410379   0.148872   0.019259  -1.513632   0.001000
  0.300485   0.848018  -0.410379   0.148872   0.019259  -1.513632   0.001000
  0.276141   0.862690  -0.399526   0.141040  -0.331797  -0.934677   0.001000
  0.282968   0.859572  -0.398627   0.148868  -0.113330  -1.282134   0.001000
  0.265579   0.923001  -0.209097   0.183891   0.054362  -1.691883   0.001000
  0.262307   0.914766  -0.240835   0.190780   0.056930  -1.516668   0.001000
  0.262307   0.914766  -0.240835   0.190780   0.056930  -1.516668   0.001000
  0.262307   0.914766  -0.240835   0.190780   0.056930  -1.516668   0.001000
  0.262307   0.914766  -0.240835   0.190780   0.056930  -1.516668   0.001000
  0.262307   0.914766  -0.240835   0.190780   0.056930  -1.516668   0.001000
  0.262307   0.914766  -0.240835   0.190780   0.056930  -1.516668   0.001000
  0.288519   0.855435  -0.404305   0.146712  -0.015284  -1.316956   0.001000
  0.288519   0.855435  -0.404305   0.146712  -0.015284  -1.316956   0.001000
  0.288519   0.855435  -0.404305   0.146712  -0.015284  -1.316956   0.001000
  0.288519   0.855435  -0.404305   0.146712  -0.015284  -1.316956   0.001000
  0.263286   0.915660  -0.232322   0.195637   0.104668  -1.276177   0.001000
  0.263286   0.915660  -0.232322   0.195637   0.104668  -1.276177   0.001000
  0.263286   0.915660  -0.232322   0.195637   0.104668  -1.276177   0.001000
  0.263286   0.915660  -0.232322   0.195637   0.104668  -1.276177   0.001000
  0.288750   0.852600  -0.407699   0.153225   0.306037  -1.373129   0.001000
  0.279937   0.857961  -0.408861   0.135543   0.477581  -1.146168   0.001000
  0.279937   0.857961  -0.408861   0.135543   0.477581  -1.146168   0.001000
  0.279937   0.857961  -0.408861   0.135543   0.477581  -1.146168   0.001000
  0.279937   0.857961  -0.408861   0.135543   0.477581  -1.146168   0.001000
  0.287515   0.857300  -0.401046   0.146744   0.063274  -1.280010   0.001000
  0.287515   0.857300  -0.401046   0.146744   0.063274  -1.280010   0.001000
  0.264146   0.919615  -0.213229   0.197655   0.090557  -1.559877   0.001000
  0.264146   0.919615  -0.213229   0.197655   0.090557  -1.559877   0.001000
  0.264146   0.919615  -0.213229   0.197655   0.090557  -1.559877   0.001000
  0.264146   0.919615  -0.213229   0.197655   0.090557  -1.559877   0.001000
  0.264146   0.919615  -0.213229   0.197655   0.090557  -1.559877   0.001000
  0.264146   0.919615  -0.213229   0.197655   0.090557  -1.559877   0.001000
  0.263797   0.916757  -0.226947   0.196120   0.240827  -1.236825   0.001000
  0.263797   0.916757  -0.226947   0.196120   0.240827  -1.236825   0.001000
  0.263797   0.916757  -0.226947   0.196120   0.240827  -1.236825   0.001000
  0.263797   0.916757  -0.226947   0.196120   0.240827  -1.236825   0.001000
  0.263797   0.916757  -0.226947   0.196120   0.240827  -1.236825   0.001000
  0.263797   0.916757  -0.226947   0.196120   0.240827  -1.236825   0.001000
  0.298006   0.845921  -0.417086   0.147137   0.233537  -1.375168   0.001000
  0.298006   0.845921  -0.417086   0.147137   0.233537  -1.375168   0.001000
  0.298006   0.845921  -0.417086   0.147137   0.233537  -1.375168   0.001000
  0.284305   0.854400  -0.406586   0.154466   0.035221  -1.521378   0.001000
  0.284305   0.854400  -0.406586   0.154466   0.035221  -1.521378   0.001000
  0.284305   0.854400  -0.406586   0.154466   0.035221  -1.521378   0.001000
  0.284305   0.854400  -0.406586   0.154466   0.035221  -1.521378   0.001000
  0.284305   0.854400  -0.406586   0.154466   0.035221  -1.521378   0.001000
  0.284305   0.854400  -0.406586   0.154466   0.035221  -1.521378   0.001000
  0.284305   0.854400  -0.406586   0.154466   0.035221  -1.521378   0.001000
  0.284305   0.854400  -0.406586   0.154466   0.035221  -1.521378   0.001000
  0.284305   0.854400  -0.406586   0.154466   0.035221  -1.521378   0.001000
  0.284305   0.854400  -0.406586   0.154466   0.035221  -1.521378   0.001000
  0.284305   0.854400  -0.406586   0.154466   0.035221  -1.521378   0.001000
  0.284305   0.854400  -0.406586   0.154466   0.035221  -1.521378   0.001000
  0.284305   0.854400  -0.406586   0.154466   0.035221  -1.521378   0.001000
  0.284305   0.854400  -0.406586   0.154466   0.035221  -1.521378   0.001000
  0.284305   0.854400  -0.406586   0.154466   0.035221  -1.521378   0.001000
  0.284305   0.854400  -0.406586   0.154466   0.035221  -1.521378   0.001000
  0.247881   0.918909  -0.237087   0.194812   0.116086  -0.995368   0.001000
  0.247881   0.918909  -0.237087   0.194812   0.116086  -0.995368   0.001000
  0.247881   0.918909  -0.237087   0.194812   0.116086  -0.995368   0.001000
  0.247881   0.918909  -0.237087   0.194812   0.116086  -0.995368   0.001000
  0.247881   0.918909  -0.237087   0.194812   0.116086  -0.995368   0.001000
  0.247881   0.918909  -0.237087   0.194812   0.116086  -0.995368   0.001000
  0.247881   0.918909  -0.237087   0.194812   0.116086  -0.995368   0.001000
  0.247881   0.918909  -0.237087   0.194812   0.116086  -0.995368   0.001000
  0.247881   0.918909  -0.237087   0.194812   0.116086  -0.995368   0.001000
  0.247881   0.918909  -0.237087   0.194812   0.116086  -0.995368   0.001000
  0.247881   0.918909  -0.237087   0.194812   0.116086  -0.995368   0.001000
  0.292119   0.845750  -0.417033   0.159551   0.187121  -1.403934   0.001000
  0.292119   0.845750  -0.417033   0.159551   0.187121  -1.403934   0.001000
  0.292119   0.845750  -0.417033   0.159551   0.187121  -1.403934   0.001000
  0.292119   0.845750  -0.417033   0.159551   0.187121  -1.403934   0.001000
  0.292119   0.845750  -0.417033   0.159551   0.187121  -1.403934   0.001000
  0.292119   0.845750  -0.417033   0.159551   0.187121  -1.403934   0.001000
  0.292119   0.845750  -0.417033   0.159551   0.187121  -1.403934   0.001000
  0.292119   0.845750  -0.417033   0.159551   0.187121  -1.403934   0.001000
  0.292119   0.845750  -0.417033   0.159551   0.187121  -1.403934   0.001000
  0.292119   0.845750  -0.417033   0.159551   0.187121  -1.403934   0.001000
  0.304046   0.859213  -0.385171   0.144749   0.258733  -1.486888   0.001000
  0.247451   0.922212  -0.235753   0.180866   0.120623  -1.462540   0.001000
  0.303821   0.848364  -0.403833   0.157768  -0.200075  -1.414855   0.001000
  0.297714   0.855618  -0.398398   0.143400  -0.219117  -1.262663   0.001000
  0.297714   0.855618  -0.398398   0.143400  -0.219117  -1.262663   0.001000
  0.297714   0.855618  -0.398398   0.143400  -0.219117  -1.262663   0.001000
  0.297714   0.855618  -0.398398   0.143400  -0.219117  -1.262663   0.001000
  0.280341   0.855695  -0.409992   0.145263  -0.153465  -1.466968   0.001000
  0.280341   0.855695  -0.409992   0.145263  -0.153465  -1.466968   0.001000
  0.280341   0.855695  -0.409992   0.145263  -0.153465  -1.466968   0.001000
  0.297375   0.847765  -0.412000   0.152049  -0.125003  -1.565475   0.001000
  0.297375   0.847765  -0.412000   0.152049  -0.125003  -1.565475   0.001000
  0.282116   0.856329  -0.406568   0.147695  -0.063430  -1.353388   0.001000
  0.282116   0.856329  -0.406568   0.147695  -0.063430  -1.353388   0.001000
  0.282116   0.856329  -0.406568   0.147695  -0.063430  -1.353388   0.001000
  0.293414   0.856030  -0.399281   0.147293  -0.015323  -1.486520   0.001000
  0.293414   0.856030  -0.399281   0.147293  -0.015323  -1.486520   0.001000
  0.293090   0.856952  -0.397645   0.147001   0.097161  -1.186949   0.001000
  0.293090   0.856952  -0.397645   0.147001   0.097161  -1.186949   0.001000
  0.293090   0.856952  -0.397645   0.147001   0.097161  -1.186949   0.001000
  0.293090   0.856952  -0.397645   0.147001   0.097161  -1.186949   0.001000
  0.288233   0.842885  -0.425638   0.159053   0.042816  -1.550576   0.001000
  0.297957   0.852768  -0.399705   0.155707  -0.036762  -1.305202   0.001000
  0.301533   0.849518  -0.402881   0.158377  -0.114410  -1.377564   0.001000
  0.301533   0.849518  -0.402881   0.158377  -0.114410  -1.377564   0.001000
  0.291013   0.855374  -0.404186   0.142405   0.075151  -0.774489   0.001000
  0.290406   0.853489  -0.407119   0.146545   0.262275  -0.819161   0.001000
  0.290406   0.853489  -0.407119   0.146545   0.262275  -0.819161   0.001000
  0.290406   0.853489  -0.407119   0.146545   0.262275  -0.819161   0.001000
  0.265230   0.910578  -0.237168   0.210360   0.326333  -0.827515   0.001000
  0.265230   0.910578  -0.237168   0.210360   0.326333  -0.827515   0.001000
  0.286103   0.851469  -0.409974   0.158325   0.033018  -0.710819   0.001000
  0.286103   0.851469  -0.409974   0.158325   0.033018  -0.710819   0.001000
  0.278129   0.862211  -0.396747   0.147743   0.174783  -0.911418   0.001000
  0.283507   0.848996  -0.417214   0.157357   0.228461  -0.654931   0.001000
  0.283507   0.848996  -0.417214   0.157357   0.228461  -0.654931   0.001000
  0.288238   0.855176  -0.406409   0.142914   0.165870  -0.747876   0.001000
  0.254277   0.920963  -0.225769   0.190259   0.386232  -0.252021   0.001000
  0.252840   0.921203  -0.226964   0.189588   0.088212  -0.933482   0.001000
  0.267031   0.857726  -0.416932   0.138450   0.128225  -0.969901   0.001000
  0.273440   0.857268  -0.413095   0.140268   0.212847  -1.025433   0.001000
  0.250632   0.922929  -0.238935   0.168211   0.205108  -1.291616   0.001000
  0.285624   0.854616  -0.407857   0.147322   0.278831  -0.571521   0.001000
  0.273361   0.859228  -0.408814   0.140967   0.220624  -0.840153   0.001000
  0.284686   0.856855  -0.402883   0.149797   0.331842  -0.607589   0.001000
  0.246387   0.923562  -0.224888   0.189081   0.461227  -0.868402   0.001000
  0.246387   0.923562  -0.224888   0.189081   0.461227  -0.868402   0.001000
  0.246387   0.923562  -0.224888   0.189081   0.461227  -0.868402   0.001000
  0.263935   0.860013  -0.404116   0.165548   0.442007  -0.760466   0.001000
  0.299516   0.851354  -0.401922   0.154741   0.121739  -0.794181   0.001000
  0.288303   0.852666  -0.406214   0.157580   0.157663  -1.172023   0.001000
  0.288303   0.852666  -0.406214   0.157580   0.157663  -1.172023   0.001000
  0.288303   0.852666  -0.406214   0.157580   0.157663  -1.172023   0.001000
  0.288303   0.852666  -0.406214   0.157580   0.157663  -1.172023   0.001000
  0.288303   0.852666  -0.406214   0.157580   0.157663  -1.172023   0.001000
  0.275947   0.859061  -0.405340   0.146857   0.363110  -0.935304   0.001000
  0.275947   0.859061  -0.405340   0.146857   0.363110  -0.935304   0.001000
  0.275947   0.859061  -0.405340   0.146857   0.363110  -0.935304   0.001000
  0.271543   0.860640  -0.402827   0.152624   0.176418  -0.731946   0.001000
  0.255997   0.918700  -0.235287   0.187340   0.278497  -0.689990   0.001000
  0.255997   0.918700  -0.235287   0.187340   0.278497  -0.689990   0.001000
  0.278728   0.859353  -0.393713   0.169746   0.323118  -0.386146   0.001000
  0.267212   0.862167  -0.404233   0.147860   0.192973  -0.957184   0.001000
  0.273044   0.864455  -0.397980   0.140628   0.174471  -0.653395   0.001000
  0.287262   0.856968  -0.401316   0.148429   0.196620  -1.081683   0.001000
  0.249006   0.917111  -0.243926   0.193401  -0.008609  -0.761538   0.001000
  0.249006   0.917111  -0.243926   0.193401  -0.008609  -0.761538   0.001000
  0.279903   0.857649  -0.404691   0.149387   0.019857  -0.679200   0.001000
  0.279903   0.857649  -0.404691   0.149387   0.019857  -0.679200   0.001000
  0.279903   0.857649  -0.404691   0.149387   0.019857  -0.679200   0.001000
  0.279903   0.857649  -0.404691   0.149387   0.019857  -0.679200   0.001000
  0.279903   0.857649  -0.404691   0.149387   0.019857  -0.679200   0.001000
  0.279903   0.857649  -0.404691   0.149387   0.019857  -0.679200   0.001000
  0.279903   0.857649  -0.404691   0.149387   0.019857  -0.679200   0.001000
  0.277263   0.858065  -0.403135   0.155989  -0.088742  -0.953884   0.001000
  0.277263   0.858065  -0.403135   0.155989  -0.088742  -0.953884   0.001000
  0.277263   0.858065  -0.403135   0.155989  -0.088742  -0.953884   0.001000
  0.277263   0.858065  -0.403135   0.155989  -0.088742  -0.953884   0.001000
  0.280237   0.856798  -0.408359   0.143553  -0.272458  -0.824929   0.001000
  0.287784   0.849362  -0.414385   0.155079  -0.078075  -1.318911   0.001000
  0.291637   0.856679  -0.401336   0.141344   0.149458  -1.445477   0.001000
  0.291637   0.856679  -0.401336   0.141344   0.149458  -1.445477   0.001000
  0.291637   0.856679  -0.401336   0.141344   0.149458  -1.445477   0.001000
  0.279586   0.857424  -0.405297   0.149631   0.583573  -0.983502   0.001000
  0.271104   0.862622  -0.399356   0.151331   0.471194  -0.933911   0.001000
  0.271104   0.862622  -0.399356   0.151331   0.471194  -0.933911   0.001000
  0.280667   0.854539  -0.413263   0.142137   0.242676  -1.287961   0.001000
  0.280667   0.854539  -0.413263   0.142137   0.242676  -1.287961   0.001000
  0.280667   0.854539  -0.413263   0.142137   0.242676  -1.287961   0.001000
  0.285794   0.858570  -0.398247   0.150261   0.224190  -1.222217   0.001000
  0.285794   0.858570  -0.398247   0.150261   0.224190  -1.222217   0.001000
  0.285794   0.858570  -0.398247   0.150261   0.224190  -1.222217   0.001000
  0.285794   0.858570  -0.398247   0.150261   0.224190  -1.222217   0.001000
  0.285794   0.858570  -0.398247   0.150261   0.224190  -1.222217   0.001000
  0.285794   0.858570  -0.398247   0.150261   0.224190  -1.222217   0.001000
  0.285794   0.858570  -0.398247   0.150261   0.224190  -1.222217   0.001000
  0.285794   0.858570  -0.398247   0.150261   0.224190  -1.222217   0.001000
  0.285794   0.858570  -0.398247   0.150261   0.224190  -1.222217   0.001000
  0.285794   0.858570  -0.398247   0.150261   0.224190  -1.222217   0.001000
  0.285794   0.858570  -0.398247   0.150261   0.224190  -1.222217   0.001000
  0.285794   0.858570  -0.398247   0.150261   0.224190  -1.222217   0.001000
  0.274679   0.858359  -0.403092   0.159020   0.218081  -1.372085   0.001000
  0.274679   0.858359  -0.403092   0.159020   0.218081  -1.372085   0.001000
  0.292650   0.854650  -0.403336   0.145770   0.289100  -1.252795   0.001000
  0.292650   0.854650  -0.403336   0.145770   0.289100  -1.252795   0.001000
  0.292650   0.854650  -0.403336   0.145770   0.289100  -1.252795   0.001000
  0.279755   0.858975  -0.403259   0.145883   0.393124  -1.165493   0.001000
  0.251528   0.920192  -0.229635   0.193000   0.175371  -0.723405   0.001000
  0.282491   0.857640  -0.405526   0.142134  -0.118450  -0.771529   0.001000
  0.270083   0.912463  -0.231088   0.202647   0.003337  -0.959073   0.001000
  0.285415   0.855141  -0.409022   0.141329  -0.024438  -0.971806   0.001000
  0.285415   0.855141  -0.409022   0.141329  -0.024438  -0.971806   0.001000
  0.285415   0.855141  -0.409022   0.141329  -0.024438  -0.971806   0.001000
  0.285415   0.855141  -0.409022   0.141329  -0.024438  -0.971806   0.001000
  0.285415   0.855141  -0.409022   0.141329  -0.024438  -0.971806   0.001000
  0.285415   0.855141  -0.409022   0.141329  -0.024438  -0.971806   0.001000
  0.285415   0.855141  -0.409022   0.141329  -0.024438  -0.971806   0.001000
  0.285415   0.855141  -0.409022   0.141329  -0.024438  -0.971806   0.001000
  0.285415   0.855141  -0.409022   0.141329  -0.024438  -0.971806   0.001000
  0.285415   0.855141  -0.409022   0.141329  -0.024438  -0.971806   0.001000
  0.285415   0.855141  -0.409022   0.141329  -0.024438  -0.971806   0.001000
  0.285415   0.855141  -0.409022   0.141329  -0.024438  -0.971806   0.001000
  0.285415   0.855141  -0.409022   0.141329  -0.024438  -0.971806   0.001000
  0.285415   0.855141  -0.409022   0.141329  -0.024438  -0.971806   0.001000
  0.285415   0.855141  -0.409022   0.141329  -0.024438  -0.971806   0.001000
  0.285415   0.855141  -0.409022   0.141329  -0.024438  -0.971806   0.001000
  0.285415   0.855141  -0.409022   0.141329  -0.024438  -0.971806   0.001000
  0.285415   0.855141  -0.409022   0.141329  -0.024438  -0.971806   0.001000
  0.285415   0.855141  -0.409022   0.141329  -0.024438  -0.971806   0.001000
  0.285415   0.855141  -0.409022   0.141329  -0.024438  -0.971806   0.001000
  0.285415   0.855141  -0.409022   0.141329  -0.024438  -0.971806   0.001000
  0.285415   0.855141  -0.409022   0.141329  -0.024438  -0.971806   0.001000
  0.285415   0.855141  -0.409022   0.141329  -0.024438  -0.971806   0.001000
  0.285415   0.855141  -0.409022   0.141329  -0.024438  -0.971806   0.001000
  0.285415   0.855141  -0.409022   0.141329  -0.024438  -0.971806   0.001000
  0.285415   0.855141  -0.409022   0.141329  -0.024438  -0.971806   0.001000
  0.285415   0.855141  -0.409022   0.141329  -0.024438  -0.971806   0.001000
  0.285415   0.855141  -0.409022   0.141329  -0.024438  -0.971806   0.001000
  0.285415   0.855141  -0.409022   0.141329  -0.024438  -0.971806   0.001000
  0.285415   0.855141  -0.409022   0.141329  -0.024438  -0.971806   0.001000
  0.285415   0.855141  -0.409022   0.141329  -0.024438  -0.971806   0.001000
  0.285415   0.855141  -0.409022   0.141329  -0.024438  -0.971806   0.001000
  0.285415   0.855141  -0.409022   0.141329  -0.024438  -0.971806   0.001000
  0.285415   0.855141  -0.409022   0.141329  -0.024438  -0.971806   0.001000
  0.285415   0.855141  -0.409022   0.141329  -0.024438  -0.971806   0.001000
  0.292669   0.856873  -0.398566   0.145804   0.058100  -1.046308   0.001000
  0.292669   0.856873  -0.398566   0.145804   0.058100  -1.046308   0.001000
  0.292669   0.856873  -0.398566   0.145804   0.058100  -1.046308   0.001000
  0.287463   0.851846  -0.413323   0.144527   0.015744  -0.894536   0.001000
  0.279437   0.852039  -0.415996   0.151297  -0.107570  -1.238913   0.001000
  0.258413   0.919138  -0.221318   0.198560  -0.101255  -1.664414   0.001000
  0.258413   0.919138  -0.221318   0.198560  -0.101255  -1.664414   0.001000
  0.258413   0.919138  -0.221318   0.198560  -0.101255  -1.664414   0.001000
  0.258413   0.919138  -0.221318   0.198560  -0.101255  -1.664414   0.001000
  0.258413   0.919138  -0.221318   0.198560  -0.101255  -1.664414   0.001000
  0.258413   0.919138  -0.221318   0.198560  -0.101255  -1.664414   0.001000
  0.261815   0.915458  -0.228362   0.203075   0.070215  -1.466070   0.001000
  0.261815   0.915458  -0.228362   0.203075   0.070215  -1.466070   0.001000
  0.261815   0.915458  -0.228362   0.203075   0.070215  -1.466070   0.001000
  0.261815   0.915458  -0.228362   0.203075   0.070215  -1.466070   0.001000
  0.292481   0.861103  -0.391608   0.139997   0.232723  -1.851493   0.001000
  0.276492   0.854463  -0.415693   0.143685   0.253092  -0.760360   0.001000
  0.285145   0.848298  -0.417270   0.158014   0.152623  -0.731156   0.001000
  0.251100   0.917640  -0.242038   0.190534   0.059180  -1.187130   0.001000
  0.251100   0.917640  -0.242038   0.190534   0.059180  -1.187130   0.001000
  0.251100   0.917640  -0.242038   0.190534   0.059180  -1.187130   0.001000
  0.286892   0.853618  -0.408153   0.149799   0.048126  -1.142179   0.001000
  0.286892   0.853618  -0.408153   0.149799   0.048126  -1.142179   0.001000
  0.286892   0.853618  -0.408153   0.149799   0.048126  -1.142179   0.001000
  0.286892   0.853618  -0.408153   0.149799   0.048126  -1.142179   0.001000
  0.286892   0.853618  -0.408153   0.149799   0.048126  -1.142179   0.001000
  0.286892   0.853618  -0.408153   0.149799   0.048126  -1.142179   0.001000
  0.286892   0.853618  -0.408153   0.149799   0.048126  -1.142179   0.001000
  0.286892   0.853618  -0.408153   0.149799   0.048126  -1.142179   0.001000
  0.286892   0.853618  -0.408153   0.149799   0.048126  -1.142179   0.001000
  0.286892   0.853618  -0.408153   0.149799   0.048126  -1.142179   0.001000
  0.286892   0.853618  -0.408153   0.149799   0.048126  -1.142179   0.001000
  0.286892   0.853618  -0.408153   0.149799   0.048126  -1.142179   0.001000
  0.286892   0.853618  -0.408153   0.149799   0.048126  -1.142179   0.001000
  0.286892   0.853618  -0.408153   0.149799   0.048126  -1.142179   0.001000
  0.286892   0.853618  -0.408153   0.149799   0.048126  -1.142179   0.001000
  0.286892   0.853618  -0.408153   0.149799   0.048126  -1.142179   0.001000
  0.286892   0.853618  -0.408153   0.149799   0.048126  -1.142179   0.001000
  0.286892   0.853618  -0.408153   0.149799   0.048126  -1.142179   0.001000
  0.286892   0.853618  -0.408153   0.149799   0.048126  -1.142179   0.001000
  0.286892   0.853618  -0.408153   0.149799   0.048126  -1.142179   0.001000
  0.286892   0.853618  -0.408153   0.149799   0.048126  -1.142179   0.001000
  0.286892   0.853618  -0.408153   0.149799   0.048126  -1.142179   0.001000
  0.286892   0.853618  -0.408153   0.149799   0.048126  -1.142179   0.001000
  0.286892   0.853618  -0.408153   0.149799   0.048126  -1.142179   0.001000
  0.286892   0.853618  -0.408153   0.149799   0.048126  -1.142179   0.001000
  0.286892   0.853618  -0.408153   0.149799   0.048126  -1.142179   0.001000
  0.286892   0.853618  -0.408153   0.149799   0.048126  -1.142179   0.001000
  0.286892   0.853618  -0.408153   0.149799   0.048126  -1.142179   0.001000
  0.286892   0.853618  -0.408153   0.149799   0.048126  -1.142179   0.001000
  0.286892   0.853618  -0.408153   0.149799   0.048126  -1.142179   0.001000
  0.286892   0.853618  -0.408153   0.149799   0.048126  -1.142179   0.001000
  0.286892   0.853618  -0.408153   0.149799   0.048126  -1.142179   0.001000
  0.286892   0.853618  -0.408153   0.149799   0.048126  -1.142179   0.001000
  0.286892   0.853618  -0.408153   0.149799   0.048126  -1.142179   0.001000
  0.286892   0.853618  -0.408153   0.149799   0.048126  -1.142179   0.001000
  0.286892   0.853618  -0.408153   0.149799   0.048126  -1.142179   0.001000
  0.286892   0.853618  -0.408153   0.149799   0.048126  -1.142179   0.001000
  0.286892   0.853618  -0.408153   0.149799   0.048126  -1.142179   0.001000
  0.286892   0.853618  -0.408153   0.149799   0.048126  -1.142179   0.001000
  0.286892   0.853618  -0.408153   0.149799   0.048126  -1.142179   0.001000
  0.286892   0.853618  -0.408153   0.149799   0.048126  -1.142179   0.001000
  0.286892   0.853618  -0.408153   0.149799   0.048126  -1.142179   0.001000
  0.286892   0.853618  -0.408153   0.149799   0.048126  -1.142179   0.001000
  0.286892   0.853618  -0.408153   0.149799   0.048126  -1.142179   0.001000
  0.286892   0.853618  -0.408153   0.149799   0.048126  -1.142179   0.001000
  0.286892   0.853618  -0.408153   0.149799   0.048126  -1.142179   0.001000
  0.286892   0.853618  -0.408153   0.149799   0.048126  -1.142179   0.001000
  0.286892   0.853618  -0.408153   0.149799   0.048126  -1.142179   0.001000
  0.286892   0.853618  -0.408153   0.149799   0.048126  -1.142179   0.001000
  0.286892   0.853618  -0.408153   0.149799   0.048126  -1.142179   0.001000
  0.286892   0.853618  -0.408153   0.149799   0.048126  -1.142179   0.001000
  0.286892   0.853618  -0.408153   0.149799   0.048126  -1.142179   0.001000
  0.286892   0.853618  -0.408153   0.149799   0.048126  -1.142179   0.001000
  0.286892   0.853618  -0.408153   0.149799   0.048126  -1.142179   0.001000
  0.286892   0.853618  -0.408153   0.149799   0.048126  -1.142179   0.001000
  0.286892   0.853618  -0.408153   0.149799   0.048126  -1.142179   0.001000
  0.286892   0.853618  -0.408153   0.149799   0.048126  -1.142179   0.001000
  0.286892   0.853618  -0.408153   0.149799   0.048126  -1.142179   0.001000
  0.286892   0.853618  -0.408153   0.149799   0.048126  -1.142179   0.001000
  0.286892   0.853618  -0.408153   0.149799   0.048126  -1.142179   0.001000
  0.286892   0.853618  -0.408153   0.149799   0.048126  -1.142179   0.001000
  0.286892   0.853618  -0.408153   0.149799   0.048126  -1.142179   0.001000
  0.286892   0.853618  -0.408153   0.149799   0.048126  -1.142179   0.001000
  0.286892   0.853618  -0.408153   0.149799   0.048126  -1.142179   0.001000
  0.286892   0.853618  -0.408153   0.149799   0.048126  -1.142179   0.001000
  0.286892   0.853618  -0.408153   0.149799   0.048126  -1.142179   0.001000
  0.286892   0.853618  -0.408153   0.149799   0.048126  -1.142179   0.001000
  0.286892   0.853618  -0.408153   0.149799   0.048126  -1.142179   0.001000
  0.286892   0.853618  -0.408153   0.149799   0.048126  -1.142179   0.001000
  0.286892   0.853618  -0.408153   0.149799   0.048126  -1.142179   0.001000
  0.286892   0.853618  -0.408153   0.149799   0.048126  -1.142179   0.001000
  0.286892   0.853618  -0.408153   0.149799   0.048126  -1.142179   0.001000
  0.286892   0.853618  -0.408153   0.149799   0.048126  -1.142179   0.001000
  0.286892   0.853618  -0.408153   0.149799   0.048126  -1.142179   0.001000
  0.286892   0.853618  -0.408153   0.149799   0.048126  -1.142179   0.001000
  0.286892   0.853618  -0.408153   0.149799   0.048126  -1.142179   0.001000
  0.286892   0.853618  -0.408153   0.149799   0.048126  -1.142179   0.001000
  0.286892   0.853618  -0.408153   0.149799   0.048126  -1.142179   0.001000
  0.286892   0.853618  -0.408153   0.149799   0.048126  -1.142179   0.001000
  0.286892   0.853618  -0.408153   0.149799   0.048126  -1.142179   0.001000
  0.286892   0.853618  -0.408153   0.149799   0.048126  -1.142179   0.001000
  0.286892   0.853618  -0.408153   0.149799   0.048126  -1.142179   0.001000
  0.286892   0.853618  -0.408153   0.149799   0.048126  -1.142179   0.001000
  0.286892   0.853618  -0.408153   0.149799   0.048126  -1.142179   0.001000
  0.295306   0.855342  -0.402229   0.139273  -0.040364  -1.274478   0.001000
  0.291279   0.854238  -0.406536   0.141997   0.026893  -1.208704   0.001000
  0.291279   0.854238  -0.406536   0.141997   0.026893  -1.208704   0.001000
  0.291279   0.854238  -0.406536   0.141997   0.026893  -1.208704   0.001000
  0.291279   0.854238  -0.406536   0.141997   0.026893  -1.208704   0.001000
  0.291279   0.854238  -0.406536   0.141997   0.026893  -1.208704   0.001000
  0.291279   0.854238  -0.406536   0.141997   0.026893  -1.208704   0.001000
  0.291279   0.854238  -0.406536   0.141997   0.026893  -1.208704   0.001000
  0.291279   0.854238  -0.406536   0.141997   0.026893  -1.208704   0.001000
  0.291279   0.854238  -0.406536   0.141997   0.026893  -1.208704   0.001000
  0.291279   0.854238  -0.406536   0.141997   0.026893  -1.208704   0.001000
  0.291279   0.854238  -0.406536   0.141997   0.026893  -1.208704   0.001000
  0.291279   0.854238  -0.406536   0.141997   0.026893  -1.208704   0.001000
  0.291279   0.854238  -0.406536   0.141997   0.026893  -1.208704   0.001000
  0.291279   0.854238  -0.406536   0.141997   0.026893  -1.208704   0.001000
  0.291279   0.854238  -0.406536   0.141997   0.026893  -1.208704   0.001000
  0.291279   0.854238  -0.406536   0.141997   0.026893  -1.208704   0.001000
  0.291279   0.854238  -0.406536   0.141997   0.026893  -1.208704   0.001000
  0.291279   0.854238  -0.406536   0.141997   0.026893  -1.208704   0.001000
  0.291279   0.854238  -0.406536   0.141997   0.026893  -1.208704   0.001000
  0.291279   0.854238  -0.406536   0.141997   0.026893  -1.208704   0.001000
  0.260709   0.920917  -0.222790   0.185223  -0.036996  -1.364567   0.001000
  0.260709   0.920917  -0.222790   0.185223  -0.036996  -1.364567   0.001000
  0.260709   0.920917  -0.222790   0.185223  -0.036996  -1.364567   0.001000
  0.265011   0.909966  -0.252816   0.194460  -0.080550  -1.243773   0.001000
  0.265011   0.909966  -0.252816   0.194460  -0.080550  -1.243773   0.001000
  0.265011   0.909966  -0.252816   0.194460  -0.080550  -1.243773   0.001000
  0.284296   0.855876  -0.406904   0.145196  -0.096229  -0.866849   0.001000
  0.284296   0.855876  -0.406904   0.145196  -0.096229  -0.866849   0.001000
  0.284296   0.855876  -0.406904   0.145196  -0.096229  -0.866849   0.001000
  0.284296   0.855876  -0.406904   0.145196  -0.096229  -0.866849   0.001000
  0.284296   0.855876  -0.406904   0.145196  -0.096229  -0.866849   0.001000
  0.284296   0.855876  -0.406904   0.145196  -0.096229  -0.866849   0.001000
  0.284296   0.855876  -0.406904   0.145196  -0.096229  -0.866849   0.001000
  0.284296   0.855876  -0.406904   0.145196  -0.096229  -0.866849   0.001000
  0.284296   0.855876  -0.406904   0.145196  -0.096229  -0.866849   0.001000
  0.284296   0.855876  -0.406904   0.145196  -0.096229  -0.866849   0.001000
  0.284296   0.855876  -0.406904   0.145196  -0.096229  -0.866849   0.001000
  0.284296   0.855876  -0.406904   0.145196  -0.096229  -0.866849   0.001000
  0.284296   0.855876  -0.406904   0.145196  -0.096229  -0.866849   0.001000
  0.284296   0.855876  -0.406904   0.145196  -0.096229  -0.866849   0.001000
  0.284296   0.855876  -0.406904   0.145196  -0.096229  -0.866849   0.001000
  0.284296   0.855876  -0.406904   0.145196  -0.096229  -0.866849   0.001000
  0.284296   0.855876  -0.406904   0.145196  -0.096229  -0.866849   0.001000
  0.288747   0.851908  -0.412730   0.143290  -0.044586  -0.972469   0.001000
  0.288747   0.851908  -0.412730   0.143290  -0.044586  -0.972469   0.001000
  0.288747   0.851908  -0.412730   0.143290  -0.044586  -0.972469   0.001000
  0.288747   0.851908  -0.412730   0.143290  -0.044586  -0.972469   0.001000
  0.288747   0.851908  -0.412730   0.143290  -0.044586  -0.972469   0.001000
  0.288747   0.851908  -0.412730   0.143290  -0.044586  -0.972469   0.001000
  0.288747   0.851908  -0.412730   0.143290  -0.044586  -0.972469   0.001000
  0.288747   0.851908  -0.412730   0.143290  -0.044586  -0.972469   0.001000
  0.288747   0.851908  -0.412730   0.143290  -0.044586  -0.972469   0.001000
  0.288747   0.851908  -0.412730   0.143290  -0.044586  -0.972469   0.001000
  0.288747   0.851908  -0.412730   0.143290  -0.044586  -0.972469   0.001000
  0.288747   0.851908  -0.412730   0.143290  -0.044586  -0.972469   0.001000
  0.288747   0.851908  -0.412730   0.143290  -0.044586  -0.972469   0.001000
  0.288747   0.851908  -0.412730   0.143290  -0.044586  -0.972469   0.001000
  0.288747   0.851908  -0.412730   0.143290  -0.044586  -0.972469   0.001000
  0.288747   0.851908  -0.412730   0.143290  -0.044586  -0.972469   0.001000
  0.288747   0.851908  -0.412730   0.143290  -0.044586  -0.972469   0.001000
  0.288747   0.851908  -0.412730   0.143290  -0.044586  -0.972469   0.001000
  0.288747   0.851908  -0.412730   0.143290  -0.044586  -0.972469   0.001000
  0.288747   0.851908  -0.412730   0.143290  -0.044586  -0.972469   0.001000
  0.288747   0.851908  -0.412730   0.143290  -0.044586  -0.972469   0.001000
  0.288747   0.851908  -0.412730   0.143290  -0.044586  -0.972469   0.001000
  0.288747   0.851908  -0.412730   0.143290  -0.044586  -0.972469   0.001000
  0.288747   0.851908  -0.412730   0.143290  -0.044586  -0.972469   0.001000
  0.288747   0.851908  -0.412730   0.143290  -0.044586  -0.972469   0.001000
  0.288747   0.851908  -0.412730   0.143290  -0.044586  -0.972469   0.001000
  0.288747   0.851908  -0.412730   0.143290  -0.044586  -0.972469   0.001000
  0.288747   0.851908  -0.412730   0.143290  -0.044586  -0.972469   0.001000
  0.288747   0.851908  -0.412730   0.143290  -0.044586  -0.972469   0.001000
  0.288747   0.851908  -0.412730   0.143290  -0.044586  -0.972469   0.001000
  0.301483   0.942714   0.114201   0.085772   0.023241  -1.128264   0.001000
  0.288884   0.853969  -0.409256   0.140684   0.057373  -1.012062   0.001000
  0.288884   0.853969  -0.409256   0.140684   0.057373  -1.012062   0.001000
  0.272083   0.847736  -0.429726   0.150499   0.087012  -1.042452   0.001000
  0.275774   0.860344  -0.400541   0.152722  -0.023215  -1.087192   0.001000
  0.275634   0.846559  -0.431230   0.146305   0.006563  -0.852192   0.001000
  0.275634   0.846559  -0.431230   0.146305   0.006563  -0.852192   0.001000
  0.275634   0.846559  -0.431230   0.146305   0.006563  -0.852192   0.001000
  0.275634   0.846559  -0.431230   0.146305   0.006563  -0.852192   0.001000
  0.287837   0.855634  -0.401167   0.155256   0.032884  -0.841183   0.001000
  0.287837   0.855634  -0.401167   0.155256   0.032884  -0.841183   0.001000
  0.287837   0.855634  -0.401167   0.155256   0.032884  -0.841183   0.001000
  0.284934   0.847582  -0.420423   0.153823  -0.000631  -0.714337   0.001000
  0.284934   0.847582  -0.420423   0.153823  -0.000631  -0.714337   0.001000
  0.284934   0.847582  -0.420423   0.153823  -0.000631  -0.714337   0.001000
  0.284934   0.847582  -0.420423   0.153823  -0.000631  -0.714337   0.001000
  0.284934   0.847582  -0.420423   0.153823  -0.000631  -0.714337   0.001000
  0.284934   0.847582  -0.420423   0.153823  -0.000631  -0.714337   0.001000
  0.284934   0.847582  -0.420423   0.153823  -0.000631  -0.714337   0.001000
  0.284934   0.847582  -0.420423   0.153823  -0.000631  -0.714337   0.001000
  0.284934   0.847582  -0.420423   0.153823  -0.000631  -0.714337   0.001000
  0.284934   0.847582  -0.420423   0.153823  -0.000631  -0.714337   0.001000
  0.284934   0.847582  -0.420423   0.153823  -0.000631  -0.714337   0.001000
  0.284595   0.857356  -0.403916   0.144213  -0.030146  -1.001556   0.001000
  0.284595   0.857356  -0.403916   0.144213  -0.030146  -1.001556   0.001000
  0.284595   0.857356  -0.403916   0.144213  -0.030146  -1.001556   0.001000
  0.284595   0.857356  -0.403916   0.144213  -0.030146  -1.001556   0.001000
  0.284595   0.857356  -0.403916   0.144213  -0.030146  -1.001556   0.001000
  0.284595   0.857356  -0.403916   0.144213  -0.030146  -1.001556   0.001000
  0.284595   0.857356  -0.403916   0.144213  -0.030146  -1.001556   0.001000
  0.284595   0.857356  -0.403916   0.144213  -0.030146  -1.001556   0.001000
  0.284595   0.857356  -0.403916   0.144213  -0.030146  -1.001556   0.001000
  0.284595   0.857356  -0.403916   0.144213  -0.030146  -1.001556   0.001000
  0.284595   0.857356  -0.403916   0.144213  -0.030146  -1.001556   0.001000
  0.284595   0.857356  -0.403916   0.144213  -0.030146  -1.001556   0.001000
  0.284595   0.857356  -0.403916   0.144213  -0.030146  -1.001556   0.001000
  0.284595   0.857356  -0.403916   0.144213  -0.030146  -1.001556   0.001000
  0.284595   0.857356  -0.403916   0.144213  -0.030146  -1.001556   0.001000
  0.284595   0.857356  -0.403916   0.144213  -0.030146  -1.001556   0.001000
  0.284595   0.857356  -0.403916   0.144213  -0.030146  -1.001556   0.001000
  0.284595   0.857356  -0.403916   0.144213  -0.030146  -1.001556   0.001000
  0.284595   0.857356  -0.403916   0.144213  -0.030146  -1.001556   0.001000
  0.284595   0.857356  -0.403916   0.144213  -0.030146  -1.001556   0.001000
  0.284595   0.857356  -0.403916   0.144213  -0.030146  -1.001556   0.001000
  0.284595   0.857356  -0.403916   0.144213  -0.030146  -1.001556   0.001000
  0.284595   0.857356  -0.403916   0.144213  -0.030146  -1.001556   0.001000
  0.284595   0.857356  -0.403916   0.144213  -0.030146  -1.001556   0.001000
  0.284595   0.857356  -0.403916   0.144213  -0.030146  -1.001556   0.001000
  0.284595   0.857356  -0.403916   0.144213  -0.030146  -1.001556   0.001000
  0.284595   0.857356  -0.403916   0.144213  -0.030146  -1.001556   0.001000
  0.284595   0.857356  -0.403916   0.144213  -0.030146  -1.001556   0.001000
  0.284595   0.857356  -0.403916   0.144213  -0.030146  -1.001556   0.001000
  0.284595   0.857356  -0.403916   0.144213  -0.030146  -1.001556   0.001000
  0.294634   0.854692  -0.393928   0.165872   0.042317  -1.147985   0.001000
  0.261710   0.919304  -0.217616   0.197561  -0.065575  -1.180147   0.001000
  0.287979   0.857103  -0.402618   0.142627   0.015734  -0.893777   0.001000
  0.286106   0.846533  -0.422099   0.152832   0.059528  -0.940077   0.001000
  0.286106   0.846533  -0.422099   0.152832   0.059528  -0.940077   0.001000
  0.286106   0.846533  -0.422099   0.152832   0.059528  -0.940077   0.001000
  0.286106   0.846533  -0.422099   0.152832   0.059528  -0.940077   0.001000
  0.286106   0.846533  -0.422099   0.152832   0.059528  -0.940077   0.001000
  0.284286   0.857687  -0.400793   0.151389   0.148431  -0.801218   0.001000
  0.284286   0.857687  -0.400793   0.151389   0.148431  -0.801218   0.001000
  0.284286   0.857687  -0.400793   0.151389   0.148431  -0.801218   0.001000
  0.255071   0.919451  -0.226904   0.195100   0.067709  -0.918982   0.001000
  0.255071   0.919451  -0.226904   0.195100   0.067709  -0.918982   0.001000
  0.255071   0.919451  -0.226904   0.195100   0.067709  -0.918982   0.001000
  0.285184   0.858456  -0.400151   0.146977   0.104218  -1.020441   0.001000
  0.285184   0.858456  -0.400151   0.146977   0.104218  -1.020441   0.001000
  0.285184   0.858456  -0.400151   0.146977   0.104218  -1.020441   0.001000
  0.285184   0.858456  -0.400151   0.146977   0.104218  -1.020441   0.001000
  0.279642   0.859690  -0.398099   0.155730   0.269544  -0.852773   0.001000
  0.292689   0.854754  -0.403370   0.144991   0.321313  -1.075776   0.001000
  0.285610   0.851696  -0.416195   0.140791   0.192462  -1.136499   0.001000
  0.285610   0.851696  -0.416195   0.140791   0.192462  -1.136499   0.001000
  0.285610   0.851696  -0.416195   0.140791   0.192462  -1.136499   0.001000
  0.285610   0.851696  -0.416195   0.140791   0.192462  -1.136499   0.001000
  0.285610   0.851696  -0.416195   0.140791   0.192462  -1.136499   0.001000
  0.285610   0.851696  -0.416195   0.140791   0.192462  -1.136499   0.001000
  0.285610   0.851696  -0.416195   0.140791   0.192462  -1.136499   0.001000
  0.285610   0.851696  -0.416195   0.140791   0.192462  -1.136499   0.001000
  0.285610   0.851696  -0.416195   0.140791   0.192462  -1.136499   0.001000
  0.285610   0.851696  -0.416195   0.140791   0.192462  -1.136499   0.001000
  0.285610   0.851696  -0.416195   0.140791   0.192462  -1.136499   0.001000
  0.285610   0.851696  -0.416195   0.140791   0.192462  -1.136499   0.001000
  0.285610   0.851696  -0.416195   0.140791   0.192462  -1.136499   0.001000
  0.285610   0.851696  -0.416195   0.140791   0.192462  -1.136499   0.001000
  0.285610   0.851696  -0.416195   0.140791   0.192462  -1.136499   0.001000
  0.285610   0.851696  -0.416195   0.140791   0.192462  -1.136499   0.001000
  0.285610   0.851696  -0.416195   0.140791   0.192462  -1.136499   0.001000
  0.285610   0.851696  -0.416195   0.140791   0.192462  -1.136499   0.001000
  0.285610   0.851696  -0.416195   0.140791   0.192462  -1.136499   0.001000
  0.285610   0.851696  -0.416195   0.140791   0.192462  -1.136499   0.001000
  0.285610   0.851696  -0.416195   0.140791   0.192462  -1.136499   0.001000
  0.285610   0.851696  -0.416195   0.140791   0.192462  -1.136499   0.001000
  0.285610   0.851696  -0.416195   0.140791   0.192462  -1.136499   0.001000
  0.285610   0.851696  -0.416195   0.140791   0.192462  -1.136499   0.001000
  0.285610   0.851696  -0.416195   0.140791   0.192462  -1.136499   0.001000
  0.285610   0.851696  -0.416195   0.140791   0.192462  -1.136499   0.001000
  0.285610   0.851696  -0.416195   0.140791   0.192462  -1.136499   0.001000
  0.285610   0.851696  -0.416195   0.140791   0.192462  -1.136499   0.001000
  0.285610   0.851696  -0.416195   0.140791   0.192462  -1.136499   0.001000
  0.285610   0.851696  -0.416195   0.140791   0.192462  -1.136499   0.001000
  0.285610   0.851696  -0.416195   0.140791   0.192462  -1.136499   0.001000
  0.285610   0.851696  -0.416195   0.140791   0.192462  -1.136499   0.001000
  0.285610   0.851696  -0.416195   0.140791   0.192462  -1.136499   0.001000
  0.285610   0.851696  -0.416195   0.140791   0.192462  -1.136499   0.001000
  0.285610   0.851696  -0.416195   0.140791   0.192462  -1.136499   0.001000
  0.285610   0.851696  -0.416195   0.140791   0.192462  -1.136499   0.001000
  0.285610   0.851696  -0.416195   0.140791   0.192462  -1.136499   0.001000
  0.254528   0.918527  -0.239165   0.185264   0.205600  -0.906070   0.001000
  0.280286   0.855895  -0.406980   0.152478   0.074636  -0.920227   0.001000
  0.280286   0.855895  -0.406980   0.152478   0.074636  -0.920227   0.001000
  0.280286   0.855895  -0.406980   0.152478   0.074636  -0.920227   0.001000
  0.280286   0.855895  -0.406980   0.152478   0.074636  -0.920227   0.001000
  0.280286   0.855895  -0.406980   0.152478   0.074636  -0.920227   0.001000
  0.280286   0.855895  -0.406980   0.152478   0.074636  -0.920227   0.001000
  0.280286   0.855895  -0.406980   0.152478   0.074636  -0.920227   0.001000
  0.280286   0.855895  -0.406980   0.152478   0.074636  -0.920227   0.001000
  0.280286   0.855895  -0.406980   0.152478   0.074636  -0.920227   0.001000
  0.280286   0.855895  -0.406980   0.152478   0.074636  -0.920227   0.001000
  0.280286   0.855895  -0.406980   0.152478   0.074636  -0.920227   0.001000
  0.275517   0.863687  -0.394972   0.148770   0.214537  -1.169281   0.001000
  0.290306   0.848450  -0.411953   0.161710   0.070763  -0.933694   0.001000
  0.290306   0.848450  -0.411953   0.161710   0.070763  -0.933694   0.001000
  0.290306   0.848450  -0.411953   0.161710   0.070763  -0.933694   0.001000
  0.290306   0.848450  -0.411953   0.161710   0.070763  -0.933694   0.001000
  0.290306   0.848450  -0.411953   0.161710   0.070763  -0.933694   0.001000
  0.274407   0.866510  -0.393756   0.137179   0.120419  -1.088311   0.001000
  0.296107   0.846497  -0.417039   0.147791   0.108258  -1.161007   0.001000
  0.296107   0.846497  -0.417039   0.147791   0.108258  -1.161007   0.001000
  0.287124   0.853017  -0.410566   0.146145   0.039119  -0.888958   0.001000
  0.287124   0.853017  -0.410566   0.146145   0.039119  -0.888958   0.001000
  0.287124   0.853017  -0.410566   0.146145   0.039119  -0.888958   0.001000
  0.287124   0.853017  -0.410566   0.146145   0.039119  -0.888958   0.001000
  0.287124   0.853017  -0.410566   0.146145   0.039119  -0.888958   0.001000
  0.287124   0.853017  -0.410566   0.146145   0.039119  -0.888958   0.001000
  0.287124   0.853017  -0.410566   0.146145   0.039119  -0.888958   0.001000
  0.287124   0.853017  -0.410566   0.146145   0.039119  -0.888958   0.001000
  0.287124   0.853017  -0.410566   0.146145   0.039119  -0.888958   0.001000
  0.287124   0.853017  -0.410566   0.146145   0.039119  -0.888958   0.001000
  0.287124   0.853017  -0.410566   0.146145   0.039119  -0.888958   0.001000
  0.287124   0.853017  -0.410566   0.146145   0.039119  -0.888958   0.001000
  0.275036   0.854880  -0.415040   0.145866   0.030652  -0.974458   0.001000
  0.275036   0.854880  -0.415040   0.145866   0.030652  -0.974458   0.001000
  0.282736   0.853264  -0.415799   0.138243   0.037480  -0.924358   0.001000
  0.282736   0.853264  -0.415799   0.138243   0.037480  -0.924358   0.001000
  0.282736   0.853264  -0.415799   0.138243   0.037480  -0.924358   0.001000
  0.282736   0.853264  -0.415799   0.138243   0.037480  -0.924358   0.001000
  0.282736   0.853264  -0.415799   0.138243   0.037480  -0.924358   0.001000
  0.282736   0.853264  -0.415799   0.138243   0.037480  -0.924358   0.001000
  0.276745   0.863875  -0.395511   0.143887   0.070240  -1.082163   0.001000
  0.276745   0.863875  -0.395511   0.143887   0.070240  -1.082163   0.001000
  0.276745   0.863875  -0.395511   0.143887   0.070240  -1.082163   0.001000
  0.276745   0.863875  -0.395511   0.143887   0.070240  -1.082163   0.001000
  0.276745   0.863875  -0.395511   0.143887   0.070240  -1.082163   0.001000
  0.276745   0.863875  -0.395511   0.143887   0.070240  -1.082163   0.001000
  0.276745   0.863875  -0.395511   0.143887   0.070240  -1.082163   0.001000
  0.276745   0.863875  -0.395511   0.143887   0.070240  -1.082163   0.001000
  0.276745   0.863875  -0.395511   0.143887   0.070240  -1.082163   0.001000
  0.254689   0.922913  -0.216693   0.190811   0.292556  -1.119258   0.001000
  0.286194   0.852058  -0.413825   0.144359   0.184092  -1.017127   0.001000
  0.286194   0.852058  -0.413825   0.144359   0.184092  -1.017127   0.001000
  0.286194   0.852058  -0.413825   0.144359   0.184092  -1.017127   0.001000
  0.286194   0.852058  -0.413825   0.144359   0.184092  -1.017127   0.001000
  0.286194   0.852058  -0.413825   0.144359   0.184092  -1.017127   0.001000
  0.286194   0.852058  -0.413825   0.144359   0.184092  -1.017127   0.001000
  0.286194   0.852058  -0.413825   0.144359   0.184092  -1.017127   0.001000
  0.286194   0.852058  -0.413825   0.144359   0.184092  -1.017127   0.001000
  0.286194   0.852058  -0.413825   0.144359   0.184092  -1.017127   0.001000
  0.286194   0.852058  -0.413825   0.144359   0.184092  -1.017127   0.001000
  0.286194   0.852058  -0.413825   0.144359   0.184092  -1.017127   0.001000
  0.286194   0.852058  -0.413825   0.144359   0.184092  -1.017127   0.001000
  0.286194   0.852058  -0.413825   0.144359   0.184092  -1.017127   0.001000
  0.286194   0.852058  -0.413825   0.144359   0.184092  -1.017127   0.001000
  0.286194   0.852058  -0.413825   0.144359   0.184092  -1.017127   0.001000
  0.286194   0.852058  -0.413825   0.144359   0.184092  -1.017127   0.001000
  0.286194   0.852058  -0.413825   0.144359   0.184092  -1.017127   0.001000
  0.286194   0.852058  -0.413825   0.144359   0.184092  -1.017127   0.001000
  0.286194   0.852058  -0.413825   0.144359   0.184092  -1.017127   0.001000
  0.286194   0.852058  -0.413825   0.144359   0.184092  -1.017127   0.001000
  0.286194   0.852058  -0.413825   0.144359   0.184092  -1.017127   0.001000
  0.286194   0.852058  -0.413825   0.144359   0.184092  -1.017127   0.001000
  0.286194   0.852058  -0.413825   0.144359   0.184092  -1.017127   0.001000
  0.286194   0.852058  -0.413825   0.144359   0.184092  -1.017127   0.001000
  0.286194   0.852058  -0.413825   0.144359   0.184092  -1.017127   0.001000
  0.286194   0.852058  -0.413825   0.144359   0.184092  -1.017127   0.001000
  0.286194   0.852058  -0.413825   0.144359   0.184092  -1.017127   0.001000
  0.286194   0.852058  -0.413825   0.144359   0.184092  -1.017127   0.001000
  0.286194   0.852058  -0.413825   0.144359   0.184092  -1.017127   0.001000
  0.286194   0.852058  -0.413825   0.144359   0.184092  -1.017127   0.001000
  0.286194   0.852058  -0.413825   0.144359   0.184092  -1.017127   0.001000
  0.286194   0.852058  -0.413825   0.144359   0.184092  -1.017127   0.001000
  0.286194   0.852058  -0.413825   0.144359   0.184092  -1.017127   0.001000
  0.286194   0.852058  -0.413825   0.144359   0.184092  -1.017127   0.001000
  0.286194   0.852058  -0.413825   0.144359   0.184092  -1.017127   0.001000
  0.286194   0.852058  -0.413825   0.144359   0.184092  -1.017127   0.001000
  0.286194   0.852058  -0.413825   0.144359   0.184092  -1.017127   0.001000
  0.286194   0.852058  -0.413825   0.144359   0.184092  -1.017127   0.001000
  0.286194   0.852058  -0.413825   0.144359   0.184092  -1.017127   0.001000
  0.286194   0.852058  -0.413825   0.144359   0.184092  -1.017127   0.001000
  0.286194   0.852058  -0.413825   0.144359   0.184092  -1.017127   0.001000
  0.286194   0.852058  -0.413825   0.144359   0.184092  -1.017127   0.001000
  0.286194   0.852058  -0.413825   0.144359   0.184092  -1.017127   0.001000
  0.286194   0.852058  -0.413825   0.144359   0.184092  -1.017127   0.001000
  0.286194   0.852058  -0.413825   0.144359   0.184092  -1.017127   0.001000
  0.286194   0.852058  -0.413825   0.144359   0.184092  -1.017127   0.001000
  0.286194   0.852058  -0.413825   0.144359   0.184092  -1.017127   0.001000
  0.286194   0.852058  -0.413825   0.144359   0.184092  -1.017127   0.001000
  0.286194   0.852058  -0.413825   0.144359   0.184092  -1.017127   0.001000
  0.286194   0.852058  -0.413825   0.144359   0.184092  -1.017127   0.001000
  0.286194   0.852058  -0.413825   0.144359   0.184092  -1.017127   0.001000
  0.286194   0.852058  -0.413825   0.144359   0.184092  -1.017127   0.001000
  0.286194   0.852058  -0.413825   0.144359   0.184092  -1.017127   0.001000
  0.286194   0.852058  -0.413825   0.144359   0.184092  -1.017127   0.001000
  0.286194   0.852058  -0.413825   0.144359   0.184092  -1.017127   0.001000
  0.286194   0.852058  -0.413825   0.144359   0.184092  -1.017127   0.001000
  0.286194   0.852058  -0.413825   0.144359   0.184092  -1.017127   0.001000
  0.286194   0.852058  -0.413825   0.144359   0.184092  -1.017127   0.001000
  0.286194   0.852058  -0.413825   0.144359   0.184092  -1.017127   0.001000
  0.286194   0.852058  -0.413825   0.144359   0.184092  -1.017127   0.001000
  0.286194   0.852058  -0.413825   0.144359   0.184092  -1.017127   0.001000
  0.286194   0.852058  -0.413825   0.144359   0.184092  -1.017127   0.001000
  0.286194   0.852058  -0.413825   0.144359   0.184092  -1.017127   0.001000
  0.286194   0.852058  -0.413825   0.144359   0.184092  -1.017127   0.001000
  0.286194   0.852058  -0.413825   0.144359   0.184092  -1.017127   0.001000
  0.286194   0.852058  -0.413825   0.144359   0.184092  -1.017127   0.001000
  0.286194   0.852058  -0.413825   0.144359   0.184092  -1.017127   0.001000
  0.281670   0.850731  -0.418303   0.148124   0.174049  -0.956295   0.001000
  0.281670   0.850731  -0.418303   0.148124   0.174049  -0.956295   0.001000
  0.281670   0.850731  -0.418303   0.148124   0.174049  -0.956295   0.001000
  0.281670   0.850731  -0.418303   0.148124   0.174049  -0.956295   0.001000
  0.281670   0.850731  -0.418303   0.148124   0.174049  -0.956295   0.001000
  0.281670   0.850731  -0.418303   0.148124   0.174049  -0.956295   0.001000
  0.281670   0.850731  -0.418303   0.148124   0.174049  -0.956295   0.001000
  0.281670   0.850731  -0.418303   0.148124   0.174049  -0.956295   0.001000
  0.281670   0.850731  -0.418303   0.148124   0.174049  -0.956295   0.001000
  0.281670   0.850731  -0.418303   0.148124   0.174049  -0.956295   0.001000
  0.281670   0.850731  -0.418303   0.148124   0.174049  -0.956295   0.001000
  0.281670   0.850731  -0.418303   0.148124   0.174049  -0.956295   0.001000
  0.281670   0.850731  -0.418303   0.148124   0.174049  -0.956295   0.001000
  0.281670   0.850731  -0.418303   0.148124   0.174049  -0.956295   0.001000
  0.281670   0.850731  -0.418303   0.148124   0.174049  -0.956295   0.001000
  0.281670   0.850731  -0.418303   0.148124   0.174049  -0.956295   0.001000
  0.281670   0.850731  -0.418303   0.148124   0.174049  -0.956295   0.001000
  0.281670   0.850731  -0.418303   0.148124   0.174049  -0.956295   0.001000
  0.281670   0.850731  -0.418303   0.148124   0.174049  -0.956295   0.001000
  0.281670   0.850731  -0.418303   0.148124   0.174049  -0.956295   0.001000
  0.281670   0.850731  -0.418303   0.148124   0.174049  -0.956295   0.001000
  0.281670   0.850731  -0.418303   0.148124   0.174049  -0.956295   0.001000
  0.281670   0.850731  -0.418303   0.148124   0.174049  -0.956295   0.001000
  0.281670   0.850731  -0.418303   0.148124   0.174049  -0.956295   0.001000
  0.281670   0.850731  -0.418303   0.148124   0.174049  -0.956295   0.001000
  0.281670   0.850731  -0.418303   0.148124   0.174049  -0.956295   0.001000
  0.281670   0.850731  -0.418303   0.148124   0.174049  -0.956295   0.001000
  0.281670   0.850731  -0.418303   0.148124   0.174049  -0.956295   0.001000
  0.281670   0.850731  -0.418303   0.148124   0.174049  -0.956295   0.001000
  0.273788   0.853456  -0.421142   0.138895   0.245619  -1.154823   0.001000
  0.262085   0.917452  -0.237828   0.181745   0.154649  -1.241992   0.001000
  0.262085   0.917452  -0.237828   0.181745   0.154649  -1.241992   0.001000
  0.262123   0.917270  -0.222107   0.201433   0.198925  -1.139168   0.001000
  0.309651   0.852395  -0.396027   0.143879   0.240856  -1.013345   0.001000
  0.259822   0.917953  -0.225905   0.197031   0.017887  -0.735673   0.001000
  0.258769   0.919590  -0.220286   0.197148   0.296816  -1.052236   0.001000
  0.286647   0.849468  -0.415459   0.153725   0.149100  -0.994833   0.001000
  0.292720   0.853443  -0.404663   0.148992   0.260704  -1.178291   0.001000
  0.292720   0.853443  -0.404663   0.148992   0.260704  -1.178291   0.001000
  0.292720   0.853443  -0.404663   0.148992   0.260704  -1.178291   0.001000
  0.292720   0.853443  -0.404663   0.148992   0.260704  -1.178291   0.001000
  0.292720   0.853443  -0.404663   0.148992   0.260704  -1.178291   0.001000
  0.292720   0.853443  -0.404663   0.148992   0.260704  -1.178291   0.001000
  0.292720   0.853443  -0.404663   0.148992   0.260704  -1.178291   0.001000
  0.292720   0.853443  -0.404663   0.148992   0.260704  -1.178291   0.001000
  0.292720   0.853443  -0.404663   0.148992   0.260704  -1.178291   0.001000
  0.292720   0.853443  -0.404663   0.148992   0.260704  -1.178291   0.001000
  0.261039   0.919126  -0.218236   0.198590   0.092149  -0.933532   0.001000
  0.261039   0.919126  -0.218236   0.198590   0.092149  -0.933532   0.001000
  0.259748   0.916582  -0.228260   0.200763   0.118186  -0.925885   0.001000
  0.283211   0.853987  -0.411601   0.145196   0.395582  -0.944037   0.001000
  0.283211   0.853987  -0.411601   0.145196   0.395582  -0.944037   0.001000
  0.283211   0.853987  -0.411601   0.145196   0.395582  -0.944037   0.001000
  0.283211   0.853987  -0.411601   0.145196   0.395582  -0.944037   0.001000
  0.283211   0.853987  -0.411601   0.145196   0.395582  -0.944037   0.001000
  0.283211   0.853987  -0.411601   0.145196   0.395582  -0.944037   0.001000
  0.283211   0.853987  -0.411601   0.145196   0.395582  -0.944037   0.001000
  0.283211   0.853987  -0.411601   0.145196   0.395582  -0.944037   0.001000
  0.283211   0.853987  -0.411601   0.145196   0.395582  -0.944037   0.001000
  0.283211   0.853987  -0.411601   0.145196   0.395582  -0.944037   0.001000
  0.283211   0.853987  -0.411601   0.145196   0.395582  -0.944037   0.001000
  0.283211   0.853987  -0.411601   0.145196   0.395582  -0.944037   0.001000
  0.283211   0.853987  -0.411601   0.145196   0.395582  -0.944037   0.001000
  0.283211   0.853987  -0.411601   0.145196   0.395582  -0.944037   0.001000
  0.283211   0.853987  -0.411601   0.145196   0.395582  -0.944037   0.001000
  0.283211   0.853987  -0.411601   0.145196   0.395582  -0.944037   0.001000
  0.283211   0.853987  -0.411601   0.145196   0.395582  -0.944037   0.001000
  0.283211   0.853987  -0.411601   0.145196   0.395582  -0.944037   0.001000
  0.283211   0.853987  -0.411601   0.145196   0.395582  -0.944037   0.001000
  0.283211   0.853987  -0.411601   0.145196   0.395582  -0.944037   0.001000
  0.283211   0.853987  -0.411601   0.145196   0.395582  -0.944037   0.001000
  0.291752   0.855463  -0.401062   0.149043   0.280187  -0.870388   0.001000
  0.291752   0.855463  -0.401062   0.149043   0.280187  -0.870388   0.001000
  0.278103   0.860118  -0.400513   0.149816   0.225161  -0.970398   0.001000
  0.278103   0.860118  -0.400513   0.149816   0.225161  -0.970398   0.001000
  0.278103   0.860118  -0.400513   0.149816   0.225161  -0.970398   0.001000
  0.279091   0.859173  -0.402126   0.149080   0.269663  -0.922969   0.001000
  0.279091   0.859173  -0.402126   0.149080   0.269663  -0.922969   0.001000
  0.279091   0.859173  -0.402126   0.149080   0.269663  -0.922969   0.001000
  0.242000   0.909053  -0.275384   0.198048   0.187948  -0.791788   0.001000
  0.286216   0.854308  -0.410159   0.141449   0.379618  -0.918012   0.001000
  0.286216   0.854308  -0.410159   0.141449   0.379618  -0.918012   0.001000
  0.286216   0.854308  -0.410159   0.141449   0.379618  -0.918012   0.001000
  0.286216   0.854308  -0.410159   0.141449   0.379618  -0.918012   0.001000
  0.286216   0.854308  -0.410159   0.141449   0.379618  -0.918012   0.001000
  0.286216   0.854308  -0.410159   0.141449   0.379618  -0.918012   0.001000
  0.286216   0.854308  -0.410159   0.141449   0.379618  -0.918012   0.001000
  0.286216   0.854308  -0.410159   0.141449   0.379618  -0.918012   0.001000
  0.286216   0.854308  -0.410159   0.141449   0.379618  -0.918012   0.001000
  0.286216   0.854308  -0.410159   0.141449   0.379618  -0.918012   0.001000
  0.286216   0.854308  -0.410159   0.141449   0.379618  -0.918012   0.001000
  0.286216   0.854308  -0.410159   0.141449   0.379618  -0.918012   0.001000
  0.286216   0.854308  -0.410159   0.141449   0.379618  -0.918012   0.001000
  0.286216   0.854308  -0.410159   0.141449   0.379618  -0.918012   0.001000
  0.286216   0.854308  -0.410159   0.141449   0.379618  -0.918012   0.001000
  0.286216   0.854308  -0.410159   0.141449   0.379618  -0.918012   0.001000
  0.286216   0.854308  -0.410159   0.141449   0.379618  -0.918012   0.001000
  0.286216   0.854308  -0.410159   0.141449   0.379618  -0.918012   0.001000
  0.286216   0.854308  -0.410159   0.141449   0.379618  -0.918012   0.001000
  0.286216   0.854308  -0.410159   0.141449   0.379618  -0.918012   0.001000
  0.286216   0.854308  -0.410159   0.141449   0.379618  -0.918012   0.001000
  0.286216   0.854308  -0.410159   0.141449   0.379618  -0.918012   0.001000
  0.286216   0.854308  -0.410159   0.141449   0.379618  -0.918012   0.001000
  0.286216   0.854308  -0.410159   0.141449   0.379618  -0.918012   0.001000
  0.286216   0.854308  -0.410159   0.141449   0.379618  -0.918012   0.001000
  0.286216   0.854308  -0.410159   0.141449   0.379618  -0.918012   0.001000
  0.286216   0.854308  -0.410159   0.141449   0.379618  -0.918012   0.001000
  0.286216   0.854308  -0.410159   0.141449   0.379618  -0.918012   0.001000
  0.286216   0.854308  -0.410159   0.141449   0.379618  -0.918012   0.001000
  0.247945   0.918409  -0.241268   0.191932   0.936926  -1.326652   0.001000
  0.276212   0.855061  -0.414931   0.142863   0.241114  -1.269517   0.001000
  0.276212   0.855061  -0.414931   0.142863   0.241114  -1.269517   0.001000
  0.276212   0.855061  -0.414931   0.142863   0.241114  -1.269517   0.001000
  0.276212   0.855061  -0.414931   0.142863   0.241114  -1.269517   0.001000
  0.257025   0.919124  -0.228474   0.192223   0.081016  -1.548268   0.001000
  0.257025   0.919124  -0.228474   0.192223   0.081016  -1.548268   0.001000
  0.253533   0.876857  -0.382550   0.143173  -0.006352  -1.632393   0.001000
  0.245069   0.923794  -0.225853   0.188512   0.392703  -1.226792   0.001000
  0.295123   0.853038  -0.406629   0.140999   0.262360  -1.453291   0.001000
  0.295123   0.853038  -0.406629   0.140999   0.262360  -1.453291   0.001000
  0.295123   0.853038  -0.406629   0.140999   0.262360  -1.453291   0.001000
  0.295123   0.853038  -0.406629   0.140999   0.262360  -1.453291   0.001000
  0.295123   0.853038  -0.406629   0.140999   0.262360  -1.453291   0.001000
  0.295123   0.853038  -0.406629   0.140999   0.262360  -1.453291   0.001000
  0.295123   0.853038  -0.406629   0.140999   0.262360  -1.453291   0.001000
  0.284357   0.905937  -0.231857   0.211333   0.187906  -1.420759   0.001000
  0.279003   0.857385  -0.410230   0.136968   0.362611  -1.573652   0.001000
  0.261678   0.919584  -0.220923   0.192571   0.256766  -1.628967   0.001000
  0.276247   0.855153  -0.416341   0.138061   0.203635  -1.345647   0.001000
  0.278014   0.857806  -0.408530   0.141350   0.346105  -1.616895   0.001000
  0.278014   0.857806  -0.408530   0.141350   0.346105  -1.616895   0.001000
