 -0.078931   0.214777  -0.732479   0.641182   0.083785   0.723802   0.001000
 -0.070607   0.206478  -0.746284   0.628842  -0.057060   0.615668   0.001000
 -0.070607   0.206478  -0.746284   0.628842  -0.057060   0.615668   0.001000
 -0.070607   0.206478  -0.746284   0.628842  -0.057060   0.615668   0.001000
 -0.070607   0.206478  -0.746284   0.628842  -0.057060   0.615668   0.001000
 -0.070607   0.206478  -0.746284   0.628842  -0.057060   0.615668   0.001000
 -0.070607   0.206478  -0.746284   0.628842  -0.057060   0.615668   0.001000
 -0.070607   0.206478  -0.746284   0.628842  -0.057060   0.615668   0.001000
 -0.070607   0.206478  -0.746284   0.628842  -0.057060   0.615668   0.001000
 -0.070607   0.206478  -0.746284   0.628842  -0.057060   0.615668   0.001000
 -0.070607   0.206478  -0.746284   0.628842  -0.057060   0.615668   0.001000
 -0.070607   0.206478  -0.746284   0.628842  -0.057060   0.615668   0.001000
 -0.070607   0.206478  -0.746284   0.628842  -0.057060   0.615668   0.001000
 -0.070607   0.206478  -0.746284   0.628842  -0.057060   0.615668   0.001000
 -0.070607   0.206478  -0.746284   0.628842  -0.057060   0.615668   0.001000
 -0.070607   0.206478  -0.746284   0.628842  -0.057060   0.615668   0.001000
 -0.070607   0.206478  -0.746284   0.628842  -0.057060   0.615668   0.001000
 -0.070607   0.206478  -0.746284   0.628842  -0.057060   0.615668   0.001000
 -0.075069   0.210168  -0.746337   0.627037  -0.125009   0.659498   0.001000
 -0.075069   0.210168  -0.746337   0.627037  -0.125009   0.659498   0.001000
 -0.075069   0.210168  -0.746337   0.627037  -0.125009   0.659498   0.001000
 -0.075069   0.210168  -0.746337   0.627037  -0.125009   0.659498   0.001000
 -0.075069   0.210168  -0.746337   0.627037  -0.125009   0.659498   0.001000
 -0.075069   0.210168  -0.746337   0.627037  -0.125009   0.659498   0.001000
 -0.075069   0.210168  -0.746337   0.627037  -0.125009   0.659498   0.001000
 -0.075069   0.210168  -0.746337   0.627037  -0.125009   0.659498   0.001000
 -0.075069   0.210168  -0.746337   0.627037  -0.125009   0.659498   0.001000
 -0.078815   0.217966  -0.745175   0.625295  -0.095932   0.625004   0.001000
 -0.078815   0.217966  -0.745175   0.625295  -0.095932   0.625004   0.001000
 -0.067425   0.202356  -0.752986   0.622509   0.020584   0.572144   0.001000
 -0.067425   0.202356  -0.752986   0.622509   0.020584   0.572144   0.001000
 -0.063085   0.202586  -0.753098   0.622754   0.037519   0.532403   0.001000
 -0.063085   0.202586  -0.753098   0.622754   0.037519   0.532403   0.001000
 -0.063085   0.202586  -0.753098   0.622754   0.037519   0.532403   0.001000
 -0.063085   0.202586  -0.753098   0.622754   0.037519   0.532403   0.001000
 -0.060547   0.204319  -0.748596   0.627847  -0.150888   0.700170   0.001000
 -0.073359   0.216170  -0.752506   0.617757  -0.128328   0.528146   0.001000
 -0.073359   0.216170  -0.752506   0.617757  -0.128328   0.528146   0.001000
 -0.074750   0.207853  -0.745055   0.629367  -0.083446   0.536270   0.001000
 -0.074750   0.207853  -0.745055   0.629367  -0.083446   0.536270   0.001000
 -0.074750   0.207853  -0.745055   0.629367  -0.083446   0.536270   0.001000
 -0.074750   0.207853  -0.745055   0.629367  -0.083446   0.536270   0.001000
 -0.074750   0.207853  -0.745055   0.629367  -0.083446   0.536270   0.001000
 -0.074750   0.207853  -0.745055   0.629367  -0.083446   0.536270   0.001000
 -0.074750   0.207853  -0.745055   0.629367  -0.083446   0.536270   0.001000
 -0.074750   0.207853  -0.745055   0.629367  -0.083446   0.536270   0.001000
 -0.074750   0.207853  -0.745055   0.629367  -0.083446   0.536270   0.001000
 -0.074750   0.207853  -0.745055   0.629367  -0.083446   0.536270   0.001000
 -0.063682   0.204276  -0.745306   0.631455  -0.136306   0.525031   0.001000
 -0.063682   0.204276  -0.745306   0.631455  -0.136306   0.525031   0.001000
 -0.063682   0.204276  -0.745306   0.631455  -0.136306   0.525031   0.001000
 -0.064902   0.198242  -0.739141   0.640436   0.017208   0.567330   0.001000
 -0.080289   0.222339  -0.749736   0.618074   0.040527   0.523998   0.001000
 -0.080607   0.223629  -0.757929   0.607484  -0.209012   0.590429   0.001000
 -0.064330   0.217956  -0.733786   0.640246  -0.037991   0.379396   0.001000
 -0.059992   0.210775  -0.740251   0.635612   0.021993   0.365324   0.001000
 -0.069310   0.199685  -0.743169   0.634840  -0.019492   0.400509   0.001000
 -0.081340   0.206006  -0.746417   0.627540   0.072111   0.430465   0.001000
 -0.081340   0.206006  -0.746417   0.627540   0.072111   0.430465   0.001000
 -0.081340   0.206006  -0.746417   0.627540   0.072111   0.430465   0.001000
 -0.081340   0.206006  -0.746417   0.627540   0.072111   0.430465   0.001000
  0.042308   0.058884  -0.777749   0.624379  -0.166615   0.415749   0.001000
 -0.071273   0.210779  -0.744877   0.629008  -0.005682   0.470455   0.001000
 -0.071273   0.210779  -0.744877   0.629008  -0.005682   0.470455   0.001000
 -0.071273   0.210779  -0.744877   0.629008  -0.005682   0.470455   0.001000
 -0.066632   0.224437  -0.743230   0.626735  -0.003349   0.430783   0.001000
 -0.067473   0.204765  -0.749051   0.626451  -0.297419   0.402897   0.001000
 -0.067473   0.204765  -0.749051   0.626451  -0.297419   0.402897   0.001000
 -0.067473   0.204765  -0.749051   0.626451  -0.297419   0.402897   0.001000
 -0.067473   0.204765  -0.749051   0.626451  -0.297419   0.402897   0.001000
 -0.067473   0.204765  -0.749051   0.626451  -0.297419   0.402897   0.001000
 -0.067473   0.204765  -0.749051   0.626451  -0.297419   0.402897   0.001000
 -0.067473   0.204765  -0.749051   0.626451  -0.297419   0.402897   0.001000
 -0.067473   0.204765  -0.749051   0.626451  -0.297419   0.402897   0.001000
 -0.067473   0.204765  -0.749051   0.626451  -0.297419   0.402897   0.001000
 -0.071864   0.209714  -0.740284   0.634692  -0.200011   0.393879   0.001000
 -0.071864   0.209714  -0.740284   0.634692  -0.200011   0.393879   0.001000
 -0.071864   0.209714  -0.740284   0.634692  -0.200011   0.393879   0.001000
 -0.072106   0.203234  -0.741564   0.635279   0.022346   0.419874   0.001000
 -0.072106   0.203234  -0.741564   0.635279   0.022346   0.419874   0.001000
 -0.064429   0.210568  -0.738650   0.637108  -0.030404   0.370834   0.001000
 -0.078691   0.206310  -0.744458   0.630100  -0.181020   0.511513   0.001000
 -0.078691   0.206310  -0.744458   0.630100  -0.181020   0.511513   0.001000
 -0.078691   0.206310  -0.744458   0.630100  -0.181020   0.511513   0.001000
 -0.078691   0.206310  -0.744458   0.630100  -0.181020   0.511513   0.001000
 -0.078691   0.206310  -0.744458   0.630100  -0.181020   0.511513   0.001000
 -0.078691   0.206310  -0.744458   0.630100  -0.181020   0.511513   0.001000
 -0.078691   0.206310  -0.744458   0.630100  -0.181020   0.511513   0.001000
 -0.078691   0.206310  -0.744458   0.630100  -0.181020   0.511513   0.001000
 -0.069734   0.227618  -0.740440   0.628551  -0.043818   0.432815   0.001000
  0.051643   0.071431  -0.772091   0.629370  -0.132261   0.523684   0.001000
 -0.077262   0.208874  -0.743912   0.630077  -0.004573   0.563042   0.001000
 -0.077262   0.208874  -0.743912   0.630077  -0.004573   0.563042   0.001000
 -0.077262   0.208874  -0.743912   0.630077  -0.004573   0.563042   0.001000
 -0.077262   0.208874  -0.743912   0.630077  -0.004573   0.563042   0.001000
 -0.077262   0.208874  -0.743912   0.630077  -0.004573   0.563042   0.001000
 -0.077262   0.208874  -0.743912   0.630077  -0.004573   0.563042   0.001000
 -0.077262   0.208874  -0.743912   0.630077  -0.004573   0.563042   0.001000
 -0.077262   0.208874  -0.743912   0.630077  -0.004573   0.563042   0.001000
 -0.077262   0.208874  -0.743912   0.630077  -0.004573   0.563042   0.001000
 -0.077262   0.208874  -0.743912   0.630077  -0.004573   0.563042   0.001000
 -0.077262   0.208874  -0.743912   0.630077  -0.004573   0.563042   0.001000
 -0.077262   0.208874  -0.743912   0.630077  -0.004573   0.563042   0.001000
 -0.077262   0.208874  -0.743912   0.630077  -0.004573   0.563042   0.001000
 -0.057972   0.207862  -0.749704   0.625601  -0.206283   0.435394   0.001000
 -0.074532   0.217300  -0.745983   0.625088  -0.231372   0.458725   0.001000
 -0.074532   0.217300  -0.745983   0.625088  -0.231372   0.458725   0.001000
 -0.074532   0.217300  -0.745983   0.625088  -0.231372   0.458725   0.001000
 -0.074532   0.217300  -0.745983   0.625088  -0.231372   0.458725   0.001000
 -0.069171   0.194893  -0.760977   0.614936  -0.108416   0.513190   0.001000
 -0.060169   0.198147  -0.753084   0.624485  -0.185047   0.506541   0.001000
 -0.060169   0.198147  -0.753084   0.624485  -0.185047   0.506541   0.001000
 -0.060169   0.198147  -0.753084   0.624485  -0.185047   0.506541   0.001000
 -0.072895   0.200208  -0.738228   0.640018  -0.064144   0.412980   0.001000
 -0.060476   0.214553  -0.745250   0.628420  -0.043153   0.512403   0.001000
 -0.079851   0.215368  -0.746963   0.623928  -0.055928   0.527727   0.001000
 -0.079851   0.215368  -0.746963   0.623928  -0.055928   0.527727   0.001000
 -0.079851   0.215368  -0.746963   0.623928  -0.055928   0.527727   0.001000
 -0.079851   0.215368  -0.746963   0.623928  -0.055928   0.527727   0.001000
 -0.079851   0.215368  -0.746963   0.623928  -0.055928   0.527727   0.001000
 -0.079851   0.215368  -0.746963   0.623928  -0.055928   0.527727   0.001000
 -0.079851   0.215368  -0.746963   0.623928  -0.055928   0.527727   0.001000
 -0.079851   0.215368  -0.746963   0.623928  -0.055928   0.527727   0.001000
 -0.076386   0.207445  -0.747985   0.625820   0.023095   0.568085   0.001000
 -0.076386   0.207445  -0.747985   0.625820   0.023095   0.568085   0.001000
 -0.076386   0.207445  -0.747985   0.625820   0.023095   0.568085   0.001000
 -0.076386   0.207445  -0.747985   0.625820   0.023095   0.568085   0.001000
 -0.076386   0.207445  -0.747985   0.625820   0.023095   0.568085   0.001000
 -0.076386   0.207445  -0.747985   0.625820   0.023095   0.568085   0.001000
 -0.076386   0.207445  -0.747985   0.625820   0.023095   0.568085   0.001000
 -0.076386   0.207445  -0.747985   0.625820   0.023095   0.568085   0.001000
 -0.076386   0.207445  -0.747985   0.625820   0.023095   0.568085   0.001000
 -0.076386   0.207445  -0.747985   0.625820   0.023095   0.568085   0.001000
 -0.076386   0.207445  -0.747985   0.625820   0.023095   0.568085   0.001000
 -0.076386   0.207445  -0.747985   0.625820   0.023095   0.568085   0.001000
 -0.076386   0.207445  -0.747985   0.625820   0.023095   0.568085   0.001000
 -0.076386   0.207445  -0.747985   0.625820   0.023095   0.568085   0.001000
 -0.076386   0.207445  -0.747985   0.625820   0.023095   0.568085   0.001000
 -0.076386   0.207445  -0.747985   0.625820   0.023095   0.568085   0.001000
 -0.076386   0.207445  -0.747985   0.625820   0.023095   0.568085   0.001000
 -0.076386   0.207445  -0.747985   0.625820   0.023095   0.568085   0.001000
 -0.076386   0.207445  -0.747985   0.625820   0.023095   0.568085   0.001000
 -0.076386   0.207445  -0.747985   0.625820   0.023095   0.568085   0.001000
 -0.076386   0.207445  -0.747985   0.625820   0.023095   0.568085   0.001000
 -0.076386   0.207445  -0.747985   0.625820   0.023095   0.568085   0.001000
 -0.076386   0.207445  -0.747985   0.625820   0.023095   0.568085   0.001000
 -0.076386   0.207445  -0.747985   0.625820   0.023095   0.568085   0.001000
 -0.076386   0.207445  -0.747985   0.625820   0.023095   0.568085   0.001000
 -0.076386   0.207445  -0.747985   0.625820   0.023095   0.568085   0.001000
 -0.076386   0.207445  -0.747985   0.625820   0.023095   0.568085   0.001000
 -0.076386   0.207445  -0.747985   0.625820   0.023095   0.568085   0.001000
 -0.076386   0.207445  -0.747985   0.625820   0.023095   0.568085   0.001000
 -0.076386   0.207445  -0.747985   0.625820   0.023095   0.568085   0.001000
 -0.076386   0.207445  -0.747985   0.625820   0.023095   0.568085   0.001000
 -0.076386   0.207445  -0.747985   0.625820   0.023095   0.568085   0.001000
 -0.076386   0.207445  -0.747985   0.625820   0.023095   0.568085   0.001000
 -0.076386   0.207445  -0.747985   0.625820   0.023095   0.568085   0.001000
 -0.076386   0.207445  -0.747985   0.625820   0.023095   0.568085   0.001000
 -0.076386   0.207445  -0.747985   0.625820   0.023095   0.568085   0.001000
 -0.061926   0.222701  -0.747729   0.622471  -0.024671   0.496250   0.001000
 -0.073722   0.204371  -0.751703   0.622688  -0.044225   0.563629   0.001000
 -0.077600   0.220840  -0.744840   0.624837  -0.039588   0.614292   0.001000
 -0.077600   0.220840  -0.744840   0.624837  -0.039588   0.614292   0.001000
 -0.077600   0.220840  -0.744840   0.624837  -0.039588   0.614292   0.001000
 -0.077600   0.220840  -0.744840   0.624837  -0.039588   0.614292   0.001000
 -0.077600   0.220840  -0.744840   0.624837  -0.039588   0.614292   0.001000
 -0.077600   0.220840  -0.744840   0.624837  -0.039588   0.614292   0.001000
 -0.070092   0.212153  -0.752313   0.619761   0.125931   0.491833   0.001000
 -0.070092   0.212153  -0.752313   0.619761   0.125931   0.491833   0.001000
  0.030891   0.105597  -0.754204   0.647357  -0.053620   0.422234   0.001000
 -0.079408   0.214582  -0.741713   0.630484  -0.084965   0.291891   0.001000
 -0.079971   0.201521  -0.752656   0.621693  -0.178616   0.536791   0.001000
 -0.062785   0.202620  -0.750257   0.626193  -0.213520   0.484391   0.001000
 -0.062785   0.202620  -0.750257   0.626193  -0.213520   0.484391   0.001000
 -0.062785   0.202620  -0.750257   0.626193  -0.213520   0.484391   0.001000
 -0.062785   0.202620  -0.750257   0.626193  -0.213520   0.484391   0.001000
 -0.062785   0.202620  -0.750257   0.626193  -0.213520   0.484391   0.001000
 -0.062785   0.202620  -0.750257   0.626193  -0.213520   0.484391   0.001000
 -0.063780   0.206613  -0.737592   0.639688  -0.229010   0.500844   0.001000
 -0.045815   0.188883  -0.758688   0.621786  -0.045653   0.482202   0.001000
 -0.053703   0.196188  -0.744578   0.635791  -0.136267   0.507265   0.001000
 -0.067403   0.204991  -0.752640   0.622068  -0.142206   0.473296   0.001000
 -0.063890   0.202221  -0.751579   0.624623  -0.061399   0.450668   0.001000
 -0.063890   0.202221  -0.751579   0.624623  -0.061399   0.450668   0.001000
 -0.063890   0.202221  -0.751579   0.624623  -0.061399   0.450668   0.001000
 -0.063890   0.202221  -0.751579   0.624623  -0.061399   0.450668   0.001000
 -0.063890   0.202221  -0.751579   0.624623  -0.061399   0.450668   0.001000
 -0.063890   0.202221  -0.751579   0.624623  -0.061399   0.450668   0.001000
 -0.071887   0.204241  -0.742217   0.634218  -0.031686   0.605633   0.001000
 -0.073168   0.203880  -0.751916   0.622657  -0.089566   0.648612   0.001000
 -0.073168   0.203880  -0.751916   0.622657  -0.089566   0.648612   0.001000
 -0.073168   0.203880  -0.751916   0.622657  -0.089566   0.648612   0.001000
 -0.073168   0.203880  -0.751916   0.622657  -0.089566   0.648612   0.001000
 -0.073168   0.203880  -0.751916   0.622657  -0.089566   0.648612   0.001000
 -0.073168   0.203880  -0.751916   0.622657  -0.089566   0.648612   0.001000
 -0.073168   0.203880  -0.751916   0.622657  -0.089566   0.648612   0.001000
 -0.073168   0.203880  -0.751916   0.622657  -0.089566   0.648612   0.001000
 -0.073168   0.203880  -0.751916   0.622657  -0.089566   0.648612   0.001000
 -0.073168   0.203880  -0.751916   0.622657  -0.089566   0.648612   0.001000
 -0.073168   0.203880  -0.751916   0.622657  -0.089566   0.648612   0.001000
 -0.073168   0.203880  -0.751916   0.622657  -0.089566   0.648612   0.001000
 -0.073168   0.203880  -0.751916   0.622657  -0.089566   0.648612   0.001000
 -0.073168   0.203880  -0.751916   0.622657  -0.089566   0.648612   0.001000
 -0.073168   0.203880  -0.751916   0.622657  -0.089566   0.648612   0.001000
 -0.073168   0.203880  -0.751916   0.622657  -0.089566   0.648612   0.001000
 -0.073168   0.203880  -0.751916   0.622657  -0.089566   0.648612   0.001000
 -0.073168   0.203880  -0.751916   0.622657  -0.089566   0.648612   0.001000
 -0.073168   0.203880  -0.751916   0.622657  -0.089566   0.648612   0.001000
 -0.073168   0.203880  -0.751916   0.622657  -0.089566   0.648612   0.001000
 -0.073168   0.203880  -0.751916   0.622657  -0.089566   0.648612   0.001000
 -0.073168   0.203880  -0.751916   0.622657  -0.089566   0.648612   0.001000
  0.037164   0.058744  -0.783039   0.618075  -0.091858   0.533975   0.001000
 -0.068288   0.187475  -0.754654   0.625050  -0.240654   0.688400   0.001000
 -0.074879   0.210637  -0.747326   0.625723  -0.199172   0.541507   0.001000
 -0.074879   0.210637  -0.747326   0.625723  -0.199172   0.541507   0.001000
 -0.074879   0.210637  -0.747326   0.625723  -0.199172   0.541507   0.001000
 -0.074879   0.210637  -0.747326   0.625723  -0.199172   0.541507   0.001000
 -0.074879   0.210637  -0.747326   0.625723  -0.199172   0.541507   0.001000
 -0.074879   0.210637  -0.747326   0.625723  -0.199172   0.541507   0.001000
 -0.074879   0.210637  -0.747326   0.625723  -0.199172   0.541507   0.001000
 -0.074879   0.210637  -0.747326   0.625723  -0.199172   0.541507   0.001000
 -0.074879   0.210637  -0.747326   0.625723  -0.199172   0.541507   0.001000
 -0.074879   0.210637  -0.747326   0.625723  -0.199172   0.541507   0.001000
 -0.074879   0.210637  -0.747326   0.625723  -0.199172   0.541507   0.001000
 -0.074879   0.210637  -0.747326   0.625723  -0.199172   0.541507   0.001000
 -0.074879   0.210637  -0.747326   0.625723  -0.199172   0.541507   0.001000
 -0.074879   0.210637  -0.747326   0.625723  -0.199172   0.541507   0.001000
 -0.074879   0.210637  -0.747326   0.625723  -0.199172   0.541507   0.001000
 -0.074879   0.210637  -0.747326   0.625723  -0.199172   0.541507   0.001000
 -0.074879   0.210637  -0.747326   0.625723  -0.199172   0.541507   0.001000
 -0.074879   0.210637  -0.747326   0.625723  -0.199172   0.541507   0.001000
 -0.074879   0.210637  -0.747326   0.625723  -0.199172   0.541507   0.001000
 -0.074879   0.210637  -0.747326   0.625723  -0.199172   0.541507   0.001000
 -0.074879   0.210637  -0.747326   0.625723  -0.199172   0.541507   0.001000
 -0.074879   0.210637  -0.747326   0.625723  -0.199172   0.541507   0.001000
 -0.074879   0.210637  -0.747326   0.625723  -0.199172   0.541507   0.001000
 -0.074879   0.210637  -0.747326   0.625723  -0.199172   0.541507   0.001000
 -0.067041   0.223820  -0.740519   0.630112   0.190924   0.654175   0.001000
 -0.071265   0.196025  -0.752788   0.624344  -0.001586   0.620577   0.001000
 -0.056129   0.235700  -0.753337   0.611375  -0.058436   0.467028   0.001000
  0.037739   0.074789  -0.770950   0.631362  -0.076031   0.466234   0.001000
 -0.067390   0.210265  -0.745070   0.629379  -0.137663   0.546150   0.001000
 -0.067390   0.210265  -0.745070   0.629379  -0.137663   0.546150   0.001000
 -0.067390   0.210265  -0.745070   0.629379  -0.137663   0.546150   0.001000
 -0.067390   0.210265  -0.745070   0.629379  -0.137663   0.546150   0.001000
 -0.067390   0.210265  -0.745070   0.629379  -0.137663   0.546150   0.001000
 -0.067390   0.210265  -0.745070   0.629379  -0.137663   0.546150   0.001000
 -0.067390   0.210265  -0.745070   0.629379  -0.137663   0.546150   0.001000
 -0.067390   0.210265  -0.745070   0.629379  -0.137663   0.546150   0.001000
 -0.067390   0.210265  -0.745070   0.629379  -0.137663   0.546150   0.001000
 -0.067390   0.210265  -0.745070   0.629379  -0.137663   0.546150   0.001000
 -0.067390   0.210265  -0.745070   0.629379  -0.137663   0.546150   0.001000
 -0.064272   0.206491  -0.753700   0.620618  -0.217670   0.583974   0.001000
 -0.064272   0.206491  -0.753700   0.620618  -0.217670   0.583974   0.001000
 -0.064272   0.206491  -0.753700   0.620618  -0.217670   0.583974   0.001000
 -0.064272   0.206491  -0.753700   0.620618  -0.217670   0.583974   0.001000
 -0.064272   0.206491  -0.753700   0.620618  -0.217670   0.583974   0.001000
 -0.064272   0.206491  -0.753700   0.620618  -0.217670   0.583974   0.001000
 -0.064272   0.206491  -0.753700   0.620618  -0.217670   0.583974   0.001000
 -0.071765   0.224738  -0.732933   0.638085  -0.205069   0.592870   0.001000
 -0.047803   0.209463  -0.753939   0.620819  -0.076706   0.523275   0.001000
 -0.079139   0.204655  -0.743170   0.632101   0.015858   0.525649   0.001000
 -0.079139   0.204655  -0.743170   0.632101   0.015858   0.525649   0.001000
 -0.079139   0.204655  -0.743170   0.632101   0.015858   0.525649   0.001000
 -0.079139   0.204655  -0.743170   0.632101   0.015858   0.525649   0.001000
 -0.079139   0.204655  -0.743170   0.632101   0.015858   0.525649   0.001000
 -0.079139   0.204655  -0.743170   0.632101   0.015858   0.525649   0.001000
 -0.079139   0.204655  -0.743170   0.632101   0.015858   0.525649   0.001000
 -0.064723   0.215052  -0.745469   0.627566   0.025568   0.494248   0.001000
 -0.064723   0.215052  -0.745469   0.627566   0.025568   0.494248   0.001000
 -0.064723   0.215052  -0.745469   0.627566   0.025568   0.494248   0.001000
 -0.064723   0.215052  -0.745469   0.627566   0.025568   0.494248   0.001000
 -0.064723   0.215052  -0.745469   0.627566   0.025568   0.494248   0.001000
 -0.064723   0.215052  -0.745469   0.627566   0.025568   0.494248   0.001000
 -0.079428   0.208747  -0.749279   0.623456   0.022429   0.558234   0.001000
 -0.079428   0.208747  -0.749279   0.623456   0.022429   0.558234   0.001000
 -0.079428   0.208747  -0.749279   0.623456   0.022429   0.558234   0.001000
 -0.079428   0.208747  -0.749279   0.623456   0.022429   0.558234   0.001000
 -0.068987   0.209416  -0.750829   0.622609  -0.004330   0.526075   0.001000
 -0.068987   0.209416  -0.750829   0.622609  -0.004330   0.526075   0.001000
 -0.068987   0.209416  -0.750829   0.622609  -0.004330   0.526075   0.001000
 -0.068987   0.209416  -0.750829   0.622609  -0.004330   0.526075   0.001000
 -0.068987   0.209416  -0.750829   0.622609  -0.004330   0.526075   0.001000
 -0.068987   0.209416  -0.750829   0.622609  -0.004330   0.526075   0.001000
 -0.068987   0.209416  -0.750829   0.622609  -0.004330   0.526075   0.001000
 -0.068987   0.209416  -0.750829   0.622609  -0.004330   0.526075   0.001000
 -0.068987   0.209416  -0.750829   0.622609  -0.004330   0.526075   0.001000
 -0.068987   0.209416  -0.750829   0.622609  -0.004330   0.526075   0.001000
 -0.068987   0.209416  -0.750829   0.622609  -0.004330   0.526075   0.001000
 -0.068987   0.209416  -0.750829   0.622609  -0.004330   0.526075   0.001000
 -0.068987   0.209416  -0.750829   0.622609  -0.004330   0.526075   0.001000
 -0.068987   0.209416  -0.750829   0.622609  -0.004330   0.526075   0.001000
 -0.083581   0.200646  -0.754457   0.619314   0.055255   0.504240   0.001000
 -0.083581   0.200646  -0.754457   0.619314   0.055255   0.504240   0.001000
 -0.083581   0.200646  -0.754457   0.619314   0.055255   0.504240   0.001000
 -0.083581   0.200646  -0.754457   0.619314   0.055255   0.504240   0.001000
  0.050018   0.073919  -0.765561   0.637142  -0.197978   0.476744   0.001000
 -0.071525   0.205398  -0.757556   0.615471  -0.132649   0.560984   0.001000
 -0.067647   0.207352  -0.749730   0.624767  -0.233343   0.610419   0.001000
 -0.067647   0.207352  -0.749730   0.624767  -0.233343   0.610419   0.001000
 -0.070714   0.208372  -0.743819   0.631121  -0.133928   0.519408   0.001000
 -0.078475   0.213452  -0.747411   0.624225  -0.109181   0.575398   0.001000
 -0.078475   0.213452  -0.747411   0.624225  -0.109181   0.575398   0.001000
 -0.078475   0.213452  -0.747411   0.624225  -0.109181   0.575398   0.001000
 -0.078475   0.213452  -0.747411   0.624225  -0.109181   0.575398   0.001000
  0.047585   0.082913  -0.752031   0.652159  -0.178539   0.497341   0.001000
 -0.063601   0.210964  -0.754773   0.617873  -0.221033   0.532531   0.001000
 -0.063601   0.210964  -0.754773   0.617873  -0.221033   0.532531   0.001000
 -0.063601   0.210964  -0.754773   0.617873  -0.221033   0.532531   0.001000
 -0.063601   0.210964  -0.754773   0.617873  -0.221033   0.532531   0.001000
  0.043979   0.057435  -0.777951   0.624147  -0.133091   0.628398   0.001000
 -0.066662   0.211862  -0.745310   0.628636  -0.281393   0.497822   0.001000
 -0.065327   0.211314  -0.747976   0.625788  -0.279993   0.434904   0.001000
 -0.065327   0.211314  -0.747976   0.625788  -0.279993   0.434904   0.001000
 -0.065327   0.211314  -0.747976   0.625788  -0.279993   0.434904   0.001000
 -0.065327   0.211314  -0.747976   0.625788  -0.279993   0.434904   0.001000
 -0.065327   0.211314  -0.747976   0.625788  -0.279993   0.434904   0.001000
 -0.065327   0.211314  -0.747976   0.625788  -0.279993   0.434904   0.001000
 -0.051103   0.182721  -0.740974   0.644173  -0.262244   0.509530   0.001000
 -0.064657   0.199658  -0.749338   0.628051  -0.181168   0.473399   0.001000
 -0.064657   0.199658  -0.749338   0.628051  -0.181168   0.473399   0.001000
 -0.064657   0.199658  -0.749338   0.628051  -0.181168   0.473399   0.001000
 -0.082606   0.209905  -0.741620   0.631756   0.019808   0.522846   0.001000
 -0.072276   0.198193  -0.755138   0.620695   0.054314   0.592691   0.001000
 -0.072276   0.198193  -0.755138   0.620695   0.054314   0.592691   0.001000
 -0.081561   0.211125  -0.754427   0.616128  -0.025061   0.609942   0.001000
 -0.081561   0.211125  -0.754427   0.616128  -0.025061   0.609942   0.001000
 -0.063705   0.210404  -0.752618   0.620675  -0.096091   0.431327   0.001000
 -0.063705   0.210404  -0.752618   0.620675  -0.096091   0.431327   0.001000
 -0.072743   0.209734  -0.749431   0.623757   0.049473   0.420663   0.001000
 -0.072743   0.209734  -0.749431   0.623757   0.049473   0.420663   0.001000
 -0.072743   0.209734  -0.749431   0.623757   0.049473   0.420663   0.001000
 -0.072743   0.209734  -0.749431   0.623757   0.049473   0.420663   0.001000
 -0.072743   0.209734  -0.749431   0.623757   0.049473   0.420663   0.001000
 -0.072743   0.209734  -0.749431   0.623757   0.049473   0.420663   0.001000
 -0.072743   0.209734  -0.749431   0.623757   0.049473   0.420663   0.001000
 -0.072743   0.209734  -0.749431   0.623757   0.049473   0.420663   0.001000
 -0.072743   0.209734  -0.749431   0.623757   0.049473   0.420663   0.001000
 -0.072743   0.209734  -0.749431   0.623757   0.049473   0.420663   0.001000
 -0.072743   0.209734  -0.749431   0.623757   0.049473   0.420663   0.001000
 -0.072743   0.209734  -0.749431   0.623757   0.049473   0.420663   0.001000
 -0.072743   0.209734  -0.749431   0.623757   0.049473   0.420663   0.001000
 -0.072743   0.209734  -0.749431   0.623757   0.049473   0.420663   0.001000
 -0.072743   0.209734  -0.749431   0.623757   0.049473   0.420663   0.001000
 -0.072743   0.209734  -0.749431   0.623757   0.049473   0.420663   0.001000
 -0.072743   0.209734  -0.749431   0.623757   0.049473   0.420663   0.001000
 -0.072743   0.209734  -0.749431   0.623757   0.049473   0.420663   0.001000
 -0.072743   0.209734  -0.749431   0.623757   0.049473   0.420663   0.001000
 -0.072743   0.209734  -0.749431   0.623757   0.049473   0.420663   0.001000
 -0.072743   0.209734  -0.749431   0.623757   0.049473   0.420663   0.001000
 -0.072743   0.209734  -0.749431   0.623757   0.049473   0.420663   0.001000
 -0.072743   0.209734  -0.749431   0.623757   0.049473   0.420663   0.001000
 -0.058275   0.195116  -0.752536   0.626277   0.125482   0.537964   0.001000
 -0.058275   0.195116  -0.752536   0.626277   0.125482   0.537964   0.001000
 -0.058275   0.195116  -0.752536   0.626277   0.125482   0.537964   0.001000
 -0.058275   0.195116  -0.752536   0.626277   0.125482   0.537964   0.001000
 -0.058275   0.195116  -0.752536   0.626277   0.125482   0.537964   0.001000
 -0.058275   0.195116  -0.752536   0.626277   0.125482   0.537964   0.001000
 -0.058275   0.195116  -0.752536   0.626277   0.125482   0.537964   0.001000
 -0.058275   0.195116  -0.752536   0.626277   0.125482   0.537964   0.001000
 -0.058275   0.195116  -0.752536   0.626277   0.125482   0.537964   0.001000
 -0.058275   0.195116  -0.752536   0.626277   0.125482   0.537964   0.001000
 -0.058275   0.195116  -0.752536   0.626277   0.125482   0.537964   0.001000
 -0.058275   0.195116  -0.752536   0.626277   0.125482   0.537964   0.001000
 -0.058275   0.195116  -0.752536   0.626277   0.125482   0.537964   0.001000
 -0.058275   0.195116  -0.752536   0.626277   0.125482   0.537964   0.001000
 -0.058275   0.195116  -0.752536   0.626277   0.125482   0.537964   0.001000
 -0.058275   0.195116  -0.752536   0.626277   0.125482   0.537964   0.001000
 -0.058275   0.195116  -0.752536   0.626277   0.125482   0.537964   0.001000
 -0.058275   0.195116  -0.752536   0.626277   0.125482   0.537964   0.001000
 -0.063495   0.194218  -0.748633   0.630711  -0.026549   0.491104   0.001000
 -0.063495   0.194218  -0.748633   0.630711  -0.026549   0.491104   0.001000
 -0.063495   0.194218  -0.748633   0.630711  -0.026549   0.491104   0.001000
 -0.063495   0.194218  -0.748633   0.630711  -0.026549   0.491104   0.001000
 -0.063495   0.194218  -0.748633   0.630711  -0.026549   0.491104   0.001000
 -0.063495   0.194218  -0.748633   0.630711  -0.026549   0.491104   0.001000
 -0.063495   0.194218  -0.748633   0.630711  -0.026549   0.491104   0.001000
 -0.063495   0.194218  -0.748633   0.630711  -0.026549   0.491104   0.001000
 -0.056987   0.196097  -0.749898   0.629247   0.064760   0.523661   0.001000
 -0.056987   0.196097  -0.749898   0.629247   0.064760   0.523661   0.001000
 -0.056987   0.196097  -0.749898   0.629247   0.064760   0.523661   0.001000
 -0.056987   0.196097  -0.749898   0.629247   0.064760   0.523661   0.001000
 -0.075776   0.192260  -0.752666   0.625130   0.152534   0.536298   0.001000
 -0.070675   0.217750  -0.747647   0.623389   0.067495   0.420406   0.001000
 -0.070675   0.217750  -0.747647   0.623389   0.067495   0.420406   0.001000
 -0.070675   0.217750  -0.747647   0.623389   0.067495   0.420406   0.001000
 -0.070675   0.217750  -0.747647   0.623389   0.067495   0.420406   0.001000
 -0.070675   0.217750  -0.747647   0.623389   0.067495   0.420406   0.001000
 -0.070675   0.217750  -0.747647   0.623389   0.067495   0.420406   0.001000
 -0.070675   0.217750  -0.747647   0.623389   0.067495   0.420406   0.001000
 -0.070675   0.217750  -0.747647   0.623389   0.067495   0.420406   0.001000
 -0.070675   0.217750  -0.747647   0.623389   0.067495   0.420406   0.001000
 -0.070675   0.217750  -0.747647   0.623389   0.067495   0.420406   0.001000
 -0.070675   0.217750  -0.747647   0.623389   0.067495   0.420406   0.001000
 -0.070675   0.217750  -0.747647   0.623389   0.067495   0.420406   0.001000
 -0.070675   0.217750  -0.747647   0.623389   0.067495   0.420406   0.001000
 -0.070675   0.217750  -0.747647   0.623389   0.067495   0.420406   0.001000
 -0.070675   0.217750  -0.747647   0.623389   0.067495   0.420406   0.001000
 -0.070675   0.217750  -0.747647   0.623389   0.067495   0.420406   0.001000
 -0.070675   0.217750  -0.747647   0.623389   0.067495   0.420406   0.001000
 -0.070675   0.217750  -0.747647   0.623389   0.067495   0.420406   0.001000
 -0.070675   0.217750  -0.747647   0.623389   0.067495   0.420406   0.001000
 -0.070675   0.217750  -0.747647   0.623389   0.067495   0.420406   0.001000
 -0.070675   0.217750  -0.747647   0.623389   0.067495   0.420406   0.001000
 -0.070675   0.217750  -0.747647   0.623389   0.067495   0.420406   0.001000
 -0.061426   0.199100  -0.748304   0.629784  -0.018891   0.423083   0.001000
 -0.061426   0.199100  -0.748304   0.629784  -0.018891   0.423083   0.001000
 -0.061426   0.199100  -0.748304   0.629784  -0.018891   0.423083   0.001000
 -0.061426   0.199100  -0.748304   0.629784  -0.018891   0.423083   0.001000
 -0.061426   0.199100  -0.748304   0.629784  -0.018891   0.423083   0.001000
 -0.061426   0.199100  -0.748304   0.629784  -0.018891   0.423083   0.001000
 -0.061426   0.199100  -0.748304   0.629784  -0.018891   0.423083   0.001000
 -0.061426   0.199100  -0.748304   0.629784  -0.018891   0.423083   0.001000
  0.005651   0.097655  -0.775160   0.624146  -0.100348   0.380356   0.001000
  0.005651   0.097655  -0.775160   0.624146  -0.100348   0.380356   0.001000
 -0.070021   0.207422  -0.752819   0.620754   0.012641   0.461513   0.001000
 -0.070021   0.207422  -0.752819   0.620754   0.012641   0.461513   0.001000
 -0.070021   0.207422  -0.752819   0.620754   0.012641   0.461513   0.001000
 -0.070021   0.207422  -0.752819   0.620754   0.012641   0.461513   0.001000
 -0.070021   0.207422  -0.752819   0.620754   0.012641   0.461513   0.001000
 -0.070021   0.207422  -0.752819   0.620754   0.012641   0.461513   0.001000
 -0.070021   0.207422  -0.752819   0.620754   0.012641   0.461513   0.001000
 -0.070021   0.207422  -0.752819   0.620754   0.012641   0.461513   0.001000
 -0.070021   0.207422  -0.752819   0.620754   0.012641   0.461513   0.001000
 -0.070021   0.207422  -0.752819   0.620754   0.012641   0.461513   0.001000
 -0.070021   0.207422  -0.752819   0.620754   0.012641   0.461513   0.001000
 -0.070021   0.207422  -0.752819   0.620754   0.012641   0.461513   0.001000
 -0.070021   0.207422  -0.752819   0.620754   0.012641   0.461513   0.001000
 -0.070021   0.207422  -0.752819   0.620754   0.012641   0.461513   0.001000
 -0.070021   0.207422  -0.752819   0.620754   0.012641   0.461513   0.001000
 -0.070021   0.207422  -0.752819   0.620754   0.012641   0.461513   0.001000
 -0.070021   0.207422  -0.752819   0.620754   0.012641   0.461513   0.001000
 -0.070021   0.207422  -0.752819   0.620754   0.012641   0.461513   0.001000
 -0.070021   0.207422  -0.752819   0.620754   0.012641   0.461513   0.001000
 -0.087883   0.193068  -0.754712   0.620815   0.060995   0.446013   0.001000
 -0.073517   0.203139  -0.748639   0.626794  -0.076998   0.574121   0.001000
 -0.073517   0.203139  -0.748639   0.626794  -0.076998   0.574121   0.001000
 -0.073517   0.203139  -0.748639   0.626794  -0.076998   0.574121   0.001000
 -0.073517   0.203139  -0.748639   0.626794  -0.076998   0.574121   0.001000
 -0.069442   0.205601  -0.746070   0.629512   0.037598   0.452646   0.001000
 -0.069442   0.205601  -0.746070   0.629512   0.037598   0.452646   0.001000
 -0.069442   0.205601  -0.746070   0.629512   0.037598   0.452646   0.001000
 -0.065375   0.204005  -0.751838   0.623576  -0.061538   0.519202   0.001000
 -0.065375   0.204005  -0.751838   0.623576  -0.061538   0.519202   0.001000
 -0.065375   0.204005  -0.751838   0.623576  -0.061538   0.519202   0.001000
 -0.065375   0.204005  -0.751838   0.623576  -0.061538   0.519202   0.001000
 -0.065375   0.204005  -0.751838   0.623576  -0.061538   0.519202   0.001000
 -0.065375   0.204005  -0.751838   0.623576  -0.061538   0.519202   0.001000
 -0.065375   0.204005  -0.751838   0.623576  -0.061538   0.519202   0.001000
 -0.065375   0.204005  -0.751838   0.623576  -0.061538   0.519202   0.001000
 -0.065375   0.204005  -0.751838   0.623576  -0.061538   0.519202   0.001000
 -0.065375   0.204005  -0.751838   0.623576  -0.061538   0.519202   0.001000
 -0.065375   0.204005  -0.751838   0.623576  -0.061538   0.519202   0.001000
 -0.065375   0.204005  -0.751838   0.623576  -0.061538   0.519202   0.001000
 -0.065375   0.204005  -0.751838   0.623576  -0.061538   0.519202   0.001000
 -0.065375   0.204005  -0.751838   0.623576  -0.061538   0.519202   0.001000
 -0.065375   0.204005  -0.751838   0.623576  -0.061538   0.519202   0.001000
 -0.065375   0.204005  -0.751838   0.623576  -0.061538   0.519202   0.001000
 -0.065375   0.204005  -0.751838   0.623576  -0.061538   0.519202   0.001000
 -0.065375   0.204005  -0.751838   0.623576  -0.061538   0.519202   0.001000
 -0.065375   0.204005  -0.751838   0.623576  -0.061538   0.519202   0.001000
 -0.065375   0.204005  -0.751838   0.623576  -0.061538   0.519202   0.001000
 -0.065375   0.204005  -0.751838   0.623576  -0.061538   0.519202   0.001000
 -0.065375   0.204005  -0.751838   0.623576  -0.061538   0.519202   0.001000
 -0.065375   0.204005  -0.751838   0.623576  -0.061538   0.519202   0.001000
 -0.066036   0.214011  -0.747597   0.625249   0.066375   0.478801   0.001000
 -0.059904   0.213337  -0.751956   0.620856   0.118050   0.572858   0.001000
 -0.055117   0.200705  -0.746787   0.631656   0.082125   0.506106   0.001000
 -0.055117   0.200705  -0.746787   0.631656   0.082125   0.506106   0.001000
 -0.055117   0.200705  -0.746787   0.631656   0.082125   0.506106   0.001000
 -0.055117   0.200705  -0.746787   0.631656   0.082125   0.506106   0.001000
 -0.055117   0.200705  -0.746787   0.631656   0.082125   0.506106   0.001000
 -0.055117   0.200705  -0.746787   0.631656   0.082125   0.506106   0.001000
 -0.055117   0.200705  -0.746787   0.631656   0.082125   0.506106   0.001000
 -0.055117   0.200705  -0.746787   0.631656   0.082125   0.506106   0.001000
 -0.055117   0.200705  -0.746787   0.631656   0.082125   0.506106   0.001000
 -0.074270   0.190972  -0.759280   0.617663   0.115079   0.443192   0.001000
 -0.069297   0.208208  -0.750351   0.623555  -0.014084   0.444657   0.001000
 -0.069297   0.208208  -0.750351   0.623555  -0.014084   0.444657   0.001000
 -0.069297   0.208208  -0.750351   0.623555  -0.014084   0.444657   0.001000
 -0.069297   0.208208  -0.750351   0.623555  -0.014084   0.444657   0.001000
 -0.069297   0.208208  -0.750351   0.623555  -0.014084   0.444657   0.001000
 -0.069297   0.208208  -0.750351   0.623555  -0.014084   0.444657   0.001000
 -0.069297   0.208208  -0.750351   0.623555  -0.014084   0.444657   0.001000
 -0.069297   0.208208  -0.750351   0.623555  -0.014084   0.444657   0.001000
 -0.069297   0.208208  -0.750351   0.623555  -0.014084   0.444657   0.001000
 -0.069297   0.208208  -0.750351   0.623555  -0.014084   0.444657   0.001000
 -0.069297   0.208208  -0.750351   0.623555  -0.014084   0.444657   0.001000
 -0.069297   0.208208  -0.750351   0.623555  -0.014084   0.444657   0.001000
 -0.069297   0.208208  -0.750351   0.623555  -0.014084   0.444657   0.001000
 -0.073872   0.207000  -0.750595   0.623138   0.240008   0.584348   0.001000
 -0.073872   0.207000  -0.750595   0.623138   0.240008   0.584348   0.001000
 -0.073872   0.207000  -0.750595   0.623138   0.240008   0.584348   0.001000
 -0.073872   0.207000  -0.750595   0.623138   0.240008   0.584348   0.001000
 -0.073872   0.207000  -0.750595   0.623138   0.240008   0.584348   0.001000
 -0.073872   0.207000  -0.750595   0.623138   0.240008   0.584348   0.001000
 -0.073872   0.207000  -0.750595   0.623138   0.240008   0.584348   0.001000
 -0.062857   0.199427  -0.744565   0.633957   0.041129   0.485080   0.001000
 -0.075503   0.222179  -0.745063   0.624354   0.188847   0.581129   0.001000
 -0.075503   0.222179  -0.745063   0.624354   0.188847   0.581129   0.001000
 -0.075503   0.222179  -0.745063   0.624354   0.188847   0.581129   0.001000
 -0.075503   0.222179  -0.745063   0.624354   0.188847   0.581129   0.001000
  0.021051   0.090118  -0.772285   0.628500   0.078153   0.566542   0.001000
  0.051059   0.067903  -0.773154   0.628502   0.109180   0.365210   0.001000
  0.051059   0.067903  -0.773154   0.628502   0.109180   0.365210   0.001000
  0.051059   0.067903  -0.773154   0.628502   0.109180   0.365210   0.001000
  0.051059   0.067903  -0.773154   0.628502   0.109180   0.365210   0.001000
  0.048824   0.065097  -0.770759   0.631909   0.152929   0.740995   0.001000
  0.048824   0.065097  -0.770759   0.631909   0.152929   0.740995   0.001000
  0.048824   0.065097  -0.770759   0.631909   0.152929   0.740995   0.001000
  0.048824   0.065097  -0.770759   0.631909   0.152929   0.740995   0.001000
  0.048824   0.065097  -0.770759   0.631909   0.152929   0.740995   0.001000
  0.048824   0.065097  -0.770759   0.631909   0.152929   0.740995   0.001000
  0.048824   0.065097  -0.770759   0.631909   0.152929   0.740995   0.001000
 -0.083655   0.210879  -0.746005   0.626106   0.161775   0.587801   0.001000
 -0.078176   0.219544  -0.727352   0.645483   0.080195   0.703936   0.001000
 -0.090104   0.204705  -0.756747   0.614257   0.250903   0.430180   0.001000
 -0.073066   0.213877  -0.750030   0.621589   0.107599   0.423006   0.001000
 -0.073066   0.213877  -0.750030   0.621589   0.107599   0.423006   0.001000
 -0.073066   0.213877  -0.750030   0.621589   0.107599   0.423006   0.001000
 -0.073066   0.213877  -0.750030   0.621589   0.107599   0.423006   0.001000
 -0.073066   0.213877  -0.750030   0.621589   0.107599   0.423006   0.001000
 -0.076570   0.213497  -0.736960   0.636747   0.333526   0.622194   0.001000
 -0.069864   0.211607  -0.747185   0.626144   0.160968   0.718938   0.001000
 -0.069864   0.211607  -0.747185   0.626144   0.160968   0.718938   0.001000
 -0.069864   0.211607  -0.747185   0.626144   0.160968   0.718938   0.001000
 -0.069864   0.211607  -0.747185   0.626144   0.160968   0.718938   0.001000
 -0.069864   0.211607  -0.747185   0.626144   0.160968   0.718938   0.001000
 -0.069864   0.211607  -0.747185   0.626144   0.160968   0.718938   0.001000
 -0.069864   0.211607  -0.747185   0.626144   0.160968   0.718938   0.001000
 -0.069864   0.211607  -0.747185   0.626144   0.160968   0.718938   0.001000
 -0.069864   0.211607  -0.747185   0.626144   0.160968   0.718938   0.001000
 -0.069864   0.211607  -0.747185   0.626144   0.160968   0.718938   0.001000
  0.039487   0.076004  -0.772159   0.629630   0.126192   0.736651   0.001000
 -0.078960   0.212489  -0.738188   0.635368   0.047937   0.637779   0.001000
 -0.078960   0.212489  -0.738188   0.635368   0.047937   0.637779   0.001000
 -0.066201   0.193553  -0.758851   0.618304   0.190559   0.486675   0.001000
 -0.071366   0.210757  -0.747821   0.625501   0.268907   0.564179   0.001000
 -0.074025   0.208301  -0.749874   0.623555   0.232640   0.599834   0.001000
 -0.074025   0.208301  -0.749874   0.623555   0.232640   0.599834   0.001000
 -0.074025   0.208301  -0.749874   0.623555   0.232640   0.599834   0.001000
 -0.074025   0.208301  -0.749874   0.623555   0.232640   0.599834   0.001000
 -0.070892   0.205747  -0.752675   0.621388   0.163402   0.580327   0.001000
 -0.070892   0.205747  -0.752675   0.621388   0.163402   0.580327   0.001000
 -0.070892   0.205747  -0.752675   0.621388   0.163402   0.580327   0.001000
 -0.070892   0.205747  -0.752675   0.621388   0.163402   0.580327   0.001000
 -0.070892   0.205747  -0.752675   0.621388   0.163402   0.580327   0.001000
 -0.070892   0.205747  -0.752675   0.621388   0.163402   0.580327   0.001000
 -0.070892   0.205747  -0.752675   0.621388   0.163402   0.580327   0.001000
 -0.070892   0.205747  -0.752675   0.621388   0.163402   0.580327   0.001000
 -0.070892   0.205747  -0.752675   0.621388   0.163402   0.580327   0.001000
 -0.070892   0.205747  -0.752675   0.621388   0.163402   0.580327   0.001000
 -0.070892   0.205747  -0.752675   0.621388   0.163402   0.580327   0.001000
 -0.070892   0.205747  -0.752675   0.621388   0.163402   0.580327   0.001000
 -0.070892   0.205747  -0.752675   0.621388   0.163402   0.580327   0.001000
 -0.075232   0.198593  -0.743276   0.634382   0.129456   0.653778   0.001000
 -0.075232   0.198593  -0.743276   0.634382   0.129456   0.653778   0.001000
  0.045433   0.066208  -0.775330   0.626431   0.055723   0.603614   0.001000
  0.045433   0.066208  -0.775330   0.626431   0.055723   0.603614   0.001000
  0.045433   0.066208  -0.775330   0.626431   0.055723   0.603614   0.001000
  0.045433   0.066208  -0.775330   0.626431   0.055723   0.603614   0.001000
  0.045433   0.066208  -0.775330   0.626431   0.055723   0.603614   0.001000
  0.045433   0.066208  -0.775330   0.626431   0.055723   0.603614   0.001000
  0.045433   0.066208  -0.775330   0.626431   0.055723   0.603614   0.001000
  0.045433   0.066208  -0.775330   0.626431   0.055723   0.603614   0.001000
  0.045433   0.066208  -0.775330   0.626431   0.055723   0.603614   0.001000
  0.045433   0.066208  -0.775330   0.626431   0.055723   0.603614   0.001000
  0.045433   0.066208  -0.775330   0.626431   0.055723   0.603614   0.001000
  0.045433   0.066208  -0.775330   0.626431   0.055723   0.603614   0.001000
  0.045433   0.066208  -0.775330   0.626431   0.055723   0.603614   0.001000
  0.045433   0.066208  -0.775330   0.626431   0.055723   0.603614   0.001000
  0.045433   0.066208  -0.775330   0.626431   0.055723   0.603614   0.001000
  0.045433   0.066208  -0.775330   0.626431   0.055723   0.603614   0.001000
  0.045433   0.066208  -0.775330   0.626431   0.055723   0.603614   0.001000
  0.045433   0.066208  -0.775330   0.626431   0.055723   0.603614   0.001000
  0.045433   0.066208  -0.775330   0.626431   0.055723   0.603614   0.001000
  0.045433   0.066208  -0.775330   0.626431   0.055723   0.603614   0.001000
  0.045433   0.066208  -0.775330   0.626431   0.055723   0.603614   0.001000
  0.045433   0.066208  -0.775330   0.626431   0.055723   0.603614   0.001000
  0.045433   0.066208  -0.775330   0.626431   0.055723   0.603614   0.001000
  0.045433   0.066208  -0.775330   0.626431   0.055723   0.603614   0.001000
  0.045433   0.066208  -0.775330   0.626431   0.055723   0.603614   0.001000
  0.045433   0.066208  -0.775330   0.626431   0.055723   0.603614   0.001000
  0.032083   0.079655  -0.778624   0.621587   0.089824   0.551475   0.001000
 -0.062061   0.215305  -0.751019   0.621098   0.067994   0.568135   0.001000
  0.020587   0.076507  -0.789463   0.608663   0.018093   0.528141   0.001000
  0.020587   0.076507  -0.789463   0.608663   0.018093   0.528141   0.001000
 -0.062094   0.189436  -0.754231   0.625615  -0.009475   0.540780   0.001000
 -0.062319   0.190572  -0.746626   0.634310   0.094654   0.490199   0.001000
 -0.073135   0.209336  -0.744780   0.629390   0.065671   0.583798   0.001000
 -0.073135   0.209336  -0.744780   0.629390   0.065671   0.583798   0.001000
 -0.073135   0.209336  -0.744780   0.629390   0.065671   0.583798   0.001000
 -0.073135   0.209336  -0.744780   0.629390   0.065671   0.583798   0.001000
 -0.073135   0.209336  -0.744780   0.629390   0.065671   0.583798   0.001000
 -0.073135   0.209336  -0.744780   0.629390   0.065671   0.583798   0.001000
 -0.073135   0.209336  -0.744780   0.629390   0.065671   0.583798   0.001000
 -0.074019   0.208885  -0.750485   0.622624  -0.378816   0.332651   0.001000
 -0.066921   0.216648  -0.747272   0.624636  -0.327709   0.419916   0.001000
 -0.074389   0.221015  -0.743139   0.627186  -0.249659   0.334202   0.001000
 -0.074389   0.221015  -0.743139   0.627186  -0.249659   0.334202   0.001000
 -0.090310   0.205251  -0.754568   0.616720   0.315559   0.475137   0.001000
 -0.076305   0.215551  -0.742617   0.629472   0.183454   0.735450   0.001000
 -0.063516   0.205699  -0.747097   0.628888   0.013746   0.738447   0.001000
 -0.063516   0.205699  -0.747097   0.628888   0.013746   0.738447   0.001000
 -0.079475   0.206634  -0.750133   0.623126   0.210512   0.753059   0.001000
 -0.080306   0.207404  -0.750367   0.622482   0.179530   0.784662   0.001000
 -0.080306   0.207404  -0.750367   0.622482   0.179530   0.784662   0.001000
  0.027247   0.047677  -0.801971   0.594833   0.054562   0.727174   0.001000
 -0.070043   0.199917  -0.747232   0.629898   0.184293   0.774607   0.001000
 -0.070043   0.199917  -0.747232   0.629898   0.184293   0.774607   0.001000
 -0.070043   0.199917  -0.747232   0.629898   0.184293   0.774607   0.001000
 -0.070043   0.199917  -0.747232   0.629898   0.184293   0.774607   0.001000
 -0.070043   0.199917  -0.747232   0.629898   0.184293   0.774607   0.001000
 -0.070043   0.199917  -0.747232   0.629898   0.184293   0.774607   0.001000
 -0.070043   0.199917  -0.747232   0.629898   0.184293   0.774607   0.001000
 -0.070043   0.199917  -0.747232   0.629898   0.184293   0.774607   0.001000
 -0.070043   0.199917  -0.747232   0.629898   0.184293   0.774607   0.001000
 -0.070043   0.199917  -0.747232   0.629898   0.184293   0.774607   0.001000
 -0.070043   0.199917  -0.747232   0.629898   0.184293   0.774607   0.001000
 -0.070043   0.199917  -0.747232   0.629898   0.184293   0.774607   0.001000
 -0.082707   0.218595  -0.745713   0.623929   0.096221   0.850955   0.001000
 -0.082707   0.218595  -0.745713   0.623929   0.096221   0.850955   0.001000
 -0.071635   0.205478  -0.746244   0.629100   0.157554   0.752533   0.001000
 -0.071635   0.205478  -0.746244   0.629100   0.157554   0.752533   0.001000
 -0.071635   0.205478  -0.746244   0.629100   0.157554   0.752533   0.001000
 -0.071635   0.205478  -0.746244   0.629100   0.157554   0.752533   0.001000
 -0.071635   0.205478  -0.746244   0.629100   0.157554   0.752533   0.001000
 -0.071635   0.205478  -0.746244   0.629100   0.157554   0.752533   0.001000
 -0.071635   0.205478  -0.746244   0.629100   0.157554   0.752533   0.001000
 -0.071635   0.205478  -0.746244   0.629100   0.157554   0.752533   0.001000
 -0.071635   0.205478  -0.746244   0.629100   0.157554   0.752533   0.001000
 -0.071635   0.205478  -0.746244   0.629100   0.157554   0.752533   0.001000
 -0.071635   0.205478  -0.746244   0.629100   0.157554   0.752533   0.001000
 -0.074243   0.215621  -0.748940   0.622161   0.148116   0.686404   0.001000
 -0.070324   0.213164  -0.743923   0.629439   0.199884   0.860672   0.001000
 -0.070324   0.213164  -0.743923   0.629439   0.199884   0.860672   0.001000
 -0.070324   0.213164  -0.743923   0.629439   0.199884   0.860672   0.001000
  0.040963   0.061253  -0.774597   0.628148   0.112824   0.887814   0.001000
  0.050391   0.061691  -0.769341   0.633853   0.140874   0.700011   0.001000
  0.050391   0.061691  -0.769341   0.633853   0.140874   0.700011   0.001000
  0.050391   0.061691  -0.769341   0.633853   0.140874   0.700011   0.001000
  0.050391   0.061691  -0.769341   0.633853   0.140874   0.700011   0.001000
  0.050391   0.061691  -0.769341   0.633853   0.140874   0.700011   0.001000
  0.050391   0.061691  -0.769341   0.633853   0.140874   0.700011   0.001000
 -0.083090   0.217592  -0.740247   0.630701   0.264784   0.721522   0.001000
 -0.080473   0.218953  -0.749157   0.619958   0.121254   0.816375   0.001000
 -0.080473   0.218953  -0.749157   0.619958   0.121254   0.816375   0.001000
 -0.080473   0.218953  -0.749157   0.619958   0.121254   0.816375   0.001000
 -0.080953   0.218740  -0.746346   0.623352   0.131039   0.755884   0.001000
 -0.080953   0.218740  -0.746346   0.623352   0.131039   0.755884   0.001000
 -0.079871   0.221450  -0.752137   0.615524   0.299808   0.683043   0.001000
 -0.065929   0.200635  -0.753276   0.622876  -0.004050   0.599284   0.001000
 -0.065929   0.200635  -0.753276   0.622876  -0.004050   0.599284   0.001000
 -0.065929   0.200635  -0.753276   0.622876  -0.004050   0.599284   0.001000
 -0.065929   0.200635  -0.753276   0.622876  -0.004050   0.599284   0.001000
 -0.065929   0.200635  -0.753276   0.622876  -0.004050   0.599284   0.001000
 -0.065929   0.200635  -0.753276   0.622876  -0.004050   0.599284   0.001000
 -0.065929   0.200635  -0.753276   0.622876  -0.004050   0.599284   0.001000
 -0.065929   0.200635  -0.753276   0.622876  -0.004050   0.599284   0.001000
 -0.065929   0.200635  -0.753276   0.622876  -0.004050   0.599284   0.001000
 -0.065929   0.200635  -0.753276   0.622876  -0.004050   0.599284   0.001000
 -0.065929   0.200635  -0.753276   0.622876  -0.004050   0.599284   0.001000
 -0.065929   0.200635  -0.753276   0.622876  -0.004050   0.599284   0.001000
 -0.065929   0.200635  -0.753276   0.622876  -0.004050   0.599284   0.001000
 -0.065929   0.200635  -0.753276   0.622876  -0.004050   0.599284   0.001000
 -0.065929   0.200635  -0.753276   0.622876  -0.004050   0.599284   0.001000
  0.049270   0.065103  -0.775857   0.625604   0.024964   0.671645   0.001000
 -0.077506   0.224109  -0.743085   0.625773   0.008522   0.607097   0.001000
 -0.077506   0.224109  -0.743085   0.625773   0.008522   0.607097   0.001000
 -0.077506   0.224109  -0.743085   0.625773   0.008522   0.607097   0.001000
 -0.077506   0.224109  -0.743085   0.625773   0.008522   0.607097   0.001000
 -0.077506   0.224109  -0.743085   0.625773   0.008522   0.607097   0.001000
 -0.077506   0.224109  -0.743085   0.625773   0.008522   0.607097   0.001000
 -0.077506   0.224109  -0.743085   0.625773   0.008522   0.607097   0.001000
 -0.077506   0.224109  -0.743085   0.625773   0.008522   0.607097   0.001000
 -0.077506   0.224109  -0.743085   0.625773   0.008522   0.607097   0.001000
 -0.077506   0.224109  -0.743085   0.625773   0.008522   0.607097   0.001000
 -0.077506   0.224109  -0.743085   0.625773   0.008522   0.607097   0.001000
 -0.077506   0.224109  -0.743085   0.625773   0.008522   0.607097   0.001000
 -0.077506   0.224109  -0.743085   0.625773   0.008522   0.607097   0.001000
 -0.077506   0.224109  -0.743085   0.625773   0.008522   0.607097   0.001000
 -0.077506   0.224109  -0.743085   0.625773   0.008522   0.607097   0.001000
 -0.065760   0.204008  -0.734437   0.643940  -0.085995   0.537580   0.001000
 -0.072677   0.218819  -0.743964   0.627180   0.012407   0.614205   0.001000
 -0.072677   0.218819  -0.743964   0.627180   0.012407   0.614205   0.001000
 -0.072677   0.218819  -0.743964   0.627180   0.012407   0.614205   0.001000
 -0.005935  -0.002373  -0.706533   0.707651  -0.019015   0.808744   0.001000
 -0.079845   0.217287  -0.746997   0.623223  -0.020199   0.641136   0.001000
 -0.079845   0.217287  -0.746997   0.623223  -0.020199   0.641136   0.001000
 -0.079845   0.217287  -0.746997   0.623223  -0.020199   0.641136   0.001000
 -0.079845   0.217287  -0.746997   0.623223  -0.020199   0.641136   0.001000
 -0.079845   0.217287  -0.746997   0.623223  -0.020199   0.641136   0.001000
 -0.079845   0.217287  -0.746997   0.623223  -0.020199   0.641136   0.001000
 -0.079845   0.217287  -0.746997   0.623223  -0.020199   0.641136   0.001000
 -0.079845   0.217287  -0.746997   0.623223  -0.020199   0.641136   0.001000
 -0.079845   0.217287  -0.746997   0.623223  -0.020199   0.641136   0.001000
 -0.079845   0.217287  -0.746997   0.623223  -0.020199   0.641136   0.001000
 -0.079845   0.217287  -0.746997   0.623223  -0.020199   0.641136   0.001000
 -0.079845   0.217287  -0.746997   0.623223  -0.020199   0.641136   0.001000
 -0.079845   0.217287  -0.746997   0.623223  -0.020199   0.641136   0.001000
 -0.079845   0.217287  -0.746997   0.623223  -0.020199   0.641136   0.001000
 -0.079845   0.217287  -0.746997   0.623223  -0.020199   0.641136   0.001000
 -0.079845   0.217287  -0.746997   0.623223  -0.020199   0.641136   0.001000
 -0.079845   0.217287  -0.746997   0.623223  -0.020199   0.641136   0.001000
 -0.072350   0.216294  -0.735082   0.638464  -0.063797   0.487396   0.001000
  0.055281   0.068374  -0.770550   0.631286   0.053477   0.716606   0.001000
 -0.071165   0.220932  -0.747400   0.622510   0.002016   0.614136   0.001000
  0.043342   0.064863  -0.770871   0.632197   0.049155   0.740834   0.001000
  0.043342   0.064863  -0.770871   0.632197   0.049155   0.740834   0.001000
  0.043342   0.064863  -0.770871   0.632197   0.049155   0.740834   0.001000
  0.043342   0.064863  -0.770871   0.632197   0.049155   0.740834   0.001000
 -0.059431   0.220320  -0.741830   0.630568  -0.000833   0.733695   0.001000
  0.051917   0.066347  -0.773633   0.628009  -0.101781   0.688545   0.001000
  0.051917   0.066347  -0.773633   0.628009  -0.101781   0.688545   0.001000
  0.051917   0.066347  -0.773633   0.628009  -0.101781   0.688545   0.001000
  0.051917   0.066347  -0.773633   0.628009  -0.101781   0.688545   0.001000
  0.051917   0.066347  -0.773633   0.628009  -0.101781   0.688545   0.001000
  0.051917   0.066347  -0.773633   0.628009  -0.101781   0.688545   0.001000
  0.051917   0.066347  -0.773633   0.628009  -0.101781   0.688545   0.001000
  0.051917   0.066347  -0.773633   0.628009  -0.101781   0.688545   0.001000
  0.051917   0.066347  -0.773633   0.628009  -0.101781   0.688545   0.001000
  0.051917   0.066347  -0.773633   0.628009  -0.101781   0.688545   0.001000
  0.051917   0.066347  -0.773633   0.628009  -0.101781   0.688545   0.001000
 -0.078474   0.208372  -0.751555   0.620958  -0.012601   0.749693   0.001000
 -0.078474   0.208372  -0.751555   0.620958  -0.012601   0.749693   0.001000
 -0.078474   0.208372  -0.751555   0.620958  -0.012601   0.749693   0.001000
 -0.078474   0.208372  -0.751555   0.620958  -0.012601   0.749693   0.001000
 -0.074922   0.214088  -0.740843   0.632222   0.004946   0.643544   0.001000
 -0.074922   0.214088  -0.740843   0.632222   0.004946   0.643544   0.001000
 -0.074922   0.214088  -0.740843   0.632222   0.004946   0.643544   0.001000
 -0.074922   0.214088  -0.740843   0.632222   0.004946   0.643544   0.001000
 -0.074922   0.214088  -0.740843   0.632222   0.004946   0.643544   0.001000
 -0.079686   0.209883  -0.746685   0.626147   0.159646   0.803538   0.001000
 -0.063737   0.214703  -0.743440   0.630189  -0.119119   0.504802   0.001000
 -0.071632   0.212281  -0.742795   0.630920  -0.025845   0.332631   0.001000
 -0.071632   0.212281  -0.742795   0.630920  -0.025845   0.332631   0.001000
 -0.071632   0.212281  -0.742795   0.630920  -0.025845   0.332631   0.001000
 -0.071632   0.212281  -0.742795   0.630920  -0.025845   0.332631   0.001000
 -0.071632   0.212281  -0.742795   0.630920  -0.025845   0.332631   0.001000
 -0.071632   0.212281  -0.742795   0.630920  -0.025845   0.332631   0.001000
 -0.081240   0.202608  -0.740621   0.635477  -0.052194   0.189055   0.001000
 -0.070651   0.205000  -0.750345   0.624473   0.085848   0.202746   0.001000
 -0.070651   0.205000  -0.750345   0.624473   0.085848   0.202746   0.001000
 -0.070651   0.205000  -0.750345   0.624473   0.085848   0.202746   0.001000
 -0.070651   0.205000  -0.750345   0.624473   0.085848   0.202746   0.001000
 -0.070651   0.205000  -0.750345   0.624473   0.085848   0.202746   0.001000
 -0.067754   0.210407  -0.772154   0.595748   0.048365   0.277952   0.001000
  0.033262   0.078985  -0.774924   0.626217   0.323292   0.315134   0.001000
 -0.075510   0.207012  -0.744052   0.630738   0.105105   0.612972   0.001000
 -0.075510   0.207012  -0.744052   0.630738   0.105105   0.612972   0.001000
 -0.075510   0.207012  -0.744052   0.630738   0.105105   0.612972   0.001000
 -0.075510   0.207012  -0.744052   0.630738   0.105105   0.612972   0.001000
 -0.075510   0.207012  -0.744052   0.630738   0.105105   0.612972   0.001000
 -0.078600   0.212935  -0.747690   0.624051   0.268611   0.568493   0.001000
 -0.078600   0.212935  -0.747690   0.624051   0.268611   0.568493   0.001000
  0.041276   0.062439  -0.773794   0.628999   0.238319   0.583671   0.001000
  0.041276   0.062439  -0.773794   0.628999   0.238319   0.583671   0.001000
  0.049740   0.066247  -0.775466   0.625931   0.033543   0.650405   0.001000
 -0.068163   0.207383  -0.752023   0.621939  -0.055465   0.443915   0.001000
 -0.068163   0.207383  -0.752023   0.621939  -0.055465   0.443915   0.001000
 -0.068163   0.207383  -0.752023   0.621939  -0.055465   0.443915   0.001000
 -0.068163   0.207383  -0.752023   0.621939  -0.055465   0.443915   0.001000
 -0.068163   0.207383  -0.752023   0.621939  -0.055465   0.443915   0.001000
 -0.068163   0.207383  -0.752023   0.621939  -0.055465   0.443915   0.001000
 -0.068163   0.207383  -0.752023   0.621939  -0.055465   0.443915   0.001000
  0.047754   0.061382  -0.773289   0.629266   0.264649   0.599552   0.001000
  0.047754   0.061382  -0.773289   0.629266   0.264649   0.599552   0.001000
  0.047754   0.061382  -0.773289   0.629266   0.264649   0.599552   0.001000
  0.047754   0.061382  -0.773289   0.629266   0.264649   0.599552   0.001000
  0.047754   0.061382  -0.773289   0.629266   0.264649   0.599552   0.001000
  0.047754   0.061382  -0.773289   0.629266   0.264649   0.599552   0.001000
  0.047754   0.061382  -0.773289   0.629266   0.264649   0.599552   0.001000
  0.047754   0.061382  -0.773289   0.629266   0.264649   0.599552   0.001000
  0.047754   0.061382  -0.773289   0.629266   0.264649   0.599552   0.001000
  0.047754   0.061382  -0.773289   0.629266   0.264649   0.599552   0.001000
  0.047754   0.061382  -0.773289   0.629266   0.264649   0.599552   0.001000
  0.047754   0.061382  -0.773289   0.629266   0.264649   0.599552   0.001000
  0.047754   0.061382  -0.773289   0.629266   0.264649   0.599552   0.001000
  0.044542   0.068608  -0.773696   0.628254   0.338562   0.603678   0.001000
 -0.067971   0.209635  -0.744002   0.630789  -0.103617   0.660058   0.001000
 -0.067971   0.209635  -0.744002   0.630789  -0.103617   0.660058   0.001000
 -0.067971   0.209635  -0.744002   0.630789  -0.103617   0.660058   0.001000
 -0.067971   0.209635  -0.744002   0.630789  -0.103617   0.660058   0.001000
 -0.069739   0.220094  -0.744846   0.626019  -0.218478   0.697790   0.001000
 -0.082682   0.200142  -0.750685   0.624162  -0.108325   0.556756   0.001000
 -0.081642   0.197788  -0.753204   0.622011  -0.027949   0.442345   0.001000
 -0.081642   0.197788  -0.753204   0.622011  -0.027949   0.442345   0.001000
 -0.081642   0.197788  -0.753204   0.622011  -0.027949   0.442345   0.001000
 -0.098591   0.159211  -0.765975   0.614991  -0.205200   0.527640   0.001000
 -0.070705   0.213170  -0.743767   0.629580  -0.197395   0.565191   0.001000
 -0.070705   0.213170  -0.743767   0.629580  -0.197395   0.565191   0.001000
 -0.070705   0.213170  -0.743767   0.629580  -0.197395   0.565191   0.001000
 -0.073413   0.214947  -0.741999   0.630750  -0.147790   0.512358   0.001000
 -0.073413   0.214947  -0.741999   0.630750  -0.147790   0.512358   0.001000
 -0.084411   0.217770  -0.754804   0.612961  -0.284869   0.430595   0.001000
 -0.047216   0.212903  -0.747576   0.627354   0.151702   0.651946   0.001000
 -0.061499   0.191987  -0.749199   0.630919   0.146095   0.771774   0.001000
 -0.061499   0.191987  -0.749199   0.630919   0.146095   0.771774   0.001000
 -0.061499   0.191987  -0.749199   0.630919   0.146095   0.771774   0.001000
 -0.061525   0.200805  -0.755632   0.620413   0.275472   0.602651   0.001000
  0.033974   0.083869  -0.770179   0.631376   0.221965   0.330975   0.001000
 -0.051362   0.187693  -0.753768   0.627668   0.222657   0.283555   0.001000
 -0.051362   0.187693  -0.753768   0.627668   0.222657   0.283555   0.001000
 -0.051362   0.187693  -0.753768   0.627668   0.222657   0.283555   0.001000
 -0.051362   0.187693  -0.753768   0.627668   0.222657   0.283555   0.001000
 -0.051362   0.187693  -0.753768   0.627668   0.222657   0.283555   0.001000
 -0.051362   0.187693  -0.753768   0.627668   0.222657   0.283555   0.001000
 -0.051362   0.187693  -0.753768   0.627668   0.222657   0.283555   0.001000
 -0.051362   0.187693  -0.753768   0.627668   0.222657   0.283555   0.001000
 -0.051362   0.187693  -0.753768   0.627668   0.222657   0.283555   0.001000
 -0.051362   0.187693  -0.753768   0.627668   0.222657   0.283555   0.001000
 -0.055842   0.185477  -0.759641   0.620827   0.211793   0.372805   0.001000
 -0.055842   0.185477  -0.759641   0.620827   0.211793   0.372805   0.001000
 -0.061977   0.190051  -0.754092   0.625607   0.329355   0.503235   0.001000
 -0.061977   0.190051  -0.754092   0.625607   0.329355   0.503235   0.001000
 -0.061977   0.190051  -0.754092   0.625607   0.329355   0.503235   0.001000
 -0.061977   0.190051  -0.754092   0.625607   0.329355   0.503235   0.001000
 -0.060184   0.185828  -0.745458   0.637289   0.156489   0.459008   0.001000
 -0.067466   0.207945  -0.748857   0.625636   0.361989   0.497664   0.001000
 -0.067466   0.207945  -0.748857   0.625636   0.361989   0.497664   0.001000
 -0.067466   0.207945  -0.748857   0.625636   0.361989   0.497664   0.001000
 -0.067466   0.207945  -0.748857   0.625636   0.361989   0.497664   0.001000
 -0.067466   0.207945  -0.748857   0.625636   0.361989   0.497664   0.001000
 -0.058292   0.195581  -0.748385   0.631086   0.166209   0.405862   0.001000
 -0.058292   0.195581  -0.748385   0.631086   0.166209   0.405862   0.001000
 -0.058292   0.195581  -0.748385   0.631086   0.166209   0.405862   0.001000
 -0.058292   0.195581  -0.748385   0.631086   0.166209   0.405862   0.001000
 -0.058292   0.195581  -0.748385   0.631086   0.166209   0.405862   0.001000
 -0.058292   0.195581  -0.748385   0.631086   0.166209   0.405862   0.001000
 -0.058292   0.195581  -0.748385   0.631086   0.166209   0.405862   0.001000
 -0.058292   0.195581  -0.748385   0.631086   0.166209   0.405862   0.001000
 -0.058292   0.195581  -0.748385   0.631086   0.166209   0.405862   0.001000
 -0.058292   0.195581  -0.748385   0.631086   0.166209   0.405862   0.001000
 -0.058292   0.195581  -0.748385   0.631086   0.166209   0.405862   0.001000
 -0.058292   0.195581  -0.748385   0.631086   0.166209   0.405862   0.001000
 -0.058292   0.195581  -0.748385   0.631086   0.166209   0.405862   0.001000
 -0.058292   0.195581  -0.748385   0.631086   0.166209   0.405862   0.001000
 -0.058292   0.195581  -0.748385   0.631086   0.166209   0.405862   0.001000
 -0.058292   0.195581  -0.748385   0.631086   0.166209   0.405862   0.001000
 -0.058292   0.195581  -0.748385   0.631086   0.166209   0.405862   0.001000
 -0.039995   0.213161  -0.751442   0.623135   0.268672   0.577582   0.001000
 -0.062780   0.198802  -0.744683   0.634022   0.107524   0.616606   0.001000
 -0.062780   0.198802  -0.744683   0.634022   0.107524   0.616606   0.001000
 -0.062780   0.198802  -0.744683   0.634022   0.107524   0.616606   0.001000
 -0.062780   0.198802  -0.744683   0.634022   0.107524   0.616606   0.001000
 -0.062780   0.198802  -0.744683   0.634022   0.107524   0.616606   0.001000
 -0.062780   0.198802  -0.744683   0.634022   0.107524   0.616606   0.001000
 -0.062780   0.198802  -0.744683   0.634022   0.107524   0.616606   0.001000
 -0.062780   0.198802  -0.744683   0.634022   0.107524   0.616606   0.001000
 -0.064474   0.184158  -0.751520   0.630195   0.370327   0.622004   0.001000
 -0.060576   0.205704  -0.747826   0.628309   0.180198   0.614053   0.001000
 -0.060576   0.205704  -0.747826   0.628309   0.180198   0.614053   0.001000
 -0.060576   0.205704  -0.747826   0.628309   0.180198   0.614053   0.001000
 -0.060576   0.205704  -0.747826   0.628309   0.180198   0.614053   0.001000
 -0.061339   0.189662  -0.747557   0.633581   0.249936   0.800235   0.001000
 -0.063490   0.195588  -0.749616   0.629118  -0.161469   0.948595   0.001000
 -0.078036   0.225202  -0.740215   0.628710   0.002318   0.666198   0.001000
 -0.051892   0.188836  -0.753858   0.627174   0.129946   0.841674   0.001000
 -0.051892   0.188836  -0.753858   0.627174   0.129946   0.841674   0.001000
 -0.051892   0.188836  -0.753858   0.627174   0.129946   0.841674   0.001000
 -0.072980   0.209776  -0.743889   0.630315   0.048226   0.663921   0.001000
 -0.072980   0.209776  -0.743889   0.630315   0.048226   0.663921   0.001000
 -0.072980   0.209776  -0.743889   0.630315   0.048226   0.663921   0.001000
 -0.072980   0.209776  -0.743889   0.630315   0.048226   0.663921   0.001000
 -0.062288   0.176105  -0.760966   0.621320   0.153367   0.735948   0.001000
 -0.052499   0.193851  -0.754959   0.624261   0.175649   0.634649   0.001000
 -0.052499   0.193851  -0.754959   0.624261   0.175649   0.634649   0.001000
 -0.052499   0.193851  -0.754959   0.624261   0.175649   0.634649   0.001000
 -0.052499   0.193851  -0.754959   0.624261   0.175649   0.634649   0.001000
 -0.052499   0.193851  -0.754959   0.624261   0.175649   0.634649   0.001000
 -0.052942   0.186518  -0.752437   0.629481  -0.001875   0.710870   0.001000
 -0.064879   0.199254  -0.753904   0.622670   0.260390   0.697899   0.001000
 -0.064879   0.199254  -0.753904   0.622670   0.260390   0.697899   0.001000
 -0.064879   0.199254  -0.753904   0.622670   0.260390   0.697899   0.001000
 -0.064879   0.199254  -0.753904   0.622670   0.260390   0.697899   0.001000
 -0.058562   0.198587  -0.743121   0.636322  -0.013761   0.621389   0.001000
 -0.053753   0.189788  -0.755018   0.625331   0.037548   0.646359   0.001000
 -0.053753   0.189788  -0.755018   0.625331   0.037548   0.646359   0.001000
 -0.053753   0.189788  -0.755018   0.625331   0.037548   0.646359   0.001000
 -0.053753   0.189788  -0.755018   0.625331   0.037548   0.646359   0.001000
 -0.053753   0.189788  -0.755018   0.625331   0.037548   0.646359   0.001000
 -0.053753   0.189788  -0.755018   0.625331   0.037548   0.646359   0.001000
 -0.053753   0.189788  -0.755018   0.625331   0.037548   0.646359   0.001000
 -0.053753   0.189788  -0.755018   0.625331   0.037548   0.646359   0.001000
 -0.053753   0.189788  -0.755018   0.625331   0.037548   0.646359   0.001000
 -0.053753   0.189788  -0.755018   0.625331   0.037548   0.646359   0.001000
 -0.053753   0.189788  -0.755018   0.625331   0.037548   0.646359   0.001000
 -0.053753   0.189788  -0.755018   0.625331   0.037548   0.646359   0.001000
 -0.053753   0.189788  -0.755018   0.625331   0.037548   0.646359   0.001000
 -0.053753   0.189788  -0.755018   0.625331   0.037548   0.646359   0.001000
 -0.053753   0.189788  -0.755018   0.625331   0.037548   0.646359   0.001000
 -0.053753   0.189788  -0.755018   0.625331   0.037548   0.646359   0.001000
 -0.053753   0.189788  -0.755018   0.625331   0.037548   0.646359   0.001000
 -0.053753   0.189788  -0.755018   0.625331   0.037548   0.646359   0.001000
 -0.053753   0.189788  -0.755018   0.625331   0.037548   0.646359   0.001000
 -0.053753   0.189788  -0.755018   0.625331   0.037548   0.646359   0.001000
 -0.053753   0.189788  -0.755018   0.625331   0.037548   0.646359   0.001000
 -0.053753   0.189788  -0.755018   0.625331   0.037548   0.646359   0.001000
 -0.053753   0.189788  -0.755018   0.625331   0.037548   0.646359   0.001000
 -0.053753   0.189788  -0.755018   0.625331   0.037548   0.646359   0.001000
 -0.053753   0.189788  -0.755018   0.625331   0.037548   0.646359   0.001000
 -0.044012   0.194969  -0.754189   0.625499   0.152018   0.688746   0.001000
 -0.059157   0.193150  -0.749137   0.630862   0.214904   0.652423   0.001000
 -0.059157   0.193150  -0.749137   0.630862   0.214904   0.652423   0.001000
 -0.057228   0.195829  -0.748242   0.631277   0.152021   0.572350   0.001000
 -0.057228   0.195829  -0.748242   0.631277   0.152021   0.572350   0.001000
 -0.057228   0.195829  -0.748242   0.631277   0.152021   0.572350   0.001000
 -0.067352   0.194047  -0.755020   0.622699   0.300511   0.726516   0.001000
 -0.050841   0.190220  -0.749223   0.632373  -0.115262   0.656822   0.001000
 -0.050841   0.190220  -0.749223   0.632373  -0.115262   0.656822   0.001000
 -0.050841   0.190220  -0.749223   0.632373  -0.115262   0.656822   0.001000
 -0.050841   0.190220  -0.749223   0.632373  -0.115262   0.656822   0.001000
 -0.053158   0.187495  -0.749968   0.632114  -0.060205   0.690785   0.001000
 -0.053158   0.187495  -0.749968   0.632114  -0.060205   0.690785   0.001000
 -0.053158   0.187495  -0.749968   0.632114  -0.060205   0.690785   0.001000
 -0.053158   0.187495  -0.749968   0.632114  -0.060205   0.690785   0.001000
 -0.053158   0.187495  -0.749968   0.632114  -0.060205   0.690785   0.001000
 -0.053158   0.187495  -0.749968   0.632114  -0.060205   0.690785   0.001000
 -0.053158   0.187495  -0.749968   0.632114  -0.060205   0.690785   0.001000
 -0.053158   0.187495  -0.749968   0.632114  -0.060205   0.690785   0.001000
 -0.065233   0.192576  -0.751455   0.627675   0.011098   0.547135   0.001000
 -0.065233   0.192576  -0.751455   0.627675   0.011098   0.547135   0.001000
 -0.065233   0.192576  -0.751455   0.627675   0.011098   0.547135   0.001000
 -0.065233   0.192576  -0.751455   0.627675   0.011098   0.547135   0.001000
 -0.065233   0.192576  -0.751455   0.627675   0.011098   0.547135   0.001000
 -0.065233   0.192576  -0.751455   0.627675   0.011098   0.547135   0.001000
 -0.065233   0.192576  -0.751455   0.627675   0.011098   0.547135   0.001000
 -0.065233   0.192576  -0.751455   0.627675   0.011098   0.547135   0.001000
 -0.068222   0.207802  -0.743906   0.631481   0.028997   0.554012   0.001000
 -0.068222   0.207802  -0.743906   0.631481   0.028997   0.554012   0.001000
 -0.068222   0.207802  -0.743906   0.631481   0.028997   0.554012   0.001000
 -0.068222   0.207802  -0.743906   0.631481   0.028997   0.554012   0.001000
 -0.068222   0.207802  -0.743906   0.631481   0.028997   0.554012   0.001000
 -0.068222   0.207802  -0.743906   0.631481   0.028997   0.554012   0.001000
 -0.068222   0.207802  -0.743906   0.631481   0.028997   0.554012   0.001000
 -0.068222   0.207802  -0.743906   0.631481   0.028997   0.554012   0.001000
 -0.068222   0.207802  -0.743906   0.631481   0.028997   0.554012   0.001000
 -0.068222   0.207802  -0.743906   0.631481   0.028997   0.554012   0.001000
 -0.068222   0.207802  -0.743906   0.631481   0.028997   0.554012   0.001000
 -0.068222   0.207802  -0.743906   0.631481   0.028997   0.554012   0.001000
 -0.068222   0.207802  -0.743906   0.631481   0.028997   0.554012   0.001000
 -0.068222   0.207802  -0.743906   0.631481   0.028997   0.554012   0.001000
 -0.068222   0.207802  -0.743906   0.631481   0.028997   0.554012   0.001000
 -0.068222   0.207802  -0.743906   0.631481   0.028997   0.554012   0.001000
 -0.068222   0.207802  -0.743906   0.631481   0.028997   0.554012   0.001000
 -0.068222   0.207802  -0.743906   0.631481   0.028997   0.554012   0.001000
 -0.068222   0.207802  -0.743906   0.631481   0.028997   0.554012   0.001000
 -0.068222   0.207802  -0.743906   0.631481   0.028997   0.554012   0.001000
 -0.068222   0.207802  -0.743906   0.631481   0.028997   0.554012   0.001000
 -0.048573   0.202411  -0.741135   0.638270   0.069314   0.597227   0.001000
 -0.041540   0.190697  -0.737475   0.646560  -0.112071   0.757675   0.001000
 -0.079395   0.201842  -0.759730   0.612998  -0.052477   0.651143   0.001000
 -0.061963   0.204042  -0.754020   0.621274  -0.031623   0.619782   0.001000
 -0.061963   0.204042  -0.754020   0.621274  -0.031623   0.619782   0.001000
 -0.061963   0.204042  -0.754020   0.621274  -0.031623   0.619782   0.001000
 -0.071908   0.210467  -0.748104   0.625199   0.015024   0.633621   0.001000
 -0.071908   0.210467  -0.748104   0.625199   0.015024   0.633621   0.001000
 -0.071908   0.210467  -0.748104   0.625199   0.015024   0.633621   0.001000
 -0.071908   0.210467  -0.748104   0.625199   0.015024   0.633621   0.001000
 -0.071908   0.210467  -0.748104   0.625199   0.015024   0.633621   0.001000
 -0.071908   0.210467  -0.748104   0.625199   0.015024   0.633621   0.001000
 -0.071908   0.210467  -0.748104   0.625199   0.015024   0.633621   0.001000
 -0.071908   0.210467  -0.748104   0.625199   0.015024   0.633621   0.001000
 -0.061736   0.195161  -0.746698   0.632885  -0.054912   0.590372   0.001000
 -0.061736   0.195161  -0.746698   0.632885  -0.054912   0.590372   0.001000
 -0.061736   0.195161  -0.746698   0.632885  -0.054912   0.590372   0.001000
 -0.061736   0.195161  -0.746698   0.632885  -0.054912   0.590372   0.001000
 -0.061736   0.195161  -0.746698   0.632885  -0.054912   0.590372   0.001000
 -0.061736   0.195161  -0.746698   0.632885  -0.054912   0.590372   0.001000
 -0.061736   0.195161  -0.746698   0.632885  -0.054912   0.590372   0.001000
 -0.061736   0.195161  -0.746698   0.632885  -0.054912   0.590372   0.001000
 -0.061736   0.195161  -0.746698   0.632885  -0.054912   0.590372   0.001000
 -0.061736   0.195161  -0.746698   0.632885  -0.054912   0.590372   0.001000
 -0.061736   0.195161  -0.746698   0.632885  -0.054912   0.590372   0.001000
 -0.061736   0.195161  -0.746698   0.632885  -0.054912   0.590372   0.001000
 -0.061736   0.195161  -0.746698   0.632885  -0.054912   0.590372   0.001000
 -0.061736   0.195161  -0.746698   0.632885  -0.054912   0.590372   0.001000
 -0.061736   0.195161  -0.746698   0.632885  -0.054912   0.590372   0.001000
 -0.061736   0.195161  -0.746698   0.632885  -0.054912   0.590372   0.001000
 -0.061736   0.195161  -0.746698   0.632885  -0.054912   0.590372   0.001000
 -0.061736   0.195161  -0.746698   0.632885  -0.054912   0.590372   0.001000
 -0.061736   0.195161  -0.746698   0.632885  -0.054912   0.590372   0.001000
 -0.061736   0.195161  -0.746698   0.632885  -0.054912   0.590372   0.001000
 -0.061736   0.195161  -0.746698   0.632885  -0.054912   0.590372   0.001000
 -0.061736   0.195161  -0.746698   0.632885  -0.054912   0.590372   0.001000
 -0.061736   0.195161  -0.746698   0.632885  -0.054912   0.590372   0.001000
 -0.061736   0.195161  -0.746698   0.632885  -0.054912   0.590372   0.001000
 -0.061736   0.195161  -0.746698   0.632885  -0.054912   0.590372   0.001000
 -0.061736   0.195161  -0.746698   0.632885  -0.054912   0.590372   0.001000
 -0.061736   0.195161  -0.746698   0.632885  -0.054912   0.590372   0.001000
 -0.046572   0.180083  -0.754256   0.629681  -0.052059   0.504834   0.001000
 -0.070306   0.180772  -0.751840   0.630171   0.085747   0.494446   0.001000
 -0.056309   0.199875  -0.762801   0.612384  -0.043566   0.580307   0.001000
 -0.027984   0.183100  -0.750909   0.633898   0.054001   0.716016   0.001000
 -0.060084   0.213078  -0.749533   0.623849  -0.067309   0.841645   0.001000
 -0.069618   0.210804  -0.751088   0.621757  -0.109498   0.721343   0.001000
 -0.061191   0.203494  -0.742079   0.635739   0.015615   0.717066   0.001000
 -0.070866   0.198751  -0.748047   0.629208  -0.192823   0.734936   0.001000
 -0.070866   0.198751  -0.748047   0.629208  -0.192823   0.734936   0.001000
 -0.059472   0.180921  -0.756642   0.625479  -0.267310   0.679710   0.001000
