 -0.345860  -0.067999  -0.631285   0.690823  -1.134648   1.006946   0.001000
 -0.353906  -0.079274  -0.619519   0.696177  -1.066224   0.655292   0.001000
 -0.336318  -0.078821  -0.632320   0.693433  -1.269497   0.592752   0.001000
 -0.349124  -0.072600  -0.619814   0.699051  -0.975644   0.713012   0.001000
 -0.349124  -0.072600  -0.619814   0.699051  -0.975644   0.713012   0.001000
 -0.349124  -0.072600  -0.619814   0.699051  -0.975644   0.713012   0.001000
 -0.349124  -0.072600  -0.619814   0.699051  -0.975644   0.713012   0.001000
 -0.349124  -0.072600  -0.619814   0.699051  -0.975644   0.713012   0.001000
 -0.354029  -0.094549  -0.616131   0.697214  -1.334337   0.606588   0.001000
 -0.333445  -0.070834  -0.625796   0.701553  -1.391195   0.773266   0.001000
 -0.342622  -0.085880  -0.634797   0.687217  -0.959386   0.800600   0.001000
 -0.253376  -0.127229  -0.762417   0.581665  -0.808976   1.035846   0.001000
 -0.253376  -0.127229  -0.762417   0.581665  -0.808976   1.035846   0.001000
 -0.266768  -0.111049  -0.765580   0.574796  -1.180500   1.213635   0.001000
 -0.266768  -0.111049  -0.765580   0.574796  -1.180500   1.213635   0.001000
 -0.266768  -0.111049  -0.765580   0.574796  -1.180500   1.213635   0.001000
 -0.257669  -0.116820  -0.766581   0.576467  -1.003514   1.158595   0.001000
 -0.257669  -0.116820  -0.766581   0.576467  -1.003514   1.158595   0.001000
 -0.257669  -0.116820  -0.766581   0.576467  -1.003514   1.158595   0.001000
 -0.257669  -0.116820  -0.766581   0.576467  -1.003514   1.158595   0.001000
 -0.257669  -0.116820  -0.766581   0.576467  -1.003514   1.158595   0.001000
 -0.257669  -0.116820  -0.766581   0.576467  -1.003514   1.158595   0.001000
 -0.260763  -0.111172  -0.770664   0.570719  -1.098502   1.009462   0.001000
 -0.260763  -0.111172  -0.770664   0.570719  -1.098502   1.009462   0.001000
 -0.260763  -0.111172  -0.770664   0.570719  -1.098502   1.009462   0.001000
 -0.260763  -0.111172  -0.770664   0.570719  -1.098502   1.009462   0.001000
 -0.260763  -0.111172  -0.770664   0.570719  -1.098502   1.009462   0.001000
 -0.260763  -0.111172  -0.770664   0.570719  -1.098502   1.009462   0.001000
 -0.260763  -0.111172  -0.770664   0.570719  -1.098502   1.009462   0.001000
 -0.260763  -0.111172  -0.770664   0.570719  -1.098502   1.009462   0.001000
 -0.260763  -0.111172  -0.770664   0.570719  -1.098502   1.009462   0.001000
 -0.260763  -0.111172  -0.770664   0.570719  -1.098502   1.009462   0.001000
 -0.257179  -0.107713  -0.774345   0.568021  -1.022968   1.119310   0.001000
 -0.242847  -0.142581  -0.769014   0.573858  -1.295478   1.120059   0.001000
 -0.245648  -0.139043  -0.759486   0.586093  -1.059379   1.002498   0.001000
 -0.245648  -0.139043  -0.759486   0.586093  -1.059379   1.002498   0.001000
 -0.244077  -0.128087  -0.771045   0.574029  -1.120537   1.046520   0.001000
 -0.268758  -0.118445  -0.771973   0.563736  -1.335570   1.131043   0.001000
 -0.268758  -0.118445  -0.771973   0.563736  -1.335570   1.131043   0.001000
 -0.268758  -0.118445  -0.771973   0.563736  -1.335570   1.131043   0.001000
 -0.247276  -0.116041  -0.772865   0.572773  -1.263559   1.187328   0.001000
 -0.260570  -0.130283  -0.764420   0.575145  -1.287173   1.224892   0.001000
 -0.260570  -0.130283  -0.764420   0.575145  -1.287173   1.224892   0.001000
 -0.260570  -0.130283  -0.764420   0.575145  -1.287173   1.224892   0.001000
 -0.260570  -0.130283  -0.764420   0.575145  -1.287173   1.224892   0.001000
 -0.260570  -0.130283  -0.764420   0.575145  -1.287173   1.224892   0.001000
 -0.260570  -0.130283  -0.764420   0.575145  -1.287173   1.224892   0.001000
 -0.225929  -0.142422  -0.752326   0.602227  -1.316199   1.250796   0.001000
 -0.287493  -0.149697  -0.767639   0.552874  -1.321085   1.159048   0.001000
 -0.248530  -0.123631  -0.767283   0.578122  -1.309614   1.217745   0.001000
 -0.251647  -0.135133  -0.777658   0.560054  -1.253343   1.231313   0.001000
 -0.258772  -0.127771  -0.754549   0.589379  -1.364262   1.260058   0.001000
 -0.257378  -0.112921  -0.771474   0.570818  -1.304580   1.211325   0.001000
 -0.257378  -0.112921  -0.771474   0.570818  -1.304580   1.211325   0.001000
 -0.257378  -0.112921  -0.771474   0.570818  -1.304580   1.211325   0.001000
 -0.257378  -0.112921  -0.771474   0.570818  -1.304580   1.211325   0.001000
 -0.257378  -0.112921  -0.771474   0.570818  -1.304580   1.211325   0.001000
 -0.257378  -0.112921  -0.771474   0.570818  -1.304580   1.211325   0.001000
 -0.257378  -0.112921  -0.771474   0.570818  -1.304580   1.211325   0.001000
 -0.257378  -0.112921  -0.771474   0.570818  -1.304580   1.211325   0.001000
 -0.257378  -0.112921  -0.771474   0.570818  -1.304580   1.211325   0.001000
 -0.257378  -0.112921  -0.771474   0.570818  -1.304580   1.211325   0.001000
 -0.257378  -0.112921  -0.771474   0.570818  -1.304580   1.211325   0.001000
 -0.257378  -0.112921  -0.771474   0.570818  -1.304580   1.211325   0.001000
 -0.257378  -0.112921  -0.771474   0.570818  -1.304580   1.211325   0.001000
 -0.257378  -0.112921  -0.771474   0.570818  -1.304580   1.211325   0.001000
 -0.257378  -0.112921  -0.771474   0.570818  -1.304580   1.211325   0.001000
 -0.257378  -0.112921  -0.771474   0.570818  -1.304580   1.211325   0.001000
 -0.253502  -0.108679  -0.763174   0.584373  -1.168088   1.148129   0.001000
 -0.253502  -0.108679  -0.763174   0.584373  -1.168088   1.148129   0.001000
 -0.275981  -0.120303  -0.758011   0.578603  -1.267488   1.204148   0.001000
 -0.275981  -0.120303  -0.758011   0.578603  -1.267488   1.204148   0.001000
 -0.240469  -0.140918  -0.762968   0.583264  -1.313630   1.193050   0.001000
 -0.240469  -0.140918  -0.762968   0.583264  -1.313630   1.193050   0.001000
 -0.240469  -0.140918  -0.762968   0.583264  -1.313630   1.193050   0.001000
 -0.240469  -0.140918  -0.762968   0.583264  -1.313630   1.193050   0.001000
 -0.240469  -0.140918  -0.762968   0.583264  -1.313630   1.193050   0.001000
 -0.240469  -0.140918  -0.762968   0.583264  -1.313630   1.193050   0.001000
 -0.265490  -0.121824  -0.760962   0.579319  -1.212149   1.220976   0.001000
 -0.265490  -0.121824  -0.760962   0.579319  -1.212149   1.220976   0.001000
 -0.265490  -0.121824  -0.760962   0.579319  -1.212149   1.220976   0.001000
 -0.265490  -0.121824  -0.760962   0.579319  -1.212149   1.220976   0.001000
 -0.265490  -0.121824  -0.760962   0.579319  -1.212149   1.220976   0.001000
 -0.265490  -0.121824  -0.760962   0.579319  -1.212149   1.220976   0.001000
 -0.265490  -0.121824  -0.760962   0.579319  -1.212149   1.220976   0.001000
 -0.265490  -0.121824  -0.760962   0.579319  -1.212149   1.220976   0.001000
 -0.265490  -0.121824  -0.760962   0.579319  -1.212149   1.220976   0.001000
 -0.253078  -0.127649  -0.771308   0.569861  -1.254242   1.200575   0.001000
 -0.253078  -0.127649  -0.771308   0.569861  -1.254242   1.200575   0.001000
 -0.253078  -0.127649  -0.771308   0.569861  -1.254242   1.200575   0.001000
 -0.253078  -0.127649  -0.771308   0.569861  -1.254242   1.200575   0.001000
 -0.253078  -0.127649  -0.771308   0.569861  -1.254242   1.200575   0.001000
 -0.248490  -0.101592  -0.773195   0.574544  -1.299654   1.047735   0.001000
 -0.248490  -0.101592  -0.773195   0.574544  -1.299654   1.047735   0.001000
 -0.253403  -0.130366  -0.764415   0.578327  -1.153702   1.121737   0.001000
 -0.253403  -0.130366  -0.764415   0.578327  -1.153702   1.121737   0.001000
 -0.253403  -0.130366  -0.764415   0.578327  -1.153702   1.121737   0.001000
 -0.253403  -0.130366  -0.764415   0.578327  -1.153702   1.121737   0.001000
 -0.253403  -0.130366  -0.764415   0.578327  -1.153702   1.121737   0.001000
 -0.253403  -0.130366  -0.764415   0.578327  -1.153702   1.121737   0.001000
 -0.253563  -0.113497  -0.770319   0.573962  -1.266692   0.967545   0.001000
 -0.255071  -0.114502  -0.769067   0.574772  -1.164616   0.998878   0.001000
 -0.255071  -0.114502  -0.769067   0.574772  -1.164616   0.998878   0.001000
 -0.255071  -0.114502  -0.769067   0.574772  -1.164616   0.998878   0.001000
 -0.255071  -0.114502  -0.769067   0.574772  -1.164616   0.998878   0.001000
 -0.255071  -0.114502  -0.769067   0.574772  -1.164616   0.998878   0.001000
 -0.255071  -0.114502  -0.769067   0.574772  -1.164616   0.998878   0.001000
 -0.255071  -0.114502  -0.769067   0.574772  -1.164616   0.998878   0.001000
 -0.255071  -0.114502  -0.769067   0.574772  -1.164616   0.998878   0.001000
 -0.255071  -0.114502  -0.769067   0.574772  -1.164616   0.998878   0.001000
 -0.255071  -0.114502  -0.769067   0.574772  -1.164616   0.998878   0.001000
 -0.255071  -0.114502  -0.769067   0.574772  -1.164616   0.998878   0.001000
 -0.255071  -0.114502  -0.769067   0.574772  -1.164616   0.998878   0.001000
 -0.255071  -0.114502  -0.769067   0.574772  -1.164616   0.998878   0.001000
 -0.255071  -0.114502  -0.769067   0.574772  -1.164616   0.998878   0.001000
 -0.255071  -0.114502  -0.769067   0.574772  -1.164616   0.998878   0.001000
 -0.255071  -0.114502  -0.769067   0.574772  -1.164616   0.998878   0.001000
 -0.255071  -0.114502  -0.769067   0.574772  -1.164616   0.998878   0.001000
 -0.255071  -0.114502  -0.769067   0.574772  -1.164616   0.998878   0.001000
 -0.255071  -0.114502  -0.769067   0.574772  -1.164616   0.998878   0.001000
 -0.255071  -0.114502  -0.769067   0.574772  -1.164616   0.998878   0.001000
 -0.255071  -0.114502  -0.769067   0.574772  -1.164616   0.998878   0.001000
 -0.255071  -0.114502  -0.769067   0.574772  -1.164616   0.998878   0.001000
 -0.255071  -0.114502  -0.769067   0.574772  -1.164616   0.998878   0.001000
 -0.255071  -0.114502  -0.769067   0.574772  -1.164616   0.998878   0.001000
 -0.255071  -0.114502  -0.769067   0.574772  -1.164616   0.998878   0.001000
 -0.258836  -0.114831  -0.745597   0.603243  -1.401365   1.010690   0.001000
 -0.258836  -0.114831  -0.745597   0.603243  -1.401365   1.010690   0.001000
 -0.178607  -0.082522  -0.809674   0.552918  -1.311514   1.054584   0.001000
 -0.257413  -0.121629  -0.762716   0.580698  -1.410747   1.070490   0.001000
 -0.257413  -0.121629  -0.762716   0.580698  -1.410747   1.070490   0.001000
 -0.257413  -0.121629  -0.762716   0.580698  -1.410747   1.070490   0.001000
 -0.257413  -0.121629  -0.762716   0.580698  -1.410747   1.070490   0.001000
 -0.257413  -0.121629  -0.762716   0.580698  -1.410747   1.070490   0.001000
 -0.257413  -0.121629  -0.762716   0.580698  -1.410747   1.070490   0.001000
 -0.257413  -0.121629  -0.762716   0.580698  -1.410747   1.070490   0.001000
 -0.264490  -0.113529  -0.757182   0.586371  -1.245956   1.120627   0.001000
 -0.264490  -0.113529  -0.757182   0.586371  -1.245956   1.120627   0.001000
 -0.264490  -0.113529  -0.757182   0.586371  -1.245956   1.120627   0.001000
 -0.269155  -0.112354  -0.769616   0.567999  -1.131000   1.123466   0.001000
 -0.269155  -0.112354  -0.769616   0.567999  -1.131000   1.123466   0.001000
 -0.269155  -0.112354  -0.769616   0.567999  -1.131000   1.123466   0.001000
 -0.269155  -0.112354  -0.769616   0.567999  -1.131000   1.123466   0.001000
 -0.269155  -0.112354  -0.769616   0.567999  -1.131000   1.123466   0.001000
 -0.269155  -0.112354  -0.769616   0.567999  -1.131000   1.123466   0.001000
 -0.269155  -0.112354  -0.769616   0.567999  -1.131000   1.123466   0.001000
 -0.240985  -0.135887  -0.761103   0.586671  -1.322363   1.219576   0.001000
 -0.253005  -0.122762  -0.761545   0.583924  -1.210386   1.085582   0.001000
 -0.253005  -0.122762  -0.761545   0.583924  -1.210386   1.085582   0.001000
 -0.253005  -0.122762  -0.761545   0.583924  -1.210386   1.085582   0.001000
 -0.253005  -0.122762  -0.761545   0.583924  -1.210386   1.085582   0.001000
 -0.253005  -0.122762  -0.761545   0.583924  -1.210386   1.085582   0.001000
 -0.253005  -0.122762  -0.761545   0.583924  -1.210386   1.085582   0.001000
 -0.253005  -0.122762  -0.761545   0.583924  -1.210386   1.085582   0.001000
 -0.253005  -0.122762  -0.761545   0.583924  -1.210386   1.085582   0.001000
 -0.253005  -0.122762  -0.761545   0.583924  -1.210386   1.085582   0.001000
 -0.253005  -0.122762  -0.761545   0.583924  -1.210386   1.085582   0.001000
 -0.253005  -0.122762  -0.761545   0.583924  -1.210386   1.085582   0.001000
 -0.253005  -0.122762  -0.761545   0.583924  -1.210386   1.085582   0.001000
 -0.253005  -0.122762  -0.761545   0.583924  -1.210386   1.085582   0.001000
 -0.253005  -0.122762  -0.761545   0.583924  -1.210386   1.085582   0.001000
 -0.253005  -0.122762  -0.761545   0.583924  -1.210386   1.085582   0.001000
 -0.253005  -0.122762  -0.761545   0.583924  -1.210386   1.085582   0.001000
 -0.253005  -0.122762  -0.761545   0.583924  -1.210386   1.085582   0.001000
 -0.253005  -0.122762  -0.761545   0.583924  -1.210386   1.085582   0.001000
 -0.253005  -0.122762  -0.761545   0.583924  -1.210386   1.085582   0.001000
 -0.253005  -0.122762  -0.761545   0.583924  -1.210386   1.085582   0.001000
 -0.253005  -0.122762  -0.761545   0.583924  -1.210386   1.085582   0.001000
 -0.253005  -0.122762  -0.761545   0.583924  -1.210386   1.085582   0.001000
 -0.253005  -0.122762  -0.761545   0.583924  -1.210386   1.085582   0.001000
 -0.253005  -0.122762  -0.761545   0.583924  -1.210386   1.085582   0.001000
 -0.253005  -0.122762  -0.761545   0.583924  -1.210386   1.085582   0.001000
 -0.253005  -0.122762  -0.761545   0.583924  -1.210386   1.085582   0.001000
 -0.253005  -0.122762  -0.761545   0.583924  -1.210386   1.085582   0.001000
 -0.253005  -0.122762  -0.761545   0.583924  -1.210386   1.085582   0.001000
 -0.239838  -0.133750  -0.748753   0.603289  -1.165405   1.073164   0.001000
 -0.246445  -0.116961  -0.769466   0.577501  -1.295473   1.000147   0.001000
 -0.246445  -0.116961  -0.769466   0.577501  -1.295473   1.000147   0.001000
 -0.246445  -0.116961  -0.769466   0.577501  -1.295473   1.000147   0.001000
 -0.246445  -0.116961  -0.769466   0.577501  -1.295473   1.000147   0.001000
 -0.246445  -0.116961  -0.769466   0.577501  -1.295473   1.000147   0.001000
 -0.246445  -0.116961  -0.769466   0.577501  -1.295473   1.000147   0.001000
 -0.246445  -0.116961  -0.769466   0.577501  -1.295473   1.000147   0.001000
 -0.246445  -0.116961  -0.769466   0.577501  -1.295473   1.000147   0.001000
 -0.246445  -0.116961  -0.769466   0.577501  -1.295473   1.000147   0.001000
 -0.239474  -0.156892  -0.763758   0.578542  -1.344045   1.053173   0.001000
 -0.251416  -0.135630  -0.767359   0.574068  -1.216848   1.037729   0.001000
 -0.251416  -0.135630  -0.767359   0.574068  -1.216848   1.037729   0.001000
 -0.251416  -0.135630  -0.767359   0.574068  -1.216848   1.037729   0.001000
 -0.251416  -0.135630  -0.767359   0.574068  -1.216848   1.037729   0.001000
 -0.256524  -0.110842  -0.758049   0.589298  -1.327903   0.987085   0.001000
 -0.256524  -0.110842  -0.758049   0.589298  -1.327903   0.987085   0.001000
 -0.256524  -0.110842  -0.758049   0.589298  -1.327903   0.987085   0.001000
 -0.256524  -0.110842  -0.758049   0.589298  -1.327903   0.987085   0.001000
 -0.256524  -0.110842  -0.758049   0.589298  -1.327903   0.987085   0.001000
 -0.256524  -0.110842  -0.758049   0.589298  -1.327903   0.987085   0.001000
 -0.256524  -0.110842  -0.758049   0.589298  -1.327903   0.987085   0.001000
 -0.261269  -0.133416  -0.759778   0.580237  -1.283499   1.010579   0.001000
 -0.261269  -0.133416  -0.759778   0.580237  -1.283499   1.010579   0.001000
 -0.261269  -0.133416  -0.759778   0.580237  -1.283499   1.010579   0.001000
 -0.261269  -0.133416  -0.759778   0.580237  -1.283499   1.010579   0.001000
 -0.261269  -0.133416  -0.759778   0.580237  -1.283499   1.010579   0.001000
 -0.261269  -0.133416  -0.759778   0.580237  -1.283499   1.010579   0.001000
 -0.261269  -0.133416  -0.759778   0.580237  -1.283499   1.010579   0.001000
 -0.261269  -0.133416  -0.759778   0.580237  -1.283499   1.010579   0.001000
 -0.261269  -0.133416  -0.759778   0.580237  -1.283499   1.010579   0.001000
 -0.261269  -0.133416  -0.759778   0.580237  -1.283499   1.010579   0.001000
 -0.261269  -0.133416  -0.759778   0.580237  -1.283499   1.010579   0.001000
 -0.261269  -0.133416  -0.759778   0.580237  -1.283499   1.010579   0.001000
 -0.261269  -0.133416  -0.759778   0.580237  -1.283499   1.010579   0.001000
 -0.261269  -0.133416  -0.759778   0.580237  -1.283499   1.010579   0.001000
 -0.261269  -0.133416  -0.759778   0.580237  -1.283499   1.010579   0.001000
 -0.235750  -0.130354  -0.767993   0.581047  -1.312114   1.170962   0.001000
 -0.274353  -0.101322  -0.766917   0.571230  -1.153325   1.199807   0.001000
 -0.274353  -0.101322  -0.766917   0.571230  -1.153325   1.199807   0.001000
 -0.274353  -0.101322  -0.766917   0.571230  -1.153325   1.199807   0.001000
 -0.254789  -0.146597  -0.750766   0.591559  -1.376318   1.026413   0.001000
 -0.261395  -0.106946  -0.760391   0.584842  -1.229046   1.013494   0.001000
 -0.261395  -0.106946  -0.760391   0.584842  -1.229046   1.013494   0.001000
 -0.261395  -0.106946  -0.760391   0.584842  -1.229046   1.013494   0.001000
 -0.257438  -0.127432  -0.752798   0.592268  -1.145188   0.967075   0.001000
 -0.260051  -0.115551  -0.769013   0.572399  -1.356844   0.999223   0.001000
 -0.260051  -0.115551  -0.769013   0.572399  -1.356844   0.999223   0.001000
 -0.260051  -0.115551  -0.769013   0.572399  -1.356844   0.999223   0.001000
 -0.260051  -0.115551  -0.769013   0.572399  -1.356844   0.999223   0.001000
 -0.260051  -0.115551  -0.769013   0.572399  -1.356844   0.999223   0.001000
 -0.260051  -0.115551  -0.769013   0.572399  -1.356844   0.999223   0.001000
 -0.260051  -0.115551  -0.769013   0.572399  -1.356844   0.999223   0.001000
 -0.260051  -0.115551  -0.769013   0.572399  -1.356844   0.999223   0.001000
 -0.260051  -0.115551  -0.769013   0.572399  -1.356844   0.999223   0.001000
 -0.260051  -0.115551  -0.769013   0.572399  -1.356844   0.999223   0.001000
 -0.260051  -0.115551  -0.769013   0.572399  -1.356844   0.999223   0.001000
 -0.260051  -0.115551  -0.769013   0.572399  -1.356844   0.999223   0.001000
 -0.260051  -0.115551  -0.769013   0.572399  -1.356844   0.999223   0.001000
 -0.260051  -0.115551  -0.769013   0.572399  -1.356844   0.999223   0.001000
 -0.260051  -0.115551  -0.769013   0.572399  -1.356844   0.999223   0.001000
 -0.260051  -0.115551  -0.769013   0.572399  -1.356844   0.999223   0.001000
 -0.260051  -0.115551  -0.769013   0.572399  -1.356844   0.999223   0.001000
 -0.260051  -0.115551  -0.769013   0.572399  -1.356844   0.999223   0.001000
 -0.260051  -0.115551  -0.769013   0.572399  -1.356844   0.999223   0.001000
 -0.260051  -0.115551  -0.769013   0.572399  -1.356844   0.999223   0.001000
 -0.260051  -0.115551  -0.769013   0.572399  -1.356844   0.999223   0.001000
 -0.248087  -0.124715  -0.764092   0.582291  -1.232669   1.019733   0.001000
 -0.260682  -0.114601  -0.758801   0.585775  -1.387669   0.914473   0.001000
 -0.248494  -0.129153  -0.760986   0.585209  -1.293472   1.100469   0.001000
 -0.248494  -0.129153  -0.760986   0.585209  -1.293472   1.100469   0.001000
 -0.248494  -0.129153  -0.760986   0.585209  -1.293472   1.100469   0.001000
 -0.248494  -0.129153  -0.760986   0.585209  -1.293472   1.100469   0.001000
 -0.248494  -0.129153  -0.760986   0.585209  -1.293472   1.100469   0.001000
 -0.248494  -0.129153  -0.760986   0.585209  -1.293472   1.100469   0.001000
 -0.258159  -0.139634  -0.762561   0.576503  -1.207184   1.031381   0.001000
 -0.256464  -0.134822  -0.757296   0.585279  -1.205861   1.022192   0.001000
 -0.256464  -0.134822  -0.757296   0.585279  -1.205861   1.022192   0.001000
 -0.265185  -0.116719  -0.770439   0.567871  -1.391959   0.908342   0.001000
 -0.265185  -0.116719  -0.770439   0.567871  -1.391959   0.908342   0.001000
 -0.265185  -0.116719  -0.770439   0.567871  -1.391959   0.908342   0.001000
 -0.265185  -0.116719  -0.770439   0.567871  -1.391959   0.908342   0.001000
 -0.265185  -0.116719  -0.770439   0.567871  -1.391959   0.908342   0.001000
 -0.265185  -0.116719  -0.770439   0.567871  -1.391959   0.908342   0.001000
 -0.265185  -0.116719  -0.770439   0.567871  -1.391959   0.908342   0.001000
 -0.265185  -0.116719  -0.770439   0.567871  -1.391959   0.908342   0.001000
 -0.265185  -0.116719  -0.770439   0.567871  -1.391959   0.908342   0.001000
 -0.265185  -0.116719  -0.770439   0.567871  -1.391959   0.908342   0.001000
 -0.265185  -0.116719  -0.770439   0.567871  -1.391959   0.908342   0.001000
 -0.265185  -0.116719  -0.770439   0.567871  -1.391959   0.908342   0.001000
 -0.265185  -0.116719  -0.770439   0.567871  -1.391959   0.908342   0.001000
 -0.265185  -0.116719  -0.770439   0.567871  -1.391959   0.908342   0.001000
 -0.265185  -0.116719  -0.770439   0.567871  -1.391959   0.908342   0.001000
 -0.265185  -0.116719  -0.770439   0.567871  -1.391959   0.908342   0.001000
 -0.265185  -0.116719  -0.770439   0.567871  -1.391959   0.908342   0.001000
 -0.261106  -0.121557  -0.775131   0.562334  -1.176942   1.116899   0.001000
 -0.255251  -0.134150  -0.770341   0.568705  -1.161645   1.099140   0.001000
 -0.255251  -0.134150  -0.770341   0.568705  -1.161645   1.099140   0.001000
 -0.260587  -0.111552  -0.774650   0.565303  -1.341103   1.166627   0.001000
 -0.274152  -0.097248  -0.765603   0.573791  -1.236908   1.097657   0.001000
 -0.254227  -0.121271  -0.765412   0.578624  -1.191298   1.085802   0.001000
 -0.250423  -0.119232  -0.767620   0.577782  -1.246436   0.957054   0.001000
 -0.263094  -0.125133  -0.762143   0.578154  -1.303387   1.115744   0.001000
 -0.263094  -0.125133  -0.762143   0.578154  -1.303387   1.115744   0.001000
 -0.263094  -0.125133  -0.762143   0.578154  -1.303387   1.115744   0.001000
 -0.263094  -0.125133  -0.762143   0.578154  -1.303387   1.115744   0.001000
 -0.263094  -0.125133  -0.762143   0.578154  -1.303387   1.115744   0.001000
 -0.263094  -0.125133  -0.762143   0.578154  -1.303387   1.115744   0.001000
 -0.265285  -0.109811  -0.767579   0.573051  -1.127464   1.104687   0.001000
 -0.265285  -0.109811  -0.767579   0.573051  -1.127464   1.104687   0.001000
 -0.265285  -0.109811  -0.767579   0.573051  -1.127464   1.104687   0.001000
 -0.265285  -0.109811  -0.767579   0.573051  -1.127464   1.104687   0.001000
 -0.265285  -0.109811  -0.767579   0.573051  -1.127464   1.104687   0.001000
 -0.265285  -0.109811  -0.767579   0.573051  -1.127464   1.104687   0.001000
 -0.255557  -0.118957  -0.767490   0.575760  -1.163237   1.176275   0.001000
 -0.255557  -0.118957  -0.767490   0.575760  -1.163237   1.176275   0.001000
 -0.255557  -0.118957  -0.767490   0.575760  -1.163237   1.176275   0.001000
 -0.255557  -0.118957  -0.767490   0.575760  -1.163237   1.176275   0.001000
 -0.272860  -0.091057  -0.766077   0.574788  -1.138020   1.117662   0.001000
 -0.272860  -0.091057  -0.766077   0.574788  -1.138020   1.117662   0.001000
 -0.272860  -0.091057  -0.766077   0.574788  -1.138020   1.117662   0.001000
 -0.272860  -0.091057  -0.766077   0.574788  -1.138020   1.117662   0.001000
 -0.272860  -0.091057  -0.766077   0.574788  -1.138020   1.117662   0.001000
 -0.272860  -0.091057  -0.766077   0.574788  -1.138020   1.117662   0.001000
 -0.265879  -0.108036  -0.761511   0.581152  -1.100227   1.170083   0.001000
 -0.265879  -0.108036  -0.761511   0.581152  -1.100227   1.170083   0.001000
 -0.262102  -0.129846  -0.768636   0.568895  -0.997918   1.082345   0.001000
 -0.262102  -0.129846  -0.768636   0.568895  -0.997918   1.082345   0.001000
 -0.272972  -0.099993  -0.766425   0.572784  -1.096321   1.108538   0.001000
 -0.269321  -0.108211  -0.769454   0.568944  -1.158876   1.331605   0.001000
 -0.250764  -0.106975  -0.776668   0.567856  -1.178319   1.240537   0.001000
 -0.268020  -0.126569  -0.749184   0.592342  -0.826109   1.119550   0.001000
 -0.259123  -0.125788  -0.767651   0.572489  -0.980276   1.201059   0.001000
 -0.253884  -0.105151  -0.770127   0.575665  -0.943906   1.040284   0.001000
 -0.253884  -0.105151  -0.770127   0.575665  -0.943906   1.040284   0.001000
 -0.253884  -0.105151  -0.770127   0.575665  -0.943906   1.040284   0.001000
 -0.253884  -0.105151  -0.770127   0.575665  -0.943906   1.040284   0.001000
 -0.262808  -0.111642  -0.773470   0.565873  -1.098313   0.980512   0.001000
 -0.262808  -0.111642  -0.773470   0.565873  -1.098313   0.980512   0.001000
 -0.262808  -0.111642  -0.773470   0.565873  -1.098313   0.980512   0.001000
 -0.242331  -0.121870  -0.772803   0.573758  -1.207199   1.066060   0.001000
 -0.263953  -0.109520  -0.760206   0.583456  -1.137010   1.057663   0.001000
 -0.266138  -0.119043  -0.759296   0.581780  -0.940490   0.972492   0.001000
 -0.266138  -0.119043  -0.759296   0.581780  -0.940490   0.972492   0.001000
 -0.266138  -0.119043  -0.759296   0.581780  -0.940490   0.972492   0.001000
 -0.266138  -0.119043  -0.759296   0.581780  -0.940490   0.972492   0.001000
 -0.266138  -0.119043  -0.759296   0.581780  -0.940490   0.972492   0.001000
 -0.230007  -0.122514  -0.775765   0.574696  -1.350915   0.927737   0.001000
 -0.230007  -0.122514  -0.775765   0.574696  -1.350915   0.927737   0.001000
 -0.268847  -0.114460  -0.771418   0.565274  -1.118955   0.876163   0.001000
 -0.268847  -0.114460  -0.771418   0.565274  -1.118955   0.876163   0.001000
 -0.260949  -0.109834  -0.773802   0.566632  -1.254950   0.830263   0.001000
 -0.260949  -0.109834  -0.773802   0.566632  -1.254950   0.830263   0.001000
 -0.260949  -0.109834  -0.773802   0.566632  -1.254950   0.830263   0.001000
 -0.260949  -0.109834  -0.773802   0.566632  -1.254950   0.830263   0.001000
 -0.260949  -0.109834  -0.773802   0.566632  -1.254950   0.830263   0.001000
 -0.260949  -0.109834  -0.773802   0.566632  -1.254950   0.830263   0.001000
 -0.260949  -0.109834  -0.773802   0.566632  -1.254950   0.830263   0.001000
 -0.260949  -0.109834  -0.773802   0.566632  -1.254950   0.830263   0.001000
 -0.260949  -0.109834  -0.773802   0.566632  -1.254950   0.830263   0.001000
 -0.260949  -0.109834  -0.773802   0.566632  -1.254950   0.830263   0.001000
 -0.260949  -0.109834  -0.773802   0.566632  -1.254950   0.830263   0.001000
 -0.260949  -0.109834  -0.773802   0.566632  -1.254950   0.830263   0.001000
 -0.260949  -0.109834  -0.773802   0.566632  -1.254950   0.830263   0.001000
 -0.260949  -0.109834  -0.773802   0.566632  -1.254950   0.830263   0.001000
 -0.260949  -0.109834  -0.773802   0.566632  -1.254950   0.830263   0.001000
 -0.260949  -0.109834  -0.773802   0.566632  -1.254950   0.830263   0.001000
 -0.260949  -0.109834  -0.773802   0.566632  -1.254950   0.830263   0.001000
 -0.260949  -0.109834  -0.773802   0.566632  -1.254950   0.830263   0.001000
 -0.260949  -0.109834  -0.773802   0.566632  -1.254950   0.830263   0.001000
 -0.260949  -0.109834  -0.773802   0.566632  -1.254950   0.830263   0.001000
 -0.260949  -0.109834  -0.773802   0.566632  -1.254950   0.830263   0.001000
 -0.240582  -0.093433  -0.775227   0.576553  -1.257578   0.854822   0.001000
 -0.253027  -0.126148  -0.754094   0.592795  -1.226617   1.053022   0.001000
 -0.253027  -0.126148  -0.754094   0.592795  -1.226617   1.053022   0.001000
 -0.253027  -0.126148  -0.754094   0.592795  -1.226617   1.053022   0.001000
 -0.253027  -0.126148  -0.754094   0.592795  -1.226617   1.053022   0.001000
 -0.253027  -0.126148  -0.754094   0.592795  -1.226617   1.053022   0.001000
 -0.253027  -0.126148  -0.754094   0.592795  -1.226617   1.053022   0.001000
 -0.253027  -0.126148  -0.754094   0.592795  -1.226617   1.053022   0.001000
 -0.253027  -0.126148  -0.754094   0.592795  -1.226617   1.053022   0.001000
 -0.253027  -0.126148  -0.754094   0.592795  -1.226617   1.053022   0.001000
 -0.253027  -0.126148  -0.754094   0.592795  -1.226617   1.053022   0.001000
 -0.253027  -0.126148  -0.754094   0.592795  -1.226617   1.053022   0.001000
 -0.237755  -0.107564  -0.780372   0.568262  -1.189849   1.011669   0.001000
 -0.264201  -0.111070  -0.770547   0.569314  -1.562024   0.930378   0.001000
 -0.264201  -0.111070  -0.770547   0.569314  -1.562024   0.930378   0.001000
 -0.264201  -0.111070  -0.770547   0.569314  -1.562024   0.930378   0.001000
 -0.264201  -0.111070  -0.770547   0.569314  -1.562024   0.930378   0.001000
 -0.264201  -0.111070  -0.770547   0.569314  -1.562024   0.930378   0.001000
 -0.264201  -0.111070  -0.770547   0.569314  -1.562024   0.930378   0.001000
 -0.264201  -0.111070  -0.770547   0.569314  -1.562024   0.930378   0.001000
 -0.264201  -0.111070  -0.770547   0.569314  -1.562024   0.930378   0.001000
 -0.264201  -0.111070  -0.770547   0.569314  -1.562024   0.930378   0.001000
 -0.264201  -0.111070  -0.770547   0.569314  -1.562024   0.930378   0.001000
 -0.264201  -0.111070  -0.770547   0.569314  -1.562024   0.930378   0.001000
 -0.240956  -0.134583  -0.769798   0.575533  -1.523929   0.886062   0.001000
 -0.240956  -0.134583  -0.769798   0.575533  -1.523929   0.886062   0.001000
 -0.264432  -0.127560  -0.759943   0.579906  -1.524657   0.789723   0.001000
 -0.264432  -0.127560  -0.759943   0.579906  -1.524657   0.789723   0.001000
 -0.264432  -0.127560  -0.759943   0.579906  -1.524657   0.789723   0.001000
 -0.264432  -0.127560  -0.759943   0.579906  -1.524657   0.789723   0.001000
 -0.254897  -0.126856  -0.765123   0.577513  -1.575900   0.901414   0.001000
 -0.246646  -0.125916  -0.772562   0.571366  -1.652803   0.911360   0.001000
 -0.246646  -0.125916  -0.772562   0.571366  -1.652803   0.911360   0.001000
 -0.256816  -0.124787  -0.765102   0.577141  -1.626745   0.879903   0.001000
 -0.253216  -0.114503  -0.767528   0.577642  -1.447366   1.147506   0.001000
 -0.253216  -0.114503  -0.767528   0.577642  -1.447366   1.147506   0.001000
 -0.253216  -0.114503  -0.767528   0.577642  -1.447366   1.147506   0.001000
 -0.253216  -0.114503  -0.767528   0.577642  -1.447366   1.147506   0.001000
 -0.253216  -0.114503  -0.767528   0.577642  -1.447366   1.147506   0.001000
 -0.253216  -0.114503  -0.767528   0.577642  -1.447366   1.147506   0.001000
 -0.253216  -0.114503  -0.767528   0.577642  -1.447366   1.147506   0.001000
 -0.253216  -0.114503  -0.767528   0.577642  -1.447366   1.147506   0.001000
 -0.239058  -0.135165  -0.766074   0.581130  -1.645969   1.063145   0.001000
 -0.258588  -0.121295  -0.765695   0.576308  -1.526768   1.284045   0.001000
 -0.258588  -0.121295  -0.765695   0.576308  -1.526768   1.284045   0.001000
 -0.258588  -0.121295  -0.765695   0.576308  -1.526768   1.284045   0.001000
 -0.258588  -0.121295  -0.765695   0.576308  -1.526768   1.284045   0.001000
 -0.258588  -0.121295  -0.765695   0.576308  -1.526768   1.284045   0.001000
 -0.268181  -0.094903  -0.775071   0.564213  -1.464955   1.283562   0.001000
 -0.256089  -0.116205  -0.760472   0.585318  -1.491662   1.357253   0.001000
 -0.256089  -0.116205  -0.760472   0.585318  -1.491662   1.357253   0.001000
 -0.256089  -0.116205  -0.760472   0.585318  -1.491662   1.357253   0.001000
 -0.256089  -0.116205  -0.760472   0.585318  -1.491662   1.357253   0.001000
 -0.256089  -0.116205  -0.760472   0.585318  -1.491662   1.357253   0.001000
 -0.246534  -0.144433  -0.758276   0.585984  -1.310276   1.097918   0.001000
 -0.234729  -0.151433  -0.767724   0.576689  -1.165966   0.901818   0.001000
 -0.239581  -0.138297  -0.769755   0.575285  -1.022724   0.896243   0.001000
 -0.237522  -0.141554  -0.773403   0.570433  -1.192740   0.979703   0.001000
 -0.257203  -0.115393  -0.777413   0.562281  -1.280561   0.983275   0.001000
 -0.259536  -0.101435  -0.774188   0.568318  -1.024474   0.881936   0.001000
 -0.253479  -0.114561  -0.749527   0.600695  -1.161510   0.905871   0.001000
 -0.253479  -0.114561  -0.749527   0.600695  -1.161510   0.905871   0.001000
 -0.253479  -0.114561  -0.749527   0.600695  -1.161510   0.905871   0.001000
 -0.253479  -0.114561  -0.749527   0.600695  -1.161510   0.905871   0.001000
 -0.253479  -0.114561  -0.749527   0.600695  -1.161510   0.905871   0.001000
 -0.253479  -0.114561  -0.749527   0.600695  -1.161510   0.905871   0.001000
 -0.249253  -0.126024  -0.764289   0.581251  -1.117512   1.032770   0.001000
 -0.249253  -0.126024  -0.764289   0.581251  -1.117512   1.032770   0.001000
 -0.249253  -0.126024  -0.764289   0.581251  -1.117512   1.032770   0.001000
 -0.249253  -0.126024  -0.764289   0.581251  -1.117512   1.032770   0.001000
 -0.249253  -0.126024  -0.764289   0.581251  -1.117512   1.032770   0.001000
 -0.249253  -0.126024  -0.764289   0.581251  -1.117512   1.032770   0.001000
 -0.237042  -0.089065  -0.767667   0.588698  -1.189311   1.038365   0.001000
 -0.262118  -0.104611  -0.764789   0.579179  -1.218787   0.891782   0.001000
 -0.262118  -0.104611  -0.764789   0.579179  -1.218787   0.891782   0.001000
 -0.262118  -0.104611  -0.764789   0.579179  -1.218787   0.891782   0.001000
 -0.262118  -0.104611  -0.764789   0.579179  -1.218787   0.891782   0.001000
 -0.262118  -0.104611  -0.764789   0.579179  -1.218787   0.891782   0.001000
 -0.262118  -0.104611  -0.764789   0.579179  -1.218787   0.891782   0.001000
 -0.245201  -0.116461  -0.772576   0.573967  -1.157176   1.043870   0.001000
 -0.242404  -0.158833  -0.739463   0.607624  -1.236097   0.946323   0.001000
 -0.266108  -0.135754  -0.776489   0.554817  -1.188642   0.970743   0.001000
 -0.260977  -0.105390  -0.775506   0.565132  -1.179300   0.942874   0.001000
 -0.245360  -0.125409  -0.762016   0.586005  -1.116277   0.772454   0.001000
 -0.245360  -0.125409  -0.762016   0.586005  -1.116277   0.772454   0.001000
 -0.245360  -0.125409  -0.762016   0.586005  -1.116277   0.772454   0.001000
 -0.243997  -0.143829  -0.763522   0.580356  -1.215971   0.956356   0.001000
 -0.243997  -0.143829  -0.763522   0.580356  -1.215971   0.956356   0.001000
 -0.246384  -0.124238  -0.780381   0.561128  -1.267501   0.987230   0.001000
 -0.246384  -0.124238  -0.780381   0.561128  -1.267501   0.987230   0.001000
 -0.215644  -0.121576  -0.784538   0.568522  -1.434792   1.009536   0.001000
 -0.247609  -0.125437  -0.762683   0.584183  -1.289659   0.953323   0.001000
 -0.247609  -0.125437  -0.762683   0.584183  -1.289659   0.953323   0.001000
 -0.247609  -0.125437  -0.762683   0.584183  -1.289659   0.953323   0.001000
 -0.258357  -0.098373  -0.771682   0.572784  -1.344751   0.967998   0.001000
 -0.258357  -0.098373  -0.771682   0.572784  -1.344751   0.967998   0.001000
 -0.258357  -0.098373  -0.771682   0.572784  -1.344751   0.967998   0.001000
 -0.250289  -0.132600  -0.772095   0.568895  -1.159376   0.976652   0.001000
 -0.257081  -0.124938  -0.760416   0.583153  -1.109730   0.926977   0.001000
 -0.257081  -0.124938  -0.760416   0.583153  -1.109730   0.926977   0.001000
 -0.257081  -0.124938  -0.760416   0.583153  -1.109730   0.926977   0.001000
 -0.257081  -0.124938  -0.760416   0.583153  -1.109730   0.926977   0.001000
 -0.257081  -0.124938  -0.760416   0.583153  -1.109730   0.926977   0.001000
 -0.257081  -0.124938  -0.760416   0.583153  -1.109730   0.926977   0.001000
 -0.257081  -0.124938  -0.760416   0.583153  -1.109730   0.926977   0.001000
 -0.277889  -0.112478  -0.752992   0.585772  -1.131267   0.905414   0.001000
 -0.257393  -0.111020  -0.761409   0.584533  -1.093918   1.134729   0.001000
 -0.259411  -0.112462  -0.779132   0.559475  -0.998166   1.324636   0.001000
 -0.259411  -0.112462  -0.779132   0.559475  -0.998166   1.324636   0.001000
 -0.259411  -0.112462  -0.779132   0.559475  -0.998166   1.324636   0.001000
 -0.259411  -0.112462  -0.779132   0.559475  -0.998166   1.324636   0.001000
 -0.248215  -0.129321  -0.773531   0.568609  -1.390064   0.926975   0.001000
 -0.248215  -0.129321  -0.773531   0.568609  -1.390064   0.926975   0.001000
 -0.248215  -0.129321  -0.773531   0.568609  -1.390064   0.926975   0.001000
 -0.248215  -0.129321  -0.773531   0.568609  -1.390064   0.926975   0.001000
 -0.253330  -0.122141  -0.767809   0.575652  -1.413578   1.013472   0.001000
 -0.253330  -0.122141  -0.767809   0.575652  -1.413578   1.013472   0.001000
 -0.253330  -0.122141  -0.767809   0.575652  -1.413578   1.013472   0.001000
 -0.253330  -0.122141  -0.767809   0.575652  -1.413578   1.013472   0.001000
 -0.253330  -0.122141  -0.767809   0.575652  -1.413578   1.013472   0.001000
 -0.253330  -0.122141  -0.767809   0.575652  -1.413578   1.013472   0.001000
 -0.253330  -0.122141  -0.767809   0.575652  -1.413578   1.013472   0.001000
 -0.247713  -0.149649  -0.770818   0.567523  -1.319322   0.843328   0.001000
 -0.247713  -0.149649  -0.770818   0.567523  -1.319322   0.843328   0.001000
 -0.247713  -0.149649  -0.770818   0.567523  -1.319322   0.843328   0.001000
 -0.233160  -0.114052  -0.779887   0.569565  -1.367302   0.685579   0.001000
 -0.282415  -0.092831  -0.777481   0.554209  -1.095533   0.744952   0.001000
 -0.271465  -0.113572  -0.762496   0.576202  -1.108946   0.622458   0.001000
 -0.271465  -0.113572  -0.762496   0.576202  -1.108946   0.622458   0.001000
 -0.246900  -0.127092  -0.772994   0.570411  -1.118598   0.736397   0.001000
 -0.266320  -0.127075  -0.765347   0.571988  -1.427003   1.016426   0.001000
 -0.266320  -0.127075  -0.765347   0.571988  -1.427003   1.016426   0.001000
 -0.266320  -0.127075  -0.765347   0.571988  -1.427003   1.016426   0.001000
 -0.266320  -0.127075  -0.765347   0.571988  -1.427003   1.016426   0.001000
 -0.266320  -0.127075  -0.765347   0.571988  -1.427003   1.016426   0.001000
 -0.266320  -0.127075  -0.765347   0.571988  -1.427003   1.016426   0.001000
 -0.213110  -0.134053  -0.774797   0.579916  -1.305778   0.853957   0.001000
 -0.261535  -0.116265  -0.763719   0.578633  -1.393978   0.931769   0.001000
 -0.261535  -0.116265  -0.763719   0.578633  -1.393978   0.931769   0.001000
 -0.247731  -0.130720  -0.774890   0.566645  -1.120195   0.946228   0.001000
 -0.234321  -0.135643  -0.773893   0.572525  -1.035642   0.866067   0.001000
 -0.275321  -0.083006  -0.769119   0.570758  -1.144610   0.775955   0.001000
 -0.265581  -0.143097  -0.720650   0.624222  -1.159380   0.926545   0.001000
 -0.265581  -0.143097  -0.720650   0.624222  -1.159380   0.926545   0.001000
 -0.261361  -0.121063  -0.756851   0.586694  -0.986792   0.901761   0.001000
 -0.261361  -0.121063  -0.756851   0.586694  -0.986792   0.901761   0.001000
 -0.261361  -0.121063  -0.756851   0.586694  -0.986792   0.901761   0.001000
 -0.261361  -0.121063  -0.756851   0.586694  -0.986792   0.901761   0.001000
 -0.261361  -0.121063  -0.756851   0.586694  -0.986792   0.901761   0.001000
 -0.261361  -0.121063  -0.756851   0.586694  -0.986792   0.901761   0.001000
 -0.251958  -0.113762  -0.756349   0.592885  -1.190655   1.073737   0.001000
 -0.251958  -0.113762  -0.756349   0.592885  -1.190655   1.073737   0.001000
 -0.251958  -0.113762  -0.756349   0.592885  -1.190655   1.073737   0.001000
 -0.244469  -0.143839  -0.770934   0.570269  -1.155213   0.980559   0.001000
 -0.244469  -0.143839  -0.770934   0.570269  -1.155213   0.980559   0.001000
 -0.248124  -0.117806  -0.757495   0.592247  -1.195082   0.953657   0.001000
 -0.246867  -0.130658  -0.767951   0.576399  -1.036248   0.909799   0.001000
 -0.246867  -0.130658  -0.767951   0.576399  -1.036248   0.909799   0.001000
 -0.246867  -0.130658  -0.767951   0.576399  -1.036248   0.909799   0.001000
 -0.246867  -0.130658  -0.767951   0.576399  -1.036248   0.909799   0.001000
 -0.246867  -0.130658  -0.767951   0.576399  -1.036248   0.909799   0.001000
 -0.246867  -0.130658  -0.767951   0.576399  -1.036248   0.909799   0.001000
 -0.246867  -0.130658  -0.767951   0.576399  -1.036248   0.909799   0.001000
 -0.246867  -0.130658  -0.767951   0.576399  -1.036248   0.909799   0.001000
 -0.246867  -0.130658  -0.767951   0.576399  -1.036248   0.909799   0.001000
 -0.246867  -0.130658  -0.767951   0.576399  -1.036248   0.909799   0.001000
 -0.246867  -0.130658  -0.767951   0.576399  -1.036248   0.909799   0.001000
 -0.246867  -0.130658  -0.767951   0.576399  -1.036248   0.909799   0.001000
 -0.246867  -0.130658  -0.767951   0.576399  -1.036248   0.909799   0.001000
 -0.246867  -0.130658  -0.767951   0.576399  -1.036248   0.909799   0.001000
 -0.246867  -0.130658  -0.767951   0.576399  -1.036248   0.909799   0.001000
 -0.246867  -0.130658  -0.767951   0.576399  -1.036248   0.909799   0.001000
 -0.246867  -0.130658  -0.767951   0.576399  -1.036248   0.909799   0.001000
 -0.246867  -0.130658  -0.767951   0.576399  -1.036248   0.909799   0.001000
 -0.246867  -0.130658  -0.767951   0.576399  -1.036248   0.909799   0.001000
 -0.246867  -0.130658  -0.767951   0.576399  -1.036248   0.909799   0.001000
 -0.270398  -0.109499  -0.756784   0.584955  -1.137162   0.939825   0.001000
 -0.257546  -0.118815  -0.765243   0.577889  -1.250338   0.848873   0.001000
 -0.257546  -0.118815  -0.765243   0.577889  -1.250338   0.848873   0.001000
 -0.257546  -0.118815  -0.765243   0.577889  -1.250338   0.848873   0.001000
 -0.257546  -0.118815  -0.765243   0.577889  -1.250338   0.848873   0.001000
 -0.257546  -0.118815  -0.765243   0.577889  -1.250338   0.848873   0.001000
 -0.257546  -0.118815  -0.765243   0.577889  -1.250338   0.848873   0.001000
 -0.257546  -0.118815  -0.765243   0.577889  -1.250338   0.848873   0.001000
 -0.257546  -0.118815  -0.765243   0.577889  -1.250338   0.848873   0.001000
 -0.257546  -0.118815  -0.765243   0.577889  -1.250338   0.848873   0.001000
 -0.257546  -0.118815  -0.765243   0.577889  -1.250338   0.848873   0.001000
 -0.257546  -0.118815  -0.765243   0.577889  -1.250338   0.848873   0.001000
 -0.257546  -0.118815  -0.765243   0.577889  -1.250338   0.848873   0.001000
 -0.257546  -0.118815  -0.765243   0.577889  -1.250338   0.848873   0.001000
 -0.257546  -0.118815  -0.765243   0.577889  -1.250338   0.848873   0.001000
 -0.257546  -0.118815  -0.765243   0.577889  -1.250338   0.848873   0.001000
 -0.257546  -0.118815  -0.765243   0.577889  -1.250338   0.848873   0.001000
 -0.257546  -0.118815  -0.765243   0.577889  -1.250338   0.848873   0.001000
 -0.257546  -0.118815  -0.765243   0.577889  -1.250338   0.848873   0.001000
 -0.257546  -0.118815  -0.765243   0.577889  -1.250338   0.848873   0.001000
 -0.257546  -0.118815  -0.765243   0.577889  -1.250338   0.848873   0.001000
 -0.259194  -0.118815  -0.766606   0.575341  -1.117793   0.881102   0.001000
 -0.259194  -0.118815  -0.766606   0.575341  -1.117793   0.881102   0.001000
 -0.259194  -0.118815  -0.766606   0.575341  -1.117793   0.881102   0.001000
 -0.259194  -0.118815  -0.766606   0.575341  -1.117793   0.881102   0.001000
 -0.259194  -0.118815  -0.766606   0.575341  -1.117793   0.881102   0.001000
 -0.259194  -0.118815  -0.766606   0.575341  -1.117793   0.881102   0.001000
 -0.259194  -0.118815  -0.766606   0.575341  -1.117793   0.881102   0.001000
 -0.259194  -0.118815  -0.766606   0.575341  -1.117793   0.881102   0.001000
 -0.259194  -0.118815  -0.766606   0.575341  -1.117793   0.881102   0.001000
 -0.259194  -0.118815  -0.766606   0.575341  -1.117793   0.881102   0.001000
 -0.259194  -0.118815  -0.766606   0.575341  -1.117793   0.881102   0.001000
 -0.259194  -0.118815  -0.766606   0.575341  -1.117793   0.881102   0.001000
 -0.259194  -0.118815  -0.766606   0.575341  -1.117793   0.881102   0.001000
 -0.259194  -0.118815  -0.766606   0.575341  -1.117793   0.881102   0.001000
 -0.259194  -0.118815  -0.766606   0.575341  -1.117793   0.881102   0.001000
 -0.259194  -0.118815  -0.766606   0.575341  -1.117793   0.881102   0.001000
 -0.259194  -0.118815  -0.766606   0.575341  -1.117793   0.881102   0.001000
 -0.259194  -0.118815  -0.766606   0.575341  -1.117793   0.881102   0.001000
 -0.259194  -0.118815  -0.766606   0.575341  -1.117793   0.881102   0.001000
 -0.259194  -0.118815  -0.766606   0.575341  -1.117793   0.881102   0.001000
 -0.259194  -0.118815  -0.766606   0.575341  -1.117793   0.881102   0.001000
 -0.259194  -0.118815  -0.766606   0.575341  -1.117793   0.881102   0.001000
 -0.259194  -0.118815  -0.766606   0.575341  -1.117793   0.881102   0.001000
 -0.259194  -0.118815  -0.766606   0.575341  -1.117793   0.881102   0.001000
 -0.259194  -0.118815  -0.766606   0.575341  -1.117793   0.881102   0.001000
 -0.259194  -0.118815  -0.766606   0.575341  -1.117793   0.881102   0.001000
 -0.259194  -0.118815  -0.766606   0.575341  -1.117793   0.881102   0.001000
 -0.259194  -0.118815  -0.766606   0.575341  -1.117793   0.881102   0.001000
 -0.259194  -0.118815  -0.766606   0.575341  -1.117793   0.881102   0.001000
 -0.259194  -0.118815  -0.766606   0.575341  -1.117793   0.881102   0.001000
 -0.259194  -0.118815  -0.766606   0.575341  -1.117793   0.881102   0.001000
 -0.259194  -0.118815  -0.766606   0.575341  -1.117793   0.881102   0.001000
 -0.259194  -0.118815  -0.766606   0.575341  -1.117793   0.881102   0.001000
 -0.259194  -0.118815  -0.766606   0.575341  -1.117793   0.881102   0.001000
 -0.259194  -0.118815  -0.766606   0.575341  -1.117793   0.881102   0.001000
 -0.259194  -0.118815  -0.766606   0.575341  -1.117793   0.881102   0.001000
 -0.259194  -0.118815  -0.766606   0.575341  -1.117793   0.881102   0.001000
 -0.259194  -0.118815  -0.766606   0.575341  -1.117793   0.881102   0.001000
 -0.259194  -0.118815  -0.766606   0.575341  -1.117793   0.881102   0.001000
 -0.259194  -0.118815  -0.766606   0.575341  -1.117793   0.881102   0.001000
 -0.259194  -0.118815  -0.766606   0.575341  -1.117793   0.881102   0.001000
 -0.259194  -0.118815  -0.766606   0.575341  -1.117793   0.881102   0.001000
 -0.259194  -0.118815  -0.766606   0.575341  -1.117793   0.881102   0.001000
 -0.259194  -0.118815  -0.766606   0.575341  -1.117793   0.881102   0.001000
 -0.259194  -0.118815  -0.766606   0.575341  -1.117793   0.881102   0.001000
 -0.259194  -0.118815  -0.766606   0.575341  -1.117793   0.881102   0.001000
 -0.259194  -0.118815  -0.766606   0.575341  -1.117793   0.881102   0.001000
 -0.259194  -0.118815  -0.766606   0.575341  -1.117793   0.881102   0.001000
 -0.259194  -0.118815  -0.766606   0.575341  -1.117793   0.881102   0.001000
 -0.259194  -0.118815  -0.766606   0.575341  -1.117793   0.881102   0.001000
 -0.259194  -0.118815  -0.766606   0.575341  -1.117793   0.881102   0.001000
 -0.259194  -0.118815  -0.766606   0.575341  -1.117793   0.881102   0.001000
 -0.259194  -0.118815  -0.766606   0.575341  -1.117793   0.881102   0.001000
 -0.259194  -0.118815  -0.766606   0.575341  -1.117793   0.881102   0.001000
 -0.259194  -0.118815  -0.766606   0.575341  -1.117793   0.881102   0.001000
 -0.259194  -0.118815  -0.766606   0.575341  -1.117793   0.881102   0.001000
 -0.259194  -0.118815  -0.766606   0.575341  -1.117793   0.881102   0.001000
 -0.259194  -0.118815  -0.766606   0.575341  -1.117793   0.881102   0.001000
 -0.259194  -0.118815  -0.766606   0.575341  -1.117793   0.881102   0.001000
 -0.259194  -0.118815  -0.766606   0.575341  -1.117793   0.881102   0.001000
 -0.259194  -0.118815  -0.766606   0.575341  -1.117793   0.881102   0.001000
 -0.259194  -0.118815  -0.766606   0.575341  -1.117793   0.881102   0.001000
 -0.259194  -0.118815  -0.766606   0.575341  -1.117793   0.881102   0.001000
 -0.259194  -0.118815  -0.766606   0.575341  -1.117793   0.881102   0.001000
 -0.259194  -0.118815  -0.766606   0.575341  -1.117793   0.881102   0.001000
 -0.259194  -0.118815  -0.766606   0.575341  -1.117793   0.881102   0.001000
 -0.259194  -0.118815  -0.766606   0.575341  -1.117793   0.881102   0.001000
 -0.259194  -0.118815  -0.766606   0.575341  -1.117793   0.881102   0.001000
 -0.259194  -0.118815  -0.766606   0.575341  -1.117793   0.881102   0.001000
 -0.259194  -0.118815  -0.766606   0.575341  -1.117793   0.881102   0.001000
 -0.259194  -0.118815  -0.766606   0.575341  -1.117793   0.881102   0.001000
 -0.259194  -0.118815  -0.766606   0.575341  -1.117793   0.881102   0.001000
 -0.259194  -0.118815  -0.766606   0.575341  -1.117793   0.881102   0.001000
 -0.259194  -0.118815  -0.766606   0.575341  -1.117793   0.881102   0.001000
 -0.259194  -0.118815  -0.766606   0.575341  -1.117793   0.881102   0.001000
 -0.259194  -0.118815  -0.766606   0.575341  -1.117793   0.881102   0.001000
 -0.259194  -0.118815  -0.766606   0.575341  -1.117793   0.881102   0.001000
 -0.259194  -0.118815  -0.766606   0.575341  -1.117793   0.881102   0.001000
 -0.259194  -0.118815  -0.766606   0.575341  -1.117793   0.881102   0.001000
 -0.259194  -0.118815  -0.766606   0.575341  -1.117793   0.881102   0.001000
 -0.259194  -0.118815  -0.766606   0.575341  -1.117793   0.881102   0.001000
 -0.259194  -0.118815  -0.766606   0.575341  -1.117793   0.881102   0.001000
 -0.259194  -0.118815  -0.766606   0.575341  -1.117793   0.881102   0.001000
 -0.259194  -0.118815  -0.766606   0.575341  -1.117793   0.881102   0.001000
 -0.259194  -0.118815  -0.766606   0.575341  -1.117793   0.881102   0.001000
 -0.259194  -0.118815  -0.766606   0.575341  -1.117793   0.881102   0.001000
 -0.259194  -0.118815  -0.766606   0.575341  -1.117793   0.881102   0.001000
 -0.259194  -0.118815  -0.766606   0.575341  -1.117793   0.881102   0.001000
 -0.259194  -0.118815  -0.766606   0.575341  -1.117793   0.881102   0.001000
 -0.259194  -0.118815  -0.766606   0.575341  -1.117793   0.881102   0.001000
 -0.259194  -0.118815  -0.766606   0.575341  -1.117793   0.881102   0.001000
 -0.259194  -0.118815  -0.766606   0.575341  -1.117793   0.881102   0.001000
 -0.259194  -0.118815  -0.766606   0.575341  -1.117793   0.881102   0.001000
 -0.259194  -0.118815  -0.766606   0.575341  -1.117793   0.881102   0.001000
 -0.259194  -0.118815  -0.766606   0.575341  -1.117793   0.881102   0.001000
 -0.259194  -0.118815  -0.766606   0.575341  -1.117793   0.881102   0.001000
 -0.259194  -0.118815  -0.766606   0.575341  -1.117793   0.881102   0.001000
 -0.259194  -0.118815  -0.766606   0.575341  -1.117793   0.881102   0.001000
 -0.259194  -0.118815  -0.766606   0.575341  -1.117793   0.881102   0.001000
 -0.259194  -0.118815  -0.766606   0.575341  -1.117793   0.881102   0.001000
 -0.259194  -0.118815  -0.766606   0.575341  -1.117793   0.881102   0.001000
 -0.259194  -0.118815  -0.766606   0.575341  -1.117793   0.881102   0.001000
 -0.259194  -0.118815  -0.766606   0.575341  -1.117793   0.881102   0.001000
 -0.259194  -0.118815  -0.766606   0.575341  -1.117793   0.881102   0.001000
 -0.259194  -0.118815  -0.766606   0.575341  -1.117793   0.881102   0.001000
 -0.259194  -0.118815  -0.766606   0.575341  -1.117793   0.881102   0.001000
 -0.259194  -0.118815  -0.766606   0.575341  -1.117793   0.881102   0.001000
 -0.259194  -0.118815  -0.766606   0.575341  -1.117793   0.881102   0.001000
 -0.259194  -0.118815  -0.766606   0.575341  -1.117793   0.881102   0.001000
 -0.259194  -0.118815  -0.766606   0.575341  -1.117793   0.881102   0.001000
 -0.259194  -0.118815  -0.766606   0.575341  -1.117793   0.881102   0.001000
 -0.259194  -0.118815  -0.766606   0.575341  -1.117793   0.881102   0.001000
 -0.259194  -0.118815  -0.766606   0.575341  -1.117793   0.881102   0.001000
 -0.259194  -0.118815  -0.766606   0.575341  -1.117793   0.881102   0.001000
 -0.259194  -0.118815  -0.766606   0.575341  -1.117793   0.881102   0.001000
 -0.259194  -0.118815  -0.766606   0.575341  -1.117793   0.881102   0.001000
 -0.259194  -0.118815  -0.766606   0.575341  -1.117793   0.881102   0.001000
 -0.259194  -0.118815  -0.766606   0.575341  -1.117793   0.881102   0.001000
 -0.259194  -0.118815  -0.766606   0.575341  -1.117793   0.881102   0.001000
 -0.259194  -0.118815  -0.766606   0.575341  -1.117793   0.881102   0.001000
 -0.259194  -0.118815  -0.766606   0.575341  -1.117793   0.881102   0.001000
 -0.259194  -0.118815  -0.766606   0.575341  -1.117793   0.881102   0.001000
 -0.259194  -0.118815  -0.766606   0.575341  -1.117793   0.881102   0.001000
 -0.259194  -0.118815  -0.766606   0.575341  -1.117793   0.881102   0.001000
 -0.259194  -0.118815  -0.766606   0.575341  -1.117793   0.881102   0.001000
 -0.259194  -0.118815  -0.766606   0.575341  -1.117793   0.881102   0.001000
 -0.259194  -0.118815  -0.766606   0.575341  -1.117793   0.881102   0.001000
 -0.252642  -0.125593  -0.762270   0.582531  -1.131864   0.840520   0.001000
 -0.252642  -0.125593  -0.762270   0.582531  -1.131864   0.840520   0.001000
 -0.252642  -0.125593  -0.762270   0.582531  -1.131864   0.840520   0.001000
 -0.252642  -0.125593  -0.762270   0.582531  -1.131864   0.840520   0.001000
 -0.252642  -0.125593  -0.762270   0.582531  -1.131864   0.840520   0.001000
 -0.252642  -0.125593  -0.762270   0.582531  -1.131864   0.840520   0.001000
 -0.252642  -0.125593  -0.762270   0.582531  -1.131864   0.840520   0.001000
 -0.252642  -0.125593  -0.762270   0.582531  -1.131864   0.840520   0.001000
 -0.252642  -0.125593  -0.762270   0.582531  -1.131864   0.840520   0.001000
 -0.256439  -0.129113  -0.752849   0.592273  -1.180725   0.881020   0.001000
 -0.256439  -0.129113  -0.752849   0.592273  -1.180725   0.881020   0.001000
 -0.256439  -0.129113  -0.752849   0.592273  -1.180725   0.881020   0.001000
 -0.256439  -0.129113  -0.752849   0.592273  -1.180725   0.881020   0.001000
 -0.256439  -0.129113  -0.752849   0.592273  -1.180725   0.881020   0.001000
 -0.256439  -0.129113  -0.752849   0.592273  -1.180725   0.881020   0.001000
 -0.039345   0.099231  -0.697533   0.708557  -1.216410   0.978341   0.001000
 -0.267808  -0.101904  -0.765330   0.576336  -1.188885   0.872432   0.001000
 -0.267808  -0.101904  -0.765330   0.576336  -1.188885   0.872432   0.001000
 -0.267808  -0.101904  -0.765330   0.576336  -1.188885   0.872432   0.001000
 -0.267808  -0.101904  -0.765330   0.576336  -1.188885   0.872432   0.001000
 -0.267808  -0.101904  -0.765330   0.576336  -1.188885   0.872432   0.001000
 -0.267808  -0.101904  -0.765330   0.576336  -1.188885   0.872432   0.001000
 -0.267808  -0.101904  -0.765330   0.576336  -1.188885   0.872432   0.001000
 -0.267808  -0.101904  -0.765330   0.576336  -1.188885   0.872432   0.001000
 -0.267808  -0.101904  -0.765330   0.576336  -1.188885   0.872432   0.001000
 -0.267808  -0.101904  -0.765330   0.576336  -1.188885   0.872432   0.001000
 -0.267808  -0.101904  -0.765330   0.576336  -1.188885   0.872432   0.001000
 -0.267808  -0.101904  -0.765330   0.576336  -1.188885   0.872432   0.001000
 -0.267808  -0.101904  -0.765330   0.576336  -1.188885   0.872432   0.001000
 -0.267808  -0.101904  -0.765330   0.576336  -1.188885   0.872432   0.001000
 -0.267808  -0.101904  -0.765330   0.576336  -1.188885   0.872432   0.001000
 -0.267808  -0.101904  -0.765330   0.576336  -1.188885   0.872432   0.001000
 -0.267808  -0.101904  -0.765330   0.576336  -1.188885   0.872432   0.001000
 -0.267808  -0.101904  -0.765330   0.576336  -1.188885   0.872432   0.001000
 -0.267808  -0.101904  -0.765330   0.576336  -1.188885   0.872432   0.001000
 -0.267808  -0.101904  -0.765330   0.576336  -1.188885   0.872432   0.001000
 -0.267808  -0.101904  -0.765330   0.576336  -1.188885   0.872432   0.001000
 -0.267808  -0.101904  -0.765330   0.576336  -1.188885   0.872432   0.001000
 -0.290543  -0.130772  -0.761660   0.564232  -1.167336   0.930220   0.001000
 -0.254693  -0.114130  -0.767915   0.576553  -1.141957   0.965270   0.001000
 -0.254693  -0.114130  -0.767915   0.576553  -1.141957   0.965270   0.001000
 -0.254693  -0.114130  -0.767915   0.576553  -1.141957   0.965270   0.001000
 -0.254693  -0.114130  -0.767915   0.576553  -1.141957   0.965270   0.001000
 -0.254693  -0.114130  -0.767915   0.576553  -1.141957   0.965270   0.001000
 -0.254693  -0.114130  -0.767915   0.576553  -1.141957   0.965270   0.001000
 -0.262135  -0.119283  -0.752594   0.592164  -1.158443   0.937827   0.001000
 -0.262135  -0.119283  -0.752594   0.592164  -1.158443   0.937827   0.001000
 -0.310720  -0.103659  -0.743399   0.583152  -1.088480   0.863603   0.001000
 -0.267732  -0.111494  -0.766703   0.572761  -1.095954   0.824191   0.001000
 -0.251331  -0.127396  -0.774375   0.566521  -1.115247   0.966718   0.001000
 -0.261919  -0.141059  -0.775024   0.557528  -1.154670   0.888095   0.001000
 -0.264473  -0.120459  -0.754589   0.588336  -1.138631   0.862522   0.001000
 -0.259220  -0.115425  -0.767365   0.575006  -1.071176   0.911900   0.001000
 -0.259220  -0.115425  -0.767365   0.575006  -1.071176   0.911900   0.001000
 -0.259220  -0.115425  -0.767365   0.575006  -1.071176   0.911900   0.001000
 -0.259220  -0.115425  -0.767365   0.575006  -1.071176   0.911900   0.001000
 -0.259220  -0.115425  -0.767365   0.575006  -1.071176   0.911900   0.001000
 -0.259220  -0.115425  -0.767365   0.575006  -1.071176   0.911900   0.001000
 -0.259220  -0.115425  -0.767365   0.575006  -1.071176   0.911900   0.001000
 -0.259220  -0.115425  -0.767365   0.575006  -1.071176   0.911900   0.001000
 -0.259220  -0.115425  -0.767365   0.575006  -1.071176   0.911900   0.001000
 -0.259220  -0.115425  -0.767365   0.575006  -1.071176   0.911900   0.001000
 -0.259220  -0.115425  -0.767365   0.575006  -1.071176   0.911900   0.001000
 -0.259220  -0.115425  -0.767365   0.575006  -1.071176   0.911900   0.001000
 -0.259220  -0.115425  -0.767365   0.575006  -1.071176   0.911900   0.001000
 -0.259220  -0.115425  -0.767365   0.575006  -1.071176   0.911900   0.001000
 -0.259220  -0.115425  -0.767365   0.575006  -1.071176   0.911900   0.001000
 -0.259220  -0.115425  -0.767365   0.575006  -1.071176   0.911900   0.001000
 -0.259220  -0.115425  -0.767365   0.575006  -1.071176   0.911900   0.001000
 -0.266101  -0.125622  -0.757350   0.582950  -1.158141   0.873985   0.001000
 -0.231281  -0.125464  -0.763095   0.590300  -1.235695   0.874783   0.001000
 -0.259273  -0.128740  -0.775051   0.561693  -1.098792   0.888421   0.001000
 -0.259273  -0.128740  -0.775051   0.561693  -1.098792   0.888421   0.001000
 -0.258789  -0.114253  -0.767358   0.575444  -1.131998   0.969884   0.001000
 -0.258789  -0.114253  -0.767358   0.575444  -1.131998   0.969884   0.001000
 -0.258789  -0.114253  -0.767358   0.575444  -1.131998   0.969884   0.001000
 -0.258789  -0.114253  -0.767358   0.575444  -1.131998   0.969884   0.001000
 -0.258789  -0.114253  -0.767358   0.575444  -1.131998   0.969884   0.001000
 -0.258789  -0.114253  -0.767358   0.575444  -1.131998   0.969884   0.001000
 -0.258789  -0.114253  -0.767358   0.575444  -1.131998   0.969884   0.001000
 -0.253262  -0.128585  -0.763542   0.579939  -1.026889   0.986794   0.001000
 -0.253262  -0.128585  -0.763542   0.579939  -1.026889   0.986794   0.001000
 -0.253262  -0.128585  -0.763542   0.579939  -1.026889   0.986794   0.001000
 -0.253262  -0.128585  -0.763542   0.579939  -1.026889   0.986794   0.001000
 -0.253262  -0.128585  -0.763542   0.579939  -1.026889   0.986794   0.001000
 -0.253262  -0.128585  -0.763542   0.579939  -1.026889   0.986794   0.001000
 -0.253262  -0.128585  -0.763542   0.579939  -1.026889   0.986794   0.001000
 -0.253262  -0.128585  -0.763542   0.579939  -1.026889   0.986794   0.001000
 -0.253262  -0.128585  -0.763542   0.579939  -1.026889   0.986794   0.001000
 -0.253262  -0.128585  -0.763542   0.579939  -1.026889   0.986794   0.001000
 -0.253262  -0.128585  -0.763542   0.579939  -1.026889   0.986794   0.001000
 -0.253262  -0.128585  -0.763542   0.579939  -1.026889   0.986794   0.001000
 -0.260982  -0.117558  -0.778962   0.557931  -1.057729   0.881341   0.001000
 -0.265250  -0.123125  -0.753193   0.589223  -1.180943   0.903563   0.001000
 -0.265250  -0.123125  -0.753193   0.589223  -1.180943   0.903563   0.001000
 -0.265250  -0.123125  -0.753193   0.589223  -1.180943   0.903563   0.001000
 -0.258047  -0.136133  -0.756057   0.585881  -1.058017   0.990955   0.001000
 -0.266860  -0.125351  -0.768669   0.567645  -1.167687   1.017255   0.001000
 -0.266860  -0.125351  -0.768669   0.567645  -1.167687   1.017255   0.001000
 -0.266860  -0.125351  -0.768669   0.567645  -1.167687   1.017255   0.001000
 -0.266860  -0.125351  -0.768669   0.567645  -1.167687   1.017255   0.001000
 -0.266860  -0.125351  -0.768669   0.567645  -1.167687   1.017255   0.001000
 -0.266860  -0.125351  -0.768669   0.567645  -1.167687   1.017255   0.001000
 -0.237965  -0.137003  -0.773943   0.570627  -1.226062   0.863045   0.001000
 -0.237965  -0.137003  -0.773943   0.570627  -1.226062   0.863045   0.001000
 -0.256275  -0.122504  -0.759601   0.585084  -1.144547   0.924331   0.001000
 -0.256275  -0.122504  -0.759601   0.585084  -1.144547   0.924331   0.001000
 -0.256275  -0.122504  -0.759601   0.585084  -1.144547   0.924331   0.001000
 -0.256275  -0.122504  -0.759601   0.585084  -1.144547   0.924331   0.001000
 -0.256275  -0.122504  -0.759601   0.585084  -1.144547   0.924331   0.001000
 -0.256275  -0.122504  -0.759601   0.585084  -1.144547   0.924331   0.001000
 -0.256275  -0.122504  -0.759601   0.585084  -1.144547   0.924331   0.001000
 -0.256275  -0.122504  -0.759601   0.585084  -1.144547   0.924331   0.001000
 -0.256275  -0.122504  -0.759601   0.585084  -1.144547   0.924331   0.001000
 -0.256275  -0.122504  -0.759601   0.585084  -1.144547   0.924331   0.001000
 -0.256275  -0.122504  -0.759601   0.585084  -1.144547   0.924331   0.001000
 -0.256275  -0.122504  -0.759601   0.585084  -1.144547   0.924331   0.001000
 -0.256275  -0.122504  -0.759601   0.585084  -1.144547   0.924331   0.001000
 -0.256275  -0.122504  -0.759601   0.585084  -1.144547   0.924331   0.001000
 -0.256275  -0.122504  -0.759601   0.585084  -1.144547   0.924331   0.001000
 -0.256275  -0.122504  -0.759601   0.585084  -1.144547   0.924331   0.001000
 -0.256275  -0.122504  -0.759601   0.585084  -1.144547   0.924331   0.001000
 -0.256275  -0.122504  -0.759601   0.585084  -1.144547   0.924331   0.001000
 -0.256275  -0.122504  -0.759601   0.585084  -1.144547   0.924331   0.001000
 -0.256275  -0.122504  -0.759601   0.585084  -1.144547   0.924331   0.001000
 -0.256275  -0.122504  -0.759601   0.585084  -1.144547   0.924331   0.001000
 -0.256275  -0.122504  -0.759601   0.585084  -1.144547   0.924331   0.001000
 -0.256275  -0.122504  -0.759601   0.585084  -1.144547   0.924331   0.001000
 -0.256275  -0.122504  -0.759601   0.585084  -1.144547   0.924331   0.001000
 -0.256275  -0.122504  -0.759601   0.585084  -1.144547   0.924331   0.001000
 -0.256275  -0.122504  -0.759601   0.585084  -1.144547   0.924331   0.001000
 -0.256275  -0.122504  -0.759601   0.585084  -1.144547   0.924331   0.001000
 -0.256275  -0.122504  -0.759601   0.585084  -1.144547   0.924331   0.001000
 -0.256275  -0.122504  -0.759601   0.585084  -1.144547   0.924331   0.001000
 -0.256275  -0.122504  -0.759601   0.585084  -1.144547   0.924331   0.001000
 -0.256275  -0.122504  -0.759601   0.585084  -1.144547   0.924331   0.001000
 -0.256275  -0.122504  -0.759601   0.585084  -1.144547   0.924331   0.001000
 -0.256275  -0.122504  -0.759601   0.585084  -1.144547   0.924331   0.001000
 -0.256275  -0.122504  -0.759601   0.585084  -1.144547   0.924331   0.001000
 -0.256275  -0.122504  -0.759601   0.585084  -1.144547   0.924331   0.001000
 -0.256275  -0.122504  -0.759601   0.585084  -1.144547   0.924331   0.001000
 -0.256275  -0.122504  -0.759601   0.585084  -1.144547   0.924331   0.001000
 -0.256275  -0.122504  -0.759601   0.585084  -1.144547   0.924331   0.001000
 -0.256275  -0.122504  -0.759601   0.585084  -1.144547   0.924331   0.001000
 -0.256275  -0.122504  -0.759601   0.585084  -1.144547   0.924331   0.001000
 -0.256275  -0.122504  -0.759601   0.585084  -1.144547   0.924331   0.001000
 -0.241681  -0.128669  -0.776520   0.567495  -1.220900   0.957344   0.001000
 -0.241681  -0.128669  -0.776520   0.567495  -1.220900   0.957344   0.001000
 -0.241681  -0.128669  -0.776520   0.567495  -1.220900   0.957344   0.001000
 -0.241681  -0.128669  -0.776520   0.567495  -1.220900   0.957344   0.001000
 -0.241681  -0.128669  -0.776520   0.567495  -1.220900   0.957344   0.001000
 -0.241681  -0.128669  -0.776520   0.567495  -1.220900   0.957344   0.001000
 -0.241681  -0.128669  -0.776520   0.567495  -1.220900   0.957344   0.001000
 -0.241681  -0.128669  -0.776520   0.567495  -1.220900   0.957344   0.001000
 -0.241681  -0.128669  -0.776520   0.567495  -1.220900   0.957344   0.001000
 -0.241681  -0.128669  -0.776520   0.567495  -1.220900   0.957344   0.001000
 -0.241681  -0.128669  -0.776520   0.567495  -1.220900   0.957344   0.001000
 -0.241681  -0.128669  -0.776520   0.567495  -1.220900   0.957344   0.001000
 -0.241681  -0.128669  -0.776520   0.567495  -1.220900   0.957344   0.001000
 -0.241681  -0.128669  -0.776520   0.567495  -1.220900   0.957344   0.001000
 -0.241681  -0.128669  -0.776520   0.567495  -1.220900   0.957344   0.001000
 -0.241681  -0.128669  -0.776520   0.567495  -1.220900   0.957344   0.001000
 -0.241681  -0.128669  -0.776520   0.567495  -1.220900   0.957344   0.001000
 -0.241681  -0.128669  -0.776520   0.567495  -1.220900   0.957344   0.001000
 -0.241681  -0.128669  -0.776520   0.567495  -1.220900   0.957344   0.001000
 -0.241681  -0.128669  -0.776520   0.567495  -1.220900   0.957344   0.001000
 -0.241681  -0.128669  -0.776520   0.567495  -1.220900   0.957344   0.001000
 -0.257595  -0.109110  -0.761370   0.584856  -1.188075   0.878587   0.001000
 -0.257595  -0.109110  -0.761370   0.584856  -1.188075   0.878587   0.001000
 -0.257595  -0.109110  -0.761370   0.584856  -1.188075   0.878587   0.001000
 -0.257595  -0.109110  -0.761370   0.584856  -1.188075   0.878587   0.001000
 -0.257595  -0.109110  -0.761370   0.584856  -1.188075   0.878587   0.001000
 -0.257595  -0.109110  -0.761370   0.584856  -1.188075   0.878587   0.001000
 -0.257595  -0.109110  -0.761370   0.584856  -1.188075   0.878587   0.001000
 -0.257595  -0.109110  -0.761370   0.584856  -1.188075   0.878587   0.001000
 -0.257595  -0.109110  -0.761370   0.584856  -1.188075   0.878587   0.001000
 -0.257595  -0.109110  -0.761370   0.584856  -1.188075   0.878587   0.001000
 -0.257595  -0.109110  -0.761370   0.584856  -1.188075   0.878587   0.001000
 -0.254828  -0.130696  -0.771883   0.567607  -1.250614   0.825840   0.001000
 -0.254828  -0.130696  -0.771883   0.567607  -1.250614   0.825840   0.001000
 -0.254828  -0.130696  -0.771883   0.567607  -1.250614   0.825840   0.001000
 -0.254828  -0.130696  -0.771883   0.567607  -1.250614   0.825840   0.001000
 -0.254828  -0.130696  -0.771883   0.567607  -1.250614   0.825840   0.001000
 -0.254828  -0.130696  -0.771883   0.567607  -1.250614   0.825840   0.001000
 -0.254828  -0.130696  -0.771883   0.567607  -1.250614   0.825840   0.001000
 -0.254828  -0.130696  -0.771883   0.567607  -1.250614   0.825840   0.001000
 -0.254828  -0.130696  -0.771883   0.567607  -1.250614   0.825840   0.001000
 -0.254828  -0.130696  -0.771883   0.567607  -1.250614   0.825840   0.001000
 -0.254828  -0.130696  -0.771883   0.567607  -1.250614   0.825840   0.001000
 -0.254828  -0.130696  -0.771883   0.567607  -1.250614   0.825840   0.001000
 -0.254828  -0.130696  -0.771883   0.567607  -1.250614   0.825840   0.001000
 -0.254828  -0.130696  -0.771883   0.567607  -1.250614   0.825840   0.001000
 -0.254828  -0.130696  -0.771883   0.567607  -1.250614   0.825840   0.001000
 -0.254828  -0.130696  -0.771883   0.567607  -1.250614   0.825840   0.001000
 -0.254828  -0.130696  -0.771883   0.567607  -1.250614   0.825840   0.001000
 -0.254828  -0.130696  -0.771883   0.567607  -1.250614   0.825840   0.001000
 -0.254828  -0.130696  -0.771883   0.567607  -1.250614   0.825840   0.001000
 -0.254828  -0.130696  -0.771883   0.567607  -1.250614   0.825840   0.001000
 -0.254828  -0.130696  -0.771883   0.567607  -1.250614   0.825840   0.001000
 -0.254828  -0.130696  -0.771883   0.567607  -1.250614   0.825840   0.001000
 -0.254828  -0.130696  -0.771883   0.567607  -1.250614   0.825840   0.001000
 -0.254828  -0.130696  -0.771883   0.567607  -1.250614   0.825840   0.001000
 -0.254828  -0.130696  -0.771883   0.567607  -1.250614   0.825840   0.001000
 -0.254828  -0.130696  -0.771883   0.567607  -1.250614   0.825840   0.001000
 -0.254828  -0.130696  -0.771883   0.567607  -1.250614   0.825840   0.001000
 -0.254828  -0.130696  -0.771883   0.567607  -1.250614   0.825840   0.001000
 -0.254828  -0.130696  -0.771883   0.567607  -1.250614   0.825840   0.001000
 -0.254828  -0.130696  -0.771883   0.567607  -1.250614   0.825840   0.001000
 -0.254828  -0.130696  -0.771883   0.567607  -1.250614   0.825840   0.001000
 -0.254828  -0.130696  -0.771883   0.567607  -1.250614   0.825840   0.001000
 -0.254828  -0.130696  -0.771883   0.567607  -1.250614   0.825840   0.001000
 -0.254828  -0.130696  -0.771883   0.567607  -1.250614   0.825840   0.001000
 -0.254828  -0.130696  -0.771883   0.567607  -1.250614   0.825840   0.001000
 -0.254828  -0.130696  -0.771883   0.567607  -1.250614   0.825840   0.001000
 -0.254828  -0.130696  -0.771883   0.567607  -1.250614   0.825840   0.001000
 -0.254828  -0.130696  -0.771883   0.567607  -1.250614   0.825840   0.001000
 -0.254828  -0.130696  -0.771883   0.567607  -1.250614   0.825840   0.001000
 -0.254828  -0.130696  -0.771883   0.567607  -1.250614   0.825840   0.001000
 -0.256020  -0.131918  -0.762852   0.578885  -1.051407   1.052685   0.001000
 -0.256020  -0.131918  -0.762852   0.578885  -1.051407   1.052685   0.001000
 -0.250733  -0.142019  -0.754469   0.589695  -1.120195   1.103221   0.001000
 -0.248059  -0.129598  -0.767643   0.576537  -1.109841   0.906767   0.001000
 -0.248059  -0.129598  -0.767643   0.576537  -1.109841   0.906767   0.001000
 -0.248059  -0.129598  -0.767643   0.576537  -1.109841   0.906767   0.001000
 -0.248059  -0.129598  -0.767643   0.576537  -1.109841   0.906767   0.001000
 -0.248059  -0.129598  -0.767643   0.576537  -1.109841   0.906767   0.001000
 -0.248059  -0.129598  -0.767643   0.576537  -1.109841   0.906767   0.001000
 -0.248059  -0.129598  -0.767643   0.576537  -1.109841   0.906767   0.001000
 -0.248059  -0.129598  -0.767643   0.576537  -1.109841   0.906767   0.001000
 -0.248059  -0.129598  -0.767643   0.576537  -1.109841   0.906767   0.001000
 -0.248059  -0.129598  -0.767643   0.576537  -1.109841   0.906767   0.001000
 -0.248059  -0.129598  -0.767643   0.576537  -1.109841   0.906767   0.001000
 -0.248059  -0.129598  -0.767643   0.576537  -1.109841   0.906767   0.001000
 -0.248059  -0.129598  -0.767643   0.576537  -1.109841   0.906767   0.001000
 -0.248059  -0.129598  -0.767643   0.576537  -1.109841   0.906767   0.001000
 -0.248059  -0.129598  -0.767643   0.576537  -1.109841   0.906767   0.001000
 -0.248059  -0.129598  -0.767643   0.576537  -1.109841   0.906767   0.001000
 -0.248059  -0.129598  -0.767643   0.576537  -1.109841   0.906767   0.001000
 -0.248059  -0.129598  -0.767643   0.576537  -1.109841   0.906767   0.001000
 -0.248059  -0.129598  -0.767643   0.576537  -1.109841   0.906767   0.001000
 -0.248059  -0.129598  -0.767643   0.576537  -1.109841   0.906767   0.001000
 -0.248059  -0.129598  -0.767643   0.576537  -1.109841   0.906767   0.001000
 -0.247136  -0.119705  -0.780013   0.562293  -1.227837   0.969935   0.001000
 -0.256177  -0.114769  -0.767478   0.576350  -1.221766   0.982379   0.001000
 -0.256177  -0.114769  -0.767478   0.576350  -1.221766   0.982379   0.001000
 -0.256177  -0.114769  -0.767478   0.576350  -1.221766   0.982379   0.001000
 -0.256177  -0.114769  -0.767478   0.576350  -1.221766   0.982379   0.001000
 -0.256177  -0.114769  -0.767478   0.576350  -1.221766   0.982379   0.001000
 -0.256177  -0.114769  -0.767478   0.576350  -1.221766   0.982379   0.001000
 -0.256177  -0.114769  -0.767478   0.576350  -1.221766   0.982379   0.001000
 -0.256177  -0.114769  -0.767478   0.576350  -1.221766   0.982379   0.001000
 -0.256177  -0.114769  -0.767478   0.576350  -1.221766   0.982379   0.001000
 -0.256177  -0.114769  -0.767478   0.576350  -1.221766   0.982379   0.001000
 -0.256177  -0.114769  -0.767478   0.576350  -1.221766   0.982379   0.001000
 -0.256177  -0.114769  -0.767478   0.576350  -1.221766   0.982379   0.001000
 -0.256177  -0.114769  -0.767478   0.576350  -1.221766   0.982379   0.001000
 -0.256177  -0.114769  -0.767478   0.576350  -1.221766   0.982379   0.001000
 -0.256177  -0.114769  -0.767478   0.576350  -1.221766   0.982379   0.001000
 -0.256177  -0.114769  -0.767478   0.576350  -1.221766   0.982379   0.001000
 -0.256177  -0.114769  -0.767478   0.576350  -1.221766   0.982379   0.001000
 -0.256177  -0.114769  -0.767478   0.576350  -1.221766   0.982379   0.001000
 -0.218197  -0.129884  -0.792696   0.554215  -1.121954   0.906598   0.001000
 -0.261043  -0.127259  -0.763997   0.576169  -1.474050   1.001937   0.001000
 -0.261043  -0.127259  -0.763997   0.576169  -1.474050   1.001937   0.001000
 -0.261043  -0.127259  -0.763997   0.576169  -1.474050   1.001937   0.001000
 -0.261043  -0.127259  -0.763997   0.576169  -1.474050   1.001937   0.001000
 -0.261043  -0.127259  -0.763997   0.576169  -1.474050   1.001937   0.001000
 -0.261043  -0.127259  -0.763997   0.576169  -1.474050   1.001937   0.001000
 -0.261043  -0.127259  -0.763997   0.576169  -1.474050   1.001937   0.001000
 -0.246035  -0.125072  -0.770291   0.574871  -1.410960   0.913367   0.001000
 -0.246035  -0.125072  -0.770291   0.574871  -1.410960   0.913367   0.001000
 -0.246035  -0.125072  -0.770291   0.574871  -1.410960   0.913367   0.001000
 -0.246035  -0.125072  -0.770291   0.574871  -1.410960   0.913367   0.001000
 -0.248859  -0.131034  -0.779311   0.559977  -1.396180   1.015699   0.001000
 -0.287027  -0.131084  -0.756775   0.572472  -1.406780   1.017235   0.001000
 -0.258889  -0.118404  -0.775125   0.564037  -1.478754   0.998912   0.001000
 -0.258889  -0.118404  -0.775125   0.564037  -1.478754   0.998912   0.001000
 -0.258889  -0.118404  -0.775125   0.564037  -1.478754   0.998912   0.001000
 -0.258889  -0.118404  -0.775125   0.564037  -1.478754   0.998912   0.001000
 -0.258889  -0.118404  -0.775125   0.564037  -1.478754   0.998912   0.001000
 -0.258889  -0.118404  -0.775125   0.564037  -1.478754   0.998912   0.001000
 -0.258889  -0.118404  -0.775125   0.564037  -1.478754   0.998912   0.001000
 -0.258889  -0.118404  -0.775125   0.564037  -1.478754   0.998912   0.001000
 -0.258889  -0.118404  -0.775125   0.564037  -1.478754   0.998912   0.001000
 -0.264822  -0.115609  -0.775393   0.561489  -1.492369   1.125411   0.001000
 -0.223725  -0.086711  -0.789560   0.564821  -1.538970   1.080199   0.001000
 -0.236353  -0.134115  -0.759255   0.591340  -1.204544   1.168235   0.001000
 -0.236353  -0.134115  -0.759255   0.591340  -1.204544   1.168235   0.001000
 -0.236353  -0.134115  -0.759255   0.591340  -1.204544   1.168235   0.001000
 -0.245786  -0.141119  -0.756686   0.589153  -1.382350   1.071338   0.001000
 -0.264455  -0.113703  -0.767245   0.573123  -1.205093   1.135323   0.001000
 -0.264455  -0.113703  -0.767245   0.573123  -1.205093   1.135323   0.001000
 -0.264455  -0.113703  -0.767245   0.573123  -1.205093   1.135323   0.001000
 -0.264455  -0.113703  -0.767245   0.573123  -1.205093   1.135323   0.001000
 -0.264455  -0.113703  -0.767245   0.573123  -1.205093   1.135323   0.001000
 -0.264455  -0.113703  -0.767245   0.573123  -1.205093   1.135323   0.001000
 -0.260877  -0.113111  -0.763628   0.579673  -1.560122   0.924429   0.001000
 -0.260877  -0.113111  -0.763628   0.579673  -1.560122   0.924429   0.001000
 -0.260877  -0.113111  -0.763628   0.579673  -1.560122   0.924429   0.001000
 -0.265762  -0.113533  -0.760306   0.581735  -1.484391   0.958799   0.001000
 -0.258853  -0.111002  -0.765969   0.577897  -1.555496   0.992059   0.001000
 -0.258853  -0.111002  -0.765969   0.577897  -1.555496   0.992059   0.001000
 -0.258853  -0.111002  -0.765969   0.577897  -1.555496   0.992059   0.001000
 -0.258853  -0.111002  -0.765969   0.577897  -1.555496   0.992059   0.001000
 -0.263089  -0.096858  -0.765935   0.578572  -1.525338   0.975939   0.001000
 -0.262942  -0.105946  -0.772366   0.568408  -1.529182   1.015056   0.001000
 -0.262942  -0.105946  -0.772366   0.568408  -1.529182   1.015056   0.001000
 -0.262942  -0.105946  -0.772366   0.568408  -1.529182   1.015056   0.001000
 -0.262942  -0.105946  -0.772366   0.568408  -1.529182   1.015056   0.001000
 -0.262942  -0.105946  -0.772366   0.568408  -1.529182   1.015056   0.001000
 -0.262942  -0.105946  -0.772366   0.568408  -1.529182   1.015056   0.001000
 -0.262942  -0.105946  -0.772366   0.568408  -1.529182   1.015056   0.001000
 -0.262942  -0.105946  -0.772366   0.568408  -1.529182   1.015056   0.001000
 -0.313157  -0.127288  -0.738521   0.583367  -1.522658   0.976707   0.001000
 -0.274751  -0.124285  -0.765476   0.568429  -1.505903   1.098429   0.001000
 -0.245666  -0.137859  -0.740946   0.609624  -1.372483   1.051568   0.001000
 -0.257077  -0.119859  -0.761026   0.583426  -1.172291   1.263829   0.001000
 -0.257077  -0.119859  -0.761026   0.583426  -1.172291   1.263829   0.001000
 -0.257077  -0.119859  -0.761026   0.583426  -1.172291   1.263829   0.001000
 -0.257077  -0.119859  -0.761026   0.583426  -1.172291   1.263829   0.001000
 -0.257077  -0.119859  -0.761026   0.583426  -1.172291   1.263829   0.001000
 -0.257077  -0.119859  -0.761026   0.583426  -1.172291   1.263829   0.001000
 -0.257077  -0.119859  -0.761026   0.583426  -1.172291   1.263829   0.001000
 -0.257077  -0.119859  -0.761026   0.583426  -1.172291   1.263829   0.001000
 -0.257077  -0.119859  -0.761026   0.583426  -1.172291   1.263829   0.001000
 -0.238372  -0.134178  -0.774784   0.569986  -1.047303   0.875306   0.001000
 -0.238372  -0.134178  -0.774784   0.569986  -1.047303   0.875306   0.001000
 -0.238372  -0.134178  -0.774784   0.569986  -1.047303   0.875306   0.001000
 -0.247349  -0.131920  -0.757966   0.588985  -1.146819   0.881009   0.001000
