 -0.268197  -0.076870  -0.513144   0.811692   0.135647   0.650725   0.001000
 -0.268197  -0.076870  -0.513144   0.811692   0.135647   0.650725   0.001000
 -0.268197  -0.076870  -0.513144   0.811692   0.135647   0.650725   0.001000
 -0.240199  -0.070909  -0.533261   0.808028   0.188273   0.829126   0.001000
 -0.253584  -0.056631  -0.526353   0.809593   0.042864   0.604750   0.001000
 -0.253584  -0.056631  -0.526353   0.809593   0.042864   0.604750   0.001000
 -0.245145  -0.052368  -0.525904   0.812765   0.194742   0.777950   0.001000
 -0.249332  -0.035211  -0.507950   0.823760  -0.143222   0.787220   0.001000
 -0.222690  -0.095361  -0.524690   0.816098   0.149399   0.632828   0.001000
 -0.222690  -0.095361  -0.524690   0.816098   0.149399   0.632828   0.001000
 -0.222690  -0.095361  -0.524690   0.816098   0.149399   0.632828   0.001000
 -0.222690  -0.095361  -0.524690   0.816098   0.149399   0.632828   0.001000
 -0.222690  -0.095361  -0.524690   0.816098   0.149399   0.632828   0.001000
 -0.222690  -0.095361  -0.524690   0.816098   0.149399   0.632828   0.001000
 -0.209296  -0.092452  -0.542273   0.808448   0.002671   0.856363   0.001000
 -0.251087  -0.073925  -0.532261   0.805102  -0.158796   0.666154   0.001000
 -0.251087  -0.073925  -0.532261   0.805102  -0.158796   0.666154   0.001000
 -0.244594  -0.083660  -0.524285   0.811357  -0.222365   0.836467   0.001000
 -0.244594  -0.083660  -0.524285   0.811357  -0.222365   0.836467   0.001000
 -0.244385  -0.066152  -0.523204   0.813730   0.021875   0.672595   0.001000
 -0.262958  -0.069398  -0.524462   0.806832  -0.160173   0.588860   0.001000
 -0.267018  -0.056697  -0.503712   0.819610  -0.094876   0.876867   0.001000
 -0.243274  -0.068904  -0.522198   0.814481  -0.147436   0.631721   0.001000
 -0.248414  -0.070459  -0.535529   0.804074  -0.175341   0.612643   0.001000
 -0.252515  -0.066860  -0.525119   0.809948  -0.205933   0.616253   0.001000
 -0.252515  -0.066860  -0.525119   0.809948  -0.205933   0.616253   0.001000
 -0.252515  -0.066860  -0.525119   0.809948  -0.205933   0.616253   0.001000
 -0.252515  -0.066860  -0.525119   0.809948  -0.205933   0.616253   0.001000
 -0.252515  -0.066860  -0.525119   0.809948  -0.205933   0.616253   0.001000
 -0.254429  -0.060691  -0.525198   0.809784   0.079261   0.614744   0.001000
 -0.239312  -0.071431  -0.547077   0.798958  -0.364632   0.753126   0.001000
 -0.239312  -0.071431  -0.547077   0.798958  -0.364632   0.753126   0.001000
 -0.266972  -0.060330  -0.549518   0.789377  -0.183941   0.866881   0.001000
 -0.266972  -0.060330  -0.549518   0.789377  -0.183941   0.866881   0.001000
 -0.266972  -0.060330  -0.549518   0.789377  -0.183941   0.866881   0.001000
 -0.225410  -0.093461  -0.531439   0.811189  -0.376904   0.929218   0.001000
 -0.255793  -0.069713  -0.526697   0.807651  -0.286250   0.526160   0.001000
 -0.255793  -0.069713  -0.526697   0.807651  -0.286250   0.526160   0.001000
 -0.255793  -0.069713  -0.526697   0.807651  -0.286250   0.526160   0.001000
 -0.255793  -0.069713  -0.526697   0.807651  -0.286250   0.526160   0.001000
 -0.255793  -0.069713  -0.526697   0.807651  -0.286250   0.526160   0.001000
 -0.255793  -0.069713  -0.526697   0.807651  -0.286250   0.526160   0.001000
 -0.253546  -0.069160  -0.516361   0.815047  -0.220944   0.902318   0.001000
 -0.253546  -0.069160  -0.516361   0.815047  -0.220944   0.902318   0.001000
 -0.253546  -0.069160  -0.516361   0.815047  -0.220944   0.902318   0.001000
 -0.253546  -0.069160  -0.516361   0.815047  -0.220944   0.902318   0.001000
 -0.253546  -0.069160  -0.516361   0.815047  -0.220944   0.902318   0.001000
 -0.253546  -0.069160  -0.516361   0.815047  -0.220944   0.902318   0.001000
 -0.271969  -0.072846  -0.522581   0.804758  -0.259158   0.820306   0.001000
 -0.271969  -0.072846  -0.522581   0.804758  -0.259158   0.820306   0.001000
 -0.245249  -0.074644  -0.511203   0.820337  -0.229648   0.838920   0.001000
 -0.283733  -0.046584  -0.524441   0.801428   0.030745   0.414694   0.001000
 -0.267176  -0.055066  -0.529826   0.803037   0.040947   0.790537   0.001000
 -0.269766  -0.058293  -0.516743   0.810435   0.177885   0.720207   0.001000
 -0.252168  -0.079757  -0.513946   0.816033  -0.190483   0.761550   0.001000
 -0.252168  -0.079757  -0.513946   0.816033  -0.190483   0.761550   0.001000
 -0.252168  -0.079757  -0.513946   0.816033  -0.190483   0.761550   0.001000
 -0.252168  -0.079757  -0.513946   0.816033  -0.190483   0.761550   0.001000
 -0.252168  -0.079757  -0.513946   0.816033  -0.190483   0.761550   0.001000
 -0.252168  -0.079757  -0.513946   0.816033  -0.190483   0.761550   0.001000
 -0.267579  -0.060622  -0.528176   0.803590  -0.164367   0.900764   0.001000
 -0.267579  -0.060622  -0.528176   0.803590  -0.164367   0.900764   0.001000
 -0.267579  -0.060622  -0.528176   0.803590  -0.164367   0.900764   0.001000
 -0.267579  -0.060622  -0.528176   0.803590  -0.164367   0.900764   0.001000
 -0.267579  -0.060622  -0.528176   0.803590  -0.164367   0.900764   0.001000
 -0.267579  -0.060622  -0.528176   0.803590  -0.164367   0.900764   0.001000
 -0.267579  -0.060622  -0.528176   0.803590  -0.164367   0.900764   0.001000
 -0.267579  -0.060622  -0.528176   0.803590  -0.164367   0.900764   0.001000
 -0.267579  -0.060622  -0.528176   0.803590  -0.164367   0.900764   0.001000
 -0.267579  -0.060622  -0.528176   0.803590  -0.164367   0.900764   0.001000
 -0.267579  -0.060622  -0.528176   0.803590  -0.164367   0.900764   0.001000
 -0.267579  -0.060622  -0.528176   0.803590  -0.164367   0.900764   0.001000
 -0.267579  -0.060622  -0.528176   0.803590  -0.164367   0.900764   0.001000
 -0.267579  -0.060622  -0.528176   0.803590  -0.164367   0.900764   0.001000
 -0.267579  -0.060622  -0.528176   0.803590  -0.164367   0.900764   0.001000
 -0.267579  -0.060622  -0.528176   0.803590  -0.164367   0.900764   0.001000
 -0.267579  -0.060622  -0.528176   0.803590  -0.164367   0.900764   0.001000
 -0.267579  -0.060622  -0.528176   0.803590  -0.164367   0.900764   0.001000
 -0.267579  -0.060622  -0.528176   0.803590  -0.164367   0.900764   0.001000
 -0.267579  -0.060622  -0.528176   0.803590  -0.164367   0.900764   0.001000
 -0.267579  -0.060622  -0.528176   0.803590  -0.164367   0.900764   0.001000
 -0.255856  -0.067360  -0.529067   0.806281  -0.303821   0.724208   0.001000
 -0.255856  -0.067360  -0.529067   0.806281  -0.303821   0.724208   0.001000
 -0.255856  -0.067360  -0.529067   0.806281  -0.303821   0.724208   0.001000
 -0.255856  -0.067360  -0.529067   0.806281  -0.303821   0.724208   0.001000
 -0.255856  -0.067360  -0.529067   0.806281  -0.303821   0.724208   0.001000
 -0.255856  -0.067360  -0.529067   0.806281  -0.303821   0.724208   0.001000
 -0.255856  -0.067360  -0.529067   0.806281  -0.303821   0.724208   0.001000
 -0.255856  -0.067360  -0.529067   0.806281  -0.303821   0.724208   0.001000
 -0.255856  -0.067360  -0.529067   0.806281  -0.303821   0.724208   0.001000
 -0.255856  -0.067360  -0.529067   0.806281  -0.303821   0.724208   0.001000
 -0.249816  -0.073671  -0.511184   0.819058  -0.186729   0.968543   0.001000
 -0.249816  -0.073671  -0.511184   0.819058  -0.186729   0.968543   0.001000
 -0.249816  -0.073671  -0.511184   0.819058  -0.186729   0.968543   0.001000
 -0.249816  -0.073671  -0.511184   0.819058  -0.186729   0.968543   0.001000
 -0.249816  -0.073671  -0.511184   0.819058  -0.186729   0.968543   0.001000
 -0.249816  -0.073671  -0.511184   0.819058  -0.186729   0.968543   0.001000
 -0.249816  -0.073671  -0.511184   0.819058  -0.186729   0.968543   0.001000
 -0.249816  -0.073671  -0.511184   0.819058  -0.186729   0.968543   0.001000
 -0.249816  -0.073671  -0.511184   0.819058  -0.186729   0.968543   0.001000
 -0.262538  -0.057904  -0.514764   0.814088  -0.205887   0.899954   0.001000
 -0.262538  -0.057904  -0.514764   0.814088  -0.205887   0.899954   0.001000
 -0.262538  -0.057904  -0.514764   0.814088  -0.205887   0.899954   0.001000
 -0.262538  -0.057904  -0.514764   0.814088  -0.205887   0.899954   0.001000
 -0.262538  -0.057904  -0.514764   0.814088  -0.205887   0.899954   0.001000
 -0.262538  -0.057904  -0.514764   0.814088  -0.205887   0.899954   0.001000
 -0.262538  -0.057904  -0.514764   0.814088  -0.205887   0.899954   0.001000
 -0.262538  -0.057904  -0.514764   0.814088  -0.205887   0.899954   0.001000
 -0.262538  -0.057904  -0.514764   0.814088  -0.205887   0.899954   0.001000
 -0.262538  -0.057904  -0.514764   0.814088  -0.205887   0.899954   0.001000
 -0.262538  -0.057904  -0.514764   0.814088  -0.205887   0.899954   0.001000
 -0.262538  -0.057904  -0.514764   0.814088  -0.205887   0.899954   0.001000
 -0.262538  -0.057904  -0.514764   0.814088  -0.205887   0.899954   0.001000
 -0.262538  -0.057904  -0.514764   0.814088  -0.205887   0.899954   0.001000
 -0.262538  -0.057904  -0.514764   0.814088  -0.205887   0.899954   0.001000
 -0.262538  -0.057904  -0.514764   0.814088  -0.205887   0.899954   0.001000
 -0.262538  -0.057904  -0.514764   0.814088  -0.205887   0.899954   0.001000
 -0.262538  -0.057904  -0.514764   0.814088  -0.205887   0.899954   0.001000
 -0.262538  -0.057904  -0.514764   0.814088  -0.205887   0.899954   0.001000
 -0.262538  -0.057904  -0.514764   0.814088  -0.205887   0.899954   0.001000
 -0.262538  -0.057904  -0.514764   0.814088  -0.205887   0.899954   0.001000
 -0.265922  -0.050466  -0.530950   0.803014  -0.231874   0.740780   0.001000
 -0.265922  -0.050466  -0.530950   0.803014  -0.231874   0.740780   0.001000
 -0.265922  -0.050466  -0.530950   0.803014  -0.231874   0.740780   0.001000
 -0.240732  -0.079510  -0.530072   0.809166  -0.140075   0.880270   0.001000
 -0.240732  -0.079510  -0.530072   0.809166  -0.140075   0.880270   0.001000
 -0.240732  -0.079510  -0.530072   0.809166  -0.140075   0.880270   0.001000
 -0.240732  -0.079510  -0.530072   0.809166  -0.140075   0.880270   0.001000
 -0.240732  -0.079510  -0.530072   0.809166  -0.140075   0.880270   0.001000
 -0.240732  -0.079510  -0.530072   0.809166  -0.140075   0.880270   0.001000
 -0.240732  -0.079510  -0.530072   0.809166  -0.140075   0.880270   0.001000
 -0.240732  -0.079510  -0.530072   0.809166  -0.140075   0.880270   0.001000
 -0.240732  -0.079510  -0.530072   0.809166  -0.140075   0.880270   0.001000
 -0.240732  -0.079510  -0.530072   0.809166  -0.140075   0.880270   0.001000
 -0.240732  -0.079510  -0.530072   0.809166  -0.140075   0.880270   0.001000
 -0.240732  -0.079510  -0.530072   0.809166  -0.140075   0.880270   0.001000
 -0.240732  -0.079510  -0.530072   0.809166  -0.140075   0.880270   0.001000
 -0.240732  -0.079510  -0.530072   0.809166  -0.140075   0.880270   0.001000
 -0.309982  -0.012093  -0.513626   0.799971  -0.059164   0.754907   0.001000
 -0.271360  -0.052122  -0.502857   0.819013  -0.282997   1.008922   0.001000
 -0.239520  -0.066320  -0.524701   0.814200  -0.122201   0.945642   0.001000
 -0.239520  -0.066320  -0.524701   0.814200  -0.122201   0.945642   0.001000
 -0.239520  -0.066320  -0.524701   0.814200  -0.122201   0.945642   0.001000
 -0.261200  -0.070921  -0.520501   0.809829  -0.034546   0.704395   0.001000
 -0.261200  -0.070921  -0.520501   0.809829  -0.034546   0.704395   0.001000
 -0.261200  -0.070921  -0.520501   0.809829  -0.034546   0.704395   0.001000
 -0.261200  -0.070921  -0.520501   0.809829  -0.034546   0.704395   0.001000
 -0.261200  -0.070921  -0.520501   0.809829  -0.034546   0.704395   0.001000
 -0.261200  -0.070921  -0.520501   0.809829  -0.034546   0.704395   0.001000
 -0.261200  -0.070921  -0.520501   0.809829  -0.034546   0.704395   0.001000
 -0.261200  -0.070921  -0.520501   0.809829  -0.034546   0.704395   0.001000
 -0.261200  -0.070921  -0.520501   0.809829  -0.034546   0.704395   0.001000
 -0.261200  -0.070921  -0.520501   0.809829  -0.034546   0.704395   0.001000
 -0.261200  -0.070921  -0.520501   0.809829  -0.034546   0.704395   0.001000
 -0.261200  -0.070921  -0.520501   0.809829  -0.034546   0.704395   0.001000
 -0.261200  -0.070921  -0.520501   0.809829  -0.034546   0.704395   0.001000
 -0.261200  -0.070921  -0.520501   0.809829  -0.034546   0.704395   0.001000
 -0.261200  -0.070921  -0.520501   0.809829  -0.034546   0.704395   0.001000
 -0.261200  -0.070921  -0.520501   0.809829  -0.034546   0.704395   0.001000
 -0.261200  -0.070921  -0.520501   0.809829  -0.034546   0.704395   0.001000
 -0.261200  -0.070921  -0.520501   0.809829  -0.034546   0.704395   0.001000
 -0.261200  -0.070921  -0.520501   0.809829  -0.034546   0.704395   0.001000
 -0.261200  -0.070921  -0.520501   0.809829  -0.034546   0.704395   0.001000
 -0.261200  -0.070921  -0.520501   0.809829  -0.034546   0.704395   0.001000
 -0.261200  -0.070921  -0.520501   0.809829  -0.034546   0.704395   0.001000
 -0.261200  -0.070921  -0.520501   0.809829  -0.034546   0.704395   0.001000
 -0.261200  -0.070921  -0.520501   0.809829  -0.034546   0.704395   0.001000
 -0.261200  -0.070921  -0.520501   0.809829  -0.034546   0.704395   0.001000
 -0.261200  -0.070921  -0.520501   0.809829  -0.034546   0.704395   0.001000
 -0.261200  -0.070921  -0.520501   0.809829  -0.034546   0.704395   0.001000
 -0.261200  -0.070921  -0.520501   0.809829  -0.034546   0.704395   0.001000
 -0.261200  -0.070921  -0.520501   0.809829  -0.034546   0.704395   0.001000
 -0.261200  -0.070921  -0.520501   0.809829  -0.034546   0.704395   0.001000
 -0.261200  -0.070921  -0.520501   0.809829  -0.034546   0.704395   0.001000
 -0.261200  -0.070921  -0.520501   0.809829  -0.034546   0.704395   0.001000
 -0.261200  -0.070921  -0.520501   0.809829  -0.034546   0.704395   0.001000
 -0.261200  -0.070921  -0.520501   0.809829  -0.034546   0.704395   0.001000
 -0.261200  -0.070921  -0.520501   0.809829  -0.034546   0.704395   0.001000
 -0.261200  -0.070921  -0.520501   0.809829  -0.034546   0.704395   0.001000
 -0.271117  -0.068105  -0.534891   0.797339  -0.085527   0.739152   0.001000
 -0.268864  -0.060306  -0.529038   0.802617   0.082102   0.896159   0.001000
 -0.268864  -0.060306  -0.529038   0.802617   0.082102   0.896159   0.001000
 -0.268864  -0.060306  -0.529038   0.802617   0.082102   0.896159   0.001000
 -0.268864  -0.060306  -0.529038   0.802617   0.082102   0.896159   0.001000
 -0.268864  -0.060306  -0.529038   0.802617   0.082102   0.896159   0.001000
 -0.268864  -0.060306  -0.529038   0.802617   0.082102   0.896159   0.001000
 -0.268864  -0.060306  -0.529038   0.802617   0.082102   0.896159   0.001000
 -0.268864  -0.060306  -0.529038   0.802617   0.082102   0.896159   0.001000
 -0.268864  -0.060306  -0.529038   0.802617   0.082102   0.896159   0.001000
 -0.268864  -0.060306  -0.529038   0.802617   0.082102   0.896159   0.001000
 -0.268864  -0.060306  -0.529038   0.802617   0.082102   0.896159   0.001000
 -0.268864  -0.060306  -0.529038   0.802617   0.082102   0.896159   0.001000
 -0.268864  -0.060306  -0.529038   0.802617   0.082102   0.896159   0.001000
 -0.268864  -0.060306  -0.529038   0.802617   0.082102   0.896159   0.001000
 -0.268864  -0.060306  -0.529038   0.802617   0.082102   0.896159   0.001000
 -0.268864  -0.060306  -0.529038   0.802617   0.082102   0.896159   0.001000
 -0.268864  -0.060306  -0.529038   0.802617   0.082102   0.896159   0.001000
 -0.268864  -0.060306  -0.529038   0.802617   0.082102   0.896159   0.001000
 -0.268864  -0.060306  -0.529038   0.802617   0.082102   0.896159   0.001000
 -0.268864  -0.060306  -0.529038   0.802617   0.082102   0.896159   0.001000
 -0.268864  -0.060306  -0.529038   0.802617   0.082102   0.896159   0.001000
 -0.268864  -0.060306  -0.529038   0.802617   0.082102   0.896159   0.001000
 -0.268864  -0.060306  -0.529038   0.802617   0.082102   0.896159   0.001000
 -0.268864  -0.060306  -0.529038   0.802617   0.082102   0.896159   0.001000
 -0.268864  -0.060306  -0.529038   0.802617   0.082102   0.896159   0.001000
 -0.268864  -0.060306  -0.529038   0.802617   0.082102   0.896159   0.001000
 -0.268864  -0.060306  -0.529038   0.802617   0.082102   0.896159   0.001000
 -0.268864  -0.060306  -0.529038   0.802617   0.082102   0.896159   0.001000
 -0.268864  -0.060306  -0.529038   0.802617   0.082102   0.896159   0.001000
 -0.268864  -0.060306  -0.529038   0.802617   0.082102   0.896159   0.001000
 -0.268864  -0.060306  -0.529038   0.802617   0.082102   0.896159   0.001000
 -0.268864  -0.060306  -0.529038   0.802617   0.082102   0.896159   0.001000
 -0.268864  -0.060306  -0.529038   0.802617   0.082102   0.896159   0.001000
 -0.268864  -0.060306  -0.529038   0.802617   0.082102   0.896159   0.001000
 -0.268864  -0.060306  -0.529038   0.802617   0.082102   0.896159   0.001000
 -0.268864  -0.060306  -0.529038   0.802617   0.082102   0.896159   0.001000
 -0.268864  -0.060306  -0.529038   0.802617   0.082102   0.896159   0.001000
 -0.268864  -0.060306  -0.529038   0.802617   0.082102   0.896159   0.001000
 -0.268864  -0.060306  -0.529038   0.802617   0.082102   0.896159   0.001000
 -0.268864  -0.060306  -0.529038   0.802617   0.082102   0.896159   0.001000
 -0.268864  -0.060306  -0.529038   0.802617   0.082102   0.896159   0.001000
 -0.268864  -0.060306  -0.529038   0.802617   0.082102   0.896159   0.001000
 -0.268864  -0.060306  -0.529038   0.802617   0.082102   0.896159   0.001000
 -0.268864  -0.060306  -0.529038   0.802617   0.082102   0.896159   0.001000
 -0.268864  -0.060306  -0.529038   0.802617   0.082102   0.896159   0.001000
 -0.268864  -0.060306  -0.529038   0.802617   0.082102   0.896159   0.001000
 -0.268864  -0.060306  -0.529038   0.802617   0.082102   0.896159   0.001000
 -0.268864  -0.060306  -0.529038   0.802617   0.082102   0.896159   0.001000
 -0.268864  -0.060306  -0.529038   0.802617   0.082102   0.896159   0.001000
 -0.268864  -0.060306  -0.529038   0.802617   0.082102   0.896159   0.001000
 -0.268864  -0.060306  -0.529038   0.802617   0.082102   0.896159   0.001000
 -0.268864  -0.060306  -0.529038   0.802617   0.082102   0.896159   0.001000
 -0.268864  -0.060306  -0.529038   0.802617   0.082102   0.896159   0.001000
 -0.268864  -0.060306  -0.529038   0.802617   0.082102   0.896159   0.001000
 -0.268864  -0.060306  -0.529038   0.802617   0.082102   0.896159   0.001000
 -0.268864  -0.060306  -0.529038   0.802617   0.082102   0.896159   0.001000
 -0.268864  -0.060306  -0.529038   0.802617   0.082102   0.896159   0.001000
 -0.268864  -0.060306  -0.529038   0.802617   0.082102   0.896159   0.001000
 -0.268864  -0.060306  -0.529038   0.802617   0.082102   0.896159   0.001000
 -0.268864  -0.060306  -0.529038   0.802617   0.082102   0.896159   0.001000
 -0.268864  -0.060306  -0.529038   0.802617   0.082102   0.896159   0.001000
 -0.268864  -0.060306  -0.529038   0.802617   0.082102   0.896159   0.001000
 -0.268864  -0.060306  -0.529038   0.802617   0.082102   0.896159   0.001000
 -0.268864  -0.060306  -0.529038   0.802617   0.082102   0.896159   0.001000
 -0.268864  -0.060306  -0.529038   0.802617   0.082102   0.896159   0.001000
 -0.268864  -0.060306  -0.529038   0.802617   0.082102   0.896159   0.001000
 -0.268864  -0.060306  -0.529038   0.802617   0.082102   0.896159   0.001000
 -0.268864  -0.060306  -0.529038   0.802617   0.082102   0.896159   0.001000
 -0.268864  -0.060306  -0.529038   0.802617   0.082102   0.896159   0.001000
 -0.268864  -0.060306  -0.529038   0.802617   0.082102   0.896159   0.001000
 -0.268864  -0.060306  -0.529038   0.802617   0.082102   0.896159   0.001000
 -0.268864  -0.060306  -0.529038   0.802617   0.082102   0.896159   0.001000
 -0.268864  -0.060306  -0.529038   0.802617   0.082102   0.896159   0.001000
 -0.268864  -0.060306  -0.529038   0.802617   0.082102   0.896159   0.001000
 -0.268864  -0.060306  -0.529038   0.802617   0.082102   0.896159   0.001000
 -0.268864  -0.060306  -0.529038   0.802617   0.082102   0.896159   0.001000
 -0.268864  -0.060306  -0.529038   0.802617   0.082102   0.896159   0.001000
 -0.268864  -0.060306  -0.529038   0.802617   0.082102   0.896159   0.001000
 -0.268864  -0.060306  -0.529038   0.802617   0.082102   0.896159   0.001000
 -0.268864  -0.060306  -0.529038   0.802617   0.082102   0.896159   0.001000
 -0.268864  -0.060306  -0.529038   0.802617   0.082102   0.896159   0.001000
 -0.268864  -0.060306  -0.529038   0.802617   0.082102   0.896159   0.001000
 -0.268864  -0.060306  -0.529038   0.802617   0.082102   0.896159   0.001000
 -0.268864  -0.060306  -0.529038   0.802617   0.082102   0.896159   0.001000
 -0.268864  -0.060306  -0.529038   0.802617   0.082102   0.896159   0.001000
 -0.268864  -0.060306  -0.529038   0.802617   0.082102   0.896159   0.001000
 -0.268864  -0.060306  -0.529038   0.802617   0.082102   0.896159   0.001000
 -0.268864  -0.060306  -0.529038   0.802617   0.082102   0.896159   0.001000
 -0.268864  -0.060306  -0.529038   0.802617   0.082102   0.896159   0.001000
 -0.268864  -0.060306  -0.529038   0.802617   0.082102   0.896159   0.001000
 -0.268864  -0.060306  -0.529038   0.802617   0.082102   0.896159   0.001000
 -0.268864  -0.060306  -0.529038   0.802617   0.082102   0.896159   0.001000
 -0.268864  -0.060306  -0.529038   0.802617   0.082102   0.896159   0.001000
 -0.268864  -0.060306  -0.529038   0.802617   0.082102   0.896159   0.001000
 -0.268864  -0.060306  -0.529038   0.802617   0.082102   0.896159   0.001000
 -0.268864  -0.060306  -0.529038   0.802617   0.082102   0.896159   0.001000
 -0.268864  -0.060306  -0.529038   0.802617   0.082102   0.896159   0.001000
 -0.268864  -0.060306  -0.529038   0.802617   0.082102   0.896159   0.001000
 -0.268864  -0.060306  -0.529038   0.802617   0.082102   0.896159   0.001000
 -0.268864  -0.060306  -0.529038   0.802617   0.082102   0.896159   0.001000
 -0.268864  -0.060306  -0.529038   0.802617   0.082102   0.896159   0.001000
 -0.268864  -0.060306  -0.529038   0.802617   0.082102   0.896159   0.001000
 -0.268864  -0.060306  -0.529038   0.802617   0.082102   0.896159   0.001000
 -0.268864  -0.060306  -0.529038   0.802617   0.082102   0.896159   0.001000
 -0.268864  -0.060306  -0.529038   0.802617   0.082102   0.896159   0.001000
 -0.268864  -0.060306  -0.529038   0.802617   0.082102   0.896159   0.001000
 -0.268864  -0.060306  -0.529038   0.802617   0.082102   0.896159   0.001000
 -0.268864  -0.060306  -0.529038   0.802617   0.082102   0.896159   0.001000
 -0.268864  -0.060306  -0.529038   0.802617   0.082102   0.896159   0.001000
 -0.268864  -0.060306  -0.529038   0.802617   0.082102   0.896159   0.001000
 -0.268864  -0.060306  -0.529038   0.802617   0.082102   0.896159   0.001000
 -0.268864  -0.060306  -0.529038   0.802617   0.082102   0.896159   0.001000
 -0.268864  -0.060306  -0.529038   0.802617   0.082102   0.896159   0.001000
 -0.268864  -0.060306  -0.529038   0.802617   0.082102   0.896159   0.001000
 -0.268864  -0.060306  -0.529038   0.802617   0.082102   0.896159   0.001000
 -0.268864  -0.060306  -0.529038   0.802617   0.082102   0.896159   0.001000
 -0.268864  -0.060306  -0.529038   0.802617   0.082102   0.896159   0.001000
 -0.268864  -0.060306  -0.529038   0.802617   0.082102   0.896159   0.001000
 -0.268864  -0.060306  -0.529038   0.802617   0.082102   0.896159   0.001000
 -0.268864  -0.060306  -0.529038   0.802617   0.082102   0.896159   0.001000
 -0.295203  -0.064315  -0.517183   0.800775  -0.108967   0.729383   0.001000
 -0.262084  -0.055331  -0.518876   0.811799  -0.124627   0.736970   0.001000
 -0.271559  -0.053755  -0.528840   0.802306  -0.051834   0.875408   0.001000
 -0.271559  -0.053755  -0.528840   0.802306  -0.051834   0.875408   0.001000
 -0.271559  -0.053755  -0.528840   0.802306  -0.051834   0.875408   0.001000
 -0.271559  -0.053755  -0.528840   0.802306  -0.051834   0.875408   0.001000
 -0.271559  -0.053755  -0.528840   0.802306  -0.051834   0.875408   0.001000
 -0.271559  -0.053755  -0.528840   0.802306  -0.051834   0.875408   0.001000
 -0.271559  -0.053755  -0.528840   0.802306  -0.051834   0.875408   0.001000
 -0.271559  -0.053755  -0.528840   0.802306  -0.051834   0.875408   0.001000
 -0.271559  -0.053755  -0.528840   0.802306  -0.051834   0.875408   0.001000
 -0.271559  -0.053755  -0.528840   0.802306  -0.051834   0.875408   0.001000
 -0.271559  -0.053755  -0.528840   0.802306  -0.051834   0.875408   0.001000
 -0.271559  -0.053755  -0.528840   0.802306  -0.051834   0.875408   0.001000
 -0.271559  -0.053755  -0.528840   0.802306  -0.051834   0.875408   0.001000
 -0.271559  -0.053755  -0.528840   0.802306  -0.051834   0.875408   0.001000
 -0.271559  -0.053755  -0.528840   0.802306  -0.051834   0.875408   0.001000
 -0.271559  -0.053755  -0.528840   0.802306  -0.051834   0.875408   0.001000
 -0.271559  -0.053755  -0.528840   0.802306  -0.051834   0.875408   0.001000
 -0.271559  -0.053755  -0.528840   0.802306  -0.051834   0.875408   0.001000
 -0.271559  -0.053755  -0.528840   0.802306  -0.051834   0.875408   0.001000
 -0.271559  -0.053755  -0.528840   0.802306  -0.051834   0.875408   0.001000
 -0.271559  -0.053755  -0.528840   0.802306  -0.051834   0.875408   0.001000
 -0.271559  -0.053755  -0.528840   0.802306  -0.051834   0.875408   0.001000
 -0.271559  -0.053755  -0.528840   0.802306  -0.051834   0.875408   0.001000
 -0.271559  -0.053755  -0.528840   0.802306  -0.051834   0.875408   0.001000
 -0.271559  -0.053755  -0.528840   0.802306  -0.051834   0.875408   0.001000
 -0.271559  -0.053755  -0.528840   0.802306  -0.051834   0.875408   0.001000
 -0.271559  -0.053755  -0.528840   0.802306  -0.051834   0.875408   0.001000
 -0.271559  -0.053755  -0.528840   0.802306  -0.051834   0.875408   0.001000
 -0.271559  -0.053755  -0.528840   0.802306  -0.051834   0.875408   0.001000
 -0.271559  -0.053755  -0.528840   0.802306  -0.051834   0.875408   0.001000
 -0.271559  -0.053755  -0.528840   0.802306  -0.051834   0.875408   0.001000
 -0.256320  -0.034997  -0.504591   0.823689  -0.198573   0.640342   0.001000
 -0.255807  -0.051683  -0.523579   0.811022  -0.225496   0.746802   0.001000
 -0.255807  -0.051683  -0.523579   0.811022  -0.225496   0.746802   0.001000
 -0.255538  -0.074510  -0.522963   0.809727  -0.181096   0.615173   0.001000
 -0.263897  -0.060221  -0.511578   0.815488   0.381664   0.926276   0.001000
 -0.265826  -0.062671  -0.535470   0.799175   0.007925   0.946144   0.001000
 -0.274580  -0.057000  -0.531979   0.798972  -0.203922   1.180649   0.001000
 -0.273993  -0.051738  -0.524876   0.804212  -0.052637   1.119377   0.001000
 -0.279426  -0.034203  -0.506459   0.815016  -0.123213   1.121921   0.001000
 -0.265039  -0.042161  -0.536388   0.800165  -0.059820   1.176102   0.001000
 -0.266564  -0.060770  -0.527052   0.804653  -0.158782   1.057126   0.001000
 -0.266564  -0.060770  -0.527052   0.804653  -0.158782   1.057126   0.001000
 -0.266564  -0.060770  -0.527052   0.804653  -0.158782   1.057126   0.001000
 -0.266564  -0.060770  -0.527052   0.804653  -0.158782   1.057126   0.001000
 -0.266564  -0.060770  -0.527052   0.804653  -0.158782   1.057126   0.001000
 -0.266564  -0.060770  -0.527052   0.804653  -0.158782   1.057126   0.001000
 -0.266564  -0.060770  -0.527052   0.804653  -0.158782   1.057126   0.001000
 -0.266564  -0.060770  -0.527052   0.804653  -0.158782   1.057126   0.001000
 -0.266564  -0.060770  -0.527052   0.804653  -0.158782   1.057126   0.001000
 -0.266564  -0.060770  -0.527052   0.804653  -0.158782   1.057126   0.001000
 -0.266564  -0.060770  -0.527052   0.804653  -0.158782   1.057126   0.001000
 -0.266564  -0.060770  -0.527052   0.804653  -0.158782   1.057126   0.001000
 -0.266564  -0.060770  -0.527052   0.804653  -0.158782   1.057126   0.001000
 -0.279877  -0.035236  -0.526882   0.801762  -0.092583   1.102223   0.001000
 -0.279877  -0.035236  -0.526882   0.801762  -0.092583   1.102223   0.001000
 -0.268838  -0.056943  -0.526082   0.804811  -0.211129   1.405279   0.001000
 -0.268838  -0.056943  -0.526082   0.804811  -0.211129   1.405279   0.001000
 -0.268838  -0.056943  -0.526082   0.804811  -0.211129   1.405279   0.001000
 -0.272577  -0.060351  -0.511814   0.812469  -0.173874   0.742314   0.001000
 -0.272577  -0.060351  -0.511814   0.812469  -0.173874   0.742314   0.001000
 -0.272577  -0.060351  -0.511814   0.812469  -0.173874   0.742314   0.001000
 -0.272577  -0.060351  -0.511814   0.812469  -0.173874   0.742314   0.001000
 -0.272577  -0.060351  -0.511814   0.812469  -0.173874   0.742314   0.001000
 -0.266869  -0.064568  -0.519201   0.809347  -0.259739   0.685676   0.001000
 -0.266869  -0.064568  -0.519201   0.809347  -0.259739   0.685676   0.001000
 -0.266869  -0.064568  -0.519201   0.809347  -0.259739   0.685676   0.001000
 -0.266869  -0.064568  -0.519201   0.809347  -0.259739   0.685676   0.001000
 -0.257933  -0.064106  -0.513061   0.816167  -0.215717   0.674806   0.001000
 -0.257933  -0.064106  -0.513061   0.816167  -0.215717   0.674806   0.001000
 -0.257933  -0.064106  -0.513061   0.816167  -0.215717   0.674806   0.001000
 -0.257933  -0.064106  -0.513061   0.816167  -0.215717   0.674806   0.001000
 -0.269003  -0.066138  -0.521826   0.806821  -0.233929   0.640679   0.001000
 -0.269003  -0.066138  -0.521826   0.806821  -0.233929   0.640679   0.001000
 -0.256741  -0.066015  -0.507886   0.819620  -0.313577   0.681096   0.001000
 -0.281333  -0.082934  -0.529186   0.796201  -0.285370   0.774500   0.001000
 -0.281871  -0.045475  -0.513760   0.809031  -0.196209   0.433916   0.001000
 -0.261925  -0.038964  -0.481776   0.835326  -0.232069   0.766050   0.001000
 -0.286064  -0.066004  -0.511652   0.807480  -0.100480   0.805735   0.001000
 -0.239234  -0.064781  -0.505191   0.826651  -0.304478   0.774090   0.001000
 -0.308231  -0.051194  -0.532814   0.786437   0.003743   0.974208   0.001000
 -0.278337  -0.049538  -0.525688   0.802326  -0.166361   0.872940   0.001000
 -0.278337  -0.049538  -0.525688   0.802326  -0.166361   0.872940   0.001000
 -0.276989  -0.069347  -0.513528   0.809170  -0.112574   0.912991   0.001000
 -0.276989  -0.069347  -0.513528   0.809170  -0.112574   0.912991   0.001000
 -0.276989  -0.069347  -0.513528   0.809170  -0.112574   0.912991   0.001000
 -0.287500  -0.047059  -0.518996   0.803600  -0.259882   0.726286   0.001000
 -0.287500  -0.047059  -0.518996   0.803600  -0.259882   0.726286   0.001000
 -0.283388  -0.051828  -0.514670   0.807539  -0.063852   0.587391   0.001000
 -0.283388  -0.051828  -0.514670   0.807539  -0.063852   0.587391   0.001000
 -0.283388  -0.051828  -0.514670   0.807539  -0.063852   0.587391   0.001000
 -0.279473  -0.049837  -0.519862   0.805701  -0.096846   0.723490   0.001000
 -0.279473  -0.049837  -0.519862   0.805701  -0.096846   0.723490   0.001000
 -0.279473  -0.049837  -0.519862   0.805701  -0.096846   0.723490   0.001000
 -0.279473  -0.049837  -0.519862   0.805701  -0.096846   0.723490   0.001000
 -0.279473  -0.049837  -0.519862   0.805701  -0.096846   0.723490   0.001000
 -0.279473  -0.049837  -0.519862   0.805701  -0.096846   0.723490   0.001000
 -0.286315  -0.052379  -0.520085   0.802990  -0.177357   0.709692   0.001000
 -0.286315  -0.052379  -0.520085   0.802990  -0.177357   0.709692   0.001000
 -0.286315  -0.052379  -0.520085   0.802990  -0.177357   0.709692   0.001000
 -0.286315  -0.052379  -0.520085   0.802990  -0.177357   0.709692   0.001000
 -0.286315  -0.052379  -0.520085   0.802990  -0.177357   0.709692   0.001000
 -0.259443  -0.057152  -0.524861   0.808668   0.073198   0.812878   0.001000
 -0.259443  -0.057152  -0.524861   0.808668   0.073198   0.812878   0.001000
 -0.259443  -0.057152  -0.524861   0.808668   0.073198   0.812878   0.001000
 -0.259443  -0.057152  -0.524861   0.808668   0.073198   0.812878   0.001000
 -0.259443  -0.057152  -0.524861   0.808668   0.073198   0.812878   0.001000
 -0.272126  -0.058357  -0.527873   0.802429   0.099172   0.730003   0.001000
 -0.272126  -0.058357  -0.527873   0.802429   0.099172   0.730003   0.001000
 -0.272126  -0.058357  -0.527873   0.802429   0.099172   0.730003   0.001000
 -0.272126  -0.058357  -0.527873   0.802429   0.099172   0.730003   0.001000
 -0.272126  -0.058357  -0.527873   0.802429   0.099172   0.730003   0.001000
 -0.272126  -0.058357  -0.527873   0.802429   0.099172   0.730003   0.001000
 -0.272126  -0.058357  -0.527873   0.802429   0.099172   0.730003   0.001000
 -0.272126  -0.058357  -0.527873   0.802429   0.099172   0.730003   0.001000
 -0.272126  -0.058357  -0.527873   0.802429   0.099172   0.730003   0.001000
 -0.272126  -0.058357  -0.527873   0.802429   0.099172   0.730003   0.001000
 -0.272126  -0.058357  -0.527873   0.802429   0.099172   0.730003   0.001000
 -0.272126  -0.058357  -0.527873   0.802429   0.099172   0.730003   0.001000
 -0.272126  -0.058357  -0.527873   0.802429   0.099172   0.730003   0.001000
 -0.272126  -0.058357  -0.527873   0.802429   0.099172   0.730003   0.001000
 -0.272126  -0.058357  -0.527873   0.802429   0.099172   0.730003   0.001000
 -0.272126  -0.058357  -0.527873   0.802429   0.099172   0.730003   0.001000
 -0.272126  -0.058357  -0.527873   0.802429   0.099172   0.730003   0.001000
 -0.272126  -0.058357  -0.527873   0.802429   0.099172   0.730003   0.001000
 -0.272126  -0.058357  -0.527873   0.802429   0.099172   0.730003   0.001000
 -0.272126  -0.058357  -0.527873   0.802429   0.099172   0.730003   0.001000
 -0.272126  -0.058357  -0.527873   0.802429   0.099172   0.730003   0.001000
 -0.272126  -0.058357  -0.527873   0.802429   0.099172   0.730003   0.001000
 -0.272126  -0.058357  -0.527873   0.802429   0.099172   0.730003   0.001000
 -0.272126  -0.058357  -0.527873   0.802429   0.099172   0.730003   0.001000
 -0.272126  -0.058357  -0.527873   0.802429   0.099172   0.730003   0.001000
 -0.272126  -0.058357  -0.527873   0.802429   0.099172   0.730003   0.001000
 -0.272126  -0.058357  -0.527873   0.802429   0.099172   0.730003   0.001000
 -0.272126  -0.058357  -0.527873   0.802429   0.099172   0.730003   0.001000
 -0.264231  -0.069456  -0.532740   0.800965  -0.236743   0.765846   0.001000
 -0.233397  -0.090944  -0.530426   0.809878   0.038879   0.741176   0.001000
 -0.233397  -0.090944  -0.530426   0.809878   0.038879   0.741176   0.001000
 -0.233397  -0.090944  -0.530426   0.809878   0.038879   0.741176   0.001000
 -0.233397  -0.090944  -0.530426   0.809878   0.038879   0.741176   0.001000
 -0.233397  -0.090944  -0.530426   0.809878   0.038879   0.741176   0.001000
 -0.233397  -0.090944  -0.530426   0.809878   0.038879   0.741176   0.001000
 -0.233397  -0.090944  -0.530426   0.809878   0.038879   0.741176   0.001000
 -0.255349  -0.066256  -0.534085   0.803219  -0.022281   0.788549   0.001000
 -0.255349  -0.066256  -0.534085   0.803219  -0.022281   0.788549   0.001000
 -0.255349  -0.066256  -0.534085   0.803219  -0.022281   0.788549   0.001000
 -0.255349  -0.066256  -0.534085   0.803219  -0.022281   0.788549   0.001000
 -0.255349  -0.066256  -0.534085   0.803219  -0.022281   0.788549   0.001000
 -0.273428  -0.052990  -0.532719   0.799150  -0.186154   0.799514   0.001000
 -0.273428  -0.052990  -0.532719   0.799150  -0.186154   0.799514   0.001000
 -0.273428  -0.052990  -0.532719   0.799150  -0.186154   0.799514   0.001000
 -0.273428  -0.052990  -0.532719   0.799150  -0.186154   0.799514   0.001000
 -0.274338  -0.065272  -0.523341   0.804109  -0.091673   0.607638   0.001000
 -0.269143  -0.055857  -0.522326   0.807228   0.168214   0.801125   0.001000
 -0.269143  -0.055857  -0.522326   0.807228   0.168214   0.801125   0.001000
 -0.269143  -0.055857  -0.522326   0.807228   0.168214   0.801125   0.001000
 -0.269143  -0.055857  -0.522326   0.807228   0.168214   0.801125   0.001000
 -0.269143  -0.055857  -0.522326   0.807228   0.168214   0.801125   0.001000
 -0.269143  -0.055857  -0.522326   0.807228   0.168214   0.801125   0.001000
 -0.269143  -0.055857  -0.522326   0.807228   0.168214   0.801125   0.001000
 -0.269143  -0.055857  -0.522326   0.807228   0.168214   0.801125   0.001000
 -0.245923  -0.069929  -0.530437   0.808250  -0.083636   0.626367   0.001000
 -0.290185  -0.046869  -0.528652   0.796318  -0.047177   0.608605   0.001000
 -0.290185  -0.046869  -0.528652   0.796318  -0.047177   0.608605   0.001000
 -0.290185  -0.046869  -0.528652   0.796318  -0.047177   0.608605   0.001000
 -0.290185  -0.046869  -0.528652   0.796318  -0.047177   0.608605   0.001000
 -0.290185  -0.046869  -0.528652   0.796318  -0.047177   0.608605   0.001000
 -0.290185  -0.046869  -0.528652   0.796318  -0.047177   0.608605   0.001000
 -0.290185  -0.046869  -0.528652   0.796318  -0.047177   0.608605   0.001000
 -0.290185  -0.046869  -0.528652   0.796318  -0.047177   0.608605   0.001000
 -0.290185  -0.046869  -0.528652   0.796318  -0.047177   0.608605   0.001000
 -0.262140  -0.066846  -0.534600   0.800636   0.056786   0.957045   0.001000
 -0.262140  -0.066846  -0.534600   0.800636   0.056786   0.957045   0.001000
 -0.262140  -0.066846  -0.534600   0.800636   0.056786   0.957045   0.001000
 -0.262140  -0.066846  -0.534600   0.800636   0.056786   0.957045   0.001000
 -0.262140  -0.066846  -0.534600   0.800636   0.056786   0.957045   0.001000
 -0.262140  -0.066846  -0.534600   0.800636   0.056786   0.957045   0.001000
 -0.262140  -0.066846  -0.534600   0.800636   0.056786   0.957045   0.001000
 -0.262140  -0.066846  -0.534600   0.800636   0.056786   0.957045   0.001000
 -0.262140  -0.066846  -0.534600   0.800636   0.056786   0.957045   0.001000
 -0.261544  -0.077253  -0.527757   0.804425   0.105216   0.925368   0.001000
 -0.269200  -0.066575  -0.533861   0.798807  -0.027843   0.903168   0.001000
 -0.269200  -0.066575  -0.533861   0.798807  -0.027843   0.903168   0.001000
 -0.269200  -0.066575  -0.533861   0.798807  -0.027843   0.903168   0.001000
 -0.269200  -0.066575  -0.533861   0.798807  -0.027843   0.903168   0.001000
 -0.269200  -0.066575  -0.533861   0.798807  -0.027843   0.903168   0.001000
 -0.269200  -0.066575  -0.533861   0.798807  -0.027843   0.903168   0.001000
 -0.269200  -0.066575  -0.533861   0.798807  -0.027843   0.903168   0.001000
 -0.269200  -0.066575  -0.533861   0.798807  -0.027843   0.903168   0.001000
 -0.269200  -0.066575  -0.533861   0.798807  -0.027843   0.903168   0.001000
 -0.269200  -0.066575  -0.533861   0.798807  -0.027843   0.903168   0.001000
 -0.269200  -0.066575  -0.533861   0.798807  -0.027843   0.903168   0.001000
 -0.269200  -0.066575  -0.533861   0.798807  -0.027843   0.903168   0.001000
 -0.269200  -0.066575  -0.533861   0.798807  -0.027843   0.903168   0.001000
 -0.242118  -0.050845  -0.532386   0.809542  -0.000557   1.023000   0.001000
 -0.242118  -0.050845  -0.532386   0.809542  -0.000557   1.023000   0.001000
 -0.271141  -0.069227  -0.545209   0.790213  -0.155861   0.776917   0.001000
 -0.257685  -0.080092  -0.524787   0.807330  -0.043658   0.877877   0.001000
 -0.258251  -0.052307  -0.523985   0.809944  -0.123408   1.124150   0.001000
 -0.258251  -0.052307  -0.523985   0.809944  -0.123408   1.124150   0.001000
 -0.258251  -0.052307  -0.523985   0.809944  -0.123408   1.124150   0.001000
 -0.258251  -0.052307  -0.523985   0.809944  -0.123408   1.124150   0.001000
 -0.259856  -0.069517  -0.532857   0.802313   0.080485   1.016165   0.001000
 -0.259856  -0.069517  -0.532857   0.802313   0.080485   1.016165   0.001000
 -0.259856  -0.069517  -0.532857   0.802313   0.080485   1.016165   0.001000
 -0.259856  -0.069517  -0.532857   0.802313   0.080485   1.016165   0.001000
 -0.259856  -0.069517  -0.532857   0.802313   0.080485   1.016165   0.001000
 -0.259856  -0.069517  -0.532857   0.802313   0.080485   1.016165   0.001000
 -0.259856  -0.069517  -0.532857   0.802313   0.080485   1.016165   0.001000
 -0.259856  -0.069517  -0.532857   0.802313   0.080485   1.016165   0.001000
 -0.259856  -0.069517  -0.532857   0.802313   0.080485   1.016165   0.001000
 -0.259856  -0.069517  -0.532857   0.802313   0.080485   1.016165   0.001000
 -0.259856  -0.069517  -0.532857   0.802313   0.080485   1.016165   0.001000
 -0.259856  -0.069517  -0.532857   0.802313   0.080485   1.016165   0.001000
 -0.259856  -0.069517  -0.532857   0.802313   0.080485   1.016165   0.001000
 -0.259856  -0.069517  -0.532857   0.802313   0.080485   1.016165   0.001000
 -0.259856  -0.069517  -0.532857   0.802313   0.080485   1.016165   0.001000
 -0.259856  -0.069517  -0.532857   0.802313   0.080485   1.016165   0.001000
 -0.259856  -0.069517  -0.532857   0.802313   0.080485   1.016165   0.001000
 -0.259856  -0.069517  -0.532857   0.802313   0.080485   1.016165   0.001000
 -0.259856  -0.069517  -0.532857   0.802313   0.080485   1.016165   0.001000
 -0.259856  -0.069517  -0.532857   0.802313   0.080485   1.016165   0.001000
 -0.259856  -0.069517  -0.532857   0.802313   0.080485   1.016165   0.001000
 -0.259856  -0.069517  -0.532857   0.802313   0.080485   1.016165   0.001000
 -0.259856  -0.069517  -0.532857   0.802313   0.080485   1.016165   0.001000
 -0.259856  -0.069517  -0.532857   0.802313   0.080485   1.016165   0.001000
 -0.272776  -0.066116  -0.540960   0.792833   0.027341   0.647065   0.001000
 -0.247945  -0.073620  -0.526862   0.809642  -0.074419   0.669921   0.001000
 -0.247945  -0.073620  -0.526862   0.809642  -0.074419   0.669921   0.001000
 -0.247945  -0.073620  -0.526862   0.809642  -0.074419   0.669921   0.001000
 -0.247945  -0.073620  -0.526862   0.809642  -0.074419   0.669921   0.001000
 -0.247945  -0.073620  -0.526862   0.809642  -0.074419   0.669921   0.001000
 -0.247945  -0.073620  -0.526862   0.809642  -0.074419   0.669921   0.001000
 -0.252007  -0.075388  -0.535852   0.802291   0.012646   0.625756   0.001000
 -0.264005  -0.060205  -0.539373   0.797341  -0.088719   0.922663   0.001000
 -0.260678  -0.056146  -0.528675   0.805852  -0.033104   0.928454   0.001000
 -0.275513  -0.049412  -0.547711   0.788457  -0.179843   0.604792   0.001000
 -0.271804  -0.070567  -0.522729   0.804921  -0.053974   0.799656   0.001000
 -0.271804  -0.070567  -0.522729   0.804921  -0.053974   0.799656   0.001000
 -0.272933  -0.062623  -0.516353   0.809299  -0.068730   0.574868   0.001000
 -0.254391  -0.063294  -0.529939   0.806501  -0.164549   1.022334   0.001000
 -0.254391  -0.063294  -0.529939   0.806501  -0.164549   1.022334   0.001000
 -0.254391  -0.063294  -0.529939   0.806501  -0.164549   1.022334   0.001000
 -0.254391  -0.063294  -0.529939   0.806501  -0.164549   1.022334   0.001000
 -0.263296  -0.067279  -0.525548   0.806194  -0.338530   1.015918   0.001000
 -0.285825  -0.045843  -0.521795   0.802454  -0.234300   1.314504   0.001000
 -0.266943  -0.050283  -0.531628   0.802238  -0.251066   1.143268   0.001000
 -0.266943  -0.050283  -0.531628   0.802238  -0.251066   1.143268   0.001000
 -0.290812  -0.054511  -0.529220   0.795225  -0.095616   0.907148   0.001000
 -0.256213  -0.060438  -0.527767   0.807566   0.346517   1.051924   0.001000
 -0.256213  -0.060438  -0.527767   0.807566   0.346517   1.051924   0.001000
 -0.256213  -0.060438  -0.527767   0.807566   0.346517   1.051924   0.001000
 -0.256213  -0.060438  -0.527767   0.807566   0.346517   1.051924   0.001000
 -0.256213  -0.060438  -0.527767   0.807566   0.346517   1.051924   0.001000
 -0.266498  -0.066504  -0.520372   0.808560   0.522972   0.959298   0.001000
 -0.256229  -0.078325  -0.528010   0.805865   0.233819   1.144945   0.001000
 -0.256229  -0.078325  -0.528010   0.805865   0.233819   1.144945   0.001000
 -0.256229  -0.078325  -0.528010   0.805865   0.233819   1.144945   0.001000
 -0.256229  -0.078325  -0.528010   0.805865   0.233819   1.144945   0.001000
 -0.256229  -0.078325  -0.528010   0.805865   0.233819   1.144945   0.001000
 -0.256229  -0.078325  -0.528010   0.805865   0.233819   1.144945   0.001000
 -0.249164  -0.076987  -0.528166   0.808103   0.105683   0.942282   0.001000
 -0.249164  -0.076987  -0.528166   0.808103   0.105683   0.942282   0.001000
 -0.249164  -0.076987  -0.528166   0.808103   0.105683   0.942282   0.001000
 -0.249164  -0.076987  -0.528166   0.808103   0.105683   0.942282   0.001000
 -0.280195  -0.066069  -0.527221   0.799477   0.370712   0.818697   0.001000
 -0.239286  -0.083289  -0.503596   0.825952   0.222279   0.779473   0.001000
 -0.239286  -0.083289  -0.503596   0.825952   0.222279   0.779473   0.001000
 -0.305526  -0.036333  -0.548362   0.777581   0.219632   0.958114   0.001000
 -0.262285  -0.067884  -0.518967   0.810723   0.201093   1.135273   0.001000
 -0.262285  -0.067884  -0.518967   0.810723   0.201093   1.135273   0.001000
 -0.262285  -0.067884  -0.518967   0.810723   0.201093   1.135273   0.001000
 -0.262285  -0.067884  -0.518967   0.810723   0.201093   1.135273   0.001000
 -0.262285  -0.067884  -0.518967   0.810723   0.201093   1.135273   0.001000
 -0.262285  -0.067884  -0.518967   0.810723   0.201093   1.135273   0.001000
 -0.262285  -0.067884  -0.518967   0.810723   0.201093   1.135273   0.001000
 -0.262285  -0.067884  -0.518967   0.810723   0.201093   1.135273   0.001000
 -0.262285  -0.067884  -0.518967   0.810723   0.201093   1.135273   0.001000
 -0.262285  -0.067884  -0.518967   0.810723   0.201093   1.135273   0.001000
 -0.262285  -0.067884  -0.518967   0.810723   0.201093   1.135273   0.001000
 -0.264132  -0.061843  -0.521224   0.809157   0.291231   1.028391   0.001000
 -0.264132  -0.061843  -0.521224   0.809157   0.291231   1.028391   0.001000
 -0.264132  -0.061843  -0.521224   0.809157   0.291231   1.028391   0.001000
 -0.264132  -0.061843  -0.521224   0.809157   0.291231   1.028391   0.001000
 -0.264132  -0.061843  -0.521224   0.809157   0.291231   1.028391   0.001000
 -0.264132  -0.061843  -0.521224   0.809157   0.291231   1.028391   0.001000
 -0.264132  -0.061843  -0.521224   0.809157   0.291231   1.028391   0.001000
 -0.246738  -0.059319  -0.523183   0.813561   0.070457   1.011912   0.001000
 -0.260677  -0.069327  -0.533698   0.801503   0.364537   0.939900   0.001000
 -0.260677  -0.069327  -0.533698   0.801503   0.364537   0.939900   0.001000
 -0.260677  -0.069327  -0.533698   0.801503   0.364537   0.939900   0.001000
 -0.260677  -0.069327  -0.533698   0.801503   0.364537   0.939900   0.001000
 -0.260677  -0.069327  -0.533698   0.801503   0.364537   0.939900   0.001000
 -0.248141  -0.063994  -0.523962   0.812277   0.153570   1.016103   0.001000
 -0.248141  -0.063994  -0.523962   0.812277   0.153570   1.016103   0.001000
 -0.248141  -0.063994  -0.523962   0.812277   0.153570   1.016103   0.001000
 -0.248141  -0.063994  -0.523962   0.812277   0.153570   1.016103   0.001000
 -0.259843  -0.069871  -0.523999   0.808099   0.056077   0.714367   0.001000
 -0.259843  -0.069871  -0.523999   0.808099   0.056077   0.714367   0.001000
 -0.259843  -0.069871  -0.523999   0.808099   0.056077   0.714367   0.001000
 -0.259843  -0.069871  -0.523999   0.808099   0.056077   0.714367   0.001000
 -0.259843  -0.069871  -0.523999   0.808099   0.056077   0.714367   0.001000
 -0.259843  -0.069871  -0.523999   0.808099   0.056077   0.714367   0.001000
 -0.259843  -0.069871  -0.523999   0.808099   0.056077   0.714367   0.001000
 -0.251670  -0.060478  -0.543726   0.798353   0.159758   1.128023   0.001000
 -0.241379  -0.086371  -0.512691   0.819405   0.297378   0.910347   0.001000
 -0.241379  -0.086371  -0.512691   0.819405   0.297378   0.910347   0.001000
 -0.241379  -0.086371  -0.512691   0.819405   0.297378   0.910347   0.001000
 -0.241379  -0.086371  -0.512691   0.819405   0.297378   0.910347   0.001000
 -0.241379  -0.086371  -0.512691   0.819405   0.297378   0.910347   0.001000
 -0.255640  -0.064854  -0.526272   0.808381   0.326154   0.773609   0.001000
 -0.255640  -0.064854  -0.526272   0.808381   0.326154   0.773609   0.001000
 -0.269698  -0.066488  -0.521882   0.806524   0.297705   1.143256   0.001000
 -0.264685  -0.083557  -0.526551   0.803557   0.138295   0.838387   0.001000
 -0.262528  -0.067151  -0.519087   0.810628   0.279628   0.986926   0.001000
 -0.262528  -0.067151  -0.519087   0.810628   0.279628   0.986926   0.001000
 -0.262528  -0.067151  -0.519087   0.810628   0.279628   0.986926   0.001000
 -0.262528  -0.067151  -0.519087   0.810628   0.279628   0.986926   0.001000
 -0.256469  -0.076776  -0.515614   0.813923  -0.164169   0.596588   0.001000
 -0.250413  -0.060622  -0.525224   0.811023  -0.439176   0.810043   0.001000
 -0.246973  -0.071078  -0.518877   0.815303  -0.276880   0.722809   0.001000
 -0.246973  -0.071078  -0.518877   0.815303  -0.276880   0.722809   0.001000
 -0.246973  -0.071078  -0.518877   0.815303  -0.276880   0.722809   0.001000
 -0.246973  -0.071078  -0.518877   0.815303  -0.276880   0.722809   0.001000
 -0.246973  -0.071078  -0.518877   0.815303  -0.276880   0.722809   0.001000
 -0.246973  -0.071078  -0.518877   0.815303  -0.276880   0.722809   0.001000
 -0.255077  -0.059388  -0.516950   0.814968  -0.265544   0.678528   0.001000
 -0.255077  -0.059388  -0.516950   0.814968  -0.265544   0.678528   0.001000
 -0.255077  -0.059388  -0.516950   0.814968  -0.265544   0.678528   0.001000
 -0.269100  -0.070973  -0.508986   0.814543  -0.051314   0.823909   0.001000
 -0.269100  -0.070973  -0.508986   0.814543  -0.051314   0.823909   0.001000
 -0.260620  -0.067902  -0.535008   0.800770  -0.098703   0.893400   0.001000
 -0.261109  -0.069240  -0.514493   0.813834  -0.158930   0.822348   0.001000
 -0.261109  -0.069240  -0.514493   0.813834  -0.158930   0.822348   0.001000
 -0.260820  -0.053582  -0.539682   0.798652  -0.077302   1.019302   0.001000
 -0.230015  -0.078798  -0.539923   0.805833   0.085619   1.018942   0.001000
 -0.230015  -0.078798  -0.539923   0.805833   0.085619   1.018942   0.001000
 -0.269402  -0.067674  -0.538777   0.795337   0.087953   0.908357   0.001000
 -0.269402  -0.067674  -0.538777   0.795337   0.087953   0.908357   0.001000
 -0.269402  -0.067674  -0.538777   0.795337   0.087953   0.908357   0.001000
 -0.273890  -0.056678  -0.533929   0.797930  -0.085598   0.727239   0.001000
 -0.290945  -0.050323  -0.530108   0.794861   0.081872   0.669880   0.001000
 -0.283105  -0.057708  -0.512134   0.808851  -0.136632   0.673508   0.001000
 -0.283105  -0.057708  -0.512134   0.808851  -0.136632   0.673508   0.001000
 -0.283105  -0.057708  -0.512134   0.808851  -0.136632   0.673508   0.001000
 -0.245957  -0.067406  -0.489582   0.833829  -0.096735   0.684231   0.001000
 -0.231446  -0.083790  -0.540141   0.804773   0.131778   0.499117   0.001000
 -0.256637  -0.073752  -0.526482   0.807165   0.059293   0.766541   0.001000
 -0.266046  -0.057738  -0.538806   0.797229   0.395584   0.926561   0.001000
 -0.212936  -0.087691  -0.508569   0.829654  -0.082731   0.572972   0.001000
 -0.212936  -0.087691  -0.508569   0.829654  -0.082731   0.572972   0.001000
 -0.250172  -0.085249  -0.520701   0.811799   0.028564   0.626918   0.001000
 -0.253193  -0.052178  -0.518032   0.815361  -0.149016   0.783355   0.001000
 -0.256154  -0.090043  -0.505361   0.819077   0.013832   0.561181   0.001000
 -0.249989  -0.070014  -0.513024   0.818175  -0.141819   1.034863   0.001000
 -0.249989  -0.070014  -0.513024   0.818175  -0.141819   1.034863   0.001000
 -0.249989  -0.070014  -0.513024   0.818175  -0.141819   1.034863   0.001000
 -0.249989  -0.070014  -0.513024   0.818175  -0.141819   1.034863   0.001000
 -0.249989  -0.070014  -0.513024   0.818175  -0.141819   1.034863   0.001000
 -0.249989  -0.070014  -0.513024   0.818175  -0.141819   1.034863   0.001000
 -0.264913  -0.066625  -0.520164   0.809204  -0.156009   0.584854   0.001000
 -0.264913  -0.066625  -0.520164   0.809204  -0.156009   0.584854   0.001000
 -0.264913  -0.066625  -0.520164   0.809204  -0.156009   0.584854   0.001000
 -0.264913  -0.066625  -0.520164   0.809204  -0.156009   0.584854   0.001000
 -0.264913  -0.066625  -0.520164   0.809204  -0.156009   0.584854   0.001000
 -0.264913  -0.066625  -0.520164   0.809204  -0.156009   0.584854   0.001000
 -0.264913  -0.066625  -0.520164   0.809204  -0.156009   0.584854   0.001000
 -0.254286  -0.076903  -0.506509   0.820289  -0.081110   0.444978   0.001000
 -0.240388  -0.080116  -0.505155   0.824993  -0.077132   0.621334   0.001000
 -0.242878  -0.064628  -0.520660   0.815933  -0.026909   0.702592   0.001000
 -0.250685  -0.064671  -0.517814   0.815379   0.135289   0.698246   0.001000
 -0.250685  -0.064671  -0.517814   0.815379   0.135289   0.698246   0.001000
 -0.250685  -0.064671  -0.517814   0.815379   0.135289   0.698246   0.001000
 -0.250685  -0.064671  -0.517814   0.815379   0.135289   0.698246   0.001000
 -0.250685  -0.064671  -0.517814   0.815379   0.135289   0.698246   0.001000
 -0.250685  -0.064671  -0.517814   0.815379   0.135289   0.698246   0.001000
 -0.250685  -0.064671  -0.517814   0.815379   0.135289   0.698246   0.001000
 -0.250685  -0.064671  -0.517814   0.815379   0.135289   0.698246   0.001000
 -0.250685  -0.064671  -0.517814   0.815379   0.135289   0.698246   0.001000
 -0.242373  -0.058144  -0.520278   0.816815  -0.061662   0.565641   0.001000
 -0.238585  -0.067952  -0.518589   0.818245  -0.071054   0.821184   0.001000
 -0.238585  -0.067952  -0.518589   0.818245  -0.071054   0.821184   0.001000
 -0.253393  -0.073521  -0.534964   0.802621   0.138891   1.058883   0.001000
 -0.253393  -0.073521  -0.534964   0.802621   0.138891   1.058883   0.001000
 -0.267079  -0.063736  -0.506097   0.817601   0.002973   0.671938   0.001000
 -0.287978  -0.040829  -0.518797   0.803897   0.064558   0.496121   0.001000
 -0.287978  -0.040829  -0.518797   0.803897   0.064558   0.496121   0.001000
 -0.264788  -0.070296  -0.539179   0.796386  -0.174698   0.756228   0.001000
 -0.281433  -0.055898  -0.520493   0.804213   0.230316   0.369680   0.001000
 -0.281433  -0.055898  -0.520493   0.804213   0.230316   0.369680   0.001000
 -0.244089  -0.078606  -0.518186   0.815920   0.178613   0.792133   0.001000
 -0.244089  -0.078606  -0.518186   0.815920   0.178613   0.792133   0.001000
 -0.244089  -0.078606  -0.518186   0.815920   0.178613   0.792133   0.001000
 -0.244089  -0.078606  -0.518186   0.815920   0.178613   0.792133   0.001000
 -0.244089  -0.078606  -0.518186   0.815920   0.178613   0.792133   0.001000
 -0.311258  -0.018498  -0.514674   0.798678   0.257744   0.472123   0.001000
 -0.288637  -0.061574  -0.531358   0.794076   0.135061   0.548608   0.001000
 -0.283118  -0.048751  -0.529810   0.797978   0.234827   0.625171   0.001000
 -0.283118  -0.048751  -0.529810   0.797978   0.234827   0.625171   0.001000
 -0.283118  -0.048751  -0.529810   0.797978   0.234827   0.625171   0.001000
 -0.283118  -0.048751  -0.529810   0.797978   0.234827   0.625171   0.001000
 -0.283118  -0.048751  -0.529810   0.797978   0.234827   0.625171   0.001000
 -0.283118  -0.048751  -0.529810   0.797978   0.234827   0.625171   0.001000
 -0.283118  -0.048751  -0.529810   0.797978   0.234827   0.625171   0.001000
 -0.283118  -0.048751  -0.529810   0.797978   0.234827   0.625171   0.001000
 -0.277887  -0.058598  -0.540956   0.791651   0.123223   0.809998   0.001000
 -0.275875  -0.044941  -0.522039   0.805822   0.082783   0.594135   0.001000
 -0.275875  -0.044941  -0.522039   0.805822   0.082783   0.594135   0.001000
 -0.275875  -0.044941  -0.522039   0.805822   0.082783   0.594135   0.001000
 -0.271401  -0.045253  -0.516598   0.810815   0.033102   1.073156   0.001000
 -0.252686  -0.071610  -0.536237   0.802167   0.013076   0.435942   0.001000
 -0.276104  -0.040138  -0.518830   0.808066   0.054616   0.587246   0.001000
 -0.292513  -0.053846  -0.523155   0.798652   0.249690   0.892241   0.001000
 -0.274969  -0.044614  -0.523917   0.804930   0.035032   1.045519   0.001000
 -0.292838  -0.042832  -0.501244   0.813121   0.156918   0.565354   0.001000
 -0.293211  -0.047014  -0.521471   0.799928   0.271083   0.876087   0.001000
 -0.261845  -0.070422  -0.532783   0.801636   0.145020   0.834176   0.001000
 -0.245489  -0.069766  -0.528239   0.809834   0.058858   0.828468   0.001000
 -0.245489  -0.069766  -0.528239   0.809834   0.058858   0.828468   0.001000
 -0.245489  -0.069766  -0.528239   0.809834   0.058858   0.828468   0.001000
 -0.245489  -0.069766  -0.528239   0.809834   0.058858   0.828468   0.001000
 -0.245489  -0.069766  -0.528239   0.809834   0.058858   0.828468   0.001000
 -0.245489  -0.069766  -0.528239   0.809834   0.058858   0.828468   0.001000
 -0.245489  -0.069766  -0.528239   0.809834   0.058858   0.828468   0.001000
 -0.245489  -0.069766  -0.528239   0.809834   0.058858   0.828468   0.001000
 -0.245489  -0.069766  -0.528239   0.809834   0.058858   0.828468   0.001000
 -0.245489  -0.069766  -0.528239   0.809834   0.058858   0.828468   0.001000
 -0.245489  -0.069766  -0.528239   0.809834   0.058858   0.828468   0.001000
 -0.245489  -0.069766  -0.528239   0.809834   0.058858   0.828468   0.001000
 -0.245489  -0.069766  -0.528239   0.809834   0.058858   0.828468   0.001000
 -0.245489  -0.069766  -0.528239   0.809834   0.058858   0.828468   0.001000
 -0.245489  -0.069766  -0.528239   0.809834   0.058858   0.828468   0.001000
 -0.277685  -0.060744  -0.524755   0.802392  -0.145558   0.412967   0.001000
 -0.277685  -0.060744  -0.524755   0.802392  -0.145558   0.412967   0.001000
 -0.277685  -0.060744  -0.524755   0.802392  -0.145558   0.412967   0.001000
 -0.277685  -0.060744  -0.524755   0.802392  -0.145558   0.412967   0.001000
 -0.346361  -0.003144  -0.520645   0.780355   0.318996   0.553562   0.001000
 -0.304107  -0.053423  -0.532615   0.788027   0.270993   0.742855   0.001000
 -0.343135  -0.010719  -0.535243   0.771789   0.197666   0.614948   0.001000
 -0.294219  -0.029421  -0.509899   0.807820  -0.126525   0.574881   0.001000
 -0.298600  -0.040291  -0.540411   0.785603   0.455436   1.135202   0.001000
 -0.306948  -0.021035  -0.527377   0.791968   0.520717   1.109623   0.001000
 -0.321861  -0.028378  -0.530583   0.783634   0.236689   0.893955   0.001000
 -0.321861  -0.028378  -0.530583   0.783634   0.236689   0.893955   0.001000
 -0.321861  -0.028378  -0.530583   0.783634   0.236689   0.893955   0.001000
 -0.321861  -0.028378  -0.530583   0.783634   0.236689   0.893955   0.001000
 -0.321861  -0.028378  -0.530583   0.783634   0.236689   0.893955   0.001000
 -0.321861  -0.028378  -0.530583   0.783634   0.236689   0.893955   0.001000
 -0.222578  -0.082453  -0.531480   0.813136   0.643846   0.818983   0.001000
 -0.201537  -0.091014  -0.509695   0.831451   0.362464   0.895707   0.001000
 -0.201537  -0.091014  -0.509695   0.831451   0.362464   0.895707   0.001000
 -0.213172  -0.097963  -0.535215   0.811484   0.236514   0.788400   0.001000
 -0.197158  -0.098159  -0.515521   0.828089   0.345183   0.732961   0.001000
 -0.218737  -0.095073  -0.536372   0.809580   0.332482   0.851157   0.001000
 -0.284371  -0.042038  -0.533560   0.795411  -0.317105   1.099604   0.001000
 -0.284371  -0.042038  -0.533560   0.795411  -0.317105   1.099604   0.001000
 -0.284371  -0.042038  -0.533560   0.795411  -0.317105   1.099604   0.001000
 -0.258725  -0.064763  -0.525941   0.807622   0.213724   1.471853   0.001000
 -0.244547  -0.087566  -0.551197   0.792913   0.215532   1.470378   0.001000
 -0.251257  -0.075567  -0.512582   0.817569   0.007980   1.226589   0.001000
 -0.262355  -0.061824  -0.530199   0.803888   0.205923   1.182741   0.001000
 -0.262355  -0.061824  -0.530199   0.803888   0.205923   1.182741   0.001000
 -0.262355  -0.061824  -0.530199   0.803888   0.205923   1.182741   0.001000
 -0.262355  -0.061824  -0.530199   0.803888   0.205923   1.182741   0.001000
 -0.262355  -0.061824  -0.530199   0.803888   0.205923   1.182741   0.001000
 -0.262355  -0.061824  -0.530199   0.803888   0.205923   1.182741   0.001000
 -0.262355  -0.061824  -0.530199   0.803888   0.205923   1.182741   0.001000
 -0.262355  -0.061824  -0.530199   0.803888   0.205923   1.182741   0.001000
 -0.262355  -0.061824  -0.530199   0.803888   0.205923   1.182741   0.001000
 -0.262355  -0.061824  -0.530199   0.803888   0.205923   1.182741   0.001000
 -0.262355  -0.061824  -0.530199   0.803888   0.205923   1.182741   0.001000
 -0.262355  -0.061824  -0.530199   0.803888   0.205923   1.182741   0.001000
 -0.262355  -0.061824  -0.530199   0.803888   0.205923   1.182741   0.001000
 -0.262355  -0.061824  -0.530199   0.803888   0.205923   1.182741   0.001000
 -0.262355  -0.061824  -0.530199   0.803888   0.205923   1.182741   0.001000
 -0.262355  -0.061824  -0.530199   0.803888   0.205923   1.182741   0.001000
 -0.262355  -0.061824  -0.530199   0.803888   0.205923   1.182741   0.001000
 -0.262355  -0.061824  -0.530199   0.803888   0.205923   1.182741   0.001000
 -0.270483  -0.068806  -0.532270   0.799245   0.271001   1.021955   0.001000
 -0.270483  -0.068806  -0.532270   0.799245   0.271001   1.021955   0.001000
 -0.270483  -0.068806  -0.532270   0.799245   0.271001   1.021955   0.001000
 -0.242021  -0.077985  -0.541382   0.801405   0.091244   1.313842   0.001000
 -0.242021  -0.077985  -0.541382   0.801405   0.091244   1.313842   0.001000
 -0.242021  -0.077985  -0.541382   0.801405   0.091244   1.313842   0.001000
 -0.259365  -0.068962  -0.527141   0.806285   0.077562   1.316214   0.001000
 -0.259365  -0.068962  -0.527141   0.806285   0.077562   1.316214   0.001000
 -0.259365  -0.068962  -0.527141   0.806285   0.077562   1.316214   0.001000
 -0.259365  -0.068962  -0.527141   0.806285   0.077562   1.316214   0.001000
 -0.259365  -0.068962  -0.527141   0.806285   0.077562   1.316214   0.001000
 -0.259365  -0.068962  -0.527141   0.806285   0.077562   1.316214   0.001000
 -0.259365  -0.068962  -0.527141   0.806285   0.077562   1.316214   0.001000
 -0.259365  -0.068962  -0.527141   0.806285   0.077562   1.316214   0.001000
 -0.277403  -0.060402  -0.507784   0.813360   0.349957   1.121391   0.001000
 -0.254580  -0.083138  -0.530839   0.804044   0.266805   1.383950   0.001000
 -0.254580  -0.083138  -0.530839   0.804044   0.266805   1.383950   0.001000
 -0.297217  -0.046075  -0.523578   0.797123   0.263179   1.301479   0.001000
 -0.295389  -0.045431  -0.524081   0.797509  -0.201562   1.156498   0.001000
 -0.295389  -0.045431  -0.524081   0.797509  -0.201562   1.156498   0.001000
 -0.295389  -0.045431  -0.524081   0.797509  -0.201562   1.156498   0.001000
 -0.272582  -0.067219  -0.558618   0.780465   0.141292   1.427259   0.001000
 -0.267214  -0.063656  -0.532444   0.800655   0.207733   1.562370   0.001000
 -0.267214  -0.063656  -0.532444   0.800655   0.207733   1.562370   0.001000
 -0.264204  -0.059612  -0.536908   0.798982   0.314956   1.126979   0.001000
 -0.264204  -0.059612  -0.536908   0.798982   0.314956   1.126979   0.001000
 -0.264204  -0.059612  -0.536908   0.798982   0.314956   1.126979   0.001000
 -0.264204  -0.059612  -0.536908   0.798982   0.314956   1.126979   0.001000
 -0.264204  -0.059612  -0.536908   0.798982   0.314956   1.126979   0.001000
 -0.264204  -0.059612  -0.536908   0.798982   0.314956   1.126979   0.001000
 -0.264204  -0.059612  -0.536908   0.798982   0.314956   1.126979   0.001000
 -0.264204  -0.059612  -0.536908   0.798982   0.314956   1.126979   0.001000
 -0.264204  -0.059612  -0.536908   0.798982   0.314956   1.126979   0.001000
 -0.264204  -0.059612  -0.536908   0.798982   0.314956   1.126979   0.001000
 -0.264204  -0.059612  -0.536908   0.798982   0.314956   1.126979   0.001000
 -0.264204  -0.059612  -0.536908   0.798982   0.314956   1.126979   0.001000
 -0.264204  -0.059612  -0.536908   0.798982   0.314956   1.126979   0.001000
 -0.264204  -0.059612  -0.536908   0.798982   0.314956   1.126979   0.001000
 -0.264204  -0.059612  -0.536908   0.798982   0.314956   1.126979   0.001000
 -0.264204  -0.059612  -0.536908   0.798982   0.314956   1.126979   0.001000
 -0.264204  -0.059612  -0.536908   0.798982   0.314956   1.126979   0.001000
 -0.264204  -0.059612  -0.536908   0.798982   0.314956   1.126979   0.001000
 -0.264204  -0.059612  -0.536908   0.798982   0.314956   1.126979   0.001000
 -0.222954  -0.073404  -0.532790   0.813043   0.438616   0.982925   0.001000
 -0.273077  -0.060168  -0.532113   0.799165   0.395112   1.145514   0.001000
 -0.273077  -0.060168  -0.532113   0.799165   0.395112   1.145514   0.001000
 -0.273077  -0.060168  -0.532113   0.799165   0.395112   1.145514   0.001000
 -0.273077  -0.060168  -0.532113   0.799165   0.395112   1.145514   0.001000
 -0.273077  -0.060168  -0.532113   0.799165   0.395112   1.145514   0.001000
 -0.273077  -0.060168  -0.532113   0.799165   0.395112   1.145514   0.001000
 -0.273077  -0.060168  -0.532113   0.799165   0.395112   1.145514   0.001000
 -0.273077  -0.060168  -0.532113   0.799165   0.395112   1.145514   0.001000
 -0.273077  -0.060168  -0.532113   0.799165   0.395112   1.145514   0.001000
 -0.273077  -0.060168  -0.532113   0.799165   0.395112   1.145514   0.001000
 -0.273077  -0.060168  -0.532113   0.799165   0.395112   1.145514   0.001000
 -0.273077  -0.060168  -0.532113   0.799165   0.395112   1.145514   0.001000
 -0.273077  -0.060168  -0.532113   0.799165   0.395112   1.145514   0.001000
 -0.273077  -0.060168  -0.532113   0.799165   0.395112   1.145514   0.001000
 -0.273077  -0.060168  -0.532113   0.799165   0.395112   1.145514   0.001000
 -0.273077  -0.060168  -0.532113   0.799165   0.395112   1.145514   0.001000
 -0.273077  -0.060168  -0.532113   0.799165   0.395112   1.145514   0.001000
 -0.273077  -0.060168  -0.532113   0.799165   0.395112   1.145514   0.001000
 -0.273077  -0.060168  -0.532113   0.799165   0.395112   1.145514   0.001000
 -0.273077  -0.060168  -0.532113   0.799165   0.395112   1.145514   0.001000
 -0.273077  -0.060168  -0.532113   0.799165   0.395112   1.145514   0.001000
 -0.273077  -0.060168  -0.532113   0.799165   0.395112   1.145514   0.001000
 -0.273077  -0.060168  -0.532113   0.799165   0.395112   1.145514   0.001000
 -0.273077  -0.060168  -0.532113   0.799165   0.395112   1.145514   0.001000
 -0.273077  -0.060168  -0.532113   0.799165   0.395112   1.145514   0.001000
 -0.273077  -0.060168  -0.532113   0.799165   0.395112   1.145514   0.001000
 -0.273077  -0.060168  -0.532113   0.799165   0.395112   1.145514   0.001000
 -0.273077  -0.060168  -0.532113   0.799165   0.395112   1.145514   0.001000
 -0.273077  -0.060168  -0.532113   0.799165   0.395112   1.145514   0.001000
 -0.273077  -0.060168  -0.532113   0.799165   0.395112   1.145514   0.001000
 -0.273077  -0.060168  -0.532113   0.799165   0.395112   1.145514   0.001000
 -0.273077  -0.060168  -0.532113   0.799165   0.395112   1.145514   0.001000
 -0.274883  -0.062969  -0.533557   0.797365   0.335906   0.951370   0.001000
 -0.274883  -0.062969  -0.533557   0.797365   0.335906   0.951370   0.001000
 -0.274883  -0.062969  -0.533557   0.797365   0.335906   0.951370   0.001000
 -0.274883  -0.062969  -0.533557   0.797365   0.335906   0.951370   0.001000
 -0.274883  -0.062969  -0.533557   0.797365   0.335906   0.951370   0.001000
 -0.274883  -0.062969  -0.533557   0.797365   0.335906   0.951370   0.001000
 -0.274883  -0.062969  -0.533557   0.797365   0.335906   0.951370   0.001000
 -0.274883  -0.062969  -0.533557   0.797365   0.335906   0.951370   0.001000
 -0.274883  -0.062969  -0.533557   0.797365   0.335906   0.951370   0.001000
 -0.274883  -0.062969  -0.533557   0.797365   0.335906   0.951370   0.001000
 -0.274883  -0.062969  -0.533557   0.797365   0.335906   0.951370   0.001000
 -0.274883  -0.062969  -0.533557   0.797365   0.335906   0.951370   0.001000
 -0.274883  -0.062969  -0.533557   0.797365   0.335906   0.951370   0.001000
 -0.274883  -0.062969  -0.533557   0.797365   0.335906   0.951370   0.001000
 -0.274883  -0.062969  -0.533557   0.797365   0.335906   0.951370   0.001000
 -0.274883  -0.062969  -0.533557   0.797365   0.335906   0.951370   0.001000
 -0.274883  -0.062969  -0.533557   0.797365   0.335906   0.951370   0.001000
 -0.274883  -0.062969  -0.533557   0.797365   0.335906   0.951370   0.001000
 -0.274883  -0.062969  -0.533557   0.797365   0.335906   0.951370   0.001000
 -0.264229  -0.062832  -0.519248   0.810319   0.447814   0.832225   0.001000
 -0.264229  -0.062832  -0.519248   0.810319   0.447814   0.832225   0.001000
 -0.264229  -0.062832  -0.519248   0.810319   0.447814   0.832225   0.001000
 -0.264229  -0.062832  -0.519248   0.810319   0.447814   0.832225   0.001000
 -0.264229  -0.062832  -0.519248   0.810319   0.447814   0.832225   0.001000
 -0.257970  -0.070103  -0.516210   0.813674   0.246843   0.823217   0.001000
 -0.257970  -0.070103  -0.516210   0.813674   0.246843   0.823217   0.001000
 -0.257970  -0.070103  -0.516210   0.813674   0.246843   0.823217   0.001000
 -0.257970  -0.070103  -0.516210   0.813674   0.246843   0.823217   0.001000
 -0.257970  -0.070103  -0.516210   0.813674   0.246843   0.823217   0.001000
 -0.258868  -0.055758  -0.527010   0.807551   0.193776   1.300003   0.001000
 -0.258868  -0.055758  -0.527010   0.807551   0.193776   1.300003   0.001000
 -0.252983  -0.085425  -0.535699   0.801080   0.420844   1.377906   0.001000
 -0.252983  -0.085425  -0.535699   0.801080   0.420844   1.377906   0.001000
 -0.272215  -0.037251  -0.525035   0.805512   0.451034   0.997577   0.001000
 -0.272215  -0.037251  -0.525035   0.805512   0.451034   0.997577   0.001000
 -0.272215  -0.037251  -0.525035   0.805512   0.451034   0.997577   0.001000
 -0.275830  -0.078466  -0.535391   0.794429   0.309489   1.249089   0.001000
 -0.275830  -0.078466  -0.535391   0.794429   0.309489   1.249089   0.001000
 -0.238238  -0.080385  -0.539241   0.803741   0.454773   1.384589   0.001000
 -0.238238  -0.080385  -0.539241   0.803741   0.454773   1.384589   0.001000
 -0.238238  -0.080385  -0.539241   0.803741   0.454773   1.384589   0.001000
 -0.263662  -0.065681  -0.524320   0.807005   0.268565   1.037146   0.001000
 -0.263662  -0.065681  -0.524320   0.807005   0.268565   1.037146   0.001000
 -0.263662  -0.065681  -0.524320   0.807005   0.268565   1.037146   0.001000
 -0.263662  -0.065681  -0.524320   0.807005   0.268565   1.037146   0.001000
 -0.263662  -0.065681  -0.524320   0.807005   0.268565   1.037146   0.001000
 -0.263662  -0.065681  -0.524320   0.807005   0.268565   1.037146   0.001000
 -0.263662  -0.065681  -0.524320   0.807005   0.268565   1.037146   0.001000
 -0.263662  -0.065681  -0.524320   0.807005   0.268565   1.037146   0.001000
 -0.263662  -0.065681  -0.524320   0.807005   0.268565   1.037146   0.001000
 -0.263662  -0.065681  -0.524320   0.807005   0.268565   1.037146   0.001000
 -0.263662  -0.065681  -0.524320   0.807005   0.268565   1.037146   0.001000
 -0.263662  -0.065681  -0.524320   0.807005   0.268565   1.037146   0.001000
 -0.263662  -0.065681  -0.524320   0.807005   0.268565   1.037146   0.001000
 -0.263662  -0.065681  -0.524320   0.807005   0.268565   1.037146   0.001000
 -0.263662  -0.065681  -0.524320   0.807005   0.268565   1.037146   0.001000
 -0.263662  -0.065681  -0.524320   0.807005   0.268565   1.037146   0.001000
 -0.263662  -0.065681  -0.524320   0.807005   0.268565   1.037146   0.001000
 -0.263662  -0.065681  -0.524320   0.807005   0.268565   1.037146   0.001000
 -0.263662  -0.065681  -0.524320   0.807005   0.268565   1.037146   0.001000
 -0.263662  -0.065681  -0.524320   0.807005   0.268565   1.037146   0.001000
 -0.263662  -0.065681  -0.524320   0.807005   0.268565   1.037146   0.001000
 -0.263662  -0.065681  -0.524320   0.807005   0.268565   1.037146   0.001000
 -0.263662  -0.065681  -0.524320   0.807005   0.268565   1.037146   0.001000
 -0.263662  -0.065681  -0.524320   0.807005   0.268565   1.037146   0.001000
 -0.263662  -0.065681  -0.524320   0.807005   0.268565   1.037146   0.001000
 -0.263662  -0.065681  -0.524320   0.807005   0.268565   1.037146   0.001000
 -0.263662  -0.065681  -0.524320   0.807005   0.268565   1.037146   0.001000
 -0.263662  -0.065681  -0.524320   0.807005   0.268565   1.037146   0.001000
 -0.263662  -0.065681  -0.524320   0.807005   0.268565   1.037146   0.001000
 -0.263662  -0.065681  -0.524320   0.807005   0.268565   1.037146   0.001000
 -0.263662  -0.065681  -0.524320   0.807005   0.268565   1.037146   0.001000
 -0.263662  -0.065681  -0.524320   0.807005   0.268565   1.037146   0.001000
 -0.263662  -0.065681  -0.524320   0.807005   0.268565   1.037146   0.001000
 -0.263662  -0.065681  -0.524320   0.807005   0.268565   1.037146   0.001000
 -0.263662  -0.065681  -0.524320   0.807005   0.268565   1.037146   0.001000
 -0.263662  -0.065681  -0.524320   0.807005   0.268565   1.037146   0.001000
 -0.273377  -0.063296  -0.526189   0.802735   0.506695   1.318929   0.001000
 -0.273377  -0.063296  -0.526189   0.802735   0.506695   1.318929   0.001000
 -0.266655  -0.095524  -0.522534   0.804195   0.411909   1.016049   0.001000
 -0.266509  -0.055396  -0.535764   0.799288   0.568577   0.814266   0.001000
 -0.266509  -0.055396  -0.535764   0.799288   0.568577   0.814266   0.001000
 -0.266509  -0.055396  -0.535764   0.799288   0.568577   0.814266   0.001000
 -0.266509  -0.055396  -0.535764   0.799288   0.568577   0.814266   0.001000
 -0.267476  -0.047973  -0.530226   0.803129   0.317671   1.103572   0.001000
 -0.267476  -0.047973  -0.530226   0.803129   0.317671   1.103572   0.001000
 -0.267476  -0.047973  -0.530226   0.803129   0.317671   1.103572   0.001000
 -0.267476  -0.047973  -0.530226   0.803129   0.317671   1.103572   0.001000
 -0.267476  -0.047973  -0.530226   0.803129   0.317671   1.103572   0.001000
 -0.267476  -0.047973  -0.530226   0.803129   0.317671   1.103572   0.001000
 -0.267476  -0.047973  -0.530226   0.803129   0.317671   1.103572   0.001000
 -0.267476  -0.047973  -0.530226   0.803129   0.317671   1.103572   0.001000
 -0.260980  -0.055295  -0.528813   0.805723   0.502828   1.073146   0.001000
 -0.282886  -0.066438  -0.525596   0.799569   0.474487   0.900132   0.001000
 -0.267750  -0.076598  -0.530841   0.800406   0.449932   0.852744   0.001000
 -0.223906  -0.095865  -0.546446   0.801294   0.248928   1.219734   0.001000
 -0.250644  -0.072775  -0.521892   0.812102   0.492749   1.046954   0.001000
 -0.253660  -0.063818  -0.541359   0.799071   0.446244   1.282414   0.001000
 -0.274776  -0.066716  -0.528554   0.800424   0.306305   1.226065   0.001000
 -0.140624  -0.127484  -0.839029   0.509904   0.049847   0.551988   0.001000
 -0.144324  -0.127934  -0.848752   0.492365   0.144278   0.681868   0.001000
 -0.144324  -0.127934  -0.848752   0.492365   0.144278   0.681868   0.001000
 -0.124992  -0.130987  -0.850687   0.493509   0.036526   0.172703   0.001000
 -0.147491  -0.103775  -0.844714   0.503920   0.117151   0.625883   0.001000
 -0.149806  -0.113478  -0.842721   0.504482   0.232398   0.625783   0.001000
 -0.149806  -0.113478  -0.842721   0.504482   0.232398   0.625783   0.001000
 -0.149806  -0.113478  -0.842721   0.504482   0.232398   0.625783   0.001000
 -0.149806  -0.113478  -0.842721   0.504482   0.232398   0.625783   0.001000
 -0.149806  -0.113478  -0.842721   0.504482   0.232398   0.625783   0.001000
 -0.149806  -0.113478  -0.842721   0.504482   0.232398   0.625783   0.001000
 -0.149806  -0.113478  -0.842721   0.504482   0.232398   0.625783   0.001000
 -0.149806  -0.113478  -0.842721   0.504482   0.232398   0.625783   0.001000
 -0.149806  -0.113478  -0.842721   0.504482   0.232398   0.625783   0.001000
 -0.163748  -0.116515  -0.841738   0.501087   0.141201   0.647332   0.001000
 -0.163748  -0.116515  -0.841738   0.501087   0.141201   0.647332   0.001000
 -0.163748  -0.116515  -0.841738   0.501087   0.141201   0.647332   0.001000
 -0.149224  -0.123580  -0.840583   0.505847   0.319036   0.621805   0.001000
 -0.149224  -0.123580  -0.840583   0.505847   0.319036   0.621805   0.001000
 -0.149224  -0.123580  -0.840583   0.505847   0.319036   0.621805   0.001000
 -0.149224  -0.123580  -0.840583   0.505847   0.319036   0.621805   0.001000
 -0.149224  -0.123580  -0.840583   0.505847   0.319036   0.621805   0.001000
 -0.141993  -0.118569  -0.847482   0.497548   0.016771   1.042610   0.001000
 -0.166825  -0.110668  -0.826413   0.526273   0.055105   0.965894   0.001000
 -0.157028  -0.122004  -0.842980   0.499843   0.065596   0.636773   0.001000
 -0.157028  -0.122004  -0.842980   0.499843   0.065596   0.636773   0.001000
 -0.157028  -0.122004  -0.842980   0.499843   0.065596   0.636773   0.001000
 -0.157028  -0.122004  -0.842980   0.499843   0.065596   0.636773   0.001000
 -0.148966  -0.110500  -0.844865   0.501798   0.092470   0.535378   0.001000
 -0.148966  -0.110500  -0.844865   0.501798   0.092470   0.535378   0.001000
 -0.148966  -0.110500  -0.844865   0.501798   0.092470   0.535378   0.001000
 -0.148966  -0.110500  -0.844865   0.501798   0.092470   0.535378   0.001000
 -0.162006  -0.124627  -0.841888   0.499446  -0.066918   0.690263   0.001000
 -0.162006  -0.124627  -0.841888   0.499446  -0.066918   0.690263   0.001000
 -0.159599  -0.116793  -0.847470   0.492628   0.174406   0.520963   0.001000
 -0.159599  -0.116793  -0.847470   0.492628   0.174406   0.520963   0.001000
 -0.159599  -0.116793  -0.847470   0.492628   0.174406   0.520963   0.001000
 -0.159599  -0.116793  -0.847470   0.492628   0.174406   0.520963   0.001000
 -0.159599  -0.116793  -0.847470   0.492628   0.174406   0.520963   0.001000
 -0.159599  -0.116793  -0.847470   0.492628   0.174406   0.520963   0.001000
 -0.138293  -0.130358  -0.836115   0.514580  -0.150359   0.333248   0.001000
 -0.165208  -0.105012  -0.833359   0.516906   0.777885   0.523258   0.001000
 -0.147795  -0.126729  -0.844189   0.499442  -0.577820   0.751310   0.001000
 -0.148007  -0.140768  -0.837823   0.506292   0.156565   0.825073   0.001000
 -0.148584  -0.130016  -0.834855   0.513844   0.642735   0.756633   0.001000
