  0.403300   0.306326  -0.457993   0.730586   1.045899  -0.060594   0.001000
  0.372034   0.339255  -0.476636   0.720635   1.195185  -0.179546   0.001000
  0.372034   0.339255  -0.476636   0.720635   1.195185  -0.179546   0.001000
  0.372034   0.339255  -0.476636   0.720635   1.195185  -0.179546   0.001000
  0.372034   0.339255  -0.476636   0.720635   1.195185  -0.179546   0.001000
  0.372034   0.339255  -0.476636   0.720635   1.195185  -0.179546   0.001000
  0.388218   0.326602  -0.474944   0.719059   0.906860   0.128746   0.001000
  0.388218   0.326602  -0.474944   0.719059   0.906860   0.128746   0.001000
  0.388218   0.326602  -0.474944   0.719059   0.906860   0.128746   0.001000
  0.388218   0.326602  -0.474944   0.719059   0.906860   0.128746   0.001000
  0.388218   0.326602  -0.474944   0.719059   0.906860   0.128746   0.001000
  0.388218   0.326602  -0.474944   0.719059   0.906860   0.128746   0.001000
  0.388218   0.326602  -0.474944   0.719059   0.906860   0.128746   0.001000
  0.388218   0.326602  -0.474944   0.719059   0.906860   0.128746   0.001000
  0.388218   0.326602  -0.474944   0.719059   0.906860   0.128746   0.001000
  0.388218   0.326602  -0.474944   0.719059   0.906860   0.128746   0.001000
  0.388218   0.326602  -0.474944   0.719059   0.906860   0.128746   0.001000
  0.388218   0.326602  -0.474944   0.719059   0.906860   0.128746   0.001000
  0.392330   0.305251  -0.474925   0.726186   1.041766   0.112694   0.001000
  0.384612   0.302540  -0.495955   0.717337   1.073170   0.253607   0.001000
  0.384612   0.302540  -0.495955   0.717337   1.073170   0.253607   0.001000
  0.398753   0.309152  -0.498245   0.705105   1.095450   0.311633   0.001000
  0.411481   0.296023  -0.477849   0.717436   0.991433  -0.056354   0.001000
  0.411481   0.296023  -0.477849   0.717436   0.991433  -0.056354   0.001000
  0.404527   0.317518  -0.480038   0.710707   1.019699   0.367595   0.001000
  0.404527   0.317518  -0.480038   0.710707   1.019699   0.367595   0.001000
  0.404527   0.317518  -0.480038   0.710707   1.019699   0.367595   0.001000
  0.404527   0.317518  -0.480038   0.710707   1.019699   0.367595   0.001000
  0.404527   0.317518  -0.480038   0.710707   1.019699   0.367595   0.001000
  0.404527   0.317518  -0.480038   0.710707   1.019699   0.367595   0.001000
  0.404527   0.317518  -0.480038   0.710707   1.019699   0.367595   0.001000
  0.404527   0.317518  -0.480038   0.710707   1.019699   0.367595   0.001000
  0.400731   0.354382  -0.469436   0.702466   0.915509   0.280575   0.001000
  0.401513   0.294781  -0.505263   0.704699   1.224142   0.246272   0.001000
  0.390832   0.325726  -0.477507   0.716338   1.205932   0.131727   0.001000
  0.390832   0.325726  -0.477507   0.716338   1.205932   0.131727   0.001000
  0.390832   0.325726  -0.477507   0.716338   1.205932   0.131727   0.001000
  0.390832   0.325726  -0.477507   0.716338   1.205932   0.131727   0.001000
  0.390832   0.325726  -0.477507   0.716338   1.205932   0.131727   0.001000
  0.376876   0.319890  -0.477914   0.726108   1.368610   0.230613   0.001000
  0.386920   0.332594  -0.457521   0.728250   1.186430   0.262498   0.001000
  0.368608   0.332061  -0.471500   0.729075   1.061487   0.128205   0.001000
  0.368608   0.332061  -0.471500   0.729075   1.061487   0.128205   0.001000
  0.368608   0.332061  -0.471500   0.729075   1.061487   0.128205   0.001000
  0.368608   0.332061  -0.471500   0.729075   1.061487   0.128205   0.001000
  0.368608   0.332061  -0.471500   0.729075   1.061487   0.128205   0.001000
  0.379125   0.326248  -0.460774   0.733153   1.277634   0.165514   0.001000
  0.379125   0.326248  -0.460774   0.733153   1.277634   0.165514   0.001000
  0.379125   0.326248  -0.460774   0.733153   1.277634   0.165514   0.001000
  0.379125   0.326248  -0.460774   0.733153   1.277634   0.165514   0.001000
  0.379125   0.326248  -0.460774   0.733153   1.277634   0.165514   0.001000
  0.391641   0.340438  -0.472802   0.712164   1.037443   0.165517   0.001000
  0.361617   0.373985  -0.431975   0.736727   0.878875   0.233257   0.001000
  0.382168   0.335297  -0.474576   0.718541   1.148683   0.243226   0.001000
  0.382168   0.335297  -0.474576   0.718541   1.148683   0.243226   0.001000
  0.382168   0.335297  -0.474576   0.718541   1.148683   0.243226   0.001000
  0.382168   0.335297  -0.474576   0.718541   1.148683   0.243226   0.001000
  0.382168   0.335297  -0.474576   0.718541   1.148683   0.243226   0.001000
  0.382168   0.335297  -0.474576   0.718541   1.148683   0.243226   0.001000
  0.382168   0.335297  -0.474576   0.718541   1.148683   0.243226   0.001000
  0.382168   0.335297  -0.474576   0.718541   1.148683   0.243226   0.001000
  0.382168   0.335297  -0.474576   0.718541   1.148683   0.243226   0.001000
  0.372850   0.335838  -0.473369   0.723960   1.192129   0.281290   0.001000
  0.413566   0.310820  -0.461692   0.720552   1.156445   0.118819   0.001000
  0.413566   0.310820  -0.461692   0.720552   1.156445   0.118819   0.001000
  0.270810   0.408831  -0.445057   0.749295   1.055098   0.055067   0.001000
  0.270810   0.408831  -0.445057   0.749295   1.055098   0.055067   0.001000
  0.380759   0.333795  -0.457854   0.730735   1.066077  -0.083673   0.001000
  0.416554   0.328593  -0.479717   0.698843   1.011101   0.124627   0.001000
  0.383245   0.339315  -0.456317   0.727849   1.219925   0.113419   0.001000
  0.383245   0.339315  -0.456317   0.727849   1.219925   0.113419   0.001000
  0.384206   0.319143  -0.474407   0.724894   1.073513   0.195115   0.001000
  0.384206   0.319143  -0.474407   0.724894   1.073513   0.195115   0.001000
  0.384206   0.319143  -0.474407   0.724894   1.073513   0.195115   0.001000
  0.384206   0.319143  -0.474407   0.724894   1.073513   0.195115   0.001000
  0.384206   0.319143  -0.474407   0.724894   1.073513   0.195115   0.001000
  0.384206   0.319143  -0.474407   0.724894   1.073513   0.195115   0.001000
  0.384206   0.319143  -0.474407   0.724894   1.073513   0.195115   0.001000
  0.384206   0.319143  -0.474407   0.724894   1.073513   0.195115   0.001000
  0.384206   0.319143  -0.474407   0.724894   1.073513   0.195115   0.001000
  0.384206   0.319143  -0.474407   0.724894   1.073513   0.195115   0.001000
  0.380532   0.321184  -0.477258   0.724058   1.183576  -0.057915   0.001000
  0.380532   0.321184  -0.477258   0.724058   1.183576  -0.057915   0.001000
  0.390455   0.329099  -0.464819   0.723313   1.119580   0.347518   0.001000
  0.390455   0.329099  -0.464819   0.723313   1.119580   0.347518   0.001000
  0.389369   0.314630  -0.470310   0.726779   0.963198   0.275397   0.001000
  0.389369   0.314630  -0.470310   0.726779   0.963198   0.275397   0.001000
  0.389369   0.314630  -0.470310   0.726779   0.963198   0.275397   0.001000
  0.389369   0.314630  -0.470310   0.726779   0.963198   0.275397   0.001000
  0.389369   0.314630  -0.470310   0.726779   0.963198   0.275397   0.001000
  0.389369   0.314630  -0.470310   0.726779   0.963198   0.275397   0.001000
  0.389369   0.314630  -0.470310   0.726779   0.963198   0.275397   0.001000
  0.304643   0.386314  -0.411164   0.767397   1.015937   0.096969   0.001000
  0.402776   0.325350  -0.465945   0.717505   1.077465  -0.053576   0.001000
  0.402776   0.325350  -0.465945   0.717505   1.077465  -0.053576   0.001000
  0.402776   0.325350  -0.465945   0.717505   1.077465  -0.053576   0.001000
  0.402776   0.325350  -0.465945   0.717505   1.077465  -0.053576   0.001000
  0.402776   0.325350  -0.465945   0.717505   1.077465  -0.053576   0.001000
  0.381703   0.319036  -0.488151   0.717097   1.273685  -0.240180   0.001000
  0.386660   0.319025  -0.464150   0.730262   1.153783   0.213532   0.001000
  0.386660   0.319025  -0.464150   0.730262   1.153783   0.213532   0.001000
  0.386660   0.319025  -0.464150   0.730262   1.153783   0.213532   0.001000
  0.388355   0.322787  -0.463329   0.728228   1.003380   0.142675   0.001000
  0.388355   0.322787  -0.463329   0.728228   1.003380   0.142675   0.001000
  0.388355   0.322787  -0.463329   0.728228   1.003380   0.142675   0.001000
  0.388355   0.322787  -0.463329   0.728228   1.003380   0.142675   0.001000
  0.388355   0.322787  -0.463329   0.728228   1.003380   0.142675   0.001000
  0.400372   0.329288  -0.462534   0.719259   1.282841   0.184458   0.001000
  0.400372   0.329288  -0.462534   0.719259   1.282841   0.184458   0.001000
  0.377445   0.327722  -0.466202   0.729924   1.275296  -0.069664   0.001000
  0.377445   0.327722  -0.466202   0.729924   1.275296  -0.069664   0.001000
  0.377445   0.327722  -0.466202   0.729924   1.275296  -0.069664   0.001000
  0.382460   0.341026  -0.472345   0.717158   1.223230  -0.004634   0.001000
  0.382460   0.341026  -0.472345   0.717158   1.223230  -0.004634   0.001000
  0.382460   0.341026  -0.472345   0.717158   1.223230  -0.004634   0.001000
  0.382460   0.341026  -0.472345   0.717158   1.223230  -0.004634   0.001000
  0.382460   0.341026  -0.472345   0.717158   1.223230  -0.004634   0.001000
  0.382460   0.341026  -0.472345   0.717158   1.223230  -0.004634   0.001000
  0.396477   0.325177  -0.464759   0.721848   1.179529   0.253615   0.001000
  0.396477   0.325177  -0.464759   0.721848   1.179529   0.253615   0.001000
  0.385136   0.338898  -0.474959   0.715005   1.120759   0.049560   0.001000
  0.385136   0.338898  -0.474959   0.715005   1.120759   0.049560   0.001000
  0.385136   0.338898  -0.474959   0.715005   1.120759   0.049560   0.001000
  0.385136   0.338898  -0.474959   0.715005   1.120759   0.049560   0.001000
  0.385136   0.338898  -0.474959   0.715005   1.120759   0.049560   0.001000
  0.385136   0.338898  -0.474959   0.715005   1.120759   0.049560   0.001000
  0.385136   0.338898  -0.474959   0.715005   1.120759   0.049560   0.001000
  0.385136   0.338898  -0.474959   0.715005   1.120759   0.049560   0.001000
  0.389777   0.328107  -0.472240   0.719312   1.106949   0.280351   0.001000
  0.389777   0.328107  -0.472240   0.719312   1.106949   0.280351   0.001000
  0.389777   0.328107  -0.472240   0.719312   1.106949   0.280351   0.001000
  0.389777   0.328107  -0.472240   0.719312   1.106949   0.280351   0.001000
  0.384601   0.308258  -0.433012   0.754692   1.026493   0.303660   0.001000
  0.387161   0.337102  -0.473097   0.715995   0.895943  -0.072774   0.001000
  0.387161   0.337102  -0.473097   0.715995   0.895943  -0.072774   0.001000
  0.387161   0.337102  -0.473097   0.715995   0.895943  -0.072774   0.001000
  0.387161   0.337102  -0.473097   0.715995   0.895943  -0.072774   0.001000
  0.387161   0.337102  -0.473097   0.715995   0.895943  -0.072774   0.001000
  0.387161   0.337102  -0.473097   0.715995   0.895943  -0.072774   0.001000
  0.387161   0.337102  -0.473097   0.715995   0.895943  -0.072774   0.001000
  0.387161   0.337102  -0.473097   0.715995   0.895943  -0.072774   0.001000
  0.387161   0.337102  -0.473097   0.715995   0.895943  -0.072774   0.001000
  0.387161   0.337102  -0.473097   0.715995   0.895943  -0.072774   0.001000
  0.387161   0.337102  -0.473097   0.715995   0.895943  -0.072774   0.001000
  0.387161   0.337102  -0.473097   0.715995   0.895943  -0.072774   0.001000
  0.387161   0.337102  -0.473097   0.715995   0.895943  -0.072774   0.001000
  0.391160   0.327765  -0.476747   0.715735   1.110702   0.001022   0.001000
  0.391160   0.327765  -0.476747   0.715735   1.110702   0.001022   0.001000
  0.391160   0.327765  -0.476747   0.715735   1.110702   0.001022   0.001000
  0.391160   0.327765  -0.476747   0.715735   1.110702   0.001022   0.001000
  0.359370   0.314638  -0.475326   0.738865   1.288169  -0.112084   0.001000
  0.371609   0.327628  -0.473535   0.728239   1.166618   0.023867   0.001000
  0.371609   0.327628  -0.473535   0.728239   1.166618   0.023867   0.001000
  0.386856   0.319923  -0.485617   0.715659   1.139078   0.033526   0.001000
  0.386856   0.319923  -0.485617   0.715659   1.139078   0.033526   0.001000
  0.386856   0.319923  -0.485617   0.715659   1.139078   0.033526   0.001000
  0.386856   0.319923  -0.485617   0.715659   1.139078   0.033526   0.001000
  0.386856   0.319923  -0.485617   0.715659   1.139078   0.033526   0.001000
  0.386856   0.319923  -0.485617   0.715659   1.139078   0.033526   0.001000
  0.386867   0.327284  -0.463288   0.727038   1.149102   0.458484   0.001000
  0.395844   0.327371  -0.472274   0.716306   1.296281   0.063694   0.001000
  0.395844   0.327371  -0.472274   0.716306   1.296281   0.063694   0.001000
  0.395844   0.327371  -0.472274   0.716306   1.296281   0.063694   0.001000
  0.395844   0.327371  -0.472274   0.716306   1.296281   0.063694   0.001000
  0.395844   0.327371  -0.472274   0.716306   1.296281   0.063694   0.001000
  0.395844   0.327371  -0.472274   0.716306   1.296281   0.063694   0.001000
  0.395844   0.327371  -0.472274   0.716306   1.296281   0.063694   0.001000
  0.395844   0.327371  -0.472274   0.716306   1.296281   0.063694   0.001000
  0.395844   0.327371  -0.472274   0.716306   1.296281   0.063694   0.001000
  0.389064   0.329725  -0.475816   0.716596   1.291259   0.082726   0.001000
  0.389064   0.329725  -0.475816   0.716596   1.291259   0.082726   0.001000
  0.389064   0.329725  -0.475816   0.716596   1.291259   0.082726   0.001000
  0.389064   0.329725  -0.475816   0.716596   1.291259   0.082726   0.001000
  0.389064   0.329725  -0.475816   0.716596   1.291259   0.082726   0.001000
  0.406792   0.326264  -0.475114   0.708759   1.151936  -0.167882   0.001000
  0.406792   0.326264  -0.475114   0.708759   1.151936  -0.167882   0.001000
  0.406792   0.326264  -0.475114   0.708759   1.151936  -0.167882   0.001000
  0.406792   0.326264  -0.475114   0.708759   1.151936  -0.167882   0.001000
  0.406792   0.326264  -0.475114   0.708759   1.151936  -0.167882   0.001000
  0.406792   0.326264  -0.475114   0.708759   1.151936  -0.167882   0.001000
  0.388669   0.313593  -0.495172   0.710915   1.315978   0.254282   0.001000
  0.427349   0.306101  -0.486827   0.697620   1.260448  -0.352397   0.001000
  0.390665   0.330398  -0.484149   0.709801   1.157358   0.099993   0.001000
  0.369088   0.321566  -0.478157   0.729202   1.269644  -0.067883   0.001000
  0.406461   0.322102  -0.502616   0.691677   1.381216   0.080016   0.001000
  0.406461   0.322102  -0.502616   0.691677   1.381216   0.080016   0.001000
  0.400242   0.334054  -0.455917   0.721355   1.323400   0.171681   0.001000
  0.381432   0.311823  -0.485467   0.722217   0.607432   0.277302   0.001000
  0.413688   0.306059  -0.487820   0.705139   0.930316  -0.244405   0.001000
  0.413688   0.306059  -0.487820   0.705139   0.930316  -0.244405   0.001000
  0.413688   0.306059  -0.487820   0.705139   0.930316  -0.244405   0.001000
  0.413688   0.306059  -0.487820   0.705139   0.930316  -0.244405   0.001000
  0.413688   0.306059  -0.487820   0.705139   0.930316  -0.244405   0.001000
  0.413688   0.306059  -0.487820   0.705139   0.930316  -0.244405   0.001000
  0.413688   0.306059  -0.487820   0.705139   0.930316  -0.244405   0.001000
  0.413688   0.306059  -0.487820   0.705139   0.930316  -0.244405   0.001000
  0.413688   0.306059  -0.487820   0.705139   0.930316  -0.244405   0.001000
  0.413688   0.306059  -0.487820   0.705139   0.930316  -0.244405   0.001000
  0.413688   0.306059  -0.487820   0.705139   0.930316  -0.244405   0.001000
  0.413688   0.306059  -0.487820   0.705139   0.930316  -0.244405   0.001000
  0.413688   0.306059  -0.487820   0.705139   0.930316  -0.244405   0.001000
  0.413688   0.306059  -0.487820   0.705139   0.930316  -0.244405   0.001000
  0.414675   0.327115  -0.476589   0.702783   0.663876   0.026213   0.001000
  0.414675   0.327115  -0.476589   0.702783   0.663876   0.026213   0.001000
  0.414675   0.327115  -0.476589   0.702783   0.663876   0.026213   0.001000
  0.419144   0.299222  -0.476635   0.712463   0.745592  -0.545602   0.001000
  0.419144   0.299222  -0.476635   0.712463   0.745592  -0.545602   0.001000
  0.411336   0.332476  -0.465340   0.709733   0.766691   0.026111   0.001000
  0.411336   0.332476  -0.465340   0.709733   0.766691   0.026111   0.001000
  0.411336   0.332476  -0.465340   0.709733   0.766691   0.026111   0.001000
  0.403833   0.313849  -0.501781   0.697591   0.804416   0.037425   0.001000
  0.400442   0.327280  -0.479127   0.709205   0.698060   0.011476   0.001000
  0.378719   0.330424  -0.482943   0.717048   0.835038  -0.274853   0.001000
  0.378719   0.330424  -0.482943   0.717048   0.835038  -0.274853   0.001000
  0.378719   0.330424  -0.482943   0.717048   0.835038  -0.274853   0.001000
  0.378719   0.330424  -0.482943   0.717048   0.835038  -0.274853   0.001000
  0.378719   0.330424  -0.482943   0.717048   0.835038  -0.274853   0.001000
  0.399747   0.324244  -0.469116   0.717634   0.593850  -0.045953   0.001000
  0.399747   0.324244  -0.469116   0.717634   0.593850  -0.045953   0.001000
  0.399747   0.324244  -0.469116   0.717634   0.593850  -0.045953   0.001000
  0.399747   0.324244  -0.469116   0.717634   0.593850  -0.045953   0.001000
  0.399747   0.324244  -0.469116   0.717634   0.593850  -0.045953   0.001000
  0.399747   0.324244  -0.469116   0.717634   0.593850  -0.045953   0.001000
  0.399747   0.324244  -0.469116   0.717634   0.593850  -0.045953   0.001000
  0.399747   0.324244  -0.469116   0.717634   0.593850  -0.045953   0.001000
  0.399747   0.324244  -0.469116   0.717634   0.593850  -0.045953   0.001000
  0.399747   0.324244  -0.469116   0.717634   0.593850  -0.045953   0.001000
  0.399747   0.324244  -0.469116   0.717634   0.593850  -0.045953   0.001000
  0.402313   0.310199  -0.482228   0.713706   0.817139  -0.382741   0.001000
  0.402313   0.310199  -0.482228   0.713706   0.817139  -0.382741   0.001000
  0.402313   0.310199  -0.482228   0.713706   0.817139  -0.382741   0.001000
  0.402313   0.310199  -0.482228   0.713706   0.817139  -0.382741   0.001000
  0.402313   0.310199  -0.482228   0.713706   0.817139  -0.382741   0.001000
  0.402313   0.310199  -0.482228   0.713706   0.817139  -0.382741   0.001000
  0.402313   0.310199  -0.482228   0.713706   0.817139  -0.382741   0.001000
  0.402313   0.310199  -0.482228   0.713706   0.817139  -0.382741   0.001000
  0.418238   0.304886  -0.470205   0.714863   0.779797  -0.025853   0.001000
  0.418238   0.304886  -0.470205   0.714863   0.779797  -0.025853   0.001000
  0.418238   0.304886  -0.470205   0.714863   0.779797  -0.025853   0.001000
  0.418238   0.304886  -0.470205   0.714863   0.779797  -0.025853   0.001000
  0.384158   0.339984  -0.460552   0.724379   0.957624  -0.217307   0.001000
  0.419368   0.295739  -0.483297   0.709290   0.677121  -0.283000   0.001000
  0.404869   0.311209  -0.481781   0.712122   0.825408  -0.408514   0.001000
  0.403377   0.331518  -0.473393   0.709424   0.940680  -0.132286   0.001000
  0.403377   0.331518  -0.473393   0.709424   0.940680  -0.132286   0.001000
  0.404269   0.316353  -0.462991   0.722584   0.857342  -0.148930   0.001000
  0.404269   0.316353  -0.462991   0.722584   0.857342  -0.148930   0.001000
  0.404269   0.316353  -0.462991   0.722584   0.857342  -0.148930   0.001000
  0.390292   0.315282  -0.490368   0.712607   0.645614  -0.122053   0.001000
  0.390292   0.315282  -0.490368   0.712607   0.645614  -0.122053   0.001000
  0.390292   0.315282  -0.490368   0.712607   0.645614  -0.122053   0.001000
  0.405940   0.318073  -0.518261   0.682238   1.054998  -0.048427   0.001000
  0.405940   0.318073  -0.518261   0.682238   1.054998  -0.048427   0.001000
  0.405940   0.318073  -0.518261   0.682238   1.054998  -0.048427   0.001000
  0.272601   0.391622  -0.446852   0.756733   0.824783  -0.230346   0.001000
  0.392058   0.290741  -0.455489   0.744506   0.967895  -0.046597   0.001000
  0.410836   0.310921  -0.475652   0.712950   1.172163  -0.029244   0.001000
  0.410836   0.310921  -0.475652   0.712950   1.172163  -0.029244   0.001000
  0.382410   0.344857  -0.490871   0.702767   1.398618  -0.038880   0.001000
  0.409461   0.307298  -0.480348   0.712162   1.238184   0.008233   0.001000
  0.409461   0.307298  -0.480348   0.712162   1.238184   0.008233   0.001000
  0.409461   0.307298  -0.480348   0.712162   1.238184   0.008233   0.001000
  0.406086   0.314023  -0.490183   0.704418   1.128579   0.058423   0.001000
  0.406086   0.314023  -0.490183   0.704418   1.128579   0.058423   0.001000
  0.406086   0.314023  -0.490183   0.704418   1.128579   0.058423   0.001000
  0.407546   0.333704  -0.489723   0.694780   1.237467  -0.126233   0.001000
  0.407546   0.333704  -0.489723   0.694780   1.237467  -0.126233   0.001000
  0.407546   0.333704  -0.489723   0.694780   1.237467  -0.126233   0.001000
  0.412085   0.327961  -0.484216   0.698686   1.098369  -0.133100   0.001000
  0.407103   0.309722  -0.501702   0.697592   1.190044   0.027195   0.001000
  0.395473   0.306737  -0.503756   0.704090   1.286280   0.158154   0.001000
  0.393341   0.301968  -0.485543   0.719962   1.143692   0.178512   0.001000
  0.394060   0.306671  -0.477572   0.722907   1.170677   0.136741   0.001000
  0.414408   0.326372  -0.466328   0.710131   1.281054   0.263716   0.001000
  0.377777   0.332799  -0.501067   0.703890   1.112921   0.050900   0.001000
  0.389274   0.307443  -0.481555   0.722529   1.292046   0.143016   0.001000
  0.395546   0.341643  -0.471282   0.710435   1.147018   0.041481   0.001000
  0.409570   0.281125  -0.479747   0.723232   1.094210   0.146639   0.001000
  0.380259   0.310503  -0.492511   0.718626   1.047064  -0.245219   0.001000
  0.405134   0.318304  -0.485320   0.706409   1.256785   0.080248   0.001000
  0.405134   0.318304  -0.485320   0.706409   1.256785   0.080248   0.001000
  0.405134   0.318304  -0.485320   0.706409   1.256785   0.080248   0.001000
  0.405134   0.318304  -0.485320   0.706409   1.256785   0.080248   0.001000
  0.405134   0.318304  -0.485320   0.706409   1.256785   0.080248   0.001000
  0.405134   0.318304  -0.485320   0.706409   1.256785   0.080248   0.001000
  0.404827   0.318794  -0.485865   0.705989   1.039348   0.160098   0.001000
  0.404827   0.318794  -0.485865   0.705989   1.039348   0.160098   0.001000
  0.404827   0.318794  -0.485865   0.705989   1.039348   0.160098   0.001000
  0.404827   0.318794  -0.485865   0.705989   1.039348   0.160098   0.001000
  0.404827   0.318794  -0.485865   0.705989   1.039348   0.160098   0.001000
  0.392448   0.327858  -0.485456   0.709102   1.137372   0.347474   0.001000
  0.400033   0.331882  -0.493353   0.697446   1.127095   0.024177   0.001000
  0.400033   0.331882  -0.493353   0.697446   1.127095   0.024177   0.001000
  0.396603   0.324054  -0.491374   0.704447   1.327667   0.025435   0.001000
  0.391379   0.341580  -0.467917   0.714982   1.315939  -0.056869   0.001000
  0.410069   0.310950  -0.477384   0.712220   1.232929   0.023992   0.001000
  0.395950   0.316811  -0.480746   0.715358   1.224687  -0.069822   0.001000
  0.395950   0.316811  -0.480746   0.715358   1.224687  -0.069822   0.001000
  0.395950   0.316811  -0.480746   0.715358   1.224687  -0.069822   0.001000
  0.395950   0.316811  -0.480746   0.715358   1.224687  -0.069822   0.001000
  0.393722   0.323780  -0.489180   0.707710   1.264860   0.101795   0.001000
  0.393722   0.323780  -0.489180   0.707710   1.264860   0.101795   0.001000
  0.404175   0.337359  -0.489363   0.695238   1.253795   0.216461   0.001000
  0.273499   0.373169  -0.439112   0.770145   1.056754  -0.064932   0.001000
  0.389465   0.323196  -0.486694   0.712032   1.173695  -0.018646   0.001000
  0.389465   0.323196  -0.486694   0.712032   1.173695  -0.018646   0.001000
  0.389465   0.323196  -0.486694   0.712032   1.173695  -0.018646   0.001000
  0.389465   0.323196  -0.486694   0.712032   1.173695  -0.018646   0.001000
  0.406969   0.317661  -0.479422   0.709664   1.218261   0.140930   0.001000
  0.406969   0.317661  -0.479422   0.709664   1.218261   0.140930   0.001000
  0.406969   0.317661  -0.479422   0.709664   1.218261   0.140930   0.001000
  0.273382   0.393668  -0.428097   0.766173   1.216946   0.128586   0.001000
  0.401440   0.300622  -0.464588   0.729815   0.988520  -0.126784   0.001000
  0.409677   0.308745  -0.473351   0.716087   0.906284  -0.181186   0.001000
  0.409677   0.308745  -0.473351   0.716087   0.906284  -0.181186   0.001000
  0.409677   0.308745  -0.473351   0.716087   0.906284  -0.181186   0.001000
  0.409677   0.308745  -0.473351   0.716087   0.906284  -0.181186   0.001000
  0.409677   0.308745  -0.473351   0.716087   0.906284  -0.181186   0.001000
  0.405472   0.308209  -0.517040   0.687946   1.053117   0.297673   0.001000
  0.411764   0.313385  -0.468588   0.716007   0.926306   0.126978   0.001000
  0.411764   0.313385  -0.468588   0.716007   0.926306   0.126978   0.001000
  0.376692   0.347271  -0.458213   0.726324   0.823775  -0.088766   0.001000
  0.376692   0.347271  -0.458213   0.726324   0.823775  -0.088766   0.001000
  0.401293   0.346945  -0.486094   0.694482   0.933984   0.244176   0.001000
  0.410600   0.310648  -0.478518   0.711285   0.968041  -0.073544   0.001000
  0.410600   0.310648  -0.478518   0.711285   0.968041  -0.073544   0.001000
  0.410600   0.310648  -0.478518   0.711285   0.968041  -0.073544   0.001000
  0.410600   0.310648  -0.478518   0.711285   0.968041  -0.073544   0.001000
  0.410600   0.310648  -0.478518   0.711285   0.968041  -0.073544   0.001000
  0.410600   0.310648  -0.478518   0.711285   0.968041  -0.073544   0.001000
  0.410600   0.310648  -0.478518   0.711285   0.968041  -0.073544   0.001000
  0.410600   0.310648  -0.478518   0.711285   0.968041  -0.073544   0.001000
  0.408939   0.313684  -0.481985   0.708563   1.105622  -0.088233   0.001000
  0.408939   0.313684  -0.481985   0.708563   1.105622  -0.088233   0.001000
  0.408939   0.313684  -0.481985   0.708563   1.105622  -0.088233   0.001000
  0.408939   0.313684  -0.481985   0.708563   1.105622  -0.088233   0.001000
  0.408939   0.313684  -0.481985   0.708563   1.105622  -0.088233   0.001000
  0.397898   0.325543  -0.490214   0.703839   1.412133  -0.061349   0.001000
  0.397898   0.325543  -0.490214   0.703839   1.412133  -0.061349   0.001000
  0.412277   0.296946  -0.494244   0.705389   1.146399   0.830759   0.001000
  0.413891   0.313091  -0.478968   0.707996   1.152901   0.201839   0.001000
  0.408608   0.301152  -0.502071   0.700195   1.193160  -0.242427   0.001000
  0.395071   0.329563  -0.490190   0.703577   1.049706  -0.301519   0.001000
  0.395071   0.329563  -0.490190   0.703577   1.049706  -0.301519   0.001000
  0.395071   0.329563  -0.490190   0.703577   1.049706  -0.301519   0.001000
  0.398808   0.338604  -0.487718   0.698878   0.872318  -0.146870   0.001000
  0.266297   0.405388  -0.434884   0.758698   1.009845  -0.199797   0.001000
  0.358532   0.350834  -0.496421   0.708475   0.976246  -0.140085   0.001000
  0.394681   0.326243  -0.489669   0.705703   0.733441   0.059025   0.001000
  0.394681   0.326243  -0.489669   0.705703   0.733441   0.059025   0.001000
  0.394681   0.326243  -0.489669   0.705703   0.733441   0.059025   0.001000
  0.394681   0.326243  -0.489669   0.705703   0.733441   0.059025   0.001000
  0.394681   0.326243  -0.489669   0.705703   0.733441   0.059025   0.001000
  0.394681   0.326243  -0.489669   0.705703   0.733441   0.059025   0.001000
  0.394681   0.326243  -0.489669   0.705703   0.733441   0.059025   0.001000
  0.417787   0.312506  -0.500954   0.690535   1.006644   0.225620   0.001000
  0.417787   0.312506  -0.500954   0.690535   1.006644   0.225620   0.001000
  0.421928   0.312760  -0.478559   0.703662   0.864759  -0.214102   0.001000
  0.411234   0.312103  -0.497597   0.697047   1.011393  -0.057225   0.001000
  0.390344   0.321425  -0.505243   0.699318   1.051145   0.199053   0.001000
  0.394814   0.317183  -0.485163   0.712835   0.979635   0.577306   0.001000
  0.347266   0.353084  -0.470652   0.730222   1.156993  -0.025487   0.001000
  0.416815   0.338044  -0.501628   0.678499   0.947523   0.446404   0.001000
  0.394006   0.321823  -0.473555   0.718982   0.930155  -0.403556   0.001000
  0.394006   0.321823  -0.473555   0.718982   0.930155  -0.403556   0.001000
  0.394006   0.321823  -0.473555   0.718982   0.930155  -0.403556   0.001000
  0.394006   0.321823  -0.473555   0.718982   0.930155  -0.403556   0.001000
  0.394006   0.321823  -0.473555   0.718982   0.930155  -0.403556   0.001000
  0.394006   0.321823  -0.473555   0.718982   0.930155  -0.403556   0.001000
  0.394006   0.321823  -0.473555   0.718982   0.930155  -0.403556   0.001000
  0.394006   0.321823  -0.473555   0.718982   0.930155  -0.403556   0.001000
  0.394006   0.321823  -0.473555   0.718982   0.930155  -0.403556   0.001000
  0.394006   0.321823  -0.473555   0.718982   0.930155  -0.403556   0.001000
  0.394006   0.321823  -0.473555   0.718982   0.930155  -0.403556   0.001000
  0.394006   0.321823  -0.473555   0.718982   0.930155  -0.403556   0.001000
  0.394006   0.321823  -0.473555   0.718982   0.930155  -0.403556   0.001000
  0.384082   0.334629  -0.466813   0.722903   1.295626  -0.016767   0.001000
  0.399363   0.316810  -0.461951   0.725769   1.366230  -0.351227   0.001000
  0.399363   0.316810  -0.461951   0.725769   1.366230  -0.351227   0.001000
  0.399363   0.316810  -0.461951   0.725769   1.366230  -0.351227   0.001000
  0.399363   0.316810  -0.461951   0.725769   1.366230  -0.351227   0.001000
  0.399363   0.316810  -0.461951   0.725769   1.366230  -0.351227   0.001000
  0.399363   0.316810  -0.461951   0.725769   1.366230  -0.351227   0.001000
  0.397985   0.316809  -0.476706   0.716932   1.253008  -0.527448   0.001000
  0.397985   0.316809  -0.476706   0.716932   1.253008  -0.527448   0.001000
  0.397985   0.316809  -0.476706   0.716932   1.253008  -0.527448   0.001000
  0.397985   0.316809  -0.476706   0.716932   1.253008  -0.527448   0.001000
  0.397985   0.316809  -0.476706   0.716932   1.253008  -0.527448   0.001000
  0.395506   0.332312  -0.472607   0.713993   1.419127  -0.226241   0.001000
  0.395506   0.332312  -0.472607   0.713993   1.419127  -0.226241   0.001000
  0.395506   0.332312  -0.472607   0.713993   1.419127  -0.226241   0.001000
  0.397549   0.299532  -0.466909   0.730912   1.443448  -0.431776   0.001000
  0.397549   0.299532  -0.466909   0.730912   1.443448  -0.431776   0.001000
  0.413543   0.305919  -0.483790   0.708056   1.333646  -0.291927   0.001000
  0.413543   0.305919  -0.483790   0.708056   1.333646  -0.291927   0.001000
  0.413543   0.305919  -0.483790   0.708056   1.333646  -0.291927   0.001000
  0.305967   0.379486  -0.406787   0.772592   1.449511  -0.590767   0.001000
  0.406444   0.319635  -0.463046   0.719879   1.101426  -0.428241   0.001000
  0.406444   0.319635  -0.463046   0.719879   1.101426  -0.428241   0.001000
  0.406444   0.319635  -0.463046   0.719879   1.101426  -0.428241   0.001000
  0.406444   0.319635  -0.463046   0.719879   1.101426  -0.428241   0.001000
  0.406444   0.319635  -0.463046   0.719879   1.101426  -0.428241   0.001000
  0.406444   0.319635  -0.463046   0.719879   1.101426  -0.428241   0.001000
  0.406444   0.319635  -0.463046   0.719879   1.101426  -0.428241   0.001000
  0.406444   0.319635  -0.463046   0.719879   1.101426  -0.428241   0.001000
  0.402622   0.317593  -0.486241   0.707531   0.763945   0.003174   0.001000
  0.392451   0.319962  -0.486572   0.711937   1.241777  -0.163916   0.001000
  0.392451   0.319962  -0.486572   0.711937   1.241777  -0.163916   0.001000
  0.392451   0.319962  -0.486572   0.711937   1.241777  -0.163916   0.001000
  0.392451   0.319962  -0.486572   0.711937   1.241777  -0.163916   0.001000
  0.274631   0.369877  -0.415269   0.784424   0.966396  -0.143394   0.001000
  0.423514   0.320597  -0.503400   0.681500   1.045560  -0.157306   0.001000
  0.423514   0.320597  -0.503400   0.681500   1.045560  -0.157306   0.001000
  0.395076   0.322576  -0.489140   0.707533   0.777995  -0.101839   0.001000
  0.395076   0.322576  -0.489140   0.707533   0.777995  -0.101839   0.001000
  0.395076   0.322576  -0.489140   0.707533   0.777995  -0.101839   0.001000
  0.395076   0.322576  -0.489140   0.707533   0.777995  -0.101839   0.001000
  0.395076   0.322576  -0.489140   0.707533   0.777995  -0.101839   0.001000
  0.395076   0.322576  -0.489140   0.707533   0.777995  -0.101839   0.001000
  0.395076   0.322576  -0.489140   0.707533   0.777995  -0.101839   0.001000
  0.395076   0.322576  -0.489140   0.707533   0.777995  -0.101839   0.001000
  0.384437   0.316065  -0.477122   0.724338   1.058612  -0.106857   0.001000
  0.313376   0.385868  -0.429806   0.753769   1.210782  -0.024645   0.001000
  0.397447   0.310095  -0.503618   0.701602   1.156477   0.033060   0.001000
  0.397447   0.310095  -0.503618   0.701602   1.156477   0.033060   0.001000
  0.399871   0.308206  -0.494280   0.707671   1.079825  -0.070135   0.001000
  0.386498   0.322756  -0.488399   0.712681   1.019446   0.087449   0.001000
  0.386498   0.322756  -0.488399   0.712681   1.019446   0.087449   0.001000
  0.386498   0.322756  -0.488399   0.712681   1.019446   0.087449   0.001000
  0.407835   0.346877  -0.506820   0.675633   0.901427  -0.139405   0.001000
  0.398000   0.329172  -0.471930   0.714510   0.915736   0.107648   0.001000
  0.398000   0.329172  -0.471930   0.714510   0.915736   0.107648   0.001000
  0.398000   0.329172  -0.471930   0.714510   0.915736   0.107648   0.001000
  0.390070   0.337768  -0.476035   0.712144   0.916031  -0.165721   0.001000
  0.336025   0.379201  -0.455877   0.731758   1.131269  -0.406403   0.001000
  0.336025   0.379201  -0.455877   0.731758   1.131269  -0.406403   0.001000
  0.336025   0.379201  -0.455877   0.731758   1.131269  -0.406403   0.001000
  0.336025   0.379201  -0.455877   0.731758   1.131269  -0.406403   0.001000
  0.336025   0.379201  -0.455877   0.731758   1.131269  -0.406403   0.001000
  0.336025   0.379201  -0.455877   0.731758   1.131269  -0.406403   0.001000
  0.397994   0.331770  -0.479892   0.707978   1.212032   0.045375   0.001000
  0.397994   0.331770  -0.479892   0.707978   1.212032   0.045375   0.001000
  0.397994   0.331770  -0.479892   0.707978   1.212032   0.045375   0.001000
  0.401763   0.314613  -0.479813   0.713711   1.293128  -0.048400   0.001000
  0.401763   0.314613  -0.479813   0.713711   1.293128  -0.048400   0.001000
  0.401763   0.314613  -0.479813   0.713711   1.293128  -0.048400   0.001000
  0.401763   0.314613  -0.479813   0.713711   1.293128  -0.048400   0.001000
  0.401763   0.314613  -0.479813   0.713711   1.293128  -0.048400   0.001000
  0.401763   0.314613  -0.479813   0.713711   1.293128  -0.048400   0.001000
  0.401763   0.314613  -0.479813   0.713711   1.293128  -0.048400   0.001000
  0.401763   0.314613  -0.479813   0.713711   1.293128  -0.048400   0.001000
  0.401763   0.314613  -0.479813   0.713711   1.293128  -0.048400   0.001000
  0.401763   0.314613  -0.479813   0.713711   1.293128  -0.048400   0.001000
  0.401763   0.314613  -0.479813   0.713711   1.293128  -0.048400   0.001000
  0.401763   0.314613  -0.479813   0.713711   1.293128  -0.048400   0.001000
  0.392401   0.331502  -0.473034   0.715798   0.882780  -0.047374   0.001000
  0.392401   0.331502  -0.473034   0.715798   0.882780  -0.047374   0.001000
  0.392401   0.331502  -0.473034   0.715798   0.882780  -0.047374   0.001000
  0.392401   0.331502  -0.473034   0.715798   0.882780  -0.047374   0.001000
  0.392401   0.331502  -0.473034   0.715798   0.882780  -0.047374   0.001000
  0.392401   0.331502  -0.473034   0.715798   0.882780  -0.047374   0.001000
  0.392401   0.331502  -0.473034   0.715798   0.882780  -0.047374   0.001000
  0.392401   0.331502  -0.473034   0.715798   0.882780  -0.047374   0.001000
  0.392401   0.331502  -0.473034   0.715798   0.882780  -0.047374   0.001000
  0.392401   0.331502  -0.473034   0.715798   0.882780  -0.047374   0.001000
  0.392401   0.331502  -0.473034   0.715798   0.882780  -0.047374   0.001000
  0.392401   0.331502  -0.473034   0.715798   0.882780  -0.047374   0.001000
  0.392401   0.331502  -0.473034   0.715798   0.882780  -0.047374   0.001000
  0.392401   0.331502  -0.473034   0.715798   0.882780  -0.047374   0.001000
  0.392401   0.331502  -0.473034   0.715798   0.882780  -0.047374   0.001000
  0.392401   0.331502  -0.473034   0.715798   0.882780  -0.047374   0.001000
  0.392401   0.331502  -0.473034   0.715798   0.882780  -0.047374   0.001000
  0.392401   0.331502  -0.473034   0.715798   0.882780  -0.047374   0.001000
  0.392401   0.331502  -0.473034   0.715798   0.882780  -0.047374   0.001000
  0.392401   0.331502  -0.473034   0.715798   0.882780  -0.047374   0.001000
  0.392401   0.331502  -0.473034   0.715798   0.882780  -0.047374   0.001000
  0.392401   0.331502  -0.473034   0.715798   0.882780  -0.047374   0.001000
  0.392401   0.331502  -0.473034   0.715798   0.882780  -0.047374   0.001000
  0.392401   0.331502  -0.473034   0.715798   0.882780  -0.047374   0.001000
  0.392401   0.331502  -0.473034   0.715798   0.882780  -0.047374   0.001000
  0.392401   0.331502  -0.473034   0.715798   0.882780  -0.047374   0.001000
  0.392401   0.331502  -0.473034   0.715798   0.882780  -0.047374   0.001000
  0.392401   0.331502  -0.473034   0.715798   0.882780  -0.047374   0.001000
  0.392401   0.331502  -0.473034   0.715798   0.882780  -0.047374   0.001000
  0.392401   0.331502  -0.473034   0.715798   0.882780  -0.047374   0.001000
  0.392401   0.331502  -0.473034   0.715798   0.882780  -0.047374   0.001000
  0.392401   0.331502  -0.473034   0.715798   0.882780  -0.047374   0.001000
  0.392401   0.331502  -0.473034   0.715798   0.882780  -0.047374   0.001000
  0.392401   0.331502  -0.473034   0.715798   0.882780  -0.047374   0.001000
  0.392401   0.331502  -0.473034   0.715798   0.882780  -0.047374   0.001000
  0.392401   0.331502  -0.473034   0.715798   0.882780  -0.047374   0.001000
  0.392401   0.331502  -0.473034   0.715798   0.882780  -0.047374   0.001000
  0.392401   0.331502  -0.473034   0.715798   0.882780  -0.047374   0.001000
  0.392401   0.331502  -0.473034   0.715798   0.882780  -0.047374   0.001000
  0.392401   0.331502  -0.473034   0.715798   0.882780  -0.047374   0.001000
  0.392401   0.331502  -0.473034   0.715798   0.882780  -0.047374   0.001000
  0.392401   0.331502  -0.473034   0.715798   0.882780  -0.047374   0.001000
  0.392401   0.331502  -0.473034   0.715798   0.882780  -0.047374   0.001000
  0.392401   0.331502  -0.473034   0.715798   0.882780  -0.047374   0.001000
  0.392401   0.331502  -0.473034   0.715798   0.882780  -0.047374   0.001000
  0.392401   0.331502  -0.473034   0.715798   0.882780  -0.047374   0.001000
  0.392401   0.331502  -0.473034   0.715798   0.882780  -0.047374   0.001000
  0.392401   0.331502  -0.473034   0.715798   0.882780  -0.047374   0.001000
  0.392401   0.331502  -0.473034   0.715798   0.882780  -0.047374   0.001000
  0.392401   0.331502  -0.473034   0.715798   0.882780  -0.047374   0.001000
  0.392401   0.331502  -0.473034   0.715798   0.882780  -0.047374   0.001000
  0.392401   0.331502  -0.473034   0.715798   0.882780  -0.047374   0.001000
  0.388554   0.340866  -0.474426   0.712570   0.843117  -0.140983   0.001000
  0.388554   0.340866  -0.474426   0.712570   0.843117  -0.140983   0.001000
  0.388554   0.340866  -0.474426   0.712570   0.843117  -0.140983   0.001000
  0.388554   0.340866  -0.474426   0.712570   0.843117  -0.140983   0.001000
  0.388554   0.340866  -0.474426   0.712570   0.843117  -0.140983   0.001000
  0.388554   0.340866  -0.474426   0.712570   0.843117  -0.140983   0.001000
  0.388554   0.340866  -0.474426   0.712570   0.843117  -0.140983   0.001000
  0.388554   0.340866  -0.474426   0.712570   0.843117  -0.140983   0.001000
  0.388554   0.340866  -0.474426   0.712570   0.843117  -0.140983   0.001000
  0.388554   0.340866  -0.474426   0.712570   0.843117  -0.140983   0.001000
  0.388554   0.340866  -0.474426   0.712570   0.843117  -0.140983   0.001000
  0.388554   0.340866  -0.474426   0.712570   0.843117  -0.140983   0.001000
  0.388554   0.340866  -0.474426   0.712570   0.843117  -0.140983   0.001000
  0.388554   0.340866  -0.474426   0.712570   0.843117  -0.140983   0.001000
  0.393733   0.329671  -0.479185   0.711810   1.089586  -0.117925   0.001000
  0.393733   0.329671  -0.479185   0.711810   1.089586  -0.117925   0.001000
  0.393733   0.329671  -0.479185   0.711810   1.089586  -0.117925   0.001000
  0.393733   0.329671  -0.479185   0.711810   1.089586  -0.117925   0.001000
  0.393733   0.329671  -0.479185   0.711810   1.089586  -0.117925   0.001000
  0.393733   0.329671  -0.479185   0.711810   1.089586  -0.117925   0.001000
  0.393733   0.329671  -0.479185   0.711810   1.089586  -0.117925   0.001000
  0.393733   0.329671  -0.479185   0.711810   1.089586  -0.117925   0.001000
  0.393733   0.329671  -0.479185   0.711810   1.089586  -0.117925   0.001000
  0.393733   0.329671  -0.479185   0.711810   1.089586  -0.117925   0.001000
  0.393733   0.329671  -0.479185   0.711810   1.089586  -0.117925   0.001000
  0.393733   0.329671  -0.479185   0.711810   1.089586  -0.117925   0.001000
  0.393733   0.329671  -0.479185   0.711810   1.089586  -0.117925   0.001000
  0.393733   0.329671  -0.479185   0.711810   1.089586  -0.117925   0.001000
  0.393733   0.329671  -0.479185   0.711810   1.089586  -0.117925   0.001000
  0.393733   0.329671  -0.479185   0.711810   1.089586  -0.117925   0.001000
  0.393733   0.329671  -0.479185   0.711810   1.089586  -0.117925   0.001000
  0.393733   0.329671  -0.479185   0.711810   1.089586  -0.117925   0.001000
  0.393733   0.329671  -0.479185   0.711810   1.089586  -0.117925   0.001000
  0.393733   0.329671  -0.479185   0.711810   1.089586  -0.117925   0.001000
  0.393733   0.329671  -0.479185   0.711810   1.089586  -0.117925   0.001000
  0.393733   0.329671  -0.479185   0.711810   1.089586  -0.117925   0.001000
  0.393733   0.329671  -0.479185   0.711810   1.089586  -0.117925   0.001000
  0.393733   0.329671  -0.479185   0.711810   1.089586  -0.117925   0.001000
  0.391924   0.314415  -0.479657   0.719353   1.139979   0.009258   0.001000
  0.391924   0.314415  -0.479657   0.719353   1.139979   0.009258   0.001000
  0.385366   0.322157  -0.458040   0.733422   1.055188  -0.061719   0.001000
  0.385366   0.322157  -0.458040   0.733422   1.055188  -0.061719   0.001000
  0.397111   0.322205  -0.466289   0.721846   0.988213  -0.170318   0.001000
  0.397111   0.322205  -0.466289   0.721846   0.988213  -0.170318   0.001000
  0.397111   0.322205  -0.466289   0.721846   0.988213  -0.170318   0.001000
  0.397111   0.322205  -0.466289   0.721846   0.988213  -0.170318   0.001000
  0.381403   0.330995  -0.458120   0.731505   1.083093   0.072024   0.001000
  0.381403   0.330995  -0.458120   0.731505   1.083093   0.072024   0.001000
  0.381403   0.330995  -0.458120   0.731505   1.083093   0.072024   0.001000
  0.381403   0.330995  -0.458120   0.731505   1.083093   0.072024   0.001000
  0.381403   0.330995  -0.458120   0.731505   1.083093   0.072024   0.001000
  0.381403   0.330995  -0.458120   0.731505   1.083093   0.072024   0.001000
  0.381403   0.330995  -0.458120   0.731505   1.083093   0.072024   0.001000
  0.381403   0.330995  -0.458120   0.731505   1.083093   0.072024   0.001000
  0.381403   0.330995  -0.458120   0.731505   1.083093   0.072024   0.001000
  0.381403   0.330995  -0.458120   0.731505   1.083093   0.072024   0.001000
  0.381403   0.330995  -0.458120   0.731505   1.083093   0.072024   0.001000
  0.381403   0.330995  -0.458120   0.731505   1.083093   0.072024   0.001000
  0.363194   0.358110  -0.467474   0.722022   0.913981  -0.089849   0.001000
  0.400527   0.314167  -0.462688   0.725808   0.943018  -0.147619   0.001000
  0.400527   0.314167  -0.462688   0.725808   0.943018  -0.147619   0.001000
  0.400527   0.314167  -0.462688   0.725808   0.943018  -0.147619   0.001000
  0.355235   0.736613  -0.389238   0.423914   0.999950  -0.205346   0.001000
  0.411468   0.318777  -0.479702   0.706372   0.906172   0.017243   0.001000
  0.411468   0.318777  -0.479702   0.706372   0.906172   0.017243   0.001000
  0.411468   0.318777  -0.479702   0.706372   0.906172   0.017243   0.001000
  0.411468   0.318777  -0.479702   0.706372   0.906172   0.017243   0.001000
  0.411468   0.318777  -0.479702   0.706372   0.906172   0.017243   0.001000
  0.411468   0.318777  -0.479702   0.706372   0.906172   0.017243   0.001000
  0.411468   0.318777  -0.479702   0.706372   0.906172   0.017243   0.001000
  0.411468   0.318777  -0.479702   0.706372   0.906172   0.017243   0.001000
  0.411468   0.318777  -0.479702   0.706372   0.906172   0.017243   0.001000
  0.411468   0.318777  -0.479702   0.706372   0.906172   0.017243   0.001000
  0.387717   0.322196  -0.491337   0.710249   1.082258  -0.094068   0.001000
  0.316053   0.366360  -0.517987   0.705394   0.949000  -0.279096   0.001000
  0.393443   0.342123  -0.478206   0.706734   1.214096   0.037606   0.001000
  0.386226   0.330978  -0.486942   0.710050   1.017989   0.154039   0.001000
  0.386226   0.330978  -0.486942   0.710050   1.017989   0.154039   0.001000
  0.386226   0.330978  -0.486942   0.710050   1.017989   0.154039   0.001000
  0.386226   0.330978  -0.486942   0.710050   1.017989   0.154039   0.001000
  0.386226   0.330978  -0.486942   0.710050   1.017989   0.154039   0.001000
  0.386226   0.330978  -0.486942   0.710050   1.017989   0.154039   0.001000
  0.386226   0.330978  -0.486942   0.710050   1.017989   0.154039   0.001000
  0.386226   0.330978  -0.486942   0.710050   1.017989   0.154039   0.001000
  0.428354   0.296897  -0.473410   0.710104   0.961480  -0.041769   0.001000
  0.382250   0.319992  -0.491149   0.714326   0.734401   0.021379   0.001000
  0.382250   0.319992  -0.491149   0.714326   0.734401   0.021379   0.001000
  0.382250   0.319992  -0.491149   0.714326   0.734401   0.021379   0.001000
  0.382250   0.319992  -0.491149   0.714326   0.734401   0.021379   0.001000
  0.382250   0.319992  -0.491149   0.714326   0.734401   0.021379   0.001000
  0.382250   0.319992  -0.491149   0.714326   0.734401   0.021379   0.001000
  0.382250   0.319992  -0.491149   0.714326   0.734401   0.021379   0.001000
  0.382250   0.319992  -0.491149   0.714326   0.734401   0.021379   0.001000
  0.382250   0.319992  -0.491149   0.714326   0.734401   0.021379   0.001000
  0.382250   0.319992  -0.491149   0.714326   0.734401   0.021379   0.001000
  0.382250   0.319992  -0.491149   0.714326   0.734401   0.021379   0.001000
  0.382250   0.319992  -0.491149   0.714326   0.734401   0.021379   0.001000
  0.382250   0.319992  -0.491149   0.714326   0.734401   0.021379   0.001000
  0.382250   0.319992  -0.491149   0.714326   0.734401   0.021379   0.001000
  0.382250   0.319992  -0.491149   0.714326   0.734401   0.021379   0.001000
  0.382250   0.319992  -0.491149   0.714326   0.734401   0.021379   0.001000
  0.382250   0.319992  -0.491149   0.714326   0.734401   0.021379   0.001000
  0.399725   0.325624  -0.486837   0.705109   1.153923   0.034843   0.001000
  0.399725   0.325624  -0.486837   0.705109   1.153923   0.034843   0.001000
  0.399725   0.325624  -0.486837   0.705109   1.153923   0.034843   0.001000
  0.399725   0.325624  -0.486837   0.705109   1.153923   0.034843   0.001000
  0.399725   0.325624  -0.486837   0.705109   1.153923   0.034843   0.001000
  0.399725   0.325624  -0.486837   0.705109   1.153923   0.034843   0.001000
  0.400544   0.333399  -0.488785   0.699642   1.012457  -0.164023   0.001000
  0.400544   0.333399  -0.488785   0.699642   1.012457  -0.164023   0.001000
  0.400544   0.333399  -0.488785   0.699642   1.012457  -0.164023   0.001000
  0.400544   0.333399  -0.488785   0.699642   1.012457  -0.164023   0.001000
  0.400544   0.333399  -0.488785   0.699642   1.012457  -0.164023   0.001000
  0.400544   0.333399  -0.488785   0.699642   1.012457  -0.164023   0.001000
  0.400544   0.333399  -0.488785   0.699642   1.012457  -0.164023   0.001000
  0.400544   0.333399  -0.488785   0.699642   1.012457  -0.164023   0.001000
  0.400544   0.333399  -0.488785   0.699642   1.012457  -0.164023   0.001000
  0.400544   0.333399  -0.488785   0.699642   1.012457  -0.164023   0.001000
  0.400544   0.333399  -0.488785   0.699642   1.012457  -0.164023   0.001000
  0.400544   0.333399  -0.488785   0.699642   1.012457  -0.164023   0.001000
  0.400544   0.333399  -0.488785   0.699642   1.012457  -0.164023   0.001000
  0.386878   0.345440  -0.488863   0.701434   1.040444  -0.272282   0.001000
  0.386878   0.345440  -0.488863   0.701434   1.040444  -0.272282   0.001000
  0.411041   0.310755  -0.482057   0.708588   1.078549  -0.223594   0.001000
  0.411041   0.310755  -0.482057   0.708588   1.078549  -0.223594   0.001000
  0.411041   0.310755  -0.482057   0.708588   1.078549  -0.223594   0.001000
  0.411041   0.310755  -0.482057   0.708588   1.078549  -0.223594   0.001000
  0.411041   0.310755  -0.482057   0.708588   1.078549  -0.223594   0.001000
  0.397614   0.317031  -0.474853   0.718268   0.874976  -0.033015   0.001000
  0.397614   0.317031  -0.474853   0.718268   0.874976  -0.033015   0.001000
  0.397614   0.317031  -0.474853   0.718268   0.874976  -0.033015   0.001000
  0.397614   0.317031  -0.474853   0.718268   0.874976  -0.033015   0.001000
  0.397614   0.317031  -0.474853   0.718268   0.874976  -0.033015   0.001000
  0.413363   0.334278  -0.478237   0.699056   1.027368   0.028952   0.001000
  0.413363   0.334278  -0.478237   0.699056   1.027368   0.028952   0.001000
  0.401039   0.327274  -0.494367   0.698327   1.123821   0.118999   0.001000
  0.379762   0.336295  -0.456424   0.731002   1.246791   0.058976   0.001000
  0.379762   0.336295  -0.456424   0.731002   1.246791   0.058976   0.001000
  0.379762   0.336295  -0.456424   0.731002   1.246791   0.058976   0.001000
  0.379762   0.336295  -0.456424   0.731002   1.246791   0.058976   0.001000
  0.379762   0.336295  -0.456424   0.731002   1.246791   0.058976   0.001000
  0.379762   0.336295  -0.456424   0.731002   1.246791   0.058976   0.001000
  0.401570   0.327088  -0.473385   0.712504   0.771013   0.032166   0.001000
  0.401570   0.327088  -0.473385   0.712504   0.771013   0.032166   0.001000
  0.401570   0.327088  -0.473385   0.712504   0.771013   0.032166   0.001000
  0.401570   0.327088  -0.473385   0.712504   0.771013   0.032166   0.001000
  0.401570   0.327088  -0.473385   0.712504   0.771013   0.032166   0.001000
  0.401570   0.327088  -0.473385   0.712504   0.771013   0.032166   0.001000
  0.401570   0.327088  -0.473385   0.712504   0.771013   0.032166   0.001000
  0.401570   0.327088  -0.473385   0.712504   0.771013   0.032166   0.001000
  0.401570   0.327088  -0.473385   0.712504   0.771013   0.032166   0.001000
  0.391147   0.340943  -0.477466   0.709076   1.104048  -0.021076   0.001000
  0.391147   0.340943  -0.477466   0.709076   1.104048  -0.021076   0.001000
  0.396229   0.314155  -0.474971   0.720216   1.048875  -0.185043   0.001000
  0.396229   0.314155  -0.474971   0.720216   1.048875  -0.185043   0.001000
  0.396229   0.314155  -0.474971   0.720216   1.048875  -0.185043   0.001000
  0.396229   0.314155  -0.474971   0.720216   1.048875  -0.185043   0.001000
  0.396229   0.314155  -0.474971   0.720216   1.048875  -0.185043   0.001000
  0.396229   0.314155  -0.474971   0.720216   1.048875  -0.185043   0.001000
  0.396229   0.314155  -0.474971   0.720216   1.048875  -0.185043   0.001000
  0.396229   0.314155  -0.474971   0.720216   1.048875  -0.185043   0.001000
  0.396229   0.314155  -0.474971   0.720216   1.048875  -0.185043   0.001000
  0.396229   0.314155  -0.474971   0.720216   1.048875  -0.185043   0.001000
  0.396229   0.314155  -0.474971   0.720216   1.048875  -0.185043   0.001000
  0.396229   0.314155  -0.474971   0.720216   1.048875  -0.185043   0.001000
  0.396229   0.314155  -0.474971   0.720216   1.048875  -0.185043   0.001000
  0.396229   0.314155  -0.474971   0.720216   1.048875  -0.185043   0.001000
  0.396229   0.314155  -0.474971   0.720216   1.048875  -0.185043   0.001000
  0.396229   0.314155  -0.474971   0.720216   1.048875  -0.185043   0.001000
  0.396229   0.314155  -0.474971   0.720216   1.048875  -0.185043   0.001000
  0.396229   0.314155  -0.474971   0.720216   1.048875  -0.185043   0.001000
  0.396229   0.314155  -0.474971   0.720216   1.048875  -0.185043   0.001000
  0.396229   0.314155  -0.474971   0.720216   1.048875  -0.185043   0.001000
  0.396229   0.314155  -0.474971   0.720216   1.048875  -0.185043   0.001000
  0.393750   0.314549  -0.489687   0.711496   1.227010  -0.168526   0.001000
  0.389675   0.343456  -0.471371   0.712741   1.017432  -0.069773   0.001000
  0.389675   0.343456  -0.471371   0.712741   1.017432  -0.069773   0.001000
  0.389675   0.343456  -0.471371   0.712741   1.017432  -0.069773   0.001000
  0.389675   0.343456  -0.471371   0.712741   1.017432  -0.069773   0.001000
  0.376932   0.322169  -0.489058   0.717602   1.014589  -0.138470   0.001000
  0.376932   0.322169  -0.489058   0.717602   1.014589  -0.138470   0.001000
  0.396519   0.327696  -0.480296   0.710425   0.945855  -0.042430   0.001000
  0.396519   0.327696  -0.480296   0.710425   0.945855  -0.042430   0.001000
  0.396519   0.327696  -0.480296   0.710425   0.945855  -0.042430   0.001000
  0.396519   0.327696  -0.480296   0.710425   0.945855  -0.042430   0.001000
  0.396519   0.327696  -0.480296   0.710425   0.945855  -0.042430   0.001000
  0.396519   0.327696  -0.480296   0.710425   0.945855  -0.042430   0.001000
  0.396519   0.327696  -0.480296   0.710425   0.945855  -0.042430   0.001000
  0.396519   0.327696  -0.480296   0.710425   0.945855  -0.042430   0.001000
  0.396519   0.327696  -0.480296   0.710425   0.945855  -0.042430   0.001000
  0.396519   0.327696  -0.480296   0.710425   0.945855  -0.042430   0.001000
  0.396519   0.327696  -0.480296   0.710425   0.945855  -0.042430   0.001000
  0.396519   0.327696  -0.480296   0.710425   0.945855  -0.042430   0.001000
  0.389212   0.333799  -0.506358   0.693320   0.886910  -0.184326   0.001000
  0.419990   0.330073  -0.457561   0.710843   1.065129  -0.036305   0.001000
  0.419990   0.330073  -0.457561   0.710843   1.065129  -0.036305   0.001000
  0.394716   0.323960  -0.493009   0.704408   0.995435  -0.091685   0.001000
  0.394716   0.323960  -0.493009   0.704408   0.995435  -0.091685   0.001000
  0.394716   0.323960  -0.493009   0.704408   0.995435  -0.091685   0.001000
  0.394716   0.323960  -0.493009   0.704408   0.995435  -0.091685   0.001000
  0.394716   0.323960  -0.493009   0.704408   0.995435  -0.091685   0.001000
  0.394716   0.323960  -0.493009   0.704408   0.995435  -0.091685   0.001000
  0.394716   0.323960  -0.493009   0.704408   0.995435  -0.091685   0.001000
  0.394716   0.323960  -0.493009   0.704408   0.995435  -0.091685   0.001000
  0.394716   0.323960  -0.493009   0.704408   0.995435  -0.091685   0.001000
  0.394716   0.323960  -0.493009   0.704408   0.995435  -0.091685   0.001000
  0.394716   0.323960  -0.493009   0.704408   0.995435  -0.091685   0.001000
  0.394716   0.323960  -0.493009   0.704408   0.995435  -0.091685   0.001000
  0.394716   0.323960  -0.493009   0.704408   0.995435  -0.091685   0.001000
  0.394716   0.323960  -0.493009   0.704408   0.995435  -0.091685   0.001000
  0.394716   0.323960  -0.493009   0.704408   0.995435  -0.091685   0.001000
  0.394716   0.323960  -0.493009   0.704408   0.995435  -0.091685   0.001000
  0.405463   0.325855  -0.493364   0.697144   1.058525  -0.096409   0.001000
  0.361172   0.341753  -0.494586   0.712843   1.047879  -0.065098   0.001000
  0.372993   0.329108  -0.505411   0.705070   1.162516   0.259461   0.001000
  0.390227   0.330488  -0.468870   0.720182  -0.152130  -1.339198   0.001000
  0.370424   0.337967  -0.469846   0.726505   0.464911   0.050867   0.001000
  0.370424   0.337967  -0.469846   0.726505   0.464911   0.050867   0.001000
  0.370424   0.337967  -0.469846   0.726505   0.464911   0.050867   0.001000
  0.370424   0.337967  -0.469846   0.726505   0.464911   0.050867   0.001000
  0.311741   0.431978  -0.671678   0.514842   0.752108  -0.402389   0.001000
  0.311741   0.431978  -0.671678   0.514842   0.752108  -0.402389   0.001000
  0.289749   0.432747  -0.694246   0.496788   0.901050  -0.492566   0.001000
  0.289749   0.432747  -0.694246   0.496788   0.901050  -0.492566   0.001000
  0.289749   0.432747  -0.694246   0.496788   0.901050  -0.492566   0.001000
  0.289749   0.432747  -0.694246   0.496788   0.901050  -0.492566   0.001000
  0.289749   0.432747  -0.694246   0.496788   0.901050  -0.492566   0.001000
  0.289749   0.432747  -0.694246   0.496788   0.901050  -0.492566   0.001000
  0.298633   0.455264  -0.665324   0.510781   0.745395  -0.445666   0.001000
  0.298633   0.455264  -0.665324   0.510781   0.745395  -0.445666   0.001000
  0.298633   0.455264  -0.665324   0.510781   0.745395  -0.445666   0.001000
  0.298633   0.455264  -0.665324   0.510781   0.745395  -0.445666   0.001000
  0.309819   0.444349  -0.648953   0.534252   0.882717  -0.376845   0.001000
  0.279748   0.449369  -0.652233   0.542587   0.639299  -0.378764   0.001000
  0.306976   0.456687  -0.662699   0.507969   0.537893  -0.545525   0.001000
  0.306976   0.456687  -0.662699   0.507969   0.537893  -0.545525   0.001000
  0.306976   0.456687  -0.662699   0.507969   0.537893  -0.545525   0.001000
  0.293239   0.468995  -0.659638   0.508855   0.779077  -0.518934   0.001000
  0.208162   0.527674  -0.596097   0.568241   0.719571  -0.690034   0.001000
  0.310843   0.421096  -0.684422   0.507564   0.737622  -0.804374   0.001000
  0.313981   0.445439  -0.675325   0.496926   0.555458  -0.493932   0.001000
  0.298290   0.432605  -0.683001   0.507332   0.809915  -0.678041   0.001000
  0.298290   0.432605  -0.683001   0.507332   0.809915  -0.678041   0.001000
  0.191170   0.541751  -0.595061   0.562016   0.512759  -0.587115   0.001000
  0.312033   0.445110  -0.670556   0.504844   0.466620  -0.647000   0.001000
  0.312033   0.445110  -0.670556   0.504844   0.466620  -0.647000   0.001000
  0.312033   0.445110  -0.670556   0.504844   0.466620  -0.647000   0.001000
  0.312033   0.445110  -0.670556   0.504844   0.466620  -0.647000   0.001000
  0.312033   0.445110  -0.670556   0.504844   0.466620  -0.647000   0.001000
  0.312033   0.445110  -0.670556   0.504844   0.466620  -0.647000   0.001000
  0.312033   0.445110  -0.670556   0.504844   0.466620  -0.647000   0.001000
  0.312033   0.445110  -0.670556   0.504844   0.466620  -0.647000   0.001000
  0.312033   0.445110  -0.670556   0.504844   0.466620  -0.647000   0.001000
  0.312033   0.445110  -0.670556   0.504844   0.466620  -0.647000   0.001000
  0.312033   0.445110  -0.670556   0.504844   0.466620  -0.647000   0.001000
  0.312033   0.445110  -0.670556   0.504844   0.466620  -0.647000   0.001000
  0.312051   0.445911  -0.679753   0.491653   0.319675   0.078176   0.001000
  0.312051   0.445911  -0.679753   0.491653   0.319675   0.078176   0.001000
  0.312051   0.445911  -0.679753   0.491653   0.319675   0.078176   0.001000
  0.312051   0.445911  -0.679753   0.491653   0.319675   0.078176   0.001000
  0.312051   0.445911  -0.679753   0.491653   0.319675   0.078176   0.001000
  0.312051   0.445911  -0.679753   0.491653   0.319675   0.078176   0.001000
  0.312051   0.445911  -0.679753   0.491653   0.319675   0.078176   0.001000
  0.312051   0.445911  -0.679753   0.491653   0.319675   0.078176   0.001000
  0.312051   0.445911  -0.679753   0.491653   0.319675   0.078176   0.001000
  0.312051   0.445911  -0.679753   0.491653   0.319675   0.078176   0.001000
  0.312051   0.445911  -0.679753   0.491653   0.319675   0.078176   0.001000
  0.312051   0.445911  -0.679753   0.491653   0.319675   0.078176   0.001000
  0.312051   0.445911  -0.679753   0.491653   0.319675   0.078176   0.001000
  0.312051   0.445911  -0.679753   0.491653   0.319675   0.078176   0.001000
  0.312051   0.445911  -0.679753   0.491653   0.319675   0.078176   0.001000
  0.312051   0.445911  -0.679753   0.491653   0.319675   0.078176   0.001000
  0.312051   0.445911  -0.679753   0.491653   0.319675   0.078176   0.001000
  0.312051   0.445911  -0.679753   0.491653   0.319675   0.078176   0.001000
  0.312051   0.445911  -0.679753   0.491653   0.319675   0.078176   0.001000
  0.312051   0.445911  -0.679753   0.491653   0.319675   0.078176   0.001000
  0.312051   0.445911  -0.679753   0.491653   0.319675   0.078176   0.001000
  0.312051   0.445911  -0.679753   0.491653   0.319675   0.078176   0.001000
  0.312051   0.445911  -0.679753   0.491653   0.319675   0.078176   0.001000
  0.312051   0.445911  -0.679753   0.491653   0.319675   0.078176   0.001000
  0.312051   0.445911  -0.679753   0.491653   0.319675   0.078176   0.001000
  0.312051   0.445911  -0.679753   0.491653   0.319675   0.078176   0.001000
  0.312051   0.445911  -0.679753   0.491653   0.319675   0.078176   0.001000
  0.312051   0.445911  -0.679753   0.491653   0.319675   0.078176   0.001000
  0.312051   0.445911  -0.679753   0.491653   0.319675   0.078176   0.001000
  0.312051   0.445911  -0.679753   0.491653   0.319675   0.078176   0.001000
  0.312051   0.445911  -0.679753   0.491653   0.319675   0.078176   0.001000
  0.312051   0.445911  -0.679753   0.491653   0.319675   0.078176   0.001000
  0.267337   0.449400  -0.697000   0.490675   0.677110  -0.040393   0.001000
  0.296003   0.433948  -0.686482   0.502806   0.518959   0.012267   0.001000
  0.296003   0.433948  -0.686482   0.502806   0.518959   0.012267   0.001000
  0.296003   0.433948  -0.686482   0.502806   0.518959   0.012267   0.001000
  0.296003   0.433948  -0.686482   0.502806   0.518959   0.012267   0.001000
  0.296003   0.433948  -0.686482   0.502806   0.518959   0.012267   0.001000
  0.296003   0.433948  -0.686482   0.502806   0.518959   0.012267   0.001000
  0.296003   0.433948  -0.686482   0.502806   0.518959   0.012267   0.001000
  0.296003   0.433948  -0.686482   0.502806   0.518959   0.012267   0.001000
  0.296003   0.433948  -0.686482   0.502806   0.518959   0.012267   0.001000
  0.296003   0.433948  -0.686482   0.502806   0.518959   0.012267   0.001000
  0.296003   0.433948  -0.686482   0.502806   0.518959   0.012267   0.001000
  0.296003   0.433948  -0.686482   0.502806   0.518959   0.012267   0.001000
  0.296003   0.433948  -0.686482   0.502806   0.518959   0.012267   0.001000
  0.296003   0.433948  -0.686482   0.502806   0.518959   0.012267   0.001000
  0.296003   0.433948  -0.686482   0.502806   0.518959   0.012267   0.001000
  0.296003   0.433948  -0.686482   0.502806   0.518959   0.012267   0.001000
  0.296003   0.433948  -0.686482   0.502806   0.518959   0.012267   0.001000
  0.296003   0.433948  -0.686482   0.502806   0.518959   0.012267   0.001000
  0.296003   0.433948  -0.686482   0.502806   0.518959   0.012267   0.001000
  0.296003   0.433948  -0.686482   0.502806   0.518959   0.012267   0.001000
  0.296003   0.433948  -0.686482   0.502806   0.518959   0.012267   0.001000
  0.296003   0.433948  -0.686482   0.502806   0.518959   0.012267   0.001000
  0.296003   0.433948  -0.686482   0.502806   0.518959   0.012267   0.001000
  0.296003   0.433948  -0.686482   0.502806   0.518959   0.012267   0.001000
  0.296003   0.433948  -0.686482   0.502806   0.518959   0.012267   0.001000
  0.296003   0.433948  -0.686482   0.502806   0.518959   0.012267   0.001000
  0.296003   0.433948  -0.686482   0.502806   0.518959   0.012267   0.001000
  0.296003   0.433948  -0.686482   0.502806   0.518959   0.012267   0.001000
  0.296003   0.433948  -0.686482   0.502806   0.518959   0.012267   0.001000
  0.296003   0.433948  -0.686482   0.502806   0.518959   0.012267   0.001000
  0.296003   0.433948  -0.686482   0.502806   0.518959   0.012267   0.001000
  0.296003   0.433948  -0.686482   0.502806   0.518959   0.012267   0.001000
  0.296003   0.433948  -0.686482   0.502806   0.518959   0.012267   0.001000
  0.296003   0.433948  -0.686482   0.502806   0.518959   0.012267   0.001000
  0.395980   0.339202  -0.469652   0.712439   1.469123  -0.776971   0.001000
  0.418947   0.303464  -0.472366   0.713627   1.353405  -0.610301   0.001000
  0.418947   0.303464  -0.472366   0.713627   1.353405  -0.610301   0.001000
  0.418947   0.303464  -0.472366   0.713627   1.353405  -0.610301   0.001000
  0.418947   0.303464  -0.472366   0.713627   1.353405  -0.610301   0.001000
  0.373161   0.345975  -0.474383   0.718340   1.249603  -0.802168   0.001000
  0.254192   0.483706  -0.678933   0.490371   1.471572  -0.516528   0.001000
  0.289168   0.463906  -0.679673   0.489099   1.546264  -0.201874   0.001000
  0.289168   0.463906  -0.679673   0.489099   1.546264  -0.201874   0.001000
  0.395208   0.313690  -0.461903   0.729421   1.646563  -0.195506   0.001000
  0.417526   0.321002  -0.505774   0.683244   0.999137   0.361397   0.001000
  0.371065   0.327927  -0.498863   0.711274   1.175107   0.449992   0.001000
  0.396201   0.325608  -0.479675   0.711981   1.003736   0.048186   0.001000
  0.396201   0.325608  -0.479675   0.711981   1.003736   0.048186   0.001000
  0.407058   0.299489  -0.474334   0.720845   0.860223   0.488278   0.001000
  0.407058   0.299489  -0.474334   0.720845   0.860223   0.488278   0.001000
  0.407058   0.299489  -0.474334   0.720845   0.860223   0.488278   0.001000
  0.407058   0.299489  -0.474334   0.720845   0.860223   0.488278   0.001000
  0.438643   0.300029  -0.456415   0.713625   1.130709   0.234527   0.001000
  0.385642   0.303570  -0.480861   0.726566   0.901148  -0.024369   0.001000
  0.385642   0.303570  -0.480861   0.726566   0.901148  -0.024369   0.001000
  0.385910   0.313261  -0.483161   0.720761   1.104814   0.257421   0.001000
  0.390790   0.330572  -0.468328   0.720190   0.983000  -0.128881   0.001000
  0.390790   0.330572  -0.468328   0.720190   0.983000  -0.128881   0.001000
  0.390790   0.330572  -0.468328   0.720190   0.983000  -0.128881   0.001000
  0.390790   0.330572  -0.468328   0.720190   0.983000  -0.128881   0.001000
  0.390790   0.330572  -0.468328   0.720190   0.983000  -0.128881   0.001000
  0.390790   0.330572  -0.468328   0.720190   0.983000  -0.128881   0.001000
  0.390790   0.330572  -0.468328   0.720190   0.983000  -0.128881   0.001000
  0.390790   0.330572  -0.468328   0.720190   0.983000  -0.128881   0.001000
  0.390790   0.330572  -0.468328   0.720190   0.983000  -0.128881   0.001000
  0.390790   0.330572  -0.468328   0.720190   0.983000  -0.128881   0.001000
  0.390790   0.330572  -0.468328   0.720190   0.983000  -0.128881   0.001000
  0.390790   0.330572  -0.468328   0.720190   0.983000  -0.128881   0.001000
  0.390790   0.330572  -0.468328   0.720190   0.983000  -0.128881   0.001000
  0.390790   0.330572  -0.468328   0.720190   0.983000  -0.128881   0.001000
  0.390790   0.330572  -0.468328   0.720190   0.983000  -0.128881   0.001000
  0.390790   0.330572  -0.468328   0.720190   0.983000  -0.128881   0.001000
  0.390790   0.330572  -0.468328   0.720190   0.983000  -0.128881   0.001000
  0.390790   0.330572  -0.468328   0.720190   0.983000  -0.128881   0.001000
  0.390790   0.330572  -0.468328   0.720190   0.983000  -0.128881   0.001000
  0.390790   0.330572  -0.468328   0.720190   0.983000  -0.128881   0.001000
  0.390790   0.330572  -0.468328   0.720190   0.983000  -0.128881   0.001000
  0.390790   0.330572  -0.468328   0.720190   0.983000  -0.128881   0.001000
  0.390790   0.330572  -0.468328   0.720190   0.983000  -0.128881   0.001000
  0.390790   0.330572  -0.468328   0.720190   0.983000  -0.128881   0.001000
  0.390790   0.330572  -0.468328   0.720190   0.983000  -0.128881   0.001000
  0.390790   0.330572  -0.468328   0.720190   0.983000  -0.128881   0.001000
  0.390790   0.330572  -0.468328   0.720190   0.983000  -0.128881   0.001000
  0.390790   0.330572  -0.468328   0.720190   0.983000  -0.128881   0.001000
  0.390790   0.330572  -0.468328   0.720190   0.983000  -0.128881   0.001000
  0.390790   0.330572  -0.468328   0.720190   0.983000  -0.128881   0.001000
  0.390790   0.330572  -0.468328   0.720190   0.983000  -0.128881   0.001000
  0.390790   0.330572  -0.468328   0.720190   0.983000  -0.128881   0.001000
  0.390790   0.330572  -0.468328   0.720190   0.983000  -0.128881   0.001000
  0.390790   0.330572  -0.468328   0.720190   0.983000  -0.128881   0.001000
  0.390790   0.330572  -0.468328   0.720190   0.983000  -0.128881   0.001000
  0.390790   0.330572  -0.468328   0.720190   0.983000  -0.128881   0.001000
  0.390790   0.330572  -0.468328   0.720190   0.983000  -0.128881   0.001000
  0.390790   0.330572  -0.468328   0.720190   0.983000  -0.128881   0.001000
  0.390790   0.330572  -0.468328   0.720190   0.983000  -0.128881   0.001000
  0.390790   0.330572  -0.468328   0.720190   0.983000  -0.128881   0.001000
  0.390790   0.330572  -0.468328   0.720190   0.983000  -0.128881   0.001000
  0.390790   0.330572  -0.468328   0.720190   0.983000  -0.128881   0.001000
  0.390790   0.330572  -0.468328   0.720190   0.983000  -0.128881   0.001000
  0.390790   0.330572  -0.468328   0.720190   0.983000  -0.128881   0.001000
  0.390790   0.330572  -0.468328   0.720190   0.983000  -0.128881   0.001000
  0.390790   0.330572  -0.468328   0.720190   0.983000  -0.128881   0.001000
  0.390790   0.330572  -0.468328   0.720190   0.983000  -0.128881   0.001000
  0.378262   0.325224  -0.493624   0.712378   1.305859   0.015205   0.001000
  0.378262   0.325224  -0.493624   0.712378   1.305859   0.015205   0.001000
  0.387389   0.333573  -0.480267   0.712743   0.919015  -0.233543   0.001000
  0.387389   0.333573  -0.480267   0.712743   0.919015  -0.233543   0.001000
  0.387389   0.333573  -0.480267   0.712743   0.919015  -0.233543   0.001000
  0.387389   0.333573  -0.480267   0.712743   0.919015  -0.233543   0.001000
  0.387389   0.333573  -0.480267   0.712743   0.919015  -0.233543   0.001000
  0.387389   0.333573  -0.480267   0.712743   0.919015  -0.233543   0.001000
  0.387389   0.333573  -0.480267   0.712743   0.919015  -0.233543   0.001000
  0.387389   0.333573  -0.480267   0.712743   0.919015  -0.233543   0.001000
  0.387389   0.333573  -0.480267   0.712743   0.919015  -0.233543   0.001000
  0.387389   0.333573  -0.480267   0.712743   0.919015  -0.233543   0.001000
  0.387389   0.333573  -0.480267   0.712743   0.919015  -0.233543   0.001000
  0.387389   0.333573  -0.480267   0.712743   0.919015  -0.233543   0.001000
  0.387389   0.333573  -0.480267   0.712743   0.919015  -0.233543   0.001000
  0.387389   0.333573  -0.480267   0.712743   0.919015  -0.233543   0.001000
  0.387389   0.333573  -0.480267   0.712743   0.919015  -0.233543   0.001000
  0.378131   0.318761  -0.477802   0.726026   1.201586  -0.315729   0.001000
  0.378131   0.318761  -0.477802   0.726026   1.201586  -0.315729   0.001000
  0.378131   0.318761  -0.477802   0.726026   1.201586  -0.315729   0.001000
  0.345748   0.343699  -0.472464   0.734239   1.154976   0.130265   0.001000
  0.345748   0.343699  -0.472464   0.734239   1.154976   0.130265   0.001000
  0.345748   0.343699  -0.472464   0.734239   1.154976   0.130265   0.001000
  0.345748   0.343699  -0.472464   0.734239   1.154976   0.130265   0.001000
  0.394027   0.327413  -0.467967   0.720105   1.047037  -0.053392   0.001000
  0.394027   0.327413  -0.467967   0.720105   1.047037  -0.053392   0.001000
  0.394027   0.327413  -0.467967   0.720105   1.047037  -0.053392   0.001000
  0.394027   0.327413  -0.467967   0.720105   1.047037  -0.053392   0.001000
  0.394027   0.327413  -0.467967   0.720105   1.047037  -0.053392   0.001000
  0.394027   0.327413  -0.467967   0.720105   1.047037  -0.053392   0.001000
  0.394027   0.327413  -0.467967   0.720105   1.047037  -0.053392   0.001000
  0.394027   0.327413  -0.467967   0.720105   1.047037  -0.053392   0.001000
  0.394027   0.327413  -0.467967   0.720105   1.047037  -0.053392   0.001000
  0.394027   0.327413  -0.467967   0.720105   1.047037  -0.053392   0.001000
  0.394027   0.327413  -0.467967   0.720105   1.047037  -0.053392   0.001000
  0.394027   0.327413  -0.467967   0.720105   1.047037  -0.053392   0.001000
  0.394027   0.327413  -0.467967   0.720105   1.047037  -0.053392   0.001000
  0.394027   0.327413  -0.467967   0.720105   1.047037  -0.053392   0.001000
  0.394027   0.327413  -0.467967   0.720105   1.047037  -0.053392   0.001000
  0.394027   0.327413  -0.467967   0.720105   1.047037  -0.053392   0.001000
  0.394027   0.327413  -0.467967   0.720105   1.047037  -0.053392   0.001000
  0.394027   0.327413  -0.467967   0.720105   1.047037  -0.053392   0.001000
  0.394027   0.327413  -0.467967   0.720105   1.047037  -0.053392   0.001000
  0.394027   0.327413  -0.467967   0.720105   1.047037  -0.053392   0.001000
  0.394027   0.327413  -0.467967   0.720105   1.047037  -0.053392   0.001000
  0.394027   0.327413  -0.467967   0.720105   1.047037  -0.053392   0.001000
  0.394027   0.327413  -0.467967   0.720105   1.047037  -0.053392   0.001000
  0.392929   0.315530  -0.477606   0.719680   1.052743   0.086504   0.001000
  0.392929   0.315530  -0.477606   0.719680   1.052743   0.086504   0.001000
  0.392929   0.315530  -0.477606   0.719680   1.052743   0.086504   0.001000
  0.392929   0.315530  -0.477606   0.719680   1.052743   0.086504   0.001000
  0.392929   0.315530  -0.477606   0.719680   1.052743   0.086504   0.001000
  0.392929   0.315530  -0.477606   0.719680   1.052743   0.086504   0.001000
  0.392929   0.315530  -0.477606   0.719680   1.052743   0.086504   0.001000
  0.392929   0.315530  -0.477606   0.719680   1.052743   0.086504   0.001000
  0.392929   0.315530  -0.477606   0.719680   1.052743   0.086504   0.001000
  0.392929   0.315530  -0.477606   0.719680   1.052743   0.086504   0.001000
  0.392929   0.315530  -0.477606   0.719680   1.052743   0.086504   0.001000
  0.392929   0.315530  -0.477606   0.719680   1.052743   0.086504   0.001000
  0.418924   0.325206  -0.452972   0.716631   0.920769   0.118440   0.001000
  0.370743   0.329632  -0.474637   0.727057   0.823734  -0.053574   0.001000
  0.397503   0.315602  -0.496769   0.703994   0.892298   0.734760   0.001000
  0.383138   0.331936  -0.459958   0.729015   0.999759   0.211091   0.001000
  0.388535   0.328637  -0.488496   0.708809   0.916979   0.020607   0.001000
  0.388535   0.328637  -0.488496   0.708809   0.916979   0.020607   0.001000
  0.388535   0.328637  -0.488496   0.708809   0.916979   0.020607   0.001000
  0.388535   0.328637  -0.488496   0.708809   0.916979   0.020607   0.001000
  0.400417   0.306588  -0.466864   0.726435   1.119876   0.248174   0.001000
  0.380935   0.337072  -0.476168   0.717311   1.038940   0.224001   0.001000
  0.380935   0.337072  -0.476168   0.717311   1.038940   0.224001   0.001000
  0.380935   0.337072  -0.476168   0.717311   1.038940   0.224001   0.001000
  0.370588   0.315403  -0.490109   0.723173   1.200928   0.421910   0.001000
  0.379542   0.318783  -0.461935   0.735487   1.338755   0.792231   0.001000
  0.371628   0.324407  -0.479470   0.725784   0.628947   0.700329   0.001000
  0.346150   0.379981  -0.478533   0.711899   0.671013  -0.832689   0.001000
  0.383999   0.328706  -0.479433   0.717384   0.821154   0.052765   0.001000
  0.383999   0.328706  -0.479433   0.717384   0.821154   0.052765   0.001000
  0.383999   0.328706  -0.479433   0.717384   0.821154   0.052765   0.001000
  0.383999   0.328706  -0.479433   0.717384   0.821154   0.052765   0.001000
  0.383999   0.328706  -0.479433   0.717384   0.821154   0.052765   0.001000
  0.379175   0.339492  -0.482309   0.712986   0.523703  -0.187671   0.001000
  0.379175   0.339492  -0.482309   0.712986   0.523703  -0.187671   0.001000
  0.379175   0.339492  -0.482309   0.712986   0.523703  -0.187671   0.001000
  0.379175   0.339492  -0.482309   0.712986   0.523703  -0.187671   0.001000
  0.379175   0.339492  -0.482309   0.712986   0.523703  -0.187671   0.001000
  0.379175   0.339492  -0.482309   0.712986   0.523703  -0.187671   0.001000
  0.366472   0.315635  -0.469222   0.738853   0.648939   0.065076   0.001000
  0.366472   0.315635  -0.469222   0.738853   0.648939   0.065076   0.001000
  0.366472   0.315635  -0.469222   0.738853   0.648939   0.065076   0.001000
  0.397976   0.331964  -0.473387   0.712264   0.674844   0.162247   0.001000
  0.391453   0.315916  -0.497958   0.706399   0.387591   0.276215   0.001000
  0.411569   0.317827  -0.463773   0.717294   0.422696   0.540143   0.001000
  0.388764   0.327291  -0.465767   0.724434   0.629045   0.376260   0.001000
  0.388764   0.327291  -0.465767   0.724434   0.629045   0.376260   0.001000
  0.389072   0.339844  -0.481488   0.708024   0.638898   0.810969   0.001000
  0.383809   0.331559  -0.498255   0.703207   0.420232   0.100151   0.001000
  0.383809   0.331559  -0.498255   0.703207   0.420232   0.100151   0.001000
  0.383809   0.331559  -0.498255   0.703207   0.420232   0.100151   0.001000
  0.383809   0.331559  -0.498255   0.703207   0.420232   0.100151   0.001000
  0.383809   0.331559  -0.498255   0.703207   0.420232   0.100151   0.001000
  0.407041   0.340129  -0.458333   0.713134   0.485478   0.404443   0.001000
