  0.158769   0.448288  -0.759898   0.443154  -1.765054  -1.635749   0.001000
  0.158769   0.448288  -0.759898   0.443154  -1.765054  -1.635749   0.001000
  0.158537   0.449420  -0.764032   0.434905  -1.740821  -1.697520   0.001000
  0.170523   0.451378  -0.757039   0.440536  -1.742493  -1.817934   0.001000
  0.170523   0.451378  -0.757039   0.440536  -1.742493  -1.817934   0.001000
  0.170523   0.451378  -0.757039   0.440536  -1.742493  -1.817934   0.001000
  0.154704   0.457237  -0.748682   0.454397  -1.692207  -1.774164   0.001000
  0.160525   0.463798  -0.752483   0.439196  -1.751106  -1.619939   0.001000
  0.167664   0.450078  -0.754019   0.448078  -1.677346  -1.798939   0.001000
  0.167664   0.450078  -0.754019   0.448078  -1.677346  -1.798939   0.001000
  0.167664   0.450078  -0.754019   0.448078  -1.677346  -1.798939   0.001000
  0.167664   0.450078  -0.754019   0.448078  -1.677346  -1.798939   0.001000
  0.167664   0.450078  -0.754019   0.448078  -1.677346  -1.798939   0.001000
  0.167664   0.450078  -0.754019   0.448078  -1.677346  -1.798939   0.001000
  0.167664   0.450078  -0.754019   0.448078  -1.677346  -1.798939   0.001000
  0.167664   0.450078  -0.754019   0.448078  -1.677346  -1.798939   0.001000
  0.167664   0.450078  -0.754019   0.448078  -1.677346  -1.798939   0.001000
  0.167664   0.450078  -0.754019   0.448078  -1.677346  -1.798939   0.001000
  0.167664   0.450078  -0.754019   0.448078  -1.677346  -1.798939   0.001000
  0.167664   0.450078  -0.754019   0.448078  -1.677346  -1.798939   0.001000
  0.167664   0.450078  -0.754019   0.448078  -1.677346  -1.798939   0.001000
  0.167664   0.450078  -0.754019   0.448078  -1.677346  -1.798939   0.001000
  0.167664   0.450078  -0.754019   0.448078  -1.677346  -1.798939   0.001000
  0.167664   0.450078  -0.754019   0.448078  -1.677346  -1.798939   0.001000
  0.167664   0.450078  -0.754019   0.448078  -1.677346  -1.798939   0.001000
  0.167664   0.450078  -0.754019   0.448078  -1.677346  -1.798939   0.001000
  0.167664   0.450078  -0.754019   0.448078  -1.677346  -1.798939   0.001000
  0.167664   0.450078  -0.754019   0.448078  -1.677346  -1.798939   0.001000
  0.167664   0.450078  -0.754019   0.448078  -1.677346  -1.798939   0.001000
  0.161253   0.457303  -0.753318   0.444279  -1.739446  -1.936880   0.001000
  0.161253   0.457303  -0.753318   0.444279  -1.739446  -1.936880   0.001000
  0.161253   0.457303  -0.753318   0.444279  -1.739446  -1.936880   0.001000
  0.161253   0.457303  -0.753318   0.444279  -1.739446  -1.936880   0.001000
  0.161253   0.457303  -0.753318   0.444279  -1.739446  -1.936880   0.001000
  0.161253   0.457303  -0.753318   0.444279  -1.739446  -1.936880   0.001000
  0.161253   0.457303  -0.753318   0.444279  -1.739446  -1.936880   0.001000
  0.161253   0.457303  -0.753318   0.444279  -1.739446  -1.936880   0.001000
  0.161253   0.457303  -0.753318   0.444279  -1.739446  -1.936880   0.001000
  0.161253   0.457303  -0.753318   0.444279  -1.739446  -1.936880   0.001000
  0.161253   0.457303  -0.753318   0.444279  -1.739446  -1.936880   0.001000
  0.161253   0.457303  -0.753318   0.444279  -1.739446  -1.936880   0.001000
  0.161253   0.457303  -0.753318   0.444279  -1.739446  -1.936880   0.001000
  0.185306   0.454227  -0.734023   0.469626  -1.884616  -1.594436   0.001000
  0.150396   0.456453  -0.760052   0.437438  -1.670249  -1.886162   0.001000
  0.150396   0.456453  -0.760052   0.437438  -1.670249  -1.886162   0.001000
  0.150396   0.456453  -0.760052   0.437438  -1.670249  -1.886162   0.001000
  0.150396   0.456453  -0.760052   0.437438  -1.670249  -1.886162   0.001000
  0.178191   0.440548  -0.754954   0.451896  -1.869674  -1.716582   0.001000
  0.178191   0.440548  -0.754954   0.451896  -1.869674  -1.716582   0.001000
  0.178191   0.440548  -0.754954   0.451896  -1.869674  -1.716582   0.001000
  0.178191   0.440548  -0.754954   0.451896  -1.869674  -1.716582   0.001000
  0.178191   0.440548  -0.754954   0.451896  -1.869674  -1.716582   0.001000
  0.160226   0.456490  -0.760264   0.433524  -1.603248  -1.937595   0.001000
  0.160226   0.456490  -0.760264   0.433524  -1.603248  -1.937595   0.001000
  0.160226   0.456490  -0.760264   0.433524  -1.603248  -1.937595   0.001000
  0.160226   0.456490  -0.760264   0.433524  -1.603248  -1.937595   0.001000
  0.160226   0.456490  -0.760264   0.433524  -1.603248  -1.937595   0.001000
  0.160226   0.456490  -0.760264   0.433524  -1.603248  -1.937595   0.001000
  0.160226   0.456490  -0.760264   0.433524  -1.603248  -1.937595   0.001000
  0.160226   0.456490  -0.760264   0.433524  -1.603248  -1.937595   0.001000
  0.160226   0.456490  -0.760264   0.433524  -1.603248  -1.937595   0.001000
  0.160226   0.456490  -0.760264   0.433524  -1.603248  -1.937595   0.001000
  0.160226   0.456490  -0.760264   0.433524  -1.603248  -1.937595   0.001000
  0.160226   0.456490  -0.760264   0.433524  -1.603248  -1.937595   0.001000
  0.158991   0.458894  -0.753654   0.442882  -1.858647  -1.828763   0.001000
  0.158991   0.458894  -0.753654   0.442882  -1.858647  -1.828763   0.001000
  0.158991   0.458894  -0.753654   0.442882  -1.858647  -1.828763   0.001000
  0.158991   0.458894  -0.753654   0.442882  -1.858647  -1.828763   0.001000
  0.158991   0.458894  -0.753654   0.442882  -1.858647  -1.828763   0.001000
  0.158991   0.458894  -0.753654   0.442882  -1.858647  -1.828763   0.001000
  0.158991   0.458894  -0.753654   0.442882  -1.858647  -1.828763   0.001000
  0.158991   0.458894  -0.753654   0.442882  -1.858647  -1.828763   0.001000
  0.158991   0.458894  -0.753654   0.442882  -1.858647  -1.828763   0.001000
  0.158991   0.458894  -0.753654   0.442882  -1.858647  -1.828763   0.001000
  0.158991   0.458894  -0.753654   0.442882  -1.858647  -1.828763   0.001000
  0.158991   0.458894  -0.753654   0.442882  -1.858647  -1.828763   0.001000
  0.158991   0.458894  -0.753654   0.442882  -1.858647  -1.828763   0.001000
  0.158991   0.458894  -0.753654   0.442882  -1.858647  -1.828763   0.001000
  0.158991   0.458894  -0.753654   0.442882  -1.858647  -1.828763   0.001000
  0.158991   0.458894  -0.753654   0.442882  -1.858647  -1.828763   0.001000
  0.158991   0.458894  -0.753654   0.442882  -1.858647  -1.828763   0.001000
  0.158991   0.458894  -0.753654   0.442882  -1.858647  -1.828763   0.001000
  0.158991   0.458894  -0.753654   0.442882  -1.858647  -1.828763   0.001000
  0.158991   0.458894  -0.753654   0.442882  -1.858647  -1.828763   0.001000
  0.158991   0.458894  -0.753654   0.442882  -1.858647  -1.828763   0.001000
  0.158991   0.458894  -0.753654   0.442882  -1.858647  -1.828763   0.001000
  0.158991   0.458894  -0.753654   0.442882  -1.858647  -1.828763   0.001000
  0.158991   0.458894  -0.753654   0.442882  -1.858647  -1.828763   0.001000
  0.158991   0.458894  -0.753654   0.442882  -1.858647  -1.828763   0.001000
  0.158991   0.458894  -0.753654   0.442882  -1.858647  -1.828763   0.001000
  0.158991   0.458894  -0.753654   0.442882  -1.858647  -1.828763   0.001000
  0.158991   0.458894  -0.753654   0.442882  -1.858647  -1.828763   0.001000
  0.158991   0.458894  -0.753654   0.442882  -1.858647  -1.828763   0.001000
  0.158991   0.458894  -0.753654   0.442882  -1.858647  -1.828763   0.001000
  0.158991   0.458894  -0.753654   0.442882  -1.858647  -1.828763   0.001000
  0.158991   0.458894  -0.753654   0.442882  -1.858647  -1.828763   0.001000
  0.158991   0.458894  -0.753654   0.442882  -1.858647  -1.828763   0.001000
  0.158991   0.458894  -0.753654   0.442882  -1.858647  -1.828763   0.001000
  0.158991   0.458894  -0.753654   0.442882  -1.858647  -1.828763   0.001000
  0.158991   0.458894  -0.753654   0.442882  -1.858647  -1.828763   0.001000
  0.158991   0.458894  -0.753654   0.442882  -1.858647  -1.828763   0.001000
  0.158991   0.458894  -0.753654   0.442882  -1.858647  -1.828763   0.001000
  0.158991   0.458894  -0.753654   0.442882  -1.858647  -1.828763   0.001000
  0.158991   0.458894  -0.753654   0.442882  -1.858647  -1.828763   0.001000
  0.158991   0.458894  -0.753654   0.442882  -1.858647  -1.828763   0.001000
  0.158991   0.458894  -0.753654   0.442882  -1.858647  -1.828763   0.001000
  0.158991   0.458894  -0.753654   0.442882  -1.858647  -1.828763   0.001000
  0.158991   0.458894  -0.753654   0.442882  -1.858647  -1.828763   0.001000
  0.158991   0.458894  -0.753654   0.442882  -1.858647  -1.828763   0.001000
  0.158991   0.458894  -0.753654   0.442882  -1.858647  -1.828763   0.001000
  0.158991   0.458894  -0.753654   0.442882  -1.858647  -1.828763   0.001000
  0.142124   0.471519  -0.752106   0.437958  -1.729632  -1.887438   0.001000
  0.142124   0.471519  -0.752106   0.437958  -1.729632  -1.887438   0.001000
  0.154936   0.453502  -0.756222   0.445488  -1.638869  -1.916388   0.001000
  0.154936   0.453502  -0.756222   0.445488  -1.638869  -1.916388   0.001000
  0.154936   0.453502  -0.756222   0.445488  -1.638869  -1.916388   0.001000
  0.154936   0.453502  -0.756222   0.445488  -1.638869  -1.916388   0.001000
  0.154936   0.453502  -0.756222   0.445488  -1.638869  -1.916388   0.001000
  0.154936   0.453502  -0.756222   0.445488  -1.638869  -1.916388   0.001000
  0.154936   0.453502  -0.756222   0.445488  -1.638869  -1.916388   0.001000
  0.154936   0.453502  -0.756222   0.445488  -1.638869  -1.916388   0.001000
  0.154936   0.453502  -0.756222   0.445488  -1.638869  -1.916388   0.001000
  0.154936   0.453502  -0.756222   0.445488  -1.638869  -1.916388   0.001000
  0.154936   0.453502  -0.756222   0.445488  -1.638869  -1.916388   0.001000
  0.154936   0.453502  -0.756222   0.445488  -1.638869  -1.916388   0.001000
  0.154936   0.453502  -0.756222   0.445488  -1.638869  -1.916388   0.001000
  0.154936   0.453502  -0.756222   0.445488  -1.638869  -1.916388   0.001000
  0.154936   0.453502  -0.756222   0.445488  -1.638869  -1.916388   0.001000
  0.154936   0.453502  -0.756222   0.445488  -1.638869  -1.916388   0.001000
  0.154936   0.453502  -0.756222   0.445488  -1.638869  -1.916388   0.001000
  0.154936   0.453502  -0.756222   0.445488  -1.638869  -1.916388   0.001000
  0.154936   0.453502  -0.756222   0.445488  -1.638869  -1.916388   0.001000
  0.154936   0.453502  -0.756222   0.445488  -1.638869  -1.916388   0.001000
  0.154936   0.453502  -0.756222   0.445488  -1.638869  -1.916388   0.001000
  0.154936   0.453502  -0.756222   0.445488  -1.638869  -1.916388   0.001000
  0.154936   0.453502  -0.756222   0.445488  -1.638869  -1.916388   0.001000
  0.154936   0.453502  -0.756222   0.445488  -1.638869  -1.916388   0.001000
  0.154936   0.453502  -0.756222   0.445488  -1.638869  -1.916388   0.001000
  0.154936   0.453502  -0.756222   0.445488  -1.638869  -1.916388   0.001000
  0.154936   0.453502  -0.756222   0.445488  -1.638869  -1.916388   0.001000
  0.154936   0.453502  -0.756222   0.445488  -1.638869  -1.916388   0.001000
  0.174988   0.452697  -0.752312   0.445501  -1.546549  -1.701865   0.001000
  0.174988   0.452697  -0.752312   0.445501  -1.546549  -1.701865   0.001000
  0.146563   0.462845  -0.759578   0.432822  -1.528800  -1.784679   0.001000
  0.167135   0.449767  -0.758687   0.440646  -1.573806  -1.665962   0.001000
  0.167135   0.449767  -0.758687   0.440646  -1.573806  -1.665962   0.001000
  0.167135   0.449767  -0.758687   0.440646  -1.573806  -1.665962   0.001000
  0.167135   0.449767  -0.758687   0.440646  -1.573806  -1.665962   0.001000
  0.167135   0.449767  -0.758687   0.440646  -1.573806  -1.665962   0.001000
  0.167135   0.449767  -0.758687   0.440646  -1.573806  -1.665962   0.001000
  0.165004   0.449193  -0.758264   0.442758  -1.811464  -1.800007   0.001000
  0.165004   0.449193  -0.758264   0.442758  -1.811464  -1.800007   0.001000
  0.165004   0.449193  -0.758264   0.442758  -1.811464  -1.800007   0.001000
  0.165004   0.449193  -0.758264   0.442758  -1.811464  -1.800007   0.001000
  0.165004   0.449193  -0.758264   0.442758  -1.811464  -1.800007   0.001000
  0.165004   0.449193  -0.758264   0.442758  -1.811464  -1.800007   0.001000
  0.165004   0.449193  -0.758264   0.442758  -1.811464  -1.800007   0.001000
  0.165004   0.449193  -0.758264   0.442758  -1.811464  -1.800007   0.001000
  0.165004   0.449193  -0.758264   0.442758  -1.811464  -1.800007   0.001000
  0.165004   0.449193  -0.758264   0.442758  -1.811464  -1.800007   0.001000
  0.165004   0.449193  -0.758264   0.442758  -1.811464  -1.800007   0.001000
  0.165004   0.449193  -0.758264   0.442758  -1.811464  -1.800007   0.001000
  0.165004   0.449193  -0.758264   0.442758  -1.811464  -1.800007   0.001000
  0.165004   0.449193  -0.758264   0.442758  -1.811464  -1.800007   0.001000
  0.165004   0.449193  -0.758264   0.442758  -1.811464  -1.800007   0.001000
  0.165004   0.449193  -0.758264   0.442758  -1.811464  -1.800007   0.001000
  0.165004   0.449193  -0.758264   0.442758  -1.811464  -1.800007   0.001000
  0.165004   0.449193  -0.758264   0.442758  -1.811464  -1.800007   0.001000
  0.165004   0.449193  -0.758264   0.442758  -1.811464  -1.800007   0.001000
  0.165004   0.449193  -0.758264   0.442758  -1.811464  -1.800007   0.001000
  0.165004   0.449193  -0.758264   0.442758  -1.811464  -1.800007   0.001000
  0.165004   0.449193  -0.758264   0.442758  -1.811464  -1.800007   0.001000
  0.165004   0.449193  -0.758264   0.442758  -1.811464  -1.800007   0.001000
  0.165004   0.449193  -0.758264   0.442758  -1.811464  -1.800007   0.001000
  0.165004   0.449193  -0.758264   0.442758  -1.811464  -1.800007   0.001000
  0.165004   0.449193  -0.758264   0.442758  -1.811464  -1.800007   0.001000
  0.165004   0.449193  -0.758264   0.442758  -1.811464  -1.800007   0.001000
  0.165004   0.449193  -0.758264   0.442758  -1.811464  -1.800007   0.001000
  0.165004   0.449193  -0.758264   0.442758  -1.811464  -1.800007   0.001000
  0.165004   0.449193  -0.758264   0.442758  -1.811464  -1.800007   0.001000
  0.165004   0.449193  -0.758264   0.442758  -1.811464  -1.800007   0.001000
  0.165004   0.449193  -0.758264   0.442758  -1.811464  -1.800007   0.001000
  0.165004   0.449193  -0.758264   0.442758  -1.811464  -1.800007   0.001000
  0.165004   0.449193  -0.758264   0.442758  -1.811464  -1.800007   0.001000
  0.165004   0.449193  -0.758264   0.442758  -1.811464  -1.800007   0.001000
  0.165004   0.449193  -0.758264   0.442758  -1.811464  -1.800007   0.001000
  0.165004   0.449193  -0.758264   0.442758  -1.811464  -1.800007   0.001000
  0.165004   0.449193  -0.758264   0.442758  -1.811464  -1.800007   0.001000
  0.165004   0.449193  -0.758264   0.442758  -1.811464  -1.800007   0.001000
  0.165004   0.449193  -0.758264   0.442758  -1.811464  -1.800007   0.001000
  0.165004   0.449193  -0.758264   0.442758  -1.811464  -1.800007   0.001000
  0.165004   0.449193  -0.758264   0.442758  -1.811464  -1.800007   0.001000
  0.165004   0.449193  -0.758264   0.442758  -1.811464  -1.800007   0.001000
  0.165004   0.449193  -0.758264   0.442758  -1.811464  -1.800007   0.001000
  0.165004   0.449193  -0.758264   0.442758  -1.811464  -1.800007   0.001000
  0.165004   0.449193  -0.758264   0.442758  -1.811464  -1.800007   0.001000
  0.165004   0.449193  -0.758264   0.442758  -1.811464  -1.800007   0.001000
  0.165004   0.449193  -0.758264   0.442758  -1.811464  -1.800007   0.001000
  0.165004   0.449193  -0.758264   0.442758  -1.811464  -1.800007   0.001000
  0.165004   0.449193  -0.758264   0.442758  -1.811464  -1.800007   0.001000
  0.165004   0.449193  -0.758264   0.442758  -1.811464  -1.800007   0.001000
  0.165004   0.449193  -0.758264   0.442758  -1.811464  -1.800007   0.001000
  0.165004   0.449193  -0.758264   0.442758  -1.811464  -1.800007   0.001000
  0.165004   0.449193  -0.758264   0.442758  -1.811464  -1.800007   0.001000
  0.165004   0.449193  -0.758264   0.442758  -1.811464  -1.800007   0.001000
  0.165004   0.449193  -0.758264   0.442758  -1.811464  -1.800007   0.001000
  0.165004   0.449193  -0.758264   0.442758  -1.811464  -1.800007   0.001000
  0.165004   0.449193  -0.758264   0.442758  -1.811464  -1.800007   0.001000
  0.165004   0.449193  -0.758264   0.442758  -1.811464  -1.800007   0.001000
  0.158860   0.442450  -0.768341   0.434343  -1.687064  -1.696305   0.001000
  0.158841   0.460861  -0.749580   0.447780  -1.827085  -1.802369   0.001000
  0.158841   0.460861  -0.749580   0.447780  -1.827085  -1.802369   0.001000
  0.158841   0.460861  -0.749580   0.447780  -1.827085  -1.802369   0.001000
  0.158841   0.460861  -0.749580   0.447780  -1.827085  -1.802369   0.001000
  0.158841   0.460861  -0.749580   0.447780  -1.827085  -1.802369   0.001000
  0.158841   0.460861  -0.749580   0.447780  -1.827085  -1.802369   0.001000
  0.156513   0.452302  -0.755946   0.446624  -1.764337  -1.746306   0.001000
  0.156513   0.452302  -0.755946   0.446624  -1.764337  -1.746306   0.001000
  0.156513   0.452302  -0.755946   0.446624  -1.764337  -1.746306   0.001000
  0.156513   0.452302  -0.755946   0.446624  -1.764337  -1.746306   0.001000
  0.156513   0.452302  -0.755946   0.446624  -1.764337  -1.746306   0.001000
  0.143124   0.520721  -0.688840   0.483595  -1.673617  -1.745552   0.001000
  0.149240   0.452804  -0.758711   0.443907  -1.577677  -1.749875   0.001000
  0.161528   0.458565  -0.756796   0.436906  -1.418972  -1.768154   0.001000
  0.161482   0.454083  -0.756839   0.441504  -1.926731  -1.875338   0.001000
  0.161482   0.454083  -0.756839   0.441504  -1.926731  -1.875338   0.001000
  0.161482   0.454083  -0.756839   0.441504  -1.926731  -1.875338   0.001000
  0.161482   0.454083  -0.756839   0.441504  -1.926731  -1.875338   0.001000
  0.173948   0.455307  -0.770337   0.411118  -1.474574  -1.801833   0.001000
  0.159846   0.445583  -0.762842   0.440429  -1.626481  -1.870151   0.001000
  0.159591   0.450553  -0.758253   0.443379  -1.571434  -1.781098   0.001000
  0.159591   0.450553  -0.758253   0.443379  -1.571434  -1.781098   0.001000
  0.159591   0.450553  -0.758253   0.443379  -1.571434  -1.781098   0.001000
  0.159591   0.450553  -0.758253   0.443379  -1.571434  -1.781098   0.001000
  0.159591   0.450553  -0.758253   0.443379  -1.571434  -1.781098   0.001000
  0.159591   0.450553  -0.758253   0.443379  -1.571434  -1.781098   0.001000
  0.159591   0.450553  -0.758253   0.443379  -1.571434  -1.781098   0.001000
  0.159591   0.450553  -0.758253   0.443379  -1.571434  -1.781098   0.001000
  0.159591   0.450553  -0.758253   0.443379  -1.571434  -1.781098   0.001000
  0.159591   0.450553  -0.758253   0.443379  -1.571434  -1.781098   0.001000
  0.159591   0.450553  -0.758253   0.443379  -1.571434  -1.781098   0.001000
  0.159591   0.450553  -0.758253   0.443379  -1.571434  -1.781098   0.001000
  0.159591   0.450553  -0.758253   0.443379  -1.571434  -1.781098   0.001000
  0.155336   0.456226  -0.762992   0.430781  -1.614092  -1.680682   0.001000
  0.162834   0.459128  -0.754233   0.440248  -1.668400  -1.713140   0.001000
  0.147600   0.461052  -0.754215   0.443627  -1.899676  -1.780218   0.001000
  0.151371   0.453369  -0.754467   0.449803  -1.814693  -1.684560   0.001000
  0.163117   0.471728  -0.747128   0.438936  -1.799859  -1.777814   0.001000
  0.163117   0.471728  -0.747128   0.438936  -1.799859  -1.777814   0.001000
  0.158964   0.446169  -0.778940   0.410993  -1.707690  -1.765365   0.001000
  0.158964   0.446169  -0.778940   0.410993  -1.707690  -1.765365   0.001000
  0.154255   0.450583  -0.766635   0.430641  -1.764961  -1.789266   0.001000
  0.154255   0.450583  -0.766635   0.430641  -1.764961  -1.789266   0.001000
  0.163878   0.447200  -0.755341   0.450129  -1.879172  -1.995327   0.001000
  0.163878   0.447200  -0.755341   0.450129  -1.879172  -1.995327   0.001000
  0.163878   0.447200  -0.755341   0.450129  -1.879172  -1.995327   0.001000
  0.163878   0.447200  -0.755341   0.450129  -1.879172  -1.995327   0.001000
  0.163878   0.447200  -0.755341   0.450129  -1.879172  -1.995327   0.001000
  0.163878   0.447200  -0.755341   0.450129  -1.879172  -1.995327   0.001000
  0.163878   0.447200  -0.755341   0.450129  -1.879172  -1.995327   0.001000
  0.163878   0.447200  -0.755341   0.450129  -1.879172  -1.995327   0.001000
  0.163878   0.447200  -0.755341   0.450129  -1.879172  -1.995327   0.001000
  0.163878   0.447200  -0.755341   0.450129  -1.879172  -1.995327   0.001000
  0.163878   0.447200  -0.755341   0.450129  -1.879172  -1.995327   0.001000
  0.163878   0.447200  -0.755341   0.450129  -1.879172  -1.995327   0.001000
  0.163878   0.447200  -0.755341   0.450129  -1.879172  -1.995327   0.001000
  0.163878   0.447200  -0.755341   0.450129  -1.879172  -1.995327   0.001000
  0.163878   0.447200  -0.755341   0.450129  -1.879172  -1.995327   0.001000
  0.163878   0.447200  -0.755341   0.450129  -1.879172  -1.995327   0.001000
  0.169912   0.435365  -0.761694   0.448786  -1.618630  -1.842435   0.001000
  0.172699   0.442592  -0.768480   0.428633  -1.959398  -1.767235   0.001000
  0.172699   0.442592  -0.768480   0.428633  -1.959398  -1.767235   0.001000
  0.172699   0.442592  -0.768480   0.428633  -1.959398  -1.767235   0.001000
  0.155484   0.460934  -0.759738   0.431465  -1.652066  -1.672896   0.001000
  0.155484   0.460934  -0.759738   0.431465  -1.652066  -1.672896   0.001000
  0.155484   0.460934  -0.759738   0.431465  -1.652066  -1.672896   0.001000
  0.152423   0.460075  -0.750392   0.449456  -1.846789  -1.864386   0.001000
  0.152423   0.460075  -0.750392   0.449456  -1.846789  -1.864386   0.001000
  0.161735   0.467480  -0.745156   0.447266  -1.954189  -1.792625   0.001000
  0.180282   0.446469  -0.756771   0.442111  -1.578787  -1.900166   0.001000
  0.170222   0.459109  -0.747605   0.448698  -1.956188  -1.844168   0.001000
  0.170222   0.459109  -0.747605   0.448698  -1.956188  -1.844168   0.001000
  0.188557   0.463493  -0.748415   0.435310  -1.825493  -1.875888   0.001000
  0.167522   0.443922  -0.760206   0.443798  -1.646865  -1.957235   0.001000
  0.167522   0.443922  -0.760206   0.443798  -1.646865  -1.957235   0.001000
  0.167522   0.443922  -0.760206   0.443798  -1.646865  -1.957235   0.001000
  0.167522   0.443922  -0.760206   0.443798  -1.646865  -1.957235   0.001000
  0.167522   0.443922  -0.760206   0.443798  -1.646865  -1.957235   0.001000
  0.167522   0.443922  -0.760206   0.443798  -1.646865  -1.957235   0.001000
  0.167522   0.443922  -0.760206   0.443798  -1.646865  -1.957235   0.001000
  0.167522   0.443922  -0.760206   0.443798  -1.646865  -1.957235   0.001000
  0.167522   0.443922  -0.760206   0.443798  -1.646865  -1.957235   0.001000
  0.167522   0.443922  -0.760206   0.443798  -1.646865  -1.957235   0.001000
  0.167522   0.443922  -0.760206   0.443798  -1.646865  -1.957235   0.001000
  0.167522   0.443922  -0.760206   0.443798  -1.646865  -1.957235   0.001000
  0.163423   0.453249  -0.759161   0.437644  -1.789041  -1.835706   0.001000
  0.163423   0.453249  -0.759161   0.437644  -1.789041  -1.835706   0.001000
  0.163423   0.453249  -0.759161   0.437644  -1.789041  -1.835706   0.001000
  0.163423   0.453249  -0.759161   0.437644  -1.789041  -1.835706   0.001000
  0.163423   0.453249  -0.759161   0.437644  -1.789041  -1.835706   0.001000
  0.163423   0.453249  -0.759161   0.437644  -1.789041  -1.835706   0.001000
  0.163423   0.453249  -0.759161   0.437644  -1.789041  -1.835706   0.001000
  0.163423   0.453249  -0.759161   0.437644  -1.789041  -1.835706   0.001000
  0.163423   0.453249  -0.759161   0.437644  -1.789041  -1.835706   0.001000
  0.163423   0.453249  -0.759161   0.437644  -1.789041  -1.835706   0.001000
  0.163423   0.453249  -0.759161   0.437644  -1.789041  -1.835706   0.001000
  0.170807   0.432680  -0.765161   0.445131  -1.789708  -1.719375   0.001000
  0.170807   0.432680  -0.765161   0.445131  -1.789708  -1.719375   0.001000
  0.170807   0.432680  -0.765161   0.445131  -1.789708  -1.719375   0.001000
  0.170807   0.432680  -0.765161   0.445131  -1.789708  -1.719375   0.001000
  0.170807   0.432680  -0.765161   0.445131  -1.789708  -1.719375   0.001000
  0.178181   0.431247  -0.774712   0.426729  -1.685964  -1.798665   0.001000
  0.163390   0.449803  -0.756288   0.446104  -1.784007  -1.746839   0.001000
  0.163390   0.449803  -0.756288   0.446104  -1.784007  -1.746839   0.001000
  0.151417   0.456799  -0.756339   0.443125  -1.700400  -1.783076   0.001000
  0.151417   0.456799  -0.756339   0.443125  -1.700400  -1.783076   0.001000
  0.151417   0.456799  -0.756339   0.443125  -1.700400  -1.783076   0.001000
  0.151417   0.456799  -0.756339   0.443125  -1.700400  -1.783076   0.001000
  0.151417   0.456799  -0.756339   0.443125  -1.700400  -1.783076   0.001000
  0.151417   0.456799  -0.756339   0.443125  -1.700400  -1.783076   0.001000
  0.151417   0.456799  -0.756339   0.443125  -1.700400  -1.783076   0.001000
  0.151417   0.456799  -0.756339   0.443125  -1.700400  -1.783076   0.001000
  0.151417   0.456799  -0.756339   0.443125  -1.700400  -1.783076   0.001000
  0.151417   0.456799  -0.756339   0.443125  -1.700400  -1.783076   0.001000
  0.151417   0.456799  -0.756339   0.443125  -1.700400  -1.783076   0.001000
  0.151417   0.456799  -0.756339   0.443125  -1.700400  -1.783076   0.001000
  0.151417   0.456799  -0.756339   0.443125  -1.700400  -1.783076   0.001000
  0.151417   0.456799  -0.756339   0.443125  -1.700400  -1.783076   0.001000
  0.151417   0.456799  -0.756339   0.443125  -1.700400  -1.783076   0.001000
  0.151417   0.456799  -0.756339   0.443125  -1.700400  -1.783076   0.001000
  0.151417   0.456799  -0.756339   0.443125  -1.700400  -1.783076   0.001000
  0.148605   0.464615  -0.753184   0.441321  -1.663603  -1.793803   0.001000
  0.160422   0.444158  -0.758236   0.449518  -1.888552  -1.689099   0.001000
  0.168401   0.454381  -0.755940   0.440152  -1.693289  -1.841246   0.001000
  0.168401   0.454381  -0.755940   0.440152  -1.693289  -1.841246   0.001000
  0.168401   0.454381  -0.755940   0.440152  -1.693289  -1.841246   0.001000
  0.168401   0.454381  -0.755940   0.440152  -1.693289  -1.841246   0.001000
  0.168401   0.454381  -0.755940   0.440152  -1.693289  -1.841246   0.001000
  0.168401   0.454381  -0.755940   0.440152  -1.693289  -1.841246   0.001000
  0.168401   0.454381  -0.755940   0.440152  -1.693289  -1.841246   0.001000
  0.168401   0.454381  -0.755940   0.440152  -1.693289  -1.841246   0.001000
  0.168401   0.454381  -0.755940   0.440152  -1.693289  -1.841246   0.001000
  0.168401   0.454381  -0.755940   0.440152  -1.693289  -1.841246   0.001000
  0.168401   0.454381  -0.755940   0.440152  -1.693289  -1.841246   0.001000
  0.168401   0.454381  -0.755940   0.440152  -1.693289  -1.841246   0.001000
  0.168401   0.454381  -0.755940   0.440152  -1.693289  -1.841246   0.001000
  0.168401   0.454381  -0.755940   0.440152  -1.693289  -1.841246   0.001000
  0.168401   0.454381  -0.755940   0.440152  -1.693289  -1.841246   0.001000
  0.168401   0.454381  -0.755940   0.440152  -1.693289  -1.841246   0.001000
  0.168401   0.454381  -0.755940   0.440152  -1.693289  -1.841246   0.001000
  0.168401   0.454381  -0.755940   0.440152  -1.693289  -1.841246   0.001000
  0.168401   0.454381  -0.755940   0.440152  -1.693289  -1.841246   0.001000
  0.168401   0.454381  -0.755940   0.440152  -1.693289  -1.841246   0.001000
  0.168401   0.454381  -0.755940   0.440152  -1.693289  -1.841246   0.001000
  0.168401   0.454381  -0.755940   0.440152  -1.693289  -1.841246   0.001000
  0.168401   0.454381  -0.755940   0.440152  -1.693289  -1.841246   0.001000
  0.162432   0.440212  -0.758068   0.452948  -1.792437  -1.685263   0.001000
  0.164542   0.430730  -0.762816   0.453331  -1.728720  -1.827916   0.001000
  0.164542   0.430730  -0.762816   0.453331  -1.728720  -1.827916   0.001000
  0.164542   0.430730  -0.762816   0.453331  -1.728720  -1.827916   0.001000
  0.156216   0.446437  -0.756172   0.452210  -1.790200  -1.832698   0.001000
  0.141404   0.449748  -0.762357   0.443332  -1.657005  -1.706988   0.001000
  0.141404   0.449748  -0.762357   0.443332  -1.657005  -1.706988   0.001000
  0.163346   0.459598  -0.756039   0.436454  -1.624728  -1.767557   0.001000
  0.163346   0.459598  -0.756039   0.436454  -1.624728  -1.767557   0.001000
  0.163346   0.459598  -0.756039   0.436454  -1.624728  -1.767557   0.001000
  0.163346   0.459598  -0.756039   0.436454  -1.624728  -1.767557   0.001000
  0.163346   0.459598  -0.756039   0.436454  -1.624728  -1.767557   0.001000
  0.163346   0.459598  -0.756039   0.436454  -1.624728  -1.767557   0.001000
  0.163346   0.459598  -0.756039   0.436454  -1.624728  -1.767557   0.001000
  0.180357   0.471987  -0.734683   0.452704  -1.562494  -1.515330   0.001000
  0.161332   0.455361  -0.753445   0.446025  -1.727034  -1.669963   0.001000
  0.161332   0.455361  -0.753445   0.446025  -1.727034  -1.669963   0.001000
  0.161332   0.455361  -0.753445   0.446025  -1.727034  -1.669963   0.001000
  0.161332   0.455361  -0.753445   0.446025  -1.727034  -1.669963   0.001000
  0.161332   0.455361  -0.753445   0.446025  -1.727034  -1.669963   0.001000
  0.161332   0.455361  -0.753445   0.446025  -1.727034  -1.669963   0.001000
  0.161332   0.455361  -0.753445   0.446025  -1.727034  -1.669963   0.001000
  0.161332   0.455361  -0.753445   0.446025  -1.727034  -1.669963   0.001000
  0.162529   0.447261  -0.753973   0.452843  -1.823810  -1.713987   0.001000
  0.178024   0.377640  -0.807574   0.416558  -1.632047  -1.783095   0.001000
  0.154664   0.461855  -0.756645   0.436185  -1.652861  -1.802319   0.001000
  0.154664   0.461855  -0.756645   0.436185  -1.652861  -1.802319   0.001000
  0.154664   0.461855  -0.756645   0.436185  -1.652861  -1.802319   0.001000
  0.154664   0.461855  -0.756645   0.436185  -1.652861  -1.802319   0.001000
  0.154664   0.461855  -0.756645   0.436185  -1.652861  -1.802319   0.001000
  0.154664   0.461855  -0.756645   0.436185  -1.652861  -1.802319   0.001000
  0.154664   0.461855  -0.756645   0.436185  -1.652861  -1.802319   0.001000
  0.162947   0.456699  -0.751226   0.447811  -1.715806  -1.733608   0.001000
  0.159237   0.443028  -0.765278   0.438999  -1.682763  -1.725396   0.001000
  0.159457   0.452502  -0.759174   0.439851  -1.527875  -1.784144   0.001000
  0.161062   0.447766  -0.748303   0.462177  -1.809955  -1.742111   0.001000
  0.161062   0.447766  -0.748303   0.462177  -1.809955  -1.742111   0.001000
  0.161062   0.447766  -0.748303   0.462177  -1.809955  -1.742111   0.001000
  0.161062   0.447766  -0.748303   0.462177  -1.809955  -1.742111   0.001000
  0.161062   0.447766  -0.748303   0.462177  -1.809955  -1.742111   0.001000
  0.161062   0.447766  -0.748303   0.462177  -1.809955  -1.742111   0.001000
  0.161062   0.447766  -0.748303   0.462177  -1.809955  -1.742111   0.001000
  0.164405   0.436428  -0.764515   0.444993  -1.844599  -1.745358   0.001000
  0.164405   0.436428  -0.764515   0.444993  -1.844599  -1.745358   0.001000
  0.165788   0.453388  -0.756431   0.441323  -1.816794  -1.691770   0.001000
  0.165788   0.453388  -0.756431   0.441323  -1.816794  -1.691770   0.001000
  0.165788   0.453388  -0.756431   0.441323  -1.816794  -1.691770   0.001000
  0.165788   0.453388  -0.756431   0.441323  -1.816794  -1.691770   0.001000
  0.165788   0.453388  -0.756431   0.441323  -1.816794  -1.691770   0.001000
  0.165788   0.453388  -0.756431   0.441323  -1.816794  -1.691770   0.001000
  0.165788   0.453388  -0.756431   0.441323  -1.816794  -1.691770   0.001000
  0.165788   0.453388  -0.756431   0.441323  -1.816794  -1.691770   0.001000
  0.165788   0.453388  -0.756431   0.441323  -1.816794  -1.691770   0.001000
  0.165788   0.453388  -0.756431   0.441323  -1.816794  -1.691770   0.001000
  0.165788   0.453388  -0.756431   0.441323  -1.816794  -1.691770   0.001000
  0.165788   0.453388  -0.756431   0.441323  -1.816794  -1.691770   0.001000
  0.165788   0.453388  -0.756431   0.441323  -1.816794  -1.691770   0.001000
  0.165788   0.453388  -0.756431   0.441323  -1.816794  -1.691770   0.001000
  0.165788   0.453388  -0.756431   0.441323  -1.816794  -1.691770   0.001000
  0.165788   0.453388  -0.756431   0.441323  -1.816794  -1.691770   0.001000
  0.165788   0.453388  -0.756431   0.441323  -1.816794  -1.691770   0.001000
  0.165788   0.453388  -0.756431   0.441323  -1.816794  -1.691770   0.001000
  0.165788   0.453388  -0.756431   0.441323  -1.816794  -1.691770   0.001000
  0.165788   0.453388  -0.756431   0.441323  -1.816794  -1.691770   0.001000
  0.165788   0.453388  -0.756431   0.441323  -1.816794  -1.691770   0.001000
  0.165788   0.453388  -0.756431   0.441323  -1.816794  -1.691770   0.001000
  0.165788   0.453388  -0.756431   0.441323  -1.816794  -1.691770   0.001000
  0.165788   0.453388  -0.756431   0.441323  -1.816794  -1.691770   0.001000
  0.165788   0.453388  -0.756431   0.441323  -1.816794  -1.691770   0.001000
  0.165788   0.453388  -0.756431   0.441323  -1.816794  -1.691770   0.001000
  0.165788   0.453388  -0.756431   0.441323  -1.816794  -1.691770   0.001000
  0.165788   0.453388  -0.756431   0.441323  -1.816794  -1.691770   0.001000
  0.165788   0.453388  -0.756431   0.441323  -1.816794  -1.691770   0.001000
  0.165788   0.453388  -0.756431   0.441323  -1.816794  -1.691770   0.001000
  0.165788   0.453388  -0.756431   0.441323  -1.816794  -1.691770   0.001000
  0.175140   0.476246  -0.751408   0.421784  -1.792833  -1.701240   0.001000
  0.163174   0.453828  -0.758723   0.437897  -1.941622  -1.759554   0.001000
  0.165120   0.455378  -0.753056   0.445279  -1.721952  -1.782985   0.001000
  0.165120   0.455378  -0.753056   0.445279  -1.721952  -1.782985   0.001000
  0.165120   0.455378  -0.753056   0.445279  -1.721952  -1.782985   0.001000
  0.165120   0.455378  -0.753056   0.445279  -1.721952  -1.782985   0.001000
  0.151095   0.452384  -0.751636   0.455591  -1.870911  -1.716199   0.001000
  0.164140   0.459211  -0.746915   0.451996  -1.757347  -1.648186   0.001000
  0.164140   0.459211  -0.746915   0.451996  -1.757347  -1.648186   0.001000
  0.164140   0.459211  -0.746915   0.451996  -1.757347  -1.648186   0.001000
  0.164140   0.459211  -0.746915   0.451996  -1.757347  -1.648186   0.001000
  0.164140   0.459211  -0.746915   0.451996  -1.757347  -1.648186   0.001000
  0.164140   0.459211  -0.746915   0.451996  -1.757347  -1.648186   0.001000
  0.164140   0.459211  -0.746915   0.451996  -1.757347  -1.648186   0.001000
  0.164140   0.459211  -0.746915   0.451996  -1.757347  -1.648186   0.001000
  0.164140   0.459211  -0.746915   0.451996  -1.757347  -1.648186   0.001000
  0.164140   0.459211  -0.746915   0.451996  -1.757347  -1.648186   0.001000
  0.161997   0.457618  -0.752236   0.445515  -1.840943  -1.603721   0.001000
  0.161997   0.457618  -0.752236   0.445515  -1.840943  -1.603721   0.001000
  0.168309   0.445931  -0.759341   0.442966  -1.973306  -1.731789   0.001000
  0.168309   0.445931  -0.759341   0.442966  -1.973306  -1.731789   0.001000
  0.168309   0.445931  -0.759341   0.442966  -1.973306  -1.731789   0.001000
  0.168309   0.445931  -0.759341   0.442966  -1.973306  -1.731789   0.001000
  0.168309   0.445931  -0.759341   0.442966  -1.973306  -1.731789   0.001000
  0.168309   0.445931  -0.759341   0.442966  -1.973306  -1.731789   0.001000
  0.168309   0.445931  -0.759341   0.442966  -1.973306  -1.731789   0.001000
  0.168309   0.445931  -0.759341   0.442966  -1.973306  -1.731789   0.001000
  0.168309   0.445931  -0.759341   0.442966  -1.973306  -1.731789   0.001000
  0.168309   0.445931  -0.759341   0.442966  -1.973306  -1.731789   0.001000
  0.168309   0.445931  -0.759341   0.442966  -1.973306  -1.731789   0.001000
  0.168309   0.445931  -0.759341   0.442966  -1.973306  -1.731789   0.001000
  0.168309   0.445931  -0.759341   0.442966  -1.973306  -1.731789   0.001000
  0.176108   0.460649  -0.756185   0.430084  -1.815990  -1.608537   0.001000
  0.160252   0.456091  -0.749881   0.451641  -1.865414  -1.697448   0.001000
  0.160252   0.456091  -0.749881   0.451641  -1.865414  -1.697448   0.001000
  0.160252   0.456091  -0.749881   0.451641  -1.865414  -1.697448   0.001000
  0.160252   0.456091  -0.749881   0.451641  -1.865414  -1.697448   0.001000
  0.160252   0.456091  -0.749881   0.451641  -1.865414  -1.697448   0.001000
  0.160252   0.456091  -0.749881   0.451641  -1.865414  -1.697448   0.001000
  0.160252   0.456091  -0.749881   0.451641  -1.865414  -1.697448   0.001000
  0.160252   0.456091  -0.749881   0.451641  -1.865414  -1.697448   0.001000
  0.160252   0.456091  -0.749881   0.451641  -1.865414  -1.697448   0.001000
  0.160252   0.456091  -0.749881   0.451641  -1.865414  -1.697448   0.001000
  0.160252   0.456091  -0.749881   0.451641  -1.865414  -1.697448   0.001000
  0.160252   0.456091  -0.749881   0.451641  -1.865414  -1.697448   0.001000
  0.160252   0.456091  -0.749881   0.451641  -1.865414  -1.697448   0.001000
  0.160252   0.456091  -0.749881   0.451641  -1.865414  -1.697448   0.001000
  0.160252   0.456091  -0.749881   0.451641  -1.865414  -1.697448   0.001000
  0.160252   0.456091  -0.749881   0.451641  -1.865414  -1.697448   0.001000
  0.152284   0.444185  -0.762038   0.445877  -1.487307  -1.750910   0.001000
  0.152284   0.444185  -0.762038   0.445877  -1.487307  -1.750910   0.001000
  0.162748   0.459007  -0.761436   0.427833  -1.578108  -1.781456   0.001000
  0.162969   0.456613  -0.750428   0.449226  -1.885384  -1.664515   0.001000
  0.162969   0.456613  -0.750428   0.449226  -1.885384  -1.664515   0.001000
  0.162969   0.456613  -0.750428   0.449226  -1.885384  -1.664515   0.001000
  0.162969   0.456613  -0.750428   0.449226  -1.885384  -1.664515   0.001000
  0.162969   0.456613  -0.750428   0.449226  -1.885384  -1.664515   0.001000
  0.162969   0.456613  -0.750428   0.449226  -1.885384  -1.664515   0.001000
  0.163066   0.452616  -0.752787   0.449288  -1.642735  -1.775483   0.001000
  0.163066   0.452616  -0.752787   0.449288  -1.642735  -1.775483   0.001000
  0.163066   0.452616  -0.752787   0.449288  -1.642735  -1.775483   0.001000
  0.163066   0.452616  -0.752787   0.449288  -1.642735  -1.775483   0.001000
  0.163066   0.452616  -0.752787   0.449288  -1.642735  -1.775483   0.001000
  0.161309   0.462006  -0.750835   0.443595  -1.710007  -1.653073   0.001000
  0.161309   0.462006  -0.750835   0.443595  -1.710007  -1.653073   0.001000
  0.161309   0.462006  -0.750835   0.443595  -1.710007  -1.653073   0.001000
  0.160951   0.452263  -0.749024   0.456635  -1.664635  -1.643039   0.001000
  0.159137   0.451471  -0.757128   0.444530  -1.566159  -1.540919   0.001000
  0.159137   0.451471  -0.757128   0.444530  -1.566159  -1.540919   0.001000
  0.159137   0.451471  -0.757128   0.444530  -1.566159  -1.540919   0.001000
  0.159137   0.451471  -0.757128   0.444530  -1.566159  -1.540919   0.001000
  0.155198   0.461319  -0.749924   0.448009  -1.788505  -1.838027   0.001000
  0.155198   0.461319  -0.749924   0.448009  -1.788505  -1.838027   0.001000
  0.155198   0.461319  -0.749924   0.448009  -1.788505  -1.838027   0.001000
  0.155198   0.461319  -0.749924   0.448009  -1.788505  -1.838027   0.001000
  0.155198   0.461319  -0.749924   0.448009  -1.788505  -1.838027   0.001000
  0.155198   0.461319  -0.749924   0.448009  -1.788505  -1.838027   0.001000
  0.155198   0.461319  -0.749924   0.448009  -1.788505  -1.838027   0.001000
  0.149832   0.455743  -0.755999   0.445325  -2.132275  -1.910903   0.001000
  0.166547   0.450546  -0.756121   0.444467  -2.277424  -1.981656   0.001000
  0.166547   0.450546  -0.756121   0.444467  -2.277424  -1.981656   0.001000
  0.166547   0.450546  -0.756121   0.444467  -2.277424  -1.981656   0.001000
  0.162661   0.443325  -0.761299   0.444329  -2.060598  -2.008339   0.001000
  0.157147   0.460748  -0.751459   0.445337  -2.239811  -2.013009   0.001000
  0.162103   0.445256  -0.768099   0.430690  -2.247396  -2.117237   0.001000
  0.162103   0.445256  -0.768099   0.430690  -2.247396  -2.117237   0.001000
  0.163795   0.456515  -0.758049   0.436035  -2.413761  -2.006735   0.001000
  0.156484   0.457875  -0.750577   0.449997  -1.924384  -1.611045   0.001000
  0.156484   0.457875  -0.750577   0.449997  -1.924384  -1.611045   0.001000
  0.165271   0.462008  -0.742178   0.456514  -1.915950  -1.512052   0.001000
  0.165152   0.439618  -0.760898   0.447767  -1.829924  -1.606187   0.001000
  0.165152   0.439618  -0.760898   0.447767  -1.829924  -1.606187   0.001000
  0.159238   0.445780  -0.756745   0.450844  -1.753280  -1.570720   0.001000
  0.159485   0.456139  -0.757586   0.438823  -1.626993  -1.651076   0.001000
  0.159485   0.456139  -0.757586   0.438823  -1.626993  -1.651076   0.001000
  0.159485   0.456139  -0.757586   0.438823  -1.626993  -1.651076   0.001000
  0.159485   0.456139  -0.757586   0.438823  -1.626993  -1.651076   0.001000
  0.159485   0.456139  -0.757586   0.438823  -1.626993  -1.651076   0.001000
  0.159485   0.456139  -0.757586   0.438823  -1.626993  -1.651076   0.001000
  0.159485   0.456139  -0.757586   0.438823  -1.626993  -1.651076   0.001000
  0.159485   0.456139  -0.757586   0.438823  -1.626993  -1.651076   0.001000
  0.159485   0.456139  -0.757586   0.438823  -1.626993  -1.651076   0.001000
  0.159485   0.456139  -0.757586   0.438823  -1.626993  -1.651076   0.001000
  0.159485   0.456139  -0.757586   0.438823  -1.626993  -1.651076   0.001000
  0.163998   0.456232  -0.754487   0.442386  -1.575643  -1.498566   0.001000
  0.152528   0.455183  -0.750268   0.454579  -1.485289  -1.530203   0.001000
  0.173311   0.452700  -0.745961   0.456692  -1.852367  -1.748567   0.001000
  0.173311   0.452700  -0.745961   0.456692  -1.852367  -1.748567   0.001000
  0.169316   0.439413  -0.762009   0.444512  -1.614446  -1.629508   0.001000
  0.158088   0.457550  -0.751019   0.449029  -1.739608  -1.671141   0.001000
  0.158088   0.457550  -0.751019   0.449029  -1.739608  -1.671141   0.001000
  0.148444   0.445185  -0.766261   0.438885  -1.697817  -1.707239   0.001000
  0.186782   0.447951  -0.751813   0.446350  -1.716686  -1.800444   0.001000
  0.140870   0.475325  -0.749050   0.439485  -1.796054  -1.660866   0.001000
  0.157101   0.452002  -0.762604   0.435257  -1.601194  -1.713102   0.001000
  0.157101   0.452002  -0.762604   0.435257  -1.601194  -1.713102   0.001000
  0.157101   0.452002  -0.762604   0.435257  -1.601194  -1.713102   0.001000
  0.157101   0.452002  -0.762604   0.435257  -1.601194  -1.713102   0.001000
  0.157101   0.452002  -0.762604   0.435257  -1.601194  -1.713102   0.001000
  0.157101   0.452002  -0.762604   0.435257  -1.601194  -1.713102   0.001000
  0.184875   0.455848  -0.760061   0.424653  -1.863190  -1.681188   0.001000
  0.154801   0.446407  -0.756885   0.451533  -1.947110  -1.694656   0.001000
  0.160875   0.448280  -0.758167   0.445361  -2.050495  -1.691273   0.001000
  0.160875   0.448280  -0.758167   0.445361  -2.050495  -1.691273   0.001000
  0.160875   0.448280  -0.758167   0.445361  -2.050495  -1.691273   0.001000
  0.160875   0.448280  -0.758167   0.445361  -2.050495  -1.691273   0.001000
  0.160875   0.448280  -0.758167   0.445361  -2.050495  -1.691273   0.001000
  0.160875   0.448280  -0.758167   0.445361  -2.050495  -1.691273   0.001000
  0.159735   0.457049  -0.753408   0.444936  -1.961417  -1.657585   0.001000
  0.159735   0.457049  -0.753408   0.444936  -1.961417  -1.657585   0.001000
  0.159735   0.457049  -0.753408   0.444936  -1.961417  -1.657585   0.001000
  0.159735   0.457049  -0.753408   0.444936  -1.961417  -1.657585   0.001000
  0.159735   0.457049  -0.753408   0.444936  -1.961417  -1.657585   0.001000
  0.159735   0.457049  -0.753408   0.444936  -1.961417  -1.657585   0.001000
  0.159735   0.457049  -0.753408   0.444936  -1.961417  -1.657585   0.001000
  0.159735   0.457049  -0.753408   0.444936  -1.961417  -1.657585   0.001000
  0.159735   0.457049  -0.753408   0.444936  -1.961417  -1.657585   0.001000
  0.159735   0.457049  -0.753408   0.444936  -1.961417  -1.657585   0.001000
  0.159735   0.457049  -0.753408   0.444936  -1.961417  -1.657585   0.001000
  0.159735   0.457049  -0.753408   0.444936  -1.961417  -1.657585   0.001000
  0.159735   0.457049  -0.753408   0.444936  -1.961417  -1.657585   0.001000
  0.159735   0.457049  -0.753408   0.444936  -1.961417  -1.657585   0.001000
  0.159735   0.457049  -0.753408   0.444936  -1.961417  -1.657585   0.001000
  0.159735   0.457049  -0.753408   0.444936  -1.961417  -1.657585   0.001000
  0.159735   0.457049  -0.753408   0.444936  -1.961417  -1.657585   0.001000
  0.159735   0.457049  -0.753408   0.444936  -1.961417  -1.657585   0.001000
  0.159735   0.457049  -0.753408   0.444936  -1.961417  -1.657585   0.001000
  0.159735   0.457049  -0.753408   0.444936  -1.961417  -1.657585   0.001000
  0.159735   0.457049  -0.753408   0.444936  -1.961417  -1.657585   0.001000
  0.159735   0.457049  -0.753408   0.444936  -1.961417  -1.657585   0.001000
  0.159735   0.457049  -0.753408   0.444936  -1.961417  -1.657585   0.001000
  0.159735   0.457049  -0.753408   0.444936  -1.961417  -1.657585   0.001000
  0.159735   0.457049  -0.753408   0.444936  -1.961417  -1.657585   0.001000
  0.159735   0.457049  -0.753408   0.444936  -1.961417  -1.657585   0.001000
  0.161226   0.458330  -0.758229   0.434775  -1.879746  -1.340380   0.001000
  0.159219   0.450635  -0.756174   0.446966  -1.696415  -1.617857   0.001000
  0.159219   0.450635  -0.756174   0.446966  -1.696415  -1.617857   0.001000
  0.159219   0.450635  -0.756174   0.446966  -1.696415  -1.617857   0.001000
  0.159219   0.450635  -0.756174   0.446966  -1.696415  -1.617857   0.001000
  0.159219   0.450635  -0.756174   0.446966  -1.696415  -1.617857   0.001000
  0.159219   0.450635  -0.756174   0.446966  -1.696415  -1.617857   0.001000
  0.159219   0.450635  -0.756174   0.446966  -1.696415  -1.617857   0.001000
  0.159219   0.450635  -0.756174   0.446966  -1.696415  -1.617857   0.001000
  0.159219   0.450635  -0.756174   0.446966  -1.696415  -1.617857   0.001000
  0.161776   0.450083  -0.753668   0.450819  -1.929192  -1.539733   0.001000
  0.160478   0.453822  -0.751103   0.451815  -2.030074  -1.713976   0.001000
  0.159149   0.453211  -0.758962   0.439599  -1.587773  -1.477025   0.001000
  0.159149   0.453211  -0.758962   0.439599  -1.587773  -1.477025   0.001000
  0.160633   0.455951  -0.753799   0.445076  -1.701563  -1.504827   0.001000
  0.160633   0.455951  -0.753799   0.445076  -1.701563  -1.504827   0.001000
  0.160633   0.455951  -0.753799   0.445076  -1.701563  -1.504827   0.001000
  0.160633   0.455951  -0.753799   0.445076  -1.701563  -1.504827   0.001000
  0.160633   0.455951  -0.753799   0.445076  -1.701563  -1.504827   0.001000
  0.155219   0.470402  -0.750496   0.437475  -1.596635  -1.640627   0.001000
  0.166030   0.450348  -0.751724   0.452252  -1.770074  -1.624562   0.001000
  0.154701   0.465926  -0.752331   0.439293  -1.567434  -1.684771   0.001000
  0.163498   0.448021  -0.761802   0.438409  -1.578464  -1.523696   0.001000
  0.156508   0.444061  -0.754459   0.457282  -1.763302  -1.697747   0.001000
  0.163500   0.454564  -0.759663   0.435376  -2.137481  -1.702627   0.001000
  0.168102   0.447346  -0.757937   0.444022  -1.827680  -1.615206   0.001000
  0.168102   0.447346  -0.757937   0.444022  -1.827680  -1.615206   0.001000
  0.168102   0.447346  -0.757937   0.444022  -1.827680  -1.615206   0.001000
  0.168102   0.447346  -0.757937   0.444022  -1.827680  -1.615206   0.001000
  0.168102   0.447346  -0.757937   0.444022  -1.827680  -1.615206   0.001000
  0.168102   0.447346  -0.757937   0.444022  -1.827680  -1.615206   0.001000
  0.168102   0.447346  -0.757937   0.444022  -1.827680  -1.615206   0.001000
  0.168102   0.447346  -0.757937   0.444022  -1.827680  -1.615206   0.001000
  0.168102   0.447346  -0.757937   0.444022  -1.827680  -1.615206   0.001000
  0.168102   0.447346  -0.757937   0.444022  -1.827680  -1.615206   0.001000
  0.168102   0.447346  -0.757937   0.444022  -1.827680  -1.615206   0.001000
  0.151911   0.449471  -0.762382   0.440083  -1.938738  -1.686851   0.001000
  0.159838   0.456356  -0.760601   0.433217  -1.913809  -1.508977   0.001000
  0.159838   0.456356  -0.760601   0.433217  -1.913809  -1.508977   0.001000
  0.159838   0.456356  -0.760601   0.433217  -1.913809  -1.508977   0.001000
  0.166424   0.444116  -0.760375   0.443727  -1.929738  -1.719408   0.001000
  0.166424   0.444116  -0.760375   0.443727  -1.929738  -1.719408   0.001000
  0.170051   0.453433  -0.754582   0.442817  -1.916301  -1.564131   0.001000
  0.170051   0.453433  -0.754582   0.442817  -1.916301  -1.564131   0.001000
  0.169321   0.445512  -0.760109   0.441683  -1.886927  -1.713761   0.001000
  0.169321   0.445512  -0.760109   0.441683  -1.886927  -1.713761   0.001000
  0.169321   0.445512  -0.760109   0.441683  -1.886927  -1.713761   0.001000
  0.169321   0.445512  -0.760109   0.441683  -1.886927  -1.713761   0.001000
  0.169321   0.445512  -0.760109   0.441683  -1.886927  -1.713761   0.001000
  0.169321   0.445512  -0.760109   0.441683  -1.886927  -1.713761   0.001000
  0.169321   0.445512  -0.760109   0.441683  -1.886927  -1.713761   0.001000
  0.169321   0.445512  -0.760109   0.441683  -1.886927  -1.713761   0.001000
  0.169321   0.445512  -0.760109   0.441683  -1.886927  -1.713761   0.001000
  0.169321   0.445512  -0.760109   0.441683  -1.886927  -1.713761   0.001000
  0.169321   0.445512  -0.760109   0.441683  -1.886927  -1.713761   0.001000
  0.163179   0.461564  -0.748395   0.447479  -1.663088  -1.836571   0.001000
  0.164924   0.442044  -0.770283   0.429024  -2.178998  -1.579945   0.001000
  0.164924   0.442044  -0.770283   0.429024  -2.178998  -1.579945   0.001000
  0.164924   0.442044  -0.770283   0.429024  -2.178998  -1.579945   0.001000
  0.164924   0.442044  -0.770283   0.429024  -2.178998  -1.579945   0.001000
  0.162446   0.450836  -0.755262   0.447144  -1.961824  -1.742096   0.001000
  0.162446   0.450836  -0.755262   0.447144  -1.961824  -1.742096   0.001000
  0.162446   0.450836  -0.755262   0.447144  -1.961824  -1.742096   0.001000
  0.162446   0.450836  -0.755262   0.447144  -1.961824  -1.742096   0.001000
  0.162446   0.450836  -0.755262   0.447144  -1.961824  -1.742096   0.001000
  0.162446   0.450836  -0.755262   0.447144  -1.961824  -1.742096   0.001000
  0.162446   0.450836  -0.755262   0.447144  -1.961824  -1.742096   0.001000
  0.162446   0.450836  -0.755262   0.447144  -1.961824  -1.742096   0.001000
  0.162446   0.450836  -0.755262   0.447144  -1.961824  -1.742096   0.001000
  0.162446   0.450836  -0.755262   0.447144  -1.961824  -1.742096   0.001000
  0.162446   0.450836  -0.755262   0.447144  -1.961824  -1.742096   0.001000
  0.162446   0.450836  -0.755262   0.447144  -1.961824  -1.742096   0.001000
  0.162446   0.450836  -0.755262   0.447144  -1.961824  -1.742096   0.001000
  0.162446   0.450836  -0.755262   0.447144  -1.961824  -1.742096   0.001000
  0.162446   0.450836  -0.755262   0.447144  -1.961824  -1.742096   0.001000
  0.162446   0.450836  -0.755262   0.447144  -1.961824  -1.742096   0.001000
  0.162446   0.450836  -0.755262   0.447144  -1.961824  -1.742096   0.001000
  0.162446   0.450836  -0.755262   0.447144  -1.961824  -1.742096   0.001000
  0.162446   0.450836  -0.755262   0.447144  -1.961824  -1.742096   0.001000
  0.162446   0.450836  -0.755262   0.447144  -1.961824  -1.742096   0.001000
  0.162446   0.450836  -0.755262   0.447144  -1.961824  -1.742096   0.001000
  0.162446   0.450836  -0.755262   0.447144  -1.961824  -1.742096   0.001000
  0.162446   0.450836  -0.755262   0.447144  -1.961824  -1.742096   0.001000
  0.162446   0.450836  -0.755262   0.447144  -1.961824  -1.742096   0.001000
  0.162446   0.450836  -0.755262   0.447144  -1.961824  -1.742096   0.001000
  0.162446   0.450836  -0.755262   0.447144  -1.961824  -1.742096   0.001000
  0.162446   0.450836  -0.755262   0.447144  -1.961824  -1.742096   0.001000
  0.162446   0.450836  -0.755262   0.447144  -1.961824  -1.742096   0.001000
  0.162446   0.450836  -0.755262   0.447144  -1.961824  -1.742096   0.001000
  0.162446   0.450836  -0.755262   0.447144  -1.961824  -1.742096   0.001000
  0.162446   0.450836  -0.755262   0.447144  -1.961824  -1.742096   0.001000
  0.162446   0.450836  -0.755262   0.447144  -1.961824  -1.742096   0.001000
  0.162446   0.450836  -0.755262   0.447144  -1.961824  -1.742096   0.001000
  0.162446   0.450836  -0.755262   0.447144  -1.961824  -1.742096   0.001000
  0.162446   0.450836  -0.755262   0.447144  -1.961824  -1.742096   0.001000
  0.162446   0.450836  -0.755262   0.447144  -1.961824  -1.742096   0.001000
  0.162446   0.450836  -0.755262   0.447144  -1.961824  -1.742096   0.001000
  0.162446   0.450836  -0.755262   0.447144  -1.961824  -1.742096   0.001000
  0.162446   0.450836  -0.755262   0.447144  -1.961824  -1.742096   0.001000
  0.162446   0.450836  -0.755262   0.447144  -1.961824  -1.742096   0.001000
  0.162446   0.450836  -0.755262   0.447144  -1.961824  -1.742096   0.001000
  0.162446   0.450836  -0.755262   0.447144  -1.961824  -1.742096   0.001000
  0.162446   0.450836  -0.755262   0.447144  -1.961824  -1.742096   0.001000
  0.162446   0.450836  -0.755262   0.447144  -1.961824  -1.742096   0.001000
  0.162446   0.450836  -0.755262   0.447144  -1.961824  -1.742096   0.001000
  0.162446   0.450836  -0.755262   0.447144  -1.961824  -1.742096   0.001000
  0.162446   0.450836  -0.755262   0.447144  -1.961824  -1.742096   0.001000
  0.171148   0.452248  -0.753371   0.445658  -2.132314  -1.725727   0.001000
  0.171148   0.452248  -0.753371   0.445658  -2.132314  -1.725727   0.001000
  0.171148   0.452248  -0.753371   0.445658  -2.132314  -1.725727   0.001000
  0.171148   0.452248  -0.753371   0.445658  -2.132314  -1.725727   0.001000
  0.171148   0.452248  -0.753371   0.445658  -2.132314  -1.725727   0.001000
  0.171148   0.452248  -0.753371   0.445658  -2.132314  -1.725727   0.001000
  0.171148   0.452248  -0.753371   0.445658  -2.132314  -1.725727   0.001000
  0.171148   0.452248  -0.753371   0.445658  -2.132314  -1.725727   0.001000
  0.171148   0.452248  -0.753371   0.445658  -2.132314  -1.725727   0.001000
  0.171148   0.452248  -0.753371   0.445658  -2.132314  -1.725727   0.001000
  0.212716   0.465806  -0.754200   0.411046  -2.205561  -1.642098   0.001000
  0.155735   0.460516  -0.756998   0.436607  -2.013445  -1.679216   0.001000
  0.155735   0.460516  -0.756998   0.436607  -2.013445  -1.679216   0.001000
  0.164816   0.441586  -0.762613   0.443011  -2.237136  -1.630766   0.001000
  0.164816   0.441586  -0.762613   0.443011  -2.237136  -1.630766   0.001000
  0.160654   0.454022  -0.756353   0.442700  -2.091752  -1.660807   0.001000
  0.160654   0.454022  -0.756353   0.442700  -2.091752  -1.660807   0.001000
  0.160654   0.454022  -0.756353   0.442700  -2.091752  -1.660807   0.001000
  0.160654   0.454022  -0.756353   0.442700  -2.091752  -1.660807   0.001000
  0.160654   0.454022  -0.756353   0.442700  -2.091752  -1.660807   0.001000
  0.163467   0.462499  -0.749259   0.444954  -1.950647  -1.580124   0.001000
  0.154017   0.451024  -0.762073   0.438293  -1.884494  -1.649211   0.001000
  0.179564   0.427213  -0.763486   0.449816  -1.855427  -1.953559   0.001000
  0.163488   0.444210  -0.756438   0.451388  -1.904010  -1.890482   0.001000
  0.168768   0.447666  -0.759532   0.440709  -1.807560  -1.544489   0.001000
  0.168768   0.447666  -0.759532   0.440709  -1.807560  -1.544489   0.001000
  0.168768   0.447666  -0.759532   0.440709  -1.807560  -1.544489   0.001000
  0.168768   0.447666  -0.759532   0.440709  -1.807560  -1.544489   0.001000
  0.168768   0.447666  -0.759532   0.440709  -1.807560  -1.544489   0.001000
  0.168768   0.447666  -0.759532   0.440709  -1.807560  -1.544489   0.001000
  0.164171   0.448962  -0.757285   0.444971  -2.143753  -1.643703   0.001000
  0.164171   0.448962  -0.757285   0.444971  -2.143753  -1.643703   0.001000
  0.164171   0.448962  -0.757285   0.444971  -2.143753  -1.643703   0.001000
  0.164171   0.448962  -0.757285   0.444971  -2.143753  -1.643703   0.001000
  0.164171   0.448962  -0.757285   0.444971  -2.143753  -1.643703   0.001000
  0.164171   0.448962  -0.757285   0.444971  -2.143753  -1.643703   0.001000
  0.164171   0.448962  -0.757285   0.444971  -2.143753  -1.643703   0.001000
  0.164171   0.448962  -0.757285   0.444971  -2.143753  -1.643703   0.001000
  0.164171   0.448962  -0.757285   0.444971  -2.143753  -1.643703   0.001000
  0.164171   0.448962  -0.757285   0.444971  -2.143753  -1.643703   0.001000
  0.164171   0.448962  -0.757285   0.444971  -2.143753  -1.643703   0.001000
  0.164171   0.448962  -0.757285   0.444971  -2.143753  -1.643703   0.001000
  0.164171   0.448962  -0.757285   0.444971  -2.143753  -1.643703   0.001000
  0.164171   0.448962  -0.757285   0.444971  -2.143753  -1.643703   0.001000
  0.164171   0.448962  -0.757285   0.444971  -2.143753  -1.643703   0.001000
  0.164171   0.448962  -0.757285   0.444971  -2.143753  -1.643703   0.001000
  0.164171   0.448962  -0.757285   0.444971  -2.143753  -1.643703   0.001000
  0.164171   0.448962  -0.757285   0.444971  -2.143753  -1.643703   0.001000
  0.164171   0.448962  -0.757285   0.444971  -2.143753  -1.643703   0.001000
  0.164171   0.448962  -0.757285   0.444971  -2.143753  -1.643703   0.001000
  0.164171   0.448962  -0.757285   0.444971  -2.143753  -1.643703   0.001000
  0.164171   0.448962  -0.757285   0.444971  -2.143753  -1.643703   0.001000
  0.164171   0.448962  -0.757285   0.444971  -2.143753  -1.643703   0.001000
  0.164171   0.448962  -0.757285   0.444971  -2.143753  -1.643703   0.001000
  0.164171   0.448962  -0.757285   0.444971  -2.143753  -1.643703   0.001000
  0.164171   0.448962  -0.757285   0.444971  -2.143753  -1.643703   0.001000
  0.164171   0.448962  -0.757285   0.444971  -2.143753  -1.643703   0.001000
  0.164171   0.448962  -0.757285   0.444971  -2.143753  -1.643703   0.001000
  0.164171   0.448962  -0.757285   0.444971  -2.143753  -1.643703   0.001000
  0.164171   0.448962  -0.757285   0.444971  -2.143753  -1.643703   0.001000
  0.164485   0.457249  -0.753721   0.442462  -2.087751  -1.530697   0.001000
  0.164485   0.457249  -0.753721   0.442462  -2.087751  -1.530697   0.001000
  0.171280   0.439303  -0.755735   0.454468  -2.115994  -1.564233   0.001000
  0.160182   0.443516  -0.758394   0.449971  -2.113036  -1.441524   0.001000
  0.160182   0.443516  -0.758394   0.449971  -2.113036  -1.441524   0.001000
  0.152413   0.459795  -0.744386   0.459617  -1.730395  -1.559739   0.001000
  0.156350   0.454308  -0.749542   0.455351  -1.996552  -1.697401   0.001000
  0.156350   0.454308  -0.749542   0.455351  -1.996552  -1.697401   0.001000
  0.158227   0.451968  -0.757795   0.443211  -1.835095  -1.488428   0.001000
  0.158227   0.451968  -0.757795   0.443211  -1.835095  -1.488428   0.001000
  0.158227   0.451968  -0.757795   0.443211  -1.835095  -1.488428   0.001000
  0.158227   0.451968  -0.757795   0.443211  -1.835095  -1.488428   0.001000
  0.158227   0.451968  -0.757795   0.443211  -1.835095  -1.488428   0.001000
  0.158227   0.451968  -0.757795   0.443211  -1.835095  -1.488428   0.001000
  0.158227   0.451968  -0.757795   0.443211  -1.835095  -1.488428   0.001000
  0.158227   0.451968  -0.757795   0.443211  -1.835095  -1.488428   0.001000
  0.158227   0.451968  -0.757795   0.443211  -1.835095  -1.488428   0.001000
  0.158227   0.451968  -0.757795   0.443211  -1.835095  -1.488428   0.001000
  0.157700   0.448687  -0.750328   0.459149  -1.861465  -1.414973   0.001000
  0.164692   0.442497  -0.764834   0.438295  -1.898669  -1.647208   0.001000
  0.164692   0.442497  -0.764834   0.438295  -1.898669  -1.647208   0.001000
  0.162589   0.462228  -0.749574   0.445027  -2.268932  -1.845218   0.001000
  0.168055   0.447664  -0.751197   0.455035  -2.141587  -1.690107   0.001000
  0.168055   0.447664  -0.751197   0.455035  -2.141587  -1.690107   0.001000
  0.168055   0.447664  -0.751197   0.455035  -2.141587  -1.690107   0.001000
  0.168055   0.447664  -0.751197   0.455035  -2.141587  -1.690107   0.001000
  0.168055   0.447664  -0.751197   0.455035  -2.141587  -1.690107   0.001000
  0.159098   0.446470  -0.755175   0.452838  -2.255698  -1.699614   0.001000
  0.175199   0.463233  -0.747909   0.441987  -2.071100  -1.531680   0.001000
  0.165483   0.448881  -0.757942   0.443446  -1.995275  -1.562662   0.001000
  0.165483   0.448881  -0.757942   0.443446  -1.995275  -1.562662   0.001000
  0.165483   0.448881  -0.757942   0.443446  -1.995275  -1.562662   0.001000
  0.165483   0.448881  -0.757942   0.443446  -1.995275  -1.562662   0.001000
  0.165483   0.448881  -0.757942   0.443446  -1.995275  -1.562662   0.001000
  0.165483   0.448881  -0.757942   0.443446  -1.995275  -1.562662   0.001000
  0.165483   0.448881  -0.757942   0.443446  -1.995275  -1.562662   0.001000
  0.165483   0.448881  -0.757942   0.443446  -1.995275  -1.562662   0.001000
  0.165483   0.448881  -0.757942   0.443446  -1.995275  -1.562662   0.001000
  0.149971   0.440877  -0.764909   0.445028  -1.931351  -1.640370   0.001000
  0.149971   0.440877  -0.764909   0.445028  -1.931351  -1.640370   0.001000
  0.167232   0.457735  -0.753148   0.441905  -1.911005  -1.529565   0.001000
  0.163642   0.453413  -0.753731   0.446685  -1.882865  -1.494774   0.001000
  0.162508   0.444087  -0.762407   0.441715  -1.946286  -1.592302   0.001000
  0.162508   0.444087  -0.762407   0.441715  -1.946286  -1.592302   0.001000
  0.162508   0.444087  -0.762407   0.441715  -1.946286  -1.592302   0.001000
  0.162508   0.444087  -0.762407   0.441715  -1.946286  -1.592302   0.001000
  0.162508   0.444087  -0.762407   0.441715  -1.946286  -1.592302   0.001000
  0.162508   0.444087  -0.762407   0.441715  -1.946286  -1.592302   0.001000
  0.163756   0.462303  -0.751703   0.440912  -1.906028  -1.553184   0.001000
  0.153365   0.451940  -0.759022   0.442849  -2.070211  -1.400000   0.001000
  0.159746   0.455735  -0.754491   0.444443  -1.951837  -1.402025   0.001000
  0.159746   0.455735  -0.754491   0.444443  -1.951837  -1.402025   0.001000
  0.159746   0.455735  -0.754491   0.444443  -1.951837  -1.402025   0.001000
  0.157831   0.455320  -0.756085   0.442842  -1.937856  -1.279373   0.001000
  0.161181   0.458422  -0.740586   0.464114  -1.856451  -1.612975   0.001000
  0.171280   0.443390  -0.758021   0.446625  -2.011442  -1.583499   0.001000
  0.165501   0.452593  -0.756997   0.441275  -2.209345  -1.776986   0.001000
  0.165501   0.452593  -0.756997   0.441275  -2.209345  -1.776986   0.001000
  0.165501   0.452593  -0.756997   0.441275  -2.209345  -1.776986   0.001000
  0.155223   0.467961  -0.753416   0.435066  -2.042248  -1.835551   0.001000
  0.155223   0.467961  -0.753416   0.435066  -2.042248  -1.835551   0.001000
  0.174694   0.439229  -0.762803   0.441239  -2.106104  -1.717623   0.001000
  0.154506   0.445429  -0.760303   0.446834  -2.047700  -1.647326   0.001000
  0.157557   0.438166  -0.766485   0.442365  -2.047021  -1.915997   0.001000
  0.157562   0.455860  -0.757319   0.440266  -1.920794  -1.905372   0.001000
  0.157562   0.455860  -0.757319   0.440266  -1.920794  -1.905372   0.001000
  0.157562   0.455860  -0.757319   0.440266  -1.920794  -1.905372   0.001000
  0.157562   0.455860  -0.757319   0.440266  -1.920794  -1.905372   0.001000
  0.162330   0.457997  -0.754387   0.441348  -1.956300  -1.824272   0.001000
  0.162330   0.457997  -0.754387   0.441348  -1.956300  -1.824272   0.001000
  0.162330   0.457997  -0.754387   0.441348  -1.956300  -1.824272   0.001000
  0.162330   0.457997  -0.754387   0.441348  -1.956300  -1.824272   0.001000
  0.162330   0.457997  -0.754387   0.441348  -1.956300  -1.824272   0.001000
  0.157589   0.460013  -0.751707   0.445522  -1.873050  -1.768790   0.001000
  0.157589   0.460013  -0.751707   0.445522  -1.873050  -1.768790   0.001000
  0.157589   0.460013  -0.751707   0.445522  -1.873050  -1.768790   0.001000
  0.157589   0.460013  -0.751707   0.445522  -1.873050  -1.768790   0.001000
  0.157589   0.460013  -0.751707   0.445522  -1.873050  -1.768790   0.001000
  0.157589   0.460013  -0.751707   0.445522  -1.873050  -1.768790   0.001000
  0.157589   0.460013  -0.751707   0.445522  -1.873050  -1.768790   0.001000
  0.157589   0.460013  -0.751707   0.445522  -1.873050  -1.768790   0.001000
  0.157589   0.460013  -0.751707   0.445522  -1.873050  -1.768790   0.001000
  0.157589   0.460013  -0.751707   0.445522  -1.873050  -1.768790   0.001000
  0.157589   0.460013  -0.751707   0.445522  -1.873050  -1.768790   0.001000
  0.157589   0.460013  -0.751707   0.445522  -1.873050  -1.768790   0.001000
  0.157589   0.460013  -0.751707   0.445522  -1.873050  -1.768790   0.001000
  0.157589   0.460013  -0.751707   0.445522  -1.873050  -1.768790   0.001000
  0.157589   0.460013  -0.751707   0.445522  -1.873050  -1.768790   0.001000
  0.157589   0.460013  -0.751707   0.445522  -1.873050  -1.768790   0.001000
  0.157589   0.460013  -0.751707   0.445522  -1.873050  -1.768790   0.001000
  0.157589   0.460013  -0.751707   0.445522  -1.873050  -1.768790   0.001000
  0.157589   0.460013  -0.751707   0.445522  -1.873050  -1.768790   0.001000
  0.166792   0.445287  -0.759823   0.443361  -1.997722  -1.826741   0.001000
  0.166792   0.445287  -0.759823   0.443361  -1.997722  -1.826741   0.001000
  0.166792   0.445287  -0.759823   0.443361  -1.997722  -1.826741   0.001000
  0.138202   0.462885  -0.754585   0.444116  -1.978890  -1.846010   0.001000
  0.159804   0.447570  -0.759816   0.443648  -2.079323  -1.842876   0.001000
  0.159804   0.447570  -0.759816   0.443648  -2.079323  -1.842876   0.001000
  0.163058   0.451059  -0.753404   0.449823  -2.074227  -1.769237   0.001000
  0.163058   0.451059  -0.753404   0.449823  -2.074227  -1.769237   0.001000
  0.163058   0.451059  -0.753404   0.449823  -2.074227  -1.769237   0.001000
  0.163058   0.451059  -0.753404   0.449823  -2.074227  -1.769237   0.001000
  0.159603   0.453681  -0.752159   0.450508  -1.937517  -1.827836   0.001000
  0.160348   0.464437  -0.752229   0.439019  -2.011034  -1.895324   0.001000
  0.160348   0.464437  -0.752229   0.439019  -2.011034  -1.895324   0.001000
  0.160348   0.464437  -0.752229   0.439019  -2.011034  -1.895324   0.001000
  0.152613   0.449438  -0.763184   0.438480  -1.907488  -1.690442   0.001000
  0.152613   0.449438  -0.763184   0.438480  -1.907488  -1.690442   0.001000
  0.152613   0.449438  -0.763184   0.438480  -1.907488  -1.690442   0.001000
  0.152613   0.449438  -0.763184   0.438480  -1.907488  -1.690442   0.001000
  0.142409   0.456558  -0.762723   0.435349  -2.239734  -1.926053   0.001000
  0.162319   0.452216  -0.757547   0.441901  -2.155319  -1.903032   0.001000
  0.162319   0.452216  -0.757547   0.441901  -2.155319  -1.903032   0.001000
  0.162319   0.452216  -0.757547   0.441901  -2.155319  -1.903032   0.001000
  0.162319   0.452216  -0.757547   0.441901  -2.155319  -1.903032   0.001000
  0.162319   0.452216  -0.757547   0.441901  -2.155319  -1.903032   0.001000
  0.162319   0.452216  -0.757547   0.441901  -2.155319  -1.903032   0.001000
  0.162319   0.452216  -0.757547   0.441901  -2.155319  -1.903032   0.001000
  0.162319   0.452216  -0.757547   0.441901  -2.155319  -1.903032   0.001000
  0.162319   0.452216  -0.757547   0.441901  -2.155319  -1.903032   0.001000
  0.162319   0.452216  -0.757547   0.441901  -2.155319  -1.903032   0.001000
  0.162319   0.452216  -0.757547   0.441901  -2.155319  -1.903032   0.001000
  0.166403   0.450733  -0.754280   0.447449  -2.091783  -1.891540   0.001000
  0.166403   0.450733  -0.754280   0.447449  -2.091783  -1.891540   0.001000
  0.166403   0.450733  -0.754280   0.447449  -2.091783  -1.891540   0.001000
  0.166403   0.450733  -0.754280   0.447449  -2.091783  -1.891540   0.001000
  0.166403   0.450733  -0.754280   0.447449  -2.091783  -1.891540   0.001000
  0.166403   0.450733  -0.754280   0.447449  -2.091783  -1.891540   0.001000
  0.166403   0.450733  -0.754280   0.447449  -2.091783  -1.891540   0.001000
  0.166403   0.450733  -0.754280   0.447449  -2.091783  -1.891540   0.001000
  0.166403   0.450733  -0.754280   0.447449  -2.091783  -1.891540   0.001000
  0.166403   0.450733  -0.754280   0.447449  -2.091783  -1.891540   0.001000
  0.166403   0.450733  -0.754280   0.447449  -2.091783  -1.891540   0.001000
  0.166403   0.450733  -0.754280   0.447449  -2.091783  -1.891540   0.001000
  0.183357   0.461541  -0.749471   0.437782  -2.135845  -1.939118   0.001000
  0.168766   0.449877  -0.752613   0.450226  -2.008069  -1.841747   0.001000
  0.168766   0.449877  -0.752613   0.450226  -2.008069  -1.841747   0.001000
  0.157414   0.462589  -0.753819   0.439306  -2.177293  -1.832958   0.001000
  0.157414   0.462589  -0.753819   0.439306  -2.177293  -1.832958   0.001000
  0.157414   0.462589  -0.753819   0.439306  -2.177293  -1.832958   0.001000
  0.159713   0.451050  -0.758541   0.442337  -2.015937  -1.749273   0.001000
  0.159713   0.451050  -0.758541   0.442337  -2.015937  -1.749273   0.001000
  0.159713   0.451050  -0.758541   0.442337  -2.015937  -1.749273   0.001000
  0.159713   0.451050  -0.758541   0.442337  -2.015937  -1.749273   0.001000
  0.159713   0.451050  -0.758541   0.442337  -2.015937  -1.749273   0.001000
  0.159713   0.451050  -0.758541   0.442337  -2.015937  -1.749273   0.001000
  0.159713   0.451050  -0.758541   0.442337  -2.015937  -1.749273   0.001000
  0.159713   0.451050  -0.758541   0.442337  -2.015937  -1.749273   0.001000
  0.159713   0.451050  -0.758541   0.442337  -2.015937  -1.749273   0.001000
  0.159713   0.451050  -0.758541   0.442337  -2.015937  -1.749273   0.001000
  0.159713   0.451050  -0.758541   0.442337  -2.015937  -1.749273   0.001000
  0.159713   0.451050  -0.758541   0.442337  -2.015937  -1.749273   0.001000
  0.159713   0.451050  -0.758541   0.442337  -2.015937  -1.749273   0.001000
  0.152695   0.460524  -0.751966   0.446261  -2.215990  -1.913441   0.001000
  0.152695   0.460524  -0.751966   0.446261  -2.215990  -1.913441   0.001000
  0.152695   0.460524  -0.751966   0.446261  -2.215990  -1.913441   0.001000
  0.152695   0.460524  -0.751966   0.446261  -2.215990  -1.913441   0.001000
  0.152695   0.460524  -0.751966   0.446261  -2.215990  -1.913441   0.001000
  0.155604   0.455190  -0.751065   0.452207  -2.071338  -1.733401   0.001000
  0.155604   0.455190  -0.751065   0.452207  -2.071338  -1.733401   0.001000
  0.155604   0.455190  -0.751065   0.452207  -2.071338  -1.733401   0.001000
  0.155604   0.455190  -0.751065   0.452207  -2.071338  -1.733401   0.001000
  0.155604   0.455190  -0.751065   0.452207  -2.071338  -1.733401   0.001000
  0.182694   0.437589  -0.773519   0.420485  -2.023598  -1.898634   0.001000
  0.182694   0.437589  -0.773519   0.420485  -2.023598  -1.898634   0.001000
  0.175468   0.467746  -0.745555   0.441103  -2.177509  -1.663227   0.001000
  0.154989   0.454065  -0.753667   0.449211  -2.139295  -1.845519   0.001000
  0.154989   0.454065  -0.753667   0.449211  -2.139295  -1.845519   0.001000
  0.154989   0.454065  -0.753667   0.449211  -2.139295  -1.845519   0.001000
  0.178138   0.407154  -0.677033   0.586616  -2.076770  -1.941052   0.001000
  0.153897   0.460383  -0.756242   0.438704  -1.957801  -1.666569   0.001000
  0.153897   0.460383  -0.756242   0.438704  -1.957801  -1.666569   0.001000
  0.153897   0.460383  -0.756242   0.438704  -1.957801  -1.666569   0.001000
  0.153897   0.460383  -0.756242   0.438704  -1.957801  -1.666569   0.001000
  0.153897   0.460383  -0.756242   0.438704  -1.957801  -1.666569   0.001000
  0.153897   0.460383  -0.756242   0.438704  -1.957801  -1.666569   0.001000
  0.153897   0.460383  -0.756242   0.438704  -1.957801  -1.666569   0.001000
  0.153897   0.460383  -0.756242   0.438704  -1.957801  -1.666569   0.001000
  0.153897   0.460383  -0.756242   0.438704  -1.957801  -1.666569   0.001000
  0.153897   0.460383  -0.756242   0.438704  -1.957801  -1.666569   0.001000
  0.153897   0.460383  -0.756242   0.438704  -1.957801  -1.666569   0.001000
  0.153897   0.460383  -0.756242   0.438704  -1.957801  -1.666569   0.001000
  0.153897   0.460383  -0.756242   0.438704  -1.957801  -1.666569   0.001000
  0.153897   0.460383  -0.756242   0.438704  -1.957801  -1.666569   0.001000
  0.153897   0.460383  -0.756242   0.438704  -1.957801  -1.666569   0.001000
  0.153897   0.460383  -0.756242   0.438704  -1.957801  -1.666569   0.001000
  0.153897   0.460383  -0.756242   0.438704  -1.957801  -1.666569   0.001000
  0.159110   0.458121  -0.749969   0.449840  -2.091728  -1.736438   0.001000
  0.159110   0.458121  -0.749969   0.449840  -2.091728  -1.736438   0.001000
  0.159110   0.458121  -0.749969   0.449840  -2.091728  -1.736438   0.001000
  0.159110   0.458121  -0.749969   0.449840  -2.091728  -1.736438   0.001000
  0.159110   0.458121  -0.749969   0.449840  -2.091728  -1.736438   0.001000
  0.159110   0.458121  -0.749969   0.449840  -2.091728  -1.736438   0.001000
  0.159110   0.458121  -0.749969   0.449840  -2.091728  -1.736438   0.001000
  0.159110   0.458121  -0.749969   0.449840  -2.091728  -1.736438   0.001000
  0.159110   0.458121  -0.749969   0.449840  -2.091728  -1.736438   0.001000
  0.159110   0.458121  -0.749969   0.449840  -2.091728  -1.736438   0.001000
  0.159110   0.458121  -0.749969   0.449840  -2.091728  -1.736438   0.001000
  0.157180   0.458111  -0.747730   0.454235  -2.061916  -1.796294   0.001000
  0.157180   0.458111  -0.747730   0.454235  -2.061916  -1.796294   0.001000
  0.158132   0.466404  -0.751710   0.438627  -2.031197  -1.717362   0.001000
  0.158132   0.466404  -0.751710   0.438627  -2.031197  -1.717362   0.001000
  0.158132   0.466404  -0.751710   0.438627  -2.031197  -1.717362   0.001000
  0.158132   0.466404  -0.751710   0.438627  -2.031197  -1.717362   0.001000
  0.158132   0.466404  -0.751710   0.438627  -2.031197  -1.717362   0.001000
  0.158528   0.395833  -0.775254   0.466010  -2.087099  -1.781661   0.001000
  0.164578   0.449477  -0.762061   0.436058  -2.107686  -1.678969   0.001000
  0.164578   0.449477  -0.762061   0.436058  -2.107686  -1.678969   0.001000
  0.164578   0.449477  -0.762061   0.436058  -2.107686  -1.678969   0.001000
  0.164578   0.449477  -0.762061   0.436058  -2.107686  -1.678969   0.001000
  0.167076   0.451622  -0.762858   0.431475  -1.988618  -1.674718   0.001000
  0.175302   0.440101  -0.759426   0.445930  -2.115045  -1.475844   0.001000
  0.161046   0.456832  -0.754166   0.443398  -2.092195  -1.914122   0.001000
  0.163596   0.462475  -0.747035   0.448655  -2.189581  -2.011648   0.001000
  0.163596   0.462475  -0.747035   0.448655  -2.189581  -2.011648   0.001000
  0.168114   0.453880  -0.745336   0.458481  -2.047951  -1.662456   0.001000
  0.168114   0.453880  -0.745336   0.458481  -2.047951  -1.662456   0.001000
  0.168114   0.453880  -0.745336   0.458481  -2.047951  -1.662456   0.001000
  0.168114   0.453880  -0.745336   0.458481  -2.047951  -1.662456   0.001000
  0.168114   0.453880  -0.745336   0.458481  -2.047951  -1.662456   0.001000
  0.172225   0.451871  -0.746186   0.457557  -2.009689  -1.764870   0.001000
  0.172225   0.451871  -0.746186   0.457557  -2.009689  -1.764870   0.001000
  0.172225   0.451871  -0.746186   0.457557  -2.009689  -1.764870   0.001000
  0.143153   0.450118  -0.765186   0.437484  -1.983040  -1.601396   0.001000
  0.161299   0.451395  -0.756554   0.444805  -1.915193  -1.815133   0.001000
  0.161299   0.451395  -0.756554   0.444805  -1.915193  -1.815133   0.001000
  0.164015   0.444070  -0.742170   0.474431  -2.210533  -1.747111   0.001000
  0.166175   0.455818  -0.753077   0.444400  -2.070858  -1.525826   0.001000
  0.166175   0.455818  -0.753077   0.444400  -2.070858  -1.525826   0.001000
  0.160640   0.441718  -0.765540   0.439350  -2.063989  -1.835722   0.001000
  0.137080   0.461496  -0.765144   0.427534  -1.719261  -1.557167   0.001000
  0.147989   0.457827  -0.750414   0.453181  -2.137868  -1.764206   0.001000
  0.155567   0.458574  -0.754500   0.442988  -2.288622  -1.714982   0.001000
  0.155567   0.458574  -0.754500   0.442988  -2.288622  -1.714982   0.001000
  0.155567   0.458574  -0.754500   0.442988  -2.288622  -1.714982   0.001000
  0.162423   0.456963  -0.752253   0.446004  -2.239642  -1.878710   0.001000
  0.162423   0.456963  -0.752253   0.446004  -2.239642  -1.878710   0.001000
  0.162423   0.456963  -0.752253   0.446004  -2.239642  -1.878710   0.001000
  0.162423   0.456963  -0.752253   0.446004  -2.239642  -1.878710   0.001000
  0.162423   0.456963  -0.752253   0.446004  -2.239642  -1.878710   0.001000
  0.162423   0.456963  -0.752253   0.446004  -2.239642  -1.878710   0.001000
  0.168761   0.452694  -0.750873   0.450309  -2.455479  -1.575736   0.001000
  0.164529   0.451586  -0.756099   0.444201  -2.370109  -1.840993   0.001000
  0.164529   0.451586  -0.756099   0.444201  -2.370109  -1.840993   0.001000
  0.164529   0.451586  -0.756099   0.444201  -2.370109  -1.840993   0.001000
  0.164529   0.451586  -0.756099   0.444201  -2.370109  -1.840993   0.001000
  0.164529   0.451586  -0.756099   0.444201  -2.370109  -1.840993   0.001000
  0.159783   0.445258  -0.756672   0.451289  -2.052945  -1.488505   0.001000
