  0.162414   0.448262  -0.756256   0.448061  -1.751604  -1.156222   0.001000
  0.162229   0.443539  -0.755239   0.454499  -1.598112  -1.075438   0.001000
  0.163890   0.449966  -0.757340   0.443967  -1.693141  -1.237190   0.001000
  0.163890   0.449966  -0.757340   0.443967  -1.693141  -1.237190   0.001000
  0.147582   0.453295  -0.759553   0.442518  -1.817989  -0.932020   0.001000
  0.167112   0.447355  -0.758408   0.443581  -1.760550  -0.797157   0.001000
  0.165883   0.458046  -0.749389   0.448434  -1.721206  -0.992749   0.001000
  0.153810   0.463713  -0.751896   0.442679  -1.714904  -1.040167   0.001000
  0.151333   0.453121  -0.759245   0.441958  -1.688254  -0.980135   0.001000
  0.156846   0.460994  -0.752605   0.443249  -1.812927  -1.120419   0.001000
  0.145079   0.464565  -0.757085   0.435837  -1.787176  -1.220251   0.001000
  0.163068   0.454665  -0.754998   0.443472  -1.844509  -1.345191   0.001000
  0.163068   0.454665  -0.754998   0.443472  -1.844509  -1.345191   0.001000
  0.163068   0.454665  -0.754998   0.443472  -1.844509  -1.345191   0.001000
  0.163068   0.454665  -0.754998   0.443472  -1.844509  -1.345191   0.001000
  0.155435   0.447722  -0.761893   0.441479  -1.776843  -1.372374   0.001000
  0.155435   0.447722  -0.761893   0.441479  -1.776843  -1.372374   0.001000
  0.155435   0.447722  -0.761893   0.441479  -1.776843  -1.372374   0.001000
  0.155435   0.447722  -0.761893   0.441479  -1.776843  -1.372374   0.001000
  0.155435   0.447722  -0.761893   0.441479  -1.776843  -1.372374   0.001000
  0.146353   0.459180  -0.756609   0.441902  -1.745604  -1.359365   0.001000
  0.146353   0.459180  -0.756609   0.441902  -1.745604  -1.359365   0.001000
  0.142770   0.457817  -0.764679   0.430449  -1.808786  -1.446918   0.001000
  0.155821   0.466178  -0.746009   0.449298  -1.820516  -1.275095   0.001000
  0.160238   0.454214  -0.753796   0.446996  -1.754439  -1.325549   0.001000
  0.160238   0.454214  -0.753796   0.446996  -1.754439  -1.325549   0.001000
  0.160238   0.454214  -0.753796   0.446996  -1.754439  -1.325549   0.001000
  0.160238   0.454214  -0.753796   0.446996  -1.754439  -1.325549   0.001000
  0.160238   0.454214  -0.753796   0.446996  -1.754439  -1.325549   0.001000
  0.160238   0.454214  -0.753796   0.446996  -1.754439  -1.325549   0.001000
  0.151020   0.451830  -0.761655   0.439231  -1.855733  -1.185879   0.001000
  0.164604   0.453014  -0.754795   0.444937  -1.849793  -1.314295   0.001000
  0.164604   0.453014  -0.754795   0.444937  -1.849793  -1.314295   0.001000
  0.164650   0.461346  -0.755263   0.435462  -1.842074  -1.205294   0.001000
  0.162176   0.450129  -0.753100   0.451579  -1.791137  -1.229293   0.001000
  0.162176   0.450129  -0.753100   0.451579  -1.791137  -1.229293   0.001000
  0.162176   0.450129  -0.753100   0.451579  -1.791137  -1.229293   0.001000
  0.150304   0.457140  -0.754639   0.446040  -1.780872  -1.304634   0.001000
  0.150304   0.457140  -0.754639   0.446040  -1.780872  -1.304634   0.001000
  0.151535   0.444006  -0.752898   0.461563  -1.784215  -1.360066   0.001000
  0.151615   0.454845  -0.761114   0.436846  -1.782004  -1.219207   0.001000
  0.158803   0.459332  -0.757758   0.435429  -1.736868  -1.498354   0.001000
  0.158803   0.459332  -0.757758   0.435429  -1.736868  -1.498354   0.001000
  0.152732   0.444187  -0.760155   0.448926  -1.756834  -1.308043   0.001000
  0.153968   0.457173  -0.755022   0.444104  -1.671549  -0.980465   0.001000
  0.143933   0.467025  -0.756801   0.434077  -1.563032  -1.123128   0.001000
  0.161737   0.444930  -0.756204   0.451702  -1.710629  -0.935680   0.001000
  0.151609   0.458067  -0.753488   0.446594  -1.629659  -1.136970   0.001000
  0.151609   0.458067  -0.753488   0.446594  -1.629659  -1.136970   0.001000
  0.151609   0.458067  -0.753488   0.446594  -1.629659  -1.136970   0.001000
  0.151609   0.458067  -0.753488   0.446594  -1.629659  -1.136970   0.001000
  0.151609   0.458067  -0.753488   0.446594  -1.629659  -1.136970   0.001000
  0.151317   0.465819  -0.746885   0.449754  -1.617161  -1.303380   0.001000
  0.135521   0.483933  -0.731244   0.461222  -1.637502  -1.259623   0.001000
  0.154090   0.446724  -0.757361   0.450664  -1.619728  -1.214285   0.001000
  0.196105   0.382601  -0.780952   0.453072  -1.621491  -1.145891   0.001000
  0.153912   0.453833  -0.755323   0.447029  -1.901267  -1.248335   0.001000
  0.153912   0.453833  -0.755323   0.447029  -1.901267  -1.248335   0.001000
  0.153912   0.453833  -0.755323   0.447029  -1.901267  -1.248335   0.001000
  0.629885   0.587623  -0.252533   0.440650  -1.855955  -1.303791   0.001000
  0.161931   0.446619  -0.758790   0.445587  -1.844985  -1.360604   0.001000
  0.161931   0.446619  -0.758790   0.445587  -1.844985  -1.360604   0.001000
  0.161931   0.446619  -0.758790   0.445587  -1.844985  -1.360604   0.001000
  0.161931   0.446619  -0.758790   0.445587  -1.844985  -1.360604   0.001000
  0.161931   0.446619  -0.758790   0.445587  -1.844985  -1.360604   0.001000
  0.161931   0.446619  -0.758790   0.445587  -1.844985  -1.360604   0.001000
  0.161931   0.446619  -0.758790   0.445587  -1.844985  -1.360604   0.001000
  0.156871   0.454490  -0.759979   0.437335  -1.912244  -1.218316   0.001000
  0.156871   0.454490  -0.759979   0.437335  -1.912244  -1.218316   0.001000
  0.156871   0.454490  -0.759979   0.437335  -1.912244  -1.218316   0.001000
  0.170031   0.432469  -0.762454   0.450250  -1.849384  -1.293822   0.001000
  0.170031   0.432469  -0.762454   0.450250  -1.849384  -1.293822   0.001000
  0.164720   0.452543  -0.755254   0.444593  -1.885330  -1.189100   0.001000
  0.161984   0.458156  -0.752804   0.444005  -1.810390  -1.263964   0.001000
  0.161984   0.458156  -0.752804   0.444005  -1.810390  -1.263964   0.001000
  0.161984   0.458156  -0.752804   0.444005  -1.810390  -1.263964   0.001000
  0.161984   0.458156  -0.752804   0.444005  -1.810390  -1.263964   0.001000
  0.161984   0.458156  -0.752804   0.444005  -1.810390  -1.263964   0.001000
  0.154362   0.463887  -0.748450   0.448111  -1.737760  -0.855771   0.001000
  0.151880   0.459462  -0.754012   0.444177  -1.696183  -0.896943   0.001000
  0.158490   0.447183  -0.757511   0.448426  -1.547866  -1.129116   0.001000
  0.160076   0.459437  -0.762134   0.427135  -1.540564  -1.210643   0.001000
  0.157800   0.446102  -0.762823   0.440673  -1.551773  -0.976558   0.001000
  0.157800   0.446102  -0.762823   0.440673  -1.551773  -0.976558   0.001000
  0.157800   0.446102  -0.762823   0.440673  -1.551773  -0.976558   0.001000
  0.160123   0.471675  -0.716179   0.488847  -1.548790  -1.193252   0.001000
  0.153906   0.450257  -0.762328   0.438677  -1.657357  -1.212903   0.001000
  0.153906   0.450257  -0.762328   0.438677  -1.657357  -1.212903   0.001000
  0.152023   0.452764  -0.759653   0.441386  -1.608698  -1.294710   0.001000
  0.153535   0.456690  -0.754481   0.445668  -1.671428  -1.312939   0.001000
  0.153535   0.456690  -0.754481   0.445668  -1.671428  -1.312939   0.001000
  0.153535   0.456690  -0.754481   0.445668  -1.671428  -1.312939   0.001000
  0.153535   0.456690  -0.754481   0.445668  -1.671428  -1.312939   0.001000
  0.153535   0.456690  -0.754481   0.445668  -1.671428  -1.312939   0.001000
  0.153535   0.456690  -0.754481   0.445668  -1.671428  -1.312939   0.001000
  0.153535   0.456690  -0.754481   0.445668  -1.671428  -1.312939   0.001000
  0.153535   0.456690  -0.754481   0.445668  -1.671428  -1.312939   0.001000
  0.153535   0.456690  -0.754481   0.445668  -1.671428  -1.312939   0.001000
  0.153535   0.456690  -0.754481   0.445668  -1.671428  -1.312939   0.001000
  0.153535   0.456690  -0.754481   0.445668  -1.671428  -1.312939   0.001000
  0.153535   0.456690  -0.754481   0.445668  -1.671428  -1.312939   0.001000
  0.153535   0.456690  -0.754481   0.445668  -1.671428  -1.312939   0.001000
  0.153535   0.456690  -0.754481   0.445668  -1.671428  -1.312939   0.001000
  0.157101   0.429897  -0.770818   0.443110  -1.655350  -1.328604   0.001000
  0.162825   0.448687  -0.757772   0.444915  -1.693754  -1.363010   0.001000
  0.162825   0.448687  -0.757772   0.444915  -1.693754  -1.363010   0.001000
  0.158608   0.454619  -0.754076   0.446693  -1.679708  -1.281011   0.001000
  0.158608   0.454619  -0.754076   0.446693  -1.679708  -1.281011   0.001000
  0.158608   0.454619  -0.754076   0.446693  -1.679708  -1.281011   0.001000
  0.158608   0.454619  -0.754076   0.446693  -1.679708  -1.281011   0.001000
  0.156958   0.444818  -0.760616   0.446054  -1.664556  -1.110527   0.001000
  0.156958   0.444818  -0.760616   0.446054  -1.664556  -1.110527   0.001000
  0.171570   0.449790  -0.752632   0.449218  -1.674231  -1.313232   0.001000
  0.171570   0.449790  -0.752632   0.449218  -1.674231  -1.313232   0.001000
  0.150577   0.459376  -0.755917   0.441464  -1.687007  -1.005232   0.001000
  0.151752   0.454051  -0.765857   0.429270  -1.680241  -1.257902   0.001000
  0.162711   0.450583  -0.752862   0.451330  -1.698197  -1.513420   0.001000
  0.164280   0.452510  -0.751096   0.451777  -1.712825  -1.267296   0.001000
  0.149596   0.447400  -0.769468   0.430550  -1.657201  -1.297064   0.001000
  0.157952   0.451562  -0.757927   0.443497  -1.662583  -1.280681   0.001000
  0.157952   0.451562  -0.757927   0.443497  -1.662583  -1.280681   0.001000
  0.157952   0.451562  -0.757927   0.443497  -1.662583  -1.280681   0.001000
  0.157952   0.451562  -0.757927   0.443497  -1.662583  -1.280681   0.001000
  0.157952   0.451562  -0.757927   0.443497  -1.662583  -1.280681   0.001000
  0.157952   0.451562  -0.757927   0.443497  -1.662583  -1.280681   0.001000
  0.157952   0.451562  -0.757927   0.443497  -1.662583  -1.280681   0.001000
  0.157952   0.451562  -0.757927   0.443497  -1.662583  -1.280681   0.001000
  0.157952   0.451562  -0.757927   0.443497  -1.662583  -1.280681   0.001000
  0.157952   0.451562  -0.757927   0.443497  -1.662583  -1.280681   0.001000
  0.157952   0.451562  -0.757927   0.443497  -1.662583  -1.280681   0.001000
  0.157952   0.451562  -0.757927   0.443497  -1.662583  -1.280681   0.001000
  0.157952   0.451562  -0.757927   0.443497  -1.662583  -1.280681   0.001000
  0.157952   0.451562  -0.757927   0.443497  -1.662583  -1.280681   0.001000
  0.157952   0.451562  -0.757927   0.443497  -1.662583  -1.280681   0.001000
  0.157952   0.451562  -0.757927   0.443497  -1.662583  -1.280681   0.001000
  0.157952   0.451562  -0.757927   0.443497  -1.662583  -1.280681   0.001000
  0.157952   0.451562  -0.757927   0.443497  -1.662583  -1.280681   0.001000
  0.157952   0.451562  -0.757927   0.443497  -1.662583  -1.280681   0.001000
  0.157952   0.451562  -0.757927   0.443497  -1.662583  -1.280681   0.001000
  0.157952   0.451562  -0.757927   0.443497  -1.662583  -1.280681   0.001000
  0.157952   0.451562  -0.757927   0.443497  -1.662583  -1.280681   0.001000
  0.157952   0.451562  -0.757927   0.443497  -1.662583  -1.280681   0.001000
  0.167864   0.451420  -0.754837   0.445266  -1.618435  -1.301315   0.001000
  0.159262   0.447602  -0.758732   0.445661  -1.604330  -1.233560   0.001000
  0.159262   0.447602  -0.758732   0.445661  -1.604330  -1.233560   0.001000
  0.159262   0.447602  -0.758732   0.445661  -1.604330  -1.233560   0.001000
  0.159262   0.447602  -0.758732   0.445661  -1.604330  -1.233560   0.001000
  0.159262   0.447602  -0.758732   0.445661  -1.604330  -1.233560   0.001000
  0.159262   0.447602  -0.758732   0.445661  -1.604330  -1.233560   0.001000
  0.151260   0.448757  -0.755953   0.451965  -1.557427  -1.236169   0.001000
  0.164371   0.450568  -0.748457   0.458020  -1.666531  -1.358134   0.001000
  0.159930   0.448165  -0.757043   0.447723  -1.688792  -1.374142   0.001000
  0.159930   0.448165  -0.757043   0.447723  -1.688792  -1.374142   0.001000
  0.159930   0.448165  -0.757043   0.447723  -1.688792  -1.374142   0.001000
  0.159930   0.448165  -0.757043   0.447723  -1.688792  -1.374142   0.001000
  0.159930   0.448165  -0.757043   0.447723  -1.688792  -1.374142   0.001000
  0.159930   0.448165  -0.757043   0.447723  -1.688792  -1.374142   0.001000
  0.159930   0.448165  -0.757043   0.447723  -1.688792  -1.374142   0.001000
  0.159930   0.448165  -0.757043   0.447723  -1.688792  -1.374142   0.001000
  0.159930   0.448165  -0.757043   0.447723  -1.688792  -1.374142   0.001000
  0.159930   0.448165  -0.757043   0.447723  -1.688792  -1.374142   0.001000
  0.159930   0.448165  -0.757043   0.447723  -1.688792  -1.374142   0.001000
  0.159930   0.448165  -0.757043   0.447723  -1.688792  -1.374142   0.001000
  0.159930   0.448165  -0.757043   0.447723  -1.688792  -1.374142   0.001000
  0.159930   0.448165  -0.757043   0.447723  -1.688792  -1.374142   0.001000
  0.159930   0.448165  -0.757043   0.447723  -1.688792  -1.374142   0.001000
  0.159930   0.448165  -0.757043   0.447723  -1.688792  -1.374142   0.001000
  0.159930   0.448165  -0.757043   0.447723  -1.688792  -1.374142   0.001000
  0.159930   0.448165  -0.757043   0.447723  -1.688792  -1.374142   0.001000
  0.159930   0.448165  -0.757043   0.447723  -1.688792  -1.374142   0.001000
  0.130343   0.470364  -0.740447   0.462068  -1.580071  -1.242690   0.001000
  0.130343   0.470364  -0.740447   0.462068  -1.580071  -1.242690   0.001000
  0.162159   0.450752  -0.753017   0.451102  -1.668170  -1.419007   0.001000
  0.162159   0.450752  -0.753017   0.451102  -1.668170  -1.419007   0.001000
  0.159310   0.453288  -0.743080   0.465813  -1.656733  -1.384902   0.001000
  0.155228   0.448369  -0.756601   0.449915  -1.586178  -1.281653   0.001000
  0.155228   0.448369  -0.756601   0.449915  -1.586178  -1.281653   0.001000
  0.155228   0.448369  -0.756601   0.449915  -1.586178  -1.281653   0.001000
  0.155228   0.448369  -0.756601   0.449915  -1.586178  -1.281653   0.001000
  0.160749   0.459675  -0.754593   0.439827  -1.677291  -1.310680   0.001000
  0.160749   0.459675  -0.754593   0.439827  -1.677291  -1.310680   0.001000
  0.160749   0.459675  -0.754593   0.439827  -1.677291  -1.310680   0.001000
  0.160749   0.459675  -0.754593   0.439827  -1.677291  -1.310680   0.001000
  0.160749   0.459675  -0.754593   0.439827  -1.677291  -1.310680   0.001000
  0.159413   0.440303  -0.756606   0.456364  -1.666911  -1.297260   0.001000
  0.159413   0.440303  -0.756606   0.456364  -1.666911  -1.297260   0.001000
  0.164989   0.428232  -0.765160   0.451582  -1.604996  -1.357097   0.001000
  0.160537   0.462599  -0.760287   0.426842  -1.633439  -1.369925   0.001000
  0.160994   0.465933  -0.739913   0.457729  -1.692435  -1.299758   0.001000
  0.162555   0.457461  -0.750589   0.448243  -1.657525  -1.416570   0.001000
  0.170560   0.453719  -0.757427   0.437439  -1.558229  -1.309447   0.001000
  0.157230   0.437570  -0.764647   0.446235  -1.624028  -1.311489   0.001000
  0.154457   0.452752  -0.753867   0.450382  -1.722578  -1.163752   0.001000
  0.154457   0.452752  -0.753867   0.450382  -1.722578  -1.163752   0.001000
  0.154457   0.452752  -0.753867   0.450382  -1.722578  -1.163752   0.001000
  0.154457   0.452752  -0.753867   0.450382  -1.722578  -1.163752   0.001000
  0.154457   0.452752  -0.753867   0.450382  -1.722578  -1.163752   0.001000
  0.154457   0.452752  -0.753867   0.450382  -1.722578  -1.163752   0.001000
  0.154457   0.452752  -0.753867   0.450382  -1.722578  -1.163752   0.001000
  0.154457   0.452752  -0.753867   0.450382  -1.722578  -1.163752   0.001000
  0.157627   0.447350  -0.760357   0.443722  -1.690068  -1.374477   0.001000
  0.157627   0.447350  -0.760357   0.443722  -1.690068  -1.374477   0.001000
  0.157627   0.447350  -0.760357   0.443722  -1.690068  -1.374477   0.001000
  0.157627   0.447350  -0.760357   0.443722  -1.690068  -1.374477   0.001000
  0.157627   0.447350  -0.760357   0.443722  -1.690068  -1.374477   0.001000
  0.157627   0.447350  -0.760357   0.443722  -1.690068  -1.374477   0.001000
  0.157627   0.447350  -0.760357   0.443722  -1.690068  -1.374477   0.001000
  0.157627   0.447350  -0.760357   0.443722  -1.690068  -1.374477   0.001000
  0.157627   0.447350  -0.760357   0.443722  -1.690068  -1.374477   0.001000
  0.157627   0.447350  -0.760357   0.443722  -1.690068  -1.374477   0.001000
  0.157627   0.447350  -0.760357   0.443722  -1.690068  -1.374477   0.001000
  0.157627   0.447350  -0.760357   0.443722  -1.690068  -1.374477   0.001000
  0.153224   0.452717  -0.751637   0.454546  -1.576312  -1.168894   0.001000
  0.159962   0.449177  -0.754061   0.451711  -1.714895  -1.305848   0.001000
  0.159962   0.449177  -0.754061   0.451711  -1.714895  -1.305848   0.001000
  0.159962   0.449177  -0.754061   0.451711  -1.714895  -1.305848   0.001000
  0.159962   0.449177  -0.754061   0.451711  -1.714895  -1.305848   0.001000
  0.159962   0.449177  -0.754061   0.451711  -1.714895  -1.305848   0.001000
  0.159707   0.442925  -0.759633   0.448630  -1.716519  -1.318679   0.001000
  0.159707   0.442925  -0.759633   0.448630  -1.716519  -1.318679   0.001000
  0.159707   0.442925  -0.759633   0.448630  -1.716519  -1.318679   0.001000
  0.159707   0.442925  -0.759633   0.448630  -1.716519  -1.318679   0.001000
  0.159707   0.442925  -0.759633   0.448630  -1.716519  -1.318679   0.001000
  0.167963   0.440632  -0.744486   0.472623  -1.744579  -1.238046   0.001000
  0.137510   0.457629  -0.743427   0.467955  -1.625293  -1.262974   0.001000
  0.155368   0.452931  -0.752209   0.452655  -1.672670  -1.252229   0.001000
  0.155368   0.452931  -0.752209   0.452655  -1.672670  -1.252229   0.001000
  0.155368   0.452931  -0.752209   0.452655  -1.672670  -1.252229   0.001000
  0.155368   0.452931  -0.752209   0.452655  -1.672670  -1.252229   0.001000
  0.155368   0.452931  -0.752209   0.452655  -1.672670  -1.252229   0.001000
  0.155368   0.452931  -0.752209   0.452655  -1.672670  -1.252229   0.001000
  0.155368   0.452931  -0.752209   0.452655  -1.672670  -1.252229   0.001000
  0.155368   0.452931  -0.752209   0.452655  -1.672670  -1.252229   0.001000
  0.155368   0.452931  -0.752209   0.452655  -1.672670  -1.252229   0.001000
  0.155368   0.452931  -0.752209   0.452655  -1.672670  -1.252229   0.001000
  0.155368   0.452931  -0.752209   0.452655  -1.672670  -1.252229   0.001000
  0.161059   0.453995  -0.750156   0.453006  -1.689589  -1.091788   0.001000
  0.161059   0.453995  -0.750156   0.453006  -1.689589  -1.091788   0.001000
  0.155952   0.455142  -0.752218   0.450214  -1.708353  -1.237551   0.001000
  0.155952   0.455142  -0.752218   0.450214  -1.708353  -1.237551   0.001000
  0.155952   0.455142  -0.752218   0.450214  -1.708353  -1.237551   0.001000
  0.155952   0.455142  -0.752218   0.450214  -1.708353  -1.237551   0.001000
  0.155952   0.455142  -0.752218   0.450214  -1.708353  -1.237551   0.001000
  0.155952   0.455142  -0.752218   0.450214  -1.708353  -1.237551   0.001000
  0.155952   0.455142  -0.752218   0.450214  -1.708353  -1.237551   0.001000
  0.155952   0.455142  -0.752218   0.450214  -1.708353  -1.237551   0.001000
  0.155952   0.455142  -0.752218   0.450214  -1.708353  -1.237551   0.001000
  0.155952   0.455142  -0.752218   0.450214  -1.708353  -1.237551   0.001000
  0.163751   0.452040  -0.753751   0.448001  -1.650390  -1.376248   0.001000
  0.163751   0.452040  -0.753751   0.448001  -1.650390  -1.376248   0.001000
  0.163751   0.452040  -0.753751   0.448001  -1.650390  -1.376248   0.001000
  0.154117   0.461139  -0.746841   0.453682  -1.653263  -1.097240   0.001000
  0.154117   0.461139  -0.746841   0.453682  -1.653263  -1.097240   0.001000
  0.159715   0.456269  -0.754550   0.443806  -1.600681  -1.303593   0.001000
  0.159715   0.456269  -0.754550   0.443806  -1.600681  -1.303593   0.001000
  0.159715   0.456269  -0.754550   0.443806  -1.600681  -1.303593   0.001000
  0.159715   0.456269  -0.754550   0.443806  -1.600681  -1.303593   0.001000
  0.159715   0.456269  -0.754550   0.443806  -1.600681  -1.303593   0.001000
  0.159715   0.456269  -0.754550   0.443806  -1.600681  -1.303593   0.001000
  0.159715   0.456269  -0.754550   0.443806  -1.600681  -1.303593   0.001000
  0.170853   0.452610  -0.749906   0.451215  -1.677393  -1.147571   0.001000
  0.163610   0.438867  -0.755555   0.457999  -1.691063  -1.342127   0.001000
  0.154855   0.457164  -0.749249   0.453483  -1.729200  -1.032976   0.001000
  0.153118   0.452545  -0.753090   0.452343  -1.657985  -1.267725   0.001000
  0.148195   0.452299  -0.758439   0.445234  -1.698072  -0.964331   0.001000
  0.157235   0.464660  -0.751476   0.441194  -1.641237  -1.087183   0.001000
  0.157577   0.453191  -0.752151   0.451727  -1.699140  -1.076540   0.001000
  0.146796   0.465979  -0.753989   0.439106  -1.760029  -1.007339   0.001000
  0.159219   0.444588  -0.759782   0.446904  -1.870455  -1.076689   0.001000
  0.152472   0.461995  -0.746519   0.453898  -1.788971  -0.870733   0.001000
  0.152717   0.451773  -0.759451   0.442508  -1.563127  -1.173618   0.001000
  0.152717   0.451773  -0.759451   0.442508  -1.563127  -1.173618   0.001000
  0.152717   0.451773  -0.759451   0.442508  -1.563127  -1.173618   0.001000
  0.152717   0.451773  -0.759451   0.442508  -1.563127  -1.173618   0.001000
  0.152717   0.451773  -0.759451   0.442508  -1.563127  -1.173618   0.001000
  0.156604   0.435017  -0.762165   0.453145  -1.615940  -1.068131   0.001000
  0.152073   0.456068  -0.758740   0.439533  -1.697608  -0.926761   0.001000
  0.168656   0.450993  -0.747112   0.458239  -1.611683  -1.405298   0.001000
  0.153300   0.440892  -0.757532   0.456353  -1.602137  -1.287400   0.001000
  0.155222   0.454413  -0.755563   0.445577  -1.584863  -1.313771   0.001000
  0.155222   0.454413  -0.755563   0.445577  -1.584863  -1.313771   0.001000
  0.155222   0.454413  -0.755563   0.445577  -1.584863  -1.313771   0.001000
  0.155222   0.454413  -0.755563   0.445577  -1.584863  -1.313771   0.001000
  0.155222   0.454413  -0.755563   0.445577  -1.584863  -1.313771   0.001000
  0.155222   0.454413  -0.755563   0.445577  -1.584863  -1.313771   0.001000
  0.155222   0.454413  -0.755563   0.445577  -1.584863  -1.313771   0.001000
  0.155222   0.454413  -0.755563   0.445577  -1.584863  -1.313771   0.001000
  0.159250   0.488173  -0.735785   0.441529  -1.702989  -1.458908   0.001000
  0.146267   0.452866  -0.754562   0.451835  -1.592045  -1.350557   0.001000
  0.146267   0.452866  -0.754562   0.451835  -1.592045  -1.350557   0.001000
  0.146267   0.452866  -0.754562   0.451835  -1.592045  -1.350557   0.001000
  0.146267   0.452866  -0.754562   0.451835  -1.592045  -1.350557   0.001000
  0.163110   0.449302  -0.746101   0.463525  -1.633016  -1.455043   0.001000
  0.151743   0.451259  -0.756210   0.448871  -1.603829  -1.344494   0.001000
  0.151743   0.451259  -0.756210   0.448871  -1.603829  -1.344494   0.001000
  0.160965   0.452696  -0.755141   0.446003  -1.653372  -1.322796   0.001000
  0.160965   0.452696  -0.755141   0.446003  -1.653372  -1.322796   0.001000
  0.160965   0.452696  -0.755141   0.446003  -1.653372  -1.322796   0.001000
  0.160965   0.452696  -0.755141   0.446003  -1.653372  -1.322796   0.001000
  0.160965   0.452696  -0.755141   0.446003  -1.653372  -1.322796   0.001000
  0.160965   0.452696  -0.755141   0.446003  -1.653372  -1.322796   0.001000
  0.160965   0.452696  -0.755141   0.446003  -1.653372  -1.322796   0.001000
  0.160965   0.452696  -0.755141   0.446003  -1.653372  -1.322796   0.001000
  0.160965   0.452696  -0.755141   0.446003  -1.653372  -1.322796   0.001000
  0.160965   0.452696  -0.755141   0.446003  -1.653372  -1.322796   0.001000
  0.160965   0.452696  -0.755141   0.446003  -1.653372  -1.322796   0.001000
  0.149393   0.464364  -0.739293   0.464214  -1.572327  -1.329575   0.001000
  0.159950   0.473191  -0.744483   0.443002  -1.558466  -1.294635   0.001000
  0.192509   0.447030  -0.737883   0.467582  -1.583771  -1.357914   0.001000
  0.154422   0.426899  -0.779144   0.432256  -1.564780  -1.292991   0.001000
  0.152636   0.463988  -0.747055   0.450917  -1.583195  -1.436840   0.001000
  0.152636   0.463988  -0.747055   0.450917  -1.583195  -1.436840   0.001000
  0.152636   0.463988  -0.747055   0.450917  -1.583195  -1.436840   0.001000
  0.152636   0.463988  -0.747055   0.450917  -1.583195  -1.436840   0.001000
  0.152636   0.463988  -0.747055   0.450917  -1.583195  -1.436840   0.001000
  0.152636   0.463988  -0.747055   0.450917  -1.583195  -1.436840   0.001000
  0.152636   0.463988  -0.747055   0.450917  -1.583195  -1.436840   0.001000
  0.152636   0.463988  -0.747055   0.450917  -1.583195  -1.436840   0.001000
  0.152636   0.463988  -0.747055   0.450917  -1.583195  -1.436840   0.001000
  0.152636   0.463988  -0.747055   0.450917  -1.583195  -1.436840   0.001000
  0.152636   0.463988  -0.747055   0.450917  -1.583195  -1.436840   0.001000
  0.152636   0.463988  -0.747055   0.450917  -1.583195  -1.436840   0.001000
  0.146354   0.450398  -0.753072   0.456733  -1.684526  -1.351644   0.001000
  0.146354   0.450398  -0.753072   0.456733  -1.684526  -1.351644   0.001000
  0.146354   0.450398  -0.753072   0.456733  -1.684526  -1.351644   0.001000
  0.138649   0.453669  -0.762212   0.440448  -1.573962  -1.483142   0.001000
  0.174560   0.454114  -0.752727   0.443521  -1.661670  -1.441198   0.001000
  0.149412   0.451481  -0.756703   0.448600  -1.684529  -1.376888   0.001000
  0.149412   0.451481  -0.756703   0.448600  -1.684529  -1.376888   0.001000
  0.158227   0.450169  -0.750199   0.457727  -1.558374  -1.404544   0.001000
  0.170219   0.467227  -0.749138   0.437627  -1.664026  -1.509623   0.001000
  0.149309   0.444330  -0.760140   0.449961  -1.678786  -1.457578   0.001000
  0.149309   0.444330  -0.760140   0.449961  -1.678786  -1.457578   0.001000
  0.149309   0.444330  -0.760140   0.449961  -1.678786  -1.457578   0.001000
  0.149309   0.444330  -0.760140   0.449961  -1.678786  -1.457578   0.001000
  0.149309   0.444330  -0.760140   0.449961  -1.678786  -1.457578   0.001000
  0.149309   0.444330  -0.760140   0.449961  -1.678786  -1.457578   0.001000
  0.149309   0.444330  -0.760140   0.449961  -1.678786  -1.457578   0.001000
  0.149309   0.444330  -0.760140   0.449961  -1.678786  -1.457578   0.001000
  0.149309   0.444330  -0.760140   0.449961  -1.678786  -1.457578   0.001000
  0.170946   0.444603  -0.765385   0.432771  -1.600179  -1.324458   0.001000
  0.170946   0.444603  -0.765385   0.432771  -1.600179  -1.324458   0.001000
  0.170946   0.444603  -0.765385   0.432771  -1.600179  -1.324458   0.001000
  0.170946   0.444603  -0.765385   0.432771  -1.600179  -1.324458   0.001000
  0.153842   0.442613  -0.760929   0.448791  -1.566987  -1.408784   0.001000
  0.153842   0.442613  -0.760929   0.448791  -1.566987  -1.408784   0.001000
  0.162864   0.442796  -0.758691   0.449217  -1.650742  -1.452075   0.001000
  0.162864   0.442796  -0.758691   0.449217  -1.650742  -1.452075   0.001000
  0.162864   0.442796  -0.758691   0.449217  -1.650742  -1.452075   0.001000
  0.162864   0.442796  -0.758691   0.449217  -1.650742  -1.452075   0.001000
  0.162864   0.442796  -0.758691   0.449217  -1.650742  -1.452075   0.001000
  0.162864   0.442796  -0.758691   0.449217  -1.650742  -1.452075   0.001000
  0.157408   0.450304  -0.755267   0.449468  -1.610497  -1.444100   0.001000
  0.157408   0.450304  -0.755267   0.449468  -1.610497  -1.444100   0.001000
  0.157408   0.450304  -0.755267   0.449468  -1.610497  -1.444100   0.001000
  0.157408   0.450304  -0.755267   0.449468  -1.610497  -1.444100   0.001000
  0.157408   0.450304  -0.755267   0.449468  -1.610497  -1.444100   0.001000
  0.157408   0.450304  -0.755267   0.449468  -1.610497  -1.444100   0.001000
  0.157408   0.450304  -0.755267   0.449468  -1.610497  -1.444100   0.001000
  0.157408   0.450304  -0.755267   0.449468  -1.610497  -1.444100   0.001000
  0.157408   0.450304  -0.755267   0.449468  -1.610497  -1.444100   0.001000
  0.157408   0.450304  -0.755267   0.449468  -1.610497  -1.444100   0.001000
  0.157408   0.450304  -0.755267   0.449468  -1.610497  -1.444100   0.001000
  0.157408   0.450304  -0.755267   0.449468  -1.610497  -1.444100   0.001000
  0.157408   0.450304  -0.755267   0.449468  -1.610497  -1.444100   0.001000
  0.157408   0.450304  -0.755267   0.449468  -1.610497  -1.444100   0.001000
  0.157408   0.450304  -0.755267   0.449468  -1.610497  -1.444100   0.001000
  0.157408   0.450304  -0.755267   0.449468  -1.610497  -1.444100   0.001000
  0.157408   0.450304  -0.755267   0.449468  -1.610497  -1.444100   0.001000
  0.157408   0.450304  -0.755267   0.449468  -1.610497  -1.444100   0.001000
  0.157408   0.450304  -0.755267   0.449468  -1.610497  -1.444100   0.001000
  0.157408   0.450304  -0.755267   0.449468  -1.610497  -1.444100   0.001000
  0.157408   0.450304  -0.755267   0.449468  -1.610497  -1.444100   0.001000
  0.157408   0.450304  -0.755267   0.449468  -1.610497  -1.444100   0.001000
  0.157408   0.450304  -0.755267   0.449468  -1.610497  -1.444100   0.001000
  0.157408   0.450304  -0.755267   0.449468  -1.610497  -1.444100   0.001000
  0.157408   0.450304  -0.755267   0.449468  -1.610497  -1.444100   0.001000
  0.157408   0.450304  -0.755267   0.449468  -1.610497  -1.444100   0.001000
  0.157408   0.450304  -0.755267   0.449468  -1.610497  -1.444100   0.001000
  0.157408   0.450304  -0.755267   0.449468  -1.610497  -1.444100   0.001000
  0.157408   0.450304  -0.755267   0.449468  -1.610497  -1.444100   0.001000
  0.157408   0.450304  -0.755267   0.449468  -1.610497  -1.444100   0.001000
  0.157408   0.450304  -0.755267   0.449468  -1.610497  -1.444100   0.001000
  0.157408   0.450304  -0.755267   0.449468  -1.610497  -1.444100   0.001000
  0.157408   0.450304  -0.755267   0.449468  -1.610497  -1.444100   0.001000
  0.157408   0.450304  -0.755267   0.449468  -1.610497  -1.444100   0.001000
  0.157408   0.450304  -0.755267   0.449468  -1.610497  -1.444100   0.001000
  0.157408   0.450304  -0.755267   0.449468  -1.610497  -1.444100   0.001000
  0.157408   0.450304  -0.755267   0.449468  -1.610497  -1.444100   0.001000
  0.157408   0.450304  -0.755267   0.449468  -1.610497  -1.444100   0.001000
  0.157408   0.450304  -0.755267   0.449468  -1.610497  -1.444100   0.001000
  0.157408   0.450304  -0.755267   0.449468  -1.610497  -1.444100   0.001000
  0.157408   0.450304  -0.755267   0.449468  -1.610497  -1.444100   0.001000
  0.157408   0.450304  -0.755267   0.449468  -1.610497  -1.444100   0.001000
  0.157408   0.450304  -0.755267   0.449468  -1.610497  -1.444100   0.001000
  0.157408   0.450304  -0.755267   0.449468  -1.610497  -1.444100   0.001000
  0.157408   0.450304  -0.755267   0.449468  -1.610497  -1.444100   0.001000
  0.157408   0.450304  -0.755267   0.449468  -1.610497  -1.444100   0.001000
  0.157408   0.450304  -0.755267   0.449468  -1.610497  -1.444100   0.001000
  0.157408   0.450304  -0.755267   0.449468  -1.610497  -1.444100   0.001000
  0.157408   0.450304  -0.755267   0.449468  -1.610497  -1.444100   0.001000
  0.157408   0.450304  -0.755267   0.449468  -1.610497  -1.444100   0.001000
  0.161548   0.448951  -0.757205   0.446078  -1.604251  -1.354767   0.001000
  0.161548   0.448951  -0.757205   0.446078  -1.604251  -1.354767   0.001000
  0.161548   0.448951  -0.757205   0.446078  -1.604251  -1.354767   0.001000
  0.161548   0.448951  -0.757205   0.446078  -1.604251  -1.354767   0.001000
  0.161548   0.448951  -0.757205   0.446078  -1.604251  -1.354767   0.001000
  0.161548   0.448951  -0.757205   0.446078  -1.604251  -1.354767   0.001000
  0.161548   0.448951  -0.757205   0.446078  -1.604251  -1.354767   0.001000
  0.161548   0.448951  -0.757205   0.446078  -1.604251  -1.354767   0.001000
  0.161548   0.448951  -0.757205   0.446078  -1.604251  -1.354767   0.001000
  0.161548   0.448951  -0.757205   0.446078  -1.604251  -1.354767   0.001000
  0.161548   0.448951  -0.757205   0.446078  -1.604251  -1.354767   0.001000
  0.161548   0.448951  -0.757205   0.446078  -1.604251  -1.354767   0.001000
  0.161548   0.448951  -0.757205   0.446078  -1.604251  -1.354767   0.001000
  0.161548   0.448951  -0.757205   0.446078  -1.604251  -1.354767   0.001000
  0.161548   0.448951  -0.757205   0.446078  -1.604251  -1.354767   0.001000
  0.161548   0.448951  -0.757205   0.446078  -1.604251  -1.354767   0.001000
  0.161548   0.448951  -0.757205   0.446078  -1.604251  -1.354767   0.001000
  0.161548   0.448951  -0.757205   0.446078  -1.604251  -1.354767   0.001000
  0.161548   0.448951  -0.757205   0.446078  -1.604251  -1.354767   0.001000
  0.161548   0.448951  -0.757205   0.446078  -1.604251  -1.354767   0.001000
  0.161548   0.448951  -0.757205   0.446078  -1.604251  -1.354767   0.001000
  0.161548   0.448951  -0.757205   0.446078  -1.604251  -1.354767   0.001000
  0.157347   0.454656  -0.755408   0.444846  -1.666796  -1.421060   0.001000
  0.157347   0.454656  -0.755408   0.444846  -1.666796  -1.421060   0.001000
  0.157347   0.454656  -0.755408   0.444846  -1.666796  -1.421060   0.001000
  0.157347   0.454656  -0.755408   0.444846  -1.666796  -1.421060   0.001000
  0.157347   0.454656  -0.755408   0.444846  -1.666796  -1.421060   0.001000
  0.157347   0.454656  -0.755408   0.444846  -1.666796  -1.421060   0.001000
  0.157347   0.454656  -0.755408   0.444846  -1.666796  -1.421060   0.001000
  0.157347   0.454656  -0.755408   0.444846  -1.666796  -1.421060   0.001000
  0.157347   0.454656  -0.755408   0.444846  -1.666796  -1.421060   0.001000
  0.157347   0.454656  -0.755408   0.444846  -1.666796  -1.421060   0.001000
  0.157347   0.454656  -0.755408   0.444846  -1.666796  -1.421060   0.001000
  0.157347   0.454656  -0.755408   0.444846  -1.666796  -1.421060   0.001000
  0.157347   0.454656  -0.755408   0.444846  -1.666796  -1.421060   0.001000
  0.157347   0.454656  -0.755408   0.444846  -1.666796  -1.421060   0.001000
  0.157347   0.454656  -0.755408   0.444846  -1.666796  -1.421060   0.001000
  0.157347   0.454656  -0.755408   0.444846  -1.666796  -1.421060   0.001000
  0.157347   0.454656  -0.755408   0.444846  -1.666796  -1.421060   0.001000
  0.157347   0.454656  -0.755408   0.444846  -1.666796  -1.421060   0.001000
  0.157347   0.454656  -0.755408   0.444846  -1.666796  -1.421060   0.001000
  0.157347   0.454656  -0.755408   0.444846  -1.666796  -1.421060   0.001000
  0.157347   0.454656  -0.755408   0.444846  -1.666796  -1.421060   0.001000
  0.157347   0.454656  -0.755408   0.444846  -1.666796  -1.421060   0.001000
  0.157347   0.454656  -0.755408   0.444846  -1.666796  -1.421060   0.001000
  0.157347   0.454656  -0.755408   0.444846  -1.666796  -1.421060   0.001000
  0.157347   0.454656  -0.755408   0.444846  -1.666796  -1.421060   0.001000
  0.157347   0.454656  -0.755408   0.444846  -1.666796  -1.421060   0.001000
  0.157347   0.454656  -0.755408   0.444846  -1.666796  -1.421060   0.001000
  0.157347   0.454656  -0.755408   0.444846  -1.666796  -1.421060   0.001000
  0.157347   0.454656  -0.755408   0.444846  -1.666796  -1.421060   0.001000
  0.157347   0.454656  -0.755408   0.444846  -1.666796  -1.421060   0.001000
  0.157347   0.454656  -0.755408   0.444846  -1.666796  -1.421060   0.001000
  0.157347   0.454656  -0.755408   0.444846  -1.666796  -1.421060   0.001000
  0.157347   0.454656  -0.755408   0.444846  -1.666796  -1.421060   0.001000
  0.157347   0.454656  -0.755408   0.444846  -1.666796  -1.421060   0.001000
  0.157347   0.454656  -0.755408   0.444846  -1.666796  -1.421060   0.001000
  0.157347   0.454656  -0.755408   0.444846  -1.666796  -1.421060   0.001000
  0.157347   0.454656  -0.755408   0.444846  -1.666796  -1.421060   0.001000
  0.157347   0.454656  -0.755408   0.444846  -1.666796  -1.421060   0.001000
  0.157347   0.454656  -0.755408   0.444846  -1.666796  -1.421060   0.001000
  0.157347   0.454656  -0.755408   0.444846  -1.666796  -1.421060   0.001000
  0.157347   0.454656  -0.755408   0.444846  -1.666796  -1.421060   0.001000
  0.157347   0.454656  -0.755408   0.444846  -1.666796  -1.421060   0.001000
  0.157347   0.454656  -0.755408   0.444846  -1.666796  -1.421060   0.001000
  0.157347   0.454656  -0.755408   0.444846  -1.666796  -1.421060   0.001000
  0.157347   0.454656  -0.755408   0.444846  -1.666796  -1.421060   0.001000
  0.157347   0.454656  -0.755408   0.444846  -1.666796  -1.421060   0.001000
  0.157347   0.454656  -0.755408   0.444846  -1.666796  -1.421060   0.001000
  0.157347   0.454656  -0.755408   0.444846  -1.666796  -1.421060   0.001000
  0.157347   0.454656  -0.755408   0.444846  -1.666796  -1.421060   0.001000
  0.157347   0.454656  -0.755408   0.444846  -1.666796  -1.421060   0.001000
  0.157347   0.454656  -0.755408   0.444846  -1.666796  -1.421060   0.001000
  0.157347   0.454656  -0.755408   0.444846  -1.666796  -1.421060   0.001000
  0.157347   0.454656  -0.755408   0.444846  -1.666796  -1.421060   0.001000
  0.157347   0.454656  -0.755408   0.444846  -1.666796  -1.421060   0.001000
  0.164446   0.454662  -0.755309   0.442435  -1.562221  -1.408168   0.001000
  0.164446   0.454662  -0.755309   0.442435  -1.562221  -1.408168   0.001000
  0.165391   0.454976  -0.749461   0.451610  -1.588935  -1.431818   0.001000
  0.164678   0.447075  -0.755205   0.450189  -1.577932  -1.464110   0.001000
  0.197098   0.423786  -0.746475   0.473637  -1.673145  -1.379189   0.001000
  0.169253   0.449619  -0.743382   0.465381  -1.572347  -1.421799   0.001000
  0.155855   0.458414  -0.759602   0.434247  -1.636590  -1.500702   0.001000
  0.155855   0.458414  -0.759602   0.434247  -1.636590  -1.500702   0.001000
  0.155855   0.458414  -0.759602   0.434247  -1.636590  -1.500702   0.001000
  0.155855   0.458414  -0.759602   0.434247  -1.636590  -1.500702   0.001000
  0.157297   0.459176  -0.746598   0.454979  -1.658871  -1.386578   0.001000
  0.157297   0.459176  -0.746598   0.454979  -1.658871  -1.386578   0.001000
  0.157297   0.459176  -0.746598   0.454979  -1.658871  -1.386578   0.001000
  0.157297   0.459176  -0.746598   0.454979  -1.658871  -1.386578   0.001000
  0.165601   0.446368  -0.762384   0.438295  -1.600571  -1.326223   0.001000
  0.165601   0.446368  -0.762384   0.438295  -1.600571  -1.326223   0.001000
  0.165601   0.446368  -0.762384   0.438295  -1.600571  -1.326223   0.001000
  0.165601   0.446368  -0.762384   0.438295  -1.600571  -1.326223   0.001000
  0.165601   0.446368  -0.762384   0.438295  -1.600571  -1.326223   0.001000
  0.165601   0.446368  -0.762384   0.438295  -1.600571  -1.326223   0.001000
  0.165601   0.446368  -0.762384   0.438295  -1.600571  -1.326223   0.001000
  0.165601   0.446368  -0.762384   0.438295  -1.600571  -1.326223   0.001000
  0.165601   0.446368  -0.762384   0.438295  -1.600571  -1.326223   0.001000
  0.165601   0.446368  -0.762384   0.438295  -1.600571  -1.326223   0.001000
  0.165601   0.446368  -0.762384   0.438295  -1.600571  -1.326223   0.001000
  0.165601   0.446368  -0.762384   0.438295  -1.600571  -1.326223   0.001000
  0.165601   0.446368  -0.762384   0.438295  -1.600571  -1.326223   0.001000
  0.165601   0.446368  -0.762384   0.438295  -1.600571  -1.326223   0.001000
  0.171188   0.452395  -0.751849   0.448058  -1.648283  -1.348601   0.001000
  0.171188   0.452395  -0.751849   0.448058  -1.648283  -1.348601   0.001000
  0.171188   0.452395  -0.751849   0.448058  -1.648283  -1.348601   0.001000
  0.171188   0.452395  -0.751849   0.448058  -1.648283  -1.348601   0.001000
  0.175124   0.476171  -0.743625   0.435449  -1.637653  -1.497493   0.001000
  0.140004   0.462433  -0.785631   0.386442  -1.616716  -1.432972   0.001000
  0.149443   0.448362  -0.755433   0.453828  -1.605484  -1.406303   0.001000
  0.155661   0.456030  -0.755154   0.444464  -1.612241  -1.466907   0.001000
  0.155661   0.456030  -0.755154   0.444464  -1.612241  -1.466907   0.001000
  0.155661   0.456030  -0.755154   0.444464  -1.612241  -1.466907   0.001000
  0.155661   0.456030  -0.755154   0.444464  -1.612241  -1.466907   0.001000
  0.155661   0.456030  -0.755154   0.444464  -1.612241  -1.466907   0.001000
  0.155661   0.456030  -0.755154   0.444464  -1.612241  -1.466907   0.001000
  0.155661   0.456030  -0.755154   0.444464  -1.612241  -1.466907   0.001000
  0.155661   0.456030  -0.755154   0.444464  -1.612241  -1.466907   0.001000
  0.155661   0.456030  -0.755154   0.444464  -1.612241  -1.466907   0.001000
  0.155661   0.456030  -0.755154   0.444464  -1.612241  -1.466907   0.001000
  0.155661   0.456030  -0.755154   0.444464  -1.612241  -1.466907   0.001000
  0.155661   0.456030  -0.755154   0.444464  -1.612241  -1.466907   0.001000
  0.155661   0.456030  -0.755154   0.444464  -1.612241  -1.466907   0.001000
  0.155661   0.456030  -0.755154   0.444464  -1.612241  -1.466907   0.001000
  0.155661   0.456030  -0.755154   0.444464  -1.612241  -1.466907   0.001000
  0.155661   0.456030  -0.755154   0.444464  -1.612241  -1.466907   0.001000
  0.155661   0.456030  -0.755154   0.444464  -1.612241  -1.466907   0.001000
  0.155661   0.456030  -0.755154   0.444464  -1.612241  -1.466907   0.001000
  0.155661   0.456030  -0.755154   0.444464  -1.612241  -1.466907   0.001000
  0.155661   0.456030  -0.755154   0.444464  -1.612241  -1.466907   0.001000
  0.155661   0.456030  -0.755154   0.444464  -1.612241  -1.466907   0.001000
  0.155661   0.456030  -0.755154   0.444464  -1.612241  -1.466907   0.001000
  0.155661   0.456030  -0.755154   0.444464  -1.612241  -1.466907   0.001000
  0.155661   0.456030  -0.755154   0.444464  -1.612241  -1.466907   0.001000
  0.155661   0.456030  -0.755154   0.444464  -1.612241  -1.466907   0.001000
  0.155661   0.456030  -0.755154   0.444464  -1.612241  -1.466907   0.001000
  0.155661   0.456030  -0.755154   0.444464  -1.612241  -1.466907   0.001000
  0.155661   0.456030  -0.755154   0.444464  -1.612241  -1.466907   0.001000
  0.155661   0.456030  -0.755154   0.444464  -1.612241  -1.466907   0.001000
  0.155661   0.456030  -0.755154   0.444464  -1.612241  -1.466907   0.001000
  0.155661   0.456030  -0.755154   0.444464  -1.612241  -1.466907   0.001000
  0.155661   0.456030  -0.755154   0.444464  -1.612241  -1.466907   0.001000
  0.155661   0.456030  -0.755154   0.444464  -1.612241  -1.466907   0.001000
  0.155661   0.456030  -0.755154   0.444464  -1.612241  -1.466907   0.001000
  0.155661   0.456030  -0.755154   0.444464  -1.612241  -1.466907   0.001000
  0.155661   0.456030  -0.755154   0.444464  -1.612241  -1.466907   0.001000
  0.161547   0.453306  -0.760448   0.436045  -1.602936  -1.513622   0.001000
  0.161547   0.453306  -0.760448   0.436045  -1.602936  -1.513622   0.001000
  0.161547   0.453306  -0.760448   0.436045  -1.602936  -1.513622   0.001000
  0.161547   0.453306  -0.760448   0.436045  -1.602936  -1.513622   0.001000
  0.161547   0.453306  -0.760448   0.436045  -1.602936  -1.513622   0.001000
  0.161547   0.453306  -0.760448   0.436045  -1.602936  -1.513622   0.001000
  0.164567   0.448879  -0.758911   0.442131  -1.643252  -1.443238   0.001000
  0.164567   0.448879  -0.758911   0.442131  -1.643252  -1.443238   0.001000
  0.147851   0.452165  -0.756141   0.449375  -1.634853  -1.431224   0.001000
  0.147851   0.452165  -0.756141   0.449375  -1.634853  -1.431224   0.001000
  0.147851   0.452165  -0.756141   0.449375  -1.634853  -1.431224   0.001000
  0.147851   0.452165  -0.756141   0.449375  -1.634853  -1.431224   0.001000
  0.147851   0.452165  -0.756141   0.449375  -1.634853  -1.431224   0.001000
  0.147851   0.452165  -0.756141   0.449375  -1.634853  -1.431224   0.001000
  0.147851   0.452165  -0.756141   0.449375  -1.634853  -1.431224   0.001000
  0.147851   0.452165  -0.756141   0.449375  -1.634853  -1.431224   0.001000
  0.147851   0.452165  -0.756141   0.449375  -1.634853  -1.431224   0.001000
  0.147851   0.452165  -0.756141   0.449375  -1.634853  -1.431224   0.001000
  0.158097   0.454768  -0.760298   0.436049  -1.646593  -1.366741   0.001000
  0.158097   0.454768  -0.760298   0.436049  -1.646593  -1.366741   0.001000
  0.158097   0.454768  -0.760298   0.436049  -1.646593  -1.366741   0.001000
  0.158097   0.454768  -0.760298   0.436049  -1.646593  -1.366741   0.001000
  0.158097   0.454768  -0.760298   0.436049  -1.646593  -1.366741   0.001000
  0.158097   0.454768  -0.760298   0.436049  -1.646593  -1.366741   0.001000
  0.158097   0.454768  -0.760298   0.436049  -1.646593  -1.366741   0.001000
  0.158097   0.454768  -0.760298   0.436049  -1.646593  -1.366741   0.001000
  0.158097   0.454768  -0.760298   0.436049  -1.646593  -1.366741   0.001000
  0.158097   0.454768  -0.760298   0.436049  -1.646593  -1.366741   0.001000
  0.158097   0.454768  -0.760298   0.436049  -1.646593  -1.366741   0.001000
  0.158097   0.454768  -0.760298   0.436049  -1.646593  -1.366741   0.001000
  0.158097   0.454768  -0.760298   0.436049  -1.646593  -1.366741   0.001000
  0.158097   0.454768  -0.760298   0.436049  -1.646593  -1.366741   0.001000
  0.158097   0.454768  -0.760298   0.436049  -1.646593  -1.366741   0.001000
  0.158097   0.454768  -0.760298   0.436049  -1.646593  -1.366741   0.001000
  0.158097   0.454768  -0.760298   0.436049  -1.646593  -1.366741   0.001000
  0.163016   0.459663  -0.757385   0.434171  -1.688573  -1.369871   0.001000
  0.157957   0.458900  -0.752387   0.445393  -1.612708  -1.408614   0.001000
  0.139573   0.460508  -0.767034   0.424394  -1.625553  -1.540864   0.001000
  0.156104   0.459626  -0.747192   0.453959  -1.655230  -1.306574   0.001000
  0.156104   0.459626  -0.747192   0.453959  -1.655230  -1.306574   0.001000
  0.156104   0.459626  -0.747192   0.453959  -1.655230  -1.306574   0.001000
  0.156104   0.459626  -0.747192   0.453959  -1.655230  -1.306574   0.001000
  0.156104   0.459626  -0.747192   0.453959  -1.655230  -1.306574   0.001000
  0.153534   0.444764  -0.758548   0.450795  -1.583167  -1.491923   0.001000
  0.153534   0.444764  -0.758548   0.450795  -1.583167  -1.491923   0.001000
  0.162234   0.463498  -0.759419   0.426770  -1.608295  -1.351765   0.001000
  0.134197   0.464294  -0.760150   0.434275  -1.649409  -1.383160   0.001000
  0.148720   0.441014  -0.760295   0.453146  -1.659879  -1.388028   0.001000
  0.157575   0.449339  -0.754124   0.452285  -1.595695  -1.404780   0.001000
  0.157575   0.449339  -0.754124   0.452285  -1.595695  -1.404780   0.001000
  0.157575   0.449339  -0.754124   0.452285  -1.595695  -1.404780   0.001000
  0.157575   0.449339  -0.754124   0.452285  -1.595695  -1.404780   0.001000
  0.157575   0.449339  -0.754124   0.452285  -1.595695  -1.404780   0.001000
  0.157575   0.449339  -0.754124   0.452285  -1.595695  -1.404780   0.001000
  0.157575   0.449339  -0.754124   0.452285  -1.595695  -1.404780   0.001000
  0.157575   0.449339  -0.754124   0.452285  -1.595695  -1.404780   0.001000
  0.157575   0.449339  -0.754124   0.452285  -1.595695  -1.404780   0.001000
  0.157575   0.449339  -0.754124   0.452285  -1.595695  -1.404780   0.001000
  0.157575   0.449339  -0.754124   0.452285  -1.595695  -1.404780   0.001000
  0.157575   0.449339  -0.754124   0.452285  -1.595695  -1.404780   0.001000
  0.157575   0.449339  -0.754124   0.452285  -1.595695  -1.404780   0.001000
  0.157575   0.449339  -0.754124   0.452285  -1.595695  -1.404780   0.001000
  0.157575   0.449339  -0.754124   0.452285  -1.595695  -1.404780   0.001000
  0.157575   0.449339  -0.754124   0.452285  -1.595695  -1.404780   0.001000
  0.157575   0.449339  -0.754124   0.452285  -1.595695  -1.404780   0.001000
  0.157575   0.449339  -0.754124   0.452285  -1.595695  -1.404780   0.001000
  0.157575   0.449339  -0.754124   0.452285  -1.595695  -1.404780   0.001000
  0.157575   0.449339  -0.754124   0.452285  -1.595695  -1.404780   0.001000
  0.157575   0.449339  -0.754124   0.452285  -1.595695  -1.404780   0.001000
  0.157575   0.449339  -0.754124   0.452285  -1.595695  -1.404780   0.001000
  0.157575   0.449339  -0.754124   0.452285  -1.595695  -1.404780   0.001000
  0.173035   0.454844  -0.739740   0.464715  -1.620458  -1.370539   0.001000
  0.160099   0.444359  -0.757206   0.451168  -1.634486  -1.389826   0.001000
  0.160099   0.444359  -0.757206   0.451168  -1.634486  -1.389826   0.001000
  0.160099   0.444359  -0.757206   0.451168  -1.634486  -1.389826   0.001000
  0.160099   0.444359  -0.757206   0.451168  -1.634486  -1.389826   0.001000
  0.160099   0.444359  -0.757206   0.451168  -1.634486  -1.389826   0.001000
  0.153453   0.449347  -0.760227   0.443390  -1.537154  -1.309565   0.001000
  0.153453   0.449347  -0.760227   0.443390  -1.537154  -1.309565   0.001000
  0.153453   0.449347  -0.760227   0.443390  -1.537154  -1.309565   0.001000
  0.153453   0.449347  -0.760227   0.443390  -1.537154  -1.309565   0.001000
  0.153453   0.449347  -0.760227   0.443390  -1.537154  -1.309565   0.001000
  0.153453   0.449347  -0.760227   0.443390  -1.537154  -1.309565   0.001000
  0.153453   0.449347  -0.760227   0.443390  -1.537154  -1.309565   0.001000
  0.153453   0.449347  -0.760227   0.443390  -1.537154  -1.309565   0.001000
  0.153453   0.449347  -0.760227   0.443390  -1.537154  -1.309565   0.001000
  0.153453   0.449347  -0.760227   0.443390  -1.537154  -1.309565   0.001000
  0.171053   0.450603  -0.741838   0.466234  -1.632519  -1.454312   0.001000
  0.161325   0.460593  -0.754472   0.438863  -1.570615  -1.347226   0.001000
  0.150027   0.448357  -0.762173   0.442221  -1.659364  -1.321144   0.001000
  0.150027   0.448357  -0.762173   0.442221  -1.659364  -1.321144   0.001000
  0.150027   0.448357  -0.762173   0.442221  -1.659364  -1.321144   0.001000
  0.150027   0.448357  -0.762173   0.442221  -1.659364  -1.321144   0.001000
  0.150027   0.448357  -0.762173   0.442221  -1.659364  -1.321144   0.001000
  0.150027   0.448357  -0.762173   0.442221  -1.659364  -1.321144   0.001000
  0.150027   0.448357  -0.762173   0.442221  -1.659364  -1.321144   0.001000
  0.150027   0.448357  -0.762173   0.442221  -1.659364  -1.321144   0.001000
  0.150027   0.448357  -0.762173   0.442221  -1.659364  -1.321144   0.001000
  0.150027   0.448357  -0.762173   0.442221  -1.659364  -1.321144   0.001000
  0.150027   0.448357  -0.762173   0.442221  -1.659364  -1.321144   0.001000
  0.150027   0.448357  -0.762173   0.442221  -1.659364  -1.321144   0.001000
  0.150027   0.448357  -0.762173   0.442221  -1.659364  -1.321144   0.001000
  0.150027   0.448357  -0.762173   0.442221  -1.659364  -1.321144   0.001000
  0.150027   0.448357  -0.762173   0.442221  -1.659364  -1.321144   0.001000
  0.149485   0.454520  -0.755399   0.447704  -1.591496  -1.322221   0.001000
  0.149485   0.454520  -0.755399   0.447704  -1.591496  -1.322221   0.001000
  0.149485   0.454520  -0.755399   0.447704  -1.591496  -1.322221   0.001000
  0.149485   0.454520  -0.755399   0.447704  -1.591496  -1.322221   0.001000
  0.149485   0.454520  -0.755399   0.447704  -1.591496  -1.322221   0.001000
  0.149485   0.454520  -0.755399   0.447704  -1.591496  -1.322221   0.001000
  0.149485   0.454520  -0.755399   0.447704  -1.591496  -1.322221   0.001000
  0.149485   0.454520  -0.755399   0.447704  -1.591496  -1.322221   0.001000
  0.149485   0.454520  -0.755399   0.447704  -1.591496  -1.322221   0.001000
  0.149485   0.454520  -0.755399   0.447704  -1.591496  -1.322221   0.001000
  0.149485   0.454520  -0.755399   0.447704  -1.591496  -1.322221   0.001000
  0.149485   0.454520  -0.755399   0.447704  -1.591496  -1.322221   0.001000
  0.158358   0.450367  -0.750490   0.457010  -1.590762  -1.325319   0.001000
  0.154007   0.461308  -0.750981   0.446660  -1.658611  -1.500646   0.001000
  0.154007   0.461308  -0.750981   0.446660  -1.658611  -1.500646   0.001000
  0.154007   0.461308  -0.750981   0.446660  -1.658611  -1.500646   0.001000
  0.154007   0.461308  -0.750981   0.446660  -1.658611  -1.500646   0.001000
  0.154007   0.461308  -0.750981   0.446660  -1.658611  -1.500646   0.001000
  0.154007   0.461308  -0.750981   0.446660  -1.658611  -1.500646   0.001000
  0.154007   0.461308  -0.750981   0.446660  -1.658611  -1.500646   0.001000
  0.154007   0.461308  -0.750981   0.446660  -1.658611  -1.500646   0.001000
  0.154007   0.461308  -0.750981   0.446660  -1.658611  -1.500646   0.001000
  0.154007   0.461308  -0.750981   0.446660  -1.658611  -1.500646   0.001000
  0.154007   0.461308  -0.750981   0.446660  -1.658611  -1.500646   0.001000
  0.154007   0.461308  -0.750981   0.446660  -1.658611  -1.500646   0.001000
  0.154007   0.461308  -0.750981   0.446660  -1.658611  -1.500646   0.001000
  0.154007   0.461308  -0.750981   0.446660  -1.658611  -1.500646   0.001000
  0.154007   0.461308  -0.750981   0.446660  -1.658611  -1.500646   0.001000
  0.154007   0.461308  -0.750981   0.446660  -1.658611  -1.500646   0.001000
  0.154007   0.461308  -0.750981   0.446660  -1.658611  -1.500646   0.001000
  0.154007   0.461308  -0.750981   0.446660  -1.658611  -1.500646   0.001000
  0.164592   0.453588  -0.753020   0.447358  -1.588332  -1.260001   0.001000
  0.164592   0.453588  -0.753020   0.447358  -1.588332  -1.260001   0.001000
  0.164592   0.453588  -0.753020   0.447358  -1.588332  -1.260001   0.001000
  0.164592   0.453588  -0.753020   0.447358  -1.588332  -1.260001   0.001000
  0.157594   0.471910  -0.750683   0.434673  -1.574704  -1.485557   0.001000
  0.157081   0.460872  -0.753373   0.441986  -1.561791  -1.296794   0.001000
  0.157081   0.460872  -0.753373   0.441986  -1.561791  -1.296794   0.001000
  0.157081   0.460872  -0.753373   0.441986  -1.561791  -1.296794   0.001000
  0.157081   0.460872  -0.753373   0.441986  -1.561791  -1.296794   0.001000
  0.157081   0.460872  -0.753373   0.441986  -1.561791  -1.296794   0.001000
  0.157081   0.460872  -0.753373   0.441986  -1.561791  -1.296794   0.001000
  0.157081   0.460872  -0.753373   0.441986  -1.561791  -1.296794   0.001000
  0.157081   0.460872  -0.753373   0.441986  -1.561791  -1.296794   0.001000
  0.157081   0.460872  -0.753373   0.441986  -1.561791  -1.296794   0.001000
  0.157081   0.460872  -0.753373   0.441986  -1.561791  -1.296794   0.001000
  0.133567   0.444520  -0.770145   0.437537  -1.629395  -1.304894   0.001000
  0.153814   0.445045  -0.754395   0.457345  -1.588160  -1.425502   0.001000
  0.153814   0.445045  -0.754395   0.457345  -1.588160  -1.425502   0.001000
  0.153814   0.445045  -0.754395   0.457345  -1.588160  -1.425502   0.001000
  0.166300   0.448002  -0.751612   0.454663  -1.639862  -1.510501   0.001000
  0.166300   0.448002  -0.751612   0.454663  -1.639862  -1.510501   0.001000
  0.166300   0.448002  -0.751612   0.454663  -1.639862  -1.510501   0.001000
  0.160564   0.464611  -0.748858   0.444485  -1.614892  -1.522537   0.001000
  0.160564   0.464611  -0.748858   0.444485  -1.614892  -1.522537   0.001000
  0.160564   0.464611  -0.748858   0.444485  -1.614892  -1.522537   0.001000
  0.152797   0.454515  -0.755366   0.446645  -1.650808  -1.503917   0.001000
  0.152797   0.454515  -0.755366   0.446645  -1.650808  -1.503917   0.001000
  0.152797   0.454515  -0.755366   0.446645  -1.650808  -1.503917   0.001000
  0.152797   0.454515  -0.755366   0.446645  -1.650808  -1.503917   0.001000
  0.152797   0.454515  -0.755366   0.446645  -1.650808  -1.503917   0.001000
  0.152797   0.454515  -0.755366   0.446645  -1.650808  -1.503917   0.001000
  0.152797   0.454515  -0.755366   0.446645  -1.650808  -1.503917   0.001000
  0.152797   0.454515  -0.755366   0.446645  -1.650808  -1.503917   0.001000
  0.152797   0.454515  -0.755366   0.446645  -1.650808  -1.503917   0.001000
  0.152797   0.454515  -0.755366   0.446645  -1.650808  -1.503917   0.001000
  0.152797   0.454515  -0.755366   0.446645  -1.650808  -1.503917   0.001000
  0.152797   0.454515  -0.755366   0.446645  -1.650808  -1.503917   0.001000
  0.152797   0.454515  -0.755366   0.446645  -1.650808  -1.503917   0.001000
  0.152797   0.454515  -0.755366   0.446645  -1.650808  -1.503917   0.001000
  0.152797   0.454515  -0.755366   0.446645  -1.650808  -1.503917   0.001000
  0.152797   0.454515  -0.755366   0.446645  -1.650808  -1.503917   0.001000
  0.152797   0.454515  -0.755366   0.446645  -1.650808  -1.503917   0.001000
  0.152797   0.454515  -0.755366   0.446645  -1.650808  -1.503917   0.001000
  0.152797   0.454515  -0.755366   0.446645  -1.650808  -1.503917   0.001000
  0.152797   0.454515  -0.755366   0.446645  -1.650808  -1.503917   0.001000
  0.152797   0.454515  -0.755366   0.446645  -1.650808  -1.503917   0.001000
  0.152797   0.454515  -0.755366   0.446645  -1.650808  -1.503917   0.001000
  0.152797   0.454515  -0.755366   0.446645  -1.650808  -1.503917   0.001000
  0.152797   0.454515  -0.755366   0.446645  -1.650808  -1.503917   0.001000
  0.152797   0.454515  -0.755366   0.446645  -1.650808  -1.503917   0.001000
  0.152797   0.454515  -0.755366   0.446645  -1.650808  -1.503917   0.001000
  0.152797   0.454515  -0.755366   0.446645  -1.650808  -1.503917   0.001000
  0.152797   0.454515  -0.755366   0.446645  -1.650808  -1.503917   0.001000
  0.152797   0.454515  -0.755366   0.446645  -1.650808  -1.503917   0.001000
  0.152797   0.454515  -0.755366   0.446645  -1.650808  -1.503917   0.001000
  0.152797   0.454515  -0.755366   0.446645  -1.650808  -1.503917   0.001000
  0.152797   0.454515  -0.755366   0.446645  -1.650808  -1.503917   0.001000
  0.152797   0.454515  -0.755366   0.446645  -1.650808  -1.503917   0.001000
  0.152797   0.454515  -0.755366   0.446645  -1.650808  -1.503917   0.001000
  0.152797   0.454515  -0.755366   0.446645  -1.650808  -1.503917   0.001000
  0.152797   0.454515  -0.755366   0.446645  -1.650808  -1.503917   0.001000
  0.152797   0.454515  -0.755366   0.446645  -1.650808  -1.503917   0.001000
  0.152797   0.454515  -0.755366   0.446645  -1.650808  -1.503917   0.001000
  0.152797   0.454515  -0.755366   0.446645  -1.650808  -1.503917   0.001000
  0.150232   0.456113  -0.763295   0.432172  -1.635969  -1.257933   0.001000
  0.150232   0.456113  -0.763295   0.432172  -1.635969  -1.257933   0.001000
  0.150232   0.456113  -0.763295   0.432172  -1.635969  -1.257933   0.001000
  0.150232   0.456113  -0.763295   0.432172  -1.635969  -1.257933   0.001000
  0.150232   0.456113  -0.763295   0.432172  -1.635969  -1.257933   0.001000
  0.150232   0.456113  -0.763295   0.432172  -1.635969  -1.257933   0.001000
  0.150232   0.456113  -0.763295   0.432172  -1.635969  -1.257933   0.001000
  0.150232   0.456113  -0.763295   0.432172  -1.635969  -1.257933   0.001000
  0.161758   0.459642  -0.750958   0.445674  -1.629259  -1.353585   0.001000
  0.161758   0.459642  -0.750958   0.445674  -1.629259  -1.353585   0.001000
  0.161758   0.459642  -0.750958   0.445674  -1.629259  -1.353585   0.001000
  0.161758   0.459642  -0.750958   0.445674  -1.629259  -1.353585   0.001000
  0.161758   0.459642  -0.750958   0.445674  -1.629259  -1.353585   0.001000
  0.161758   0.459642  -0.750958   0.445674  -1.629259  -1.353585   0.001000
  0.160928   0.454822  -0.753339   0.446899  -1.679588  -1.382925   0.001000
  0.160928   0.454822  -0.753339   0.446899  -1.679588  -1.382925   0.001000
  0.160928   0.454822  -0.753339   0.446899  -1.679588  -1.382925   0.001000
  0.160928   0.454822  -0.753339   0.446899  -1.679588  -1.382925   0.001000
  0.160928   0.454822  -0.753339   0.446899  -1.679588  -1.382925   0.001000
  0.160928   0.454822  -0.753339   0.446899  -1.679588  -1.382925   0.001000
  0.160928   0.454822  -0.753339   0.446899  -1.679588  -1.382925   0.001000
  0.160928   0.454822  -0.753339   0.446899  -1.679588  -1.382925   0.001000
  0.160928   0.454822  -0.753339   0.446899  -1.679588  -1.382925   0.001000
  0.160928   0.454822  -0.753339   0.446899  -1.679588  -1.382925   0.001000
  0.160928   0.454822  -0.753339   0.446899  -1.679588  -1.382925   0.001000
  0.160928   0.454822  -0.753339   0.446899  -1.679588  -1.382925   0.001000
  0.160928   0.454822  -0.753339   0.446899  -1.679588  -1.382925   0.001000
  0.160928   0.454822  -0.753339   0.446899  -1.679588  -1.382925   0.001000
  0.160928   0.454822  -0.753339   0.446899  -1.679588  -1.382925   0.001000
  0.160928   0.454822  -0.753339   0.446899  -1.679588  -1.382925   0.001000
  0.160928   0.454822  -0.753339   0.446899  -1.679588  -1.382925   0.001000
  0.160928   0.454822  -0.753339   0.446899  -1.679588  -1.382925   0.001000
  0.160928   0.454822  -0.753339   0.446899  -1.679588  -1.382925   0.001000
  0.160928   0.454822  -0.753339   0.446899  -1.679588  -1.382925   0.001000
  0.160928   0.454822  -0.753339   0.446899  -1.679588  -1.382925   0.001000
  0.160928   0.454822  -0.753339   0.446899  -1.679588  -1.382925   0.001000
  0.160928   0.454822  -0.753339   0.446899  -1.679588  -1.382925   0.001000
  0.134397   0.468882  -0.759992   0.429533  -1.658047  -1.385098   0.001000
  0.163200   0.452350  -0.757092   0.442218  -1.659466  -1.453173   0.001000
  0.163200   0.452350  -0.757092   0.442218  -1.659466  -1.453173   0.001000
  0.163200   0.452350  -0.757092   0.442218  -1.659466  -1.453173   0.001000
  0.163200   0.452350  -0.757092   0.442218  -1.659466  -1.453173   0.001000
  0.163200   0.452350  -0.757092   0.442218  -1.659466  -1.453173   0.001000
  0.163200   0.452350  -0.757092   0.442218  -1.659466  -1.453173   0.001000
  0.163200   0.452350  -0.757092   0.442218  -1.659466  -1.453173   0.001000
  0.163200   0.452350  -0.757092   0.442218  -1.659466  -1.453173   0.001000
  0.163200   0.452350  -0.757092   0.442218  -1.659466  -1.453173   0.001000
  0.163200   0.452350  -0.757092   0.442218  -1.659466  -1.453173   0.001000
  0.163200   0.452350  -0.757092   0.442218  -1.659466  -1.453173   0.001000
  0.163200   0.452350  -0.757092   0.442218  -1.659466  -1.453173   0.001000
  0.163200   0.452350  -0.757092   0.442218  -1.659466  -1.453173   0.001000
  0.163200   0.452350  -0.757092   0.442218  -1.659466  -1.453173   0.001000
  0.153937   0.460095  -0.753757   0.443245  -1.604789  -1.501325   0.001000
  0.153937   0.460095  -0.753757   0.443245  -1.604789  -1.501325   0.001000
  0.153937   0.460095  -0.753757   0.443245  -1.604789  -1.501325   0.001000
  0.169932   0.447666  -0.764919   0.430832  -1.636903  -1.509995   0.001000
  0.169932   0.447666  -0.764919   0.430832  -1.636903  -1.509995   0.001000
  0.169932   0.447666  -0.764919   0.430832  -1.636903  -1.509995   0.001000
  0.169932   0.447666  -0.764919   0.430832  -1.636903  -1.509995   0.001000
  0.151000   0.447490  -0.759613   0.447147  -1.644556  -1.217751   0.001000
  0.151000   0.447490  -0.759613   0.447147  -1.644556  -1.217751   0.001000
  0.151000   0.447490  -0.759613   0.447147  -1.644556  -1.217751   0.001000
  0.151000   0.447490  -0.759613   0.447147  -1.644556  -1.217751   0.001000
  0.151000   0.447490  -0.759613   0.447147  -1.644556  -1.217751   0.001000
  0.166607   0.451625  -0.752207   0.449957  -1.649387  -1.463818   0.001000
  0.166607   0.451625  -0.752207   0.449957  -1.649387  -1.463818   0.001000
  0.166607   0.451625  -0.752207   0.449957  -1.649387  -1.463818   0.001000
  0.166607   0.451625  -0.752207   0.449957  -1.649387  -1.463818   0.001000
  0.166607   0.451625  -0.752207   0.449957  -1.649387  -1.463818   0.001000
  0.166607   0.451625  -0.752207   0.449957  -1.649387  -1.463818   0.001000
  0.166607   0.451625  -0.752207   0.449957  -1.649387  -1.463818   0.001000
  0.166607   0.451625  -0.752207   0.449957  -1.649387  -1.463818   0.001000
  0.166607   0.451625  -0.752207   0.449957  -1.649387  -1.463818   0.001000
  0.166607   0.451625  -0.752207   0.449957  -1.649387  -1.463818   0.001000
  0.166607   0.451625  -0.752207   0.449957  -1.649387  -1.463818   0.001000
  0.166607   0.451625  -0.752207   0.449957  -1.649387  -1.463818   0.001000
  0.166607   0.451625  -0.752207   0.449957  -1.649387  -1.463818   0.001000
  0.166607   0.451625  -0.752207   0.449957  -1.649387  -1.463818   0.001000
  0.166607   0.451625  -0.752207   0.449957  -1.649387  -1.463818   0.001000
  0.166607   0.451625  -0.752207   0.449957  -1.649387  -1.463818   0.001000
  0.166607   0.451625  -0.752207   0.449957  -1.649387  -1.463818   0.001000
  0.166607   0.451625  -0.752207   0.449957  -1.649387  -1.463818   0.001000
  0.166607   0.451625  -0.752207   0.449957  -1.649387  -1.463818   0.001000
  0.166607   0.451625  -0.752207   0.449957  -1.649387  -1.463818   0.001000
  0.166607   0.451625  -0.752207   0.449957  -1.649387  -1.463818   0.001000
  0.166607   0.451625  -0.752207   0.449957  -1.649387  -1.463818   0.001000
  0.166607   0.451625  -0.752207   0.449957  -1.649387  -1.463818   0.001000
  0.166607   0.451625  -0.752207   0.449957  -1.649387  -1.463818   0.001000
  0.159677   0.451414  -0.755725   0.446775  -1.642955  -1.224069   0.001000
  0.159677   0.451414  -0.755725   0.446775  -1.642955  -1.224069   0.001000
  0.159677   0.451414  -0.755725   0.446775  -1.642955  -1.224069   0.001000
  0.159677   0.451414  -0.755725   0.446775  -1.642955  -1.224069   0.001000
  0.159677   0.451414  -0.755725   0.446775  -1.642955  -1.224069   0.001000
  0.159677   0.451414  -0.755725   0.446775  -1.642955  -1.224069   0.001000
  0.159677   0.451414  -0.755725   0.446775  -1.642955  -1.224069   0.001000
  0.159677   0.451414  -0.755725   0.446775  -1.642955  -1.224069   0.001000
  0.159677   0.451414  -0.755725   0.446775  -1.642955  -1.224069   0.001000
  0.159677   0.451414  -0.755725   0.446775  -1.642955  -1.224069   0.001000
  0.159677   0.451414  -0.755725   0.446775  -1.642955  -1.224069   0.001000
  0.168414   0.431232  -0.758461   0.458707  -1.631476  -1.482063   0.001000
  0.168414   0.431232  -0.758461   0.458707  -1.631476  -1.482063   0.001000
  0.154109   0.446516  -0.757151   0.451216  -1.674110  -1.352121   0.001000
  0.140950   0.447448  -0.767205   0.437401  -1.619081  -1.268898   0.001000
  0.140950   0.447448  -0.767205   0.437401  -1.619081  -1.268898   0.001000
  0.140950   0.447448  -0.767205   0.437401  -1.619081  -1.268898   0.001000
  0.140950   0.447448  -0.767205   0.437401  -1.619081  -1.268898   0.001000
  0.163864   0.452654  -0.757477   0.441000  -1.648867  -1.336476   0.001000
  0.163864   0.452654  -0.757477   0.441000  -1.648867  -1.336476   0.001000
  0.163864   0.452654  -0.757477   0.441000  -1.648867  -1.336476   0.001000
  0.163864   0.452654  -0.757477   0.441000  -1.648867  -1.336476   0.001000
  0.163864   0.452654  -0.757477   0.441000  -1.648867  -1.336476   0.001000
  0.163864   0.452654  -0.757477   0.441000  -1.648867  -1.336476   0.001000
  0.163864   0.452654  -0.757477   0.441000  -1.648867  -1.336476   0.001000
  0.163864   0.452654  -0.757477   0.441000  -1.648867  -1.336476   0.001000
  0.163864   0.452654  -0.757477   0.441000  -1.648867  -1.336476   0.001000
  0.163864   0.452654  -0.757477   0.441000  -1.648867  -1.336476   0.001000
  0.163864   0.452654  -0.757477   0.441000  -1.648867  -1.336476   0.001000
  0.163864   0.452654  -0.757477   0.441000  -1.648867  -1.336476   0.001000
  0.163864   0.452654  -0.757477   0.441000  -1.648867  -1.336476   0.001000
  0.163864   0.452654  -0.757477   0.441000  -1.648867  -1.336476   0.001000
  0.163864   0.452654  -0.757477   0.441000  -1.648867  -1.336476   0.001000
  0.163864   0.452654  -0.757477   0.441000  -1.648867  -1.336476   0.001000
  0.167236   0.447790  -0.756868   0.445721  -1.709269  -1.473144   0.001000
  0.167236   0.447790  -0.756868   0.445721  -1.709269  -1.473144   0.001000
  0.167236   0.447790  -0.756868   0.445721  -1.709269  -1.473144   0.001000
  0.167236   0.447790  -0.756868   0.445721  -1.709269  -1.473144   0.001000
  0.167236   0.447790  -0.756868   0.445721  -1.709269  -1.473144   0.001000
  0.151304   0.439766  -0.772695   0.432036  -1.599788  -1.513314   0.001000
  0.161081   0.453608  -0.758803   0.438760  -1.638706  -1.471235   0.001000
  0.161081   0.453608  -0.758803   0.438760  -1.638706  -1.471235   0.001000
  0.161081   0.453608  -0.758803   0.438760  -1.638706  -1.471235   0.001000
  0.161081   0.453608  -0.758803   0.438760  -1.638706  -1.471235   0.001000
  0.161081   0.453608  -0.758803   0.438760  -1.638706  -1.471235   0.001000
  0.161081   0.453608  -0.758803   0.438760  -1.638706  -1.471235   0.001000
  0.161081   0.453608  -0.758803   0.438760  -1.638706  -1.471235   0.001000
  0.161081   0.453608  -0.758803   0.438760  -1.638706  -1.471235   0.001000
  0.161081   0.453608  -0.758803   0.438760  -1.638706  -1.471235   0.001000
  0.161081   0.453608  -0.758803   0.438760  -1.638706  -1.471235   0.001000
  0.161081   0.453608  -0.758803   0.438760  -1.638706  -1.471235   0.001000
  0.161081   0.453608  -0.758803   0.438760  -1.638706  -1.471235   0.001000
  0.161081   0.453608  -0.758803   0.438760  -1.638706  -1.471235   0.001000
  0.161081   0.453608  -0.758803   0.438760  -1.638706  -1.471235   0.001000
  0.152889   0.453957  -0.757134   0.444179  -1.602299  -1.558896   0.001000
  0.152889   0.453957  -0.757134   0.444179  -1.602299  -1.558896   0.001000
  0.152889   0.453957  -0.757134   0.444179  -1.602299  -1.558896   0.001000
  0.152889   0.453957  -0.757134   0.444179  -1.602299  -1.558896   0.001000
  0.152889   0.453957  -0.757134   0.444179  -1.602299  -1.558896   0.001000
  0.152889   0.453957  -0.757134   0.444179  -1.602299  -1.558896   0.001000
  0.152889   0.453957  -0.757134   0.444179  -1.602299  -1.558896   0.001000
  0.152889   0.453957  -0.757134   0.444179  -1.602299  -1.558896   0.001000
  0.152889   0.453957  -0.757134   0.444179  -1.602299  -1.558896   0.001000
  0.152889   0.453957  -0.757134   0.444179  -1.602299  -1.558896   0.001000
  0.152889   0.453957  -0.757134   0.444179  -1.602299  -1.558896   0.001000
  0.152889   0.453957  -0.757134   0.444179  -1.602299  -1.558896   0.001000
  0.152889   0.453957  -0.757134   0.444179  -1.602299  -1.558896   0.001000
  0.152889   0.453957  -0.757134   0.444179  -1.602299  -1.558896   0.001000
  0.152889   0.453957  -0.757134   0.444179  -1.602299  -1.558896   0.001000
  0.152889   0.453957  -0.757134   0.444179  -1.602299  -1.558896   0.001000
  0.152889   0.453957  -0.757134   0.444179  -1.602299  -1.558896   0.001000
  0.152889   0.453957  -0.757134   0.444179  -1.602299  -1.558896   0.001000
  0.152889   0.453957  -0.757134   0.444179  -1.602299  -1.558896   0.001000
  0.152889   0.453957  -0.757134   0.444179  -1.602299  -1.558896   0.001000
  0.152889   0.453957  -0.757134   0.444179  -1.602299  -1.558896   0.001000
  0.152889   0.453957  -0.757134   0.444179  -1.602299  -1.558896   0.001000
  0.152889   0.453957  -0.757134   0.444179  -1.602299  -1.558896   0.001000
  0.152889   0.453957  -0.757134   0.444179  -1.602299  -1.558896   0.001000
  0.152889   0.453957  -0.757134   0.444179  -1.602299  -1.558896   0.001000
  0.163222   0.469080  -0.746979   0.441978  -1.631645  -1.245228   0.001000
  0.161868   0.448774  -0.756097   0.448016  -1.626846  -1.252052   0.001000
  0.161868   0.448774  -0.756097   0.448016  -1.626846  -1.252052   0.001000
  0.161868   0.448774  -0.756097   0.448016  -1.626846  -1.252052   0.001000
  0.161868   0.448774  -0.756097   0.448016  -1.626846  -1.252052   0.001000
  0.161868   0.448774  -0.756097   0.448016  -1.626846  -1.252052   0.001000
  0.161868   0.448774  -0.756097   0.448016  -1.626846  -1.252052   0.001000
  0.161868   0.448774  -0.756097   0.448016  -1.626846  -1.252052   0.001000
  0.161868   0.448774  -0.756097   0.448016  -1.626846  -1.252052   0.001000
  0.161868   0.448774  -0.756097   0.448016  -1.626846  -1.252052   0.001000
  0.161868   0.448774  -0.756097   0.448016  -1.626846  -1.252052   0.001000
  0.161868   0.448774  -0.756097   0.448016  -1.626846  -1.252052   0.001000
  0.161142   0.455015  -0.752925   0.447323  -1.624233  -1.429447   0.001000
  0.161142   0.455015  -0.752925   0.447323  -1.624233  -1.429447   0.001000
  0.161142   0.455015  -0.752925   0.447323  -1.624233  -1.429447   0.001000
  0.161142   0.455015  -0.752925   0.447323  -1.624233  -1.429447   0.001000
  0.161142   0.455015  -0.752925   0.447323  -1.624233  -1.429447   0.001000
  0.161142   0.455015  -0.752925   0.447323  -1.624233  -1.429447   0.001000
  0.161142   0.455015  -0.752925   0.447323  -1.624233  -1.429447   0.001000
  0.161142   0.455015  -0.752925   0.447323  -1.624233  -1.429447   0.001000
  0.161142   0.455015  -0.752925   0.447323  -1.624233  -1.429447   0.001000
  0.161142   0.455015  -0.752925   0.447323  -1.624233  -1.429447   0.001000
  0.161142   0.455015  -0.752925   0.447323  -1.624233  -1.429447   0.001000
  0.161142   0.455015  -0.752925   0.447323  -1.624233  -1.429447   0.001000
  0.161142   0.455015  -0.752925   0.447323  -1.624233  -1.429447   0.001000
  0.161142   0.455015  -0.752925   0.447323  -1.624233  -1.429447   0.001000
  0.161142   0.455015  -0.752925   0.447323  -1.624233  -1.429447   0.001000
  0.161142   0.455015  -0.752925   0.447323  -1.624233  -1.429447   0.001000
  0.161142   0.455015  -0.752925   0.447323  -1.624233  -1.429447   0.001000
  0.161142   0.455015  -0.752925   0.447323  -1.624233  -1.429447   0.001000
  0.161142   0.455015  -0.752925   0.447323  -1.624233  -1.429447   0.001000
  0.161142   0.455015  -0.752925   0.447323  -1.624233  -1.429447   0.001000
  0.161142   0.455015  -0.752925   0.447323  -1.624233  -1.429447   0.001000
  0.161142   0.455015  -0.752925   0.447323  -1.624233  -1.429447   0.001000
  0.152288   0.457416  -0.751988   0.449547  -1.554901  -1.324620   0.001000
  0.152288   0.457416  -0.751988   0.449547  -1.554901  -1.324620   0.001000
  0.152288   0.457416  -0.751988   0.449547  -1.554901  -1.324620   0.001000
  0.152288   0.457416  -0.751988   0.449547  -1.554901  -1.324620   0.001000
  0.152288   0.457416  -0.751988   0.449547  -1.554901  -1.324620   0.001000
  0.152288   0.457416  -0.751988   0.449547  -1.554901  -1.324620   0.001000
  0.152288   0.457416  -0.751988   0.449547  -1.554901  -1.324620   0.001000
  0.152288   0.457416  -0.751988   0.449547  -1.554901  -1.324620   0.001000
  0.152288   0.457416  -0.751988   0.449547  -1.554901  -1.324620   0.001000
  0.155375   0.443370  -0.765397   0.439828  -1.599664  -1.386717   0.001000
  0.165998   0.455504  -0.750015   0.449932  -1.617685  -1.423877   0.001000
  0.165998   0.455504  -0.750015   0.449932  -1.617685  -1.423877   0.001000
  0.165998   0.455504  -0.750015   0.449932  -1.617685  -1.423877   0.001000
  0.165998   0.455504  -0.750015   0.449932  -1.617685  -1.423877   0.001000
  0.165998   0.455504  -0.750015   0.449932  -1.617685  -1.423877   0.001000
  0.165998   0.455504  -0.750015   0.449932  -1.617685  -1.423877   0.001000
  0.165998   0.455504  -0.750015   0.449932  -1.617685  -1.423877   0.001000
  0.165998   0.455504  -0.750015   0.449932  -1.617685  -1.423877   0.001000
  0.165998   0.455504  -0.750015   0.449932  -1.617685  -1.423877   0.001000
  0.165998   0.455504  -0.750015   0.449932  -1.617685  -1.423877   0.001000
  0.165998   0.455504  -0.750015   0.449932  -1.617685  -1.423877   0.001000
  0.165998   0.455504  -0.750015   0.449932  -1.617685  -1.423877   0.001000
  0.164654   0.459891  -0.751890   0.442775  -1.597450  -1.242628   0.001000
  0.164654   0.459891  -0.751890   0.442775  -1.597450  -1.242628   0.001000
  0.164654   0.459891  -0.751890   0.442775  -1.597450  -1.242628   0.001000
  0.148091   0.445602  -0.759958   0.449412  -1.612158  -1.295245   0.001000
  0.148091   0.445602  -0.759958   0.449412  -1.612158  -1.295245   0.001000
  0.148091   0.445602  -0.759958   0.449412  -1.612158  -1.295245   0.001000
  0.148091   0.445602  -0.759958   0.449412  -1.612158  -1.295245   0.001000
  0.148091   0.445602  -0.759958   0.449412  -1.612158  -1.295245   0.001000
  0.148091   0.445602  -0.759958   0.449412  -1.612158  -1.295245   0.001000
  0.148091   0.445602  -0.759958   0.449412  -1.612158  -1.295245   0.001000
  0.148091   0.445602  -0.759958   0.449412  -1.612158  -1.295245   0.001000
  0.148091   0.445602  -0.759958   0.449412  -1.612158  -1.295245   0.001000
  0.148091   0.445602  -0.759958   0.449412  -1.612158  -1.295245   0.001000
  0.148091   0.445602  -0.759958   0.449412  -1.612158  -1.295245   0.001000
  0.148091   0.445602  -0.759958   0.449412  -1.612158  -1.295245   0.001000
  0.155276   0.447937  -0.752091   0.457822  -1.595476  -1.429809   0.001000
  0.155276   0.447937  -0.752091   0.457822  -1.595476  -1.429809   0.001000
  0.161303   0.462004  -0.746038   0.451621  -1.556336  -1.369495   0.001000
  0.160050   0.450837  -0.757632   0.443987  -1.685603  -1.046028   0.001000
  0.161210   0.434254  -0.758383   0.458573  -1.829332  -0.975463   0.001000
  0.156391   0.458600  -0.750147   0.450009  -1.817728  -1.117888   0.001000
  0.146315   0.459075  -0.753251   0.447722  -1.564672  -0.828868   0.001000
  0.160028   0.449352  -0.753562   0.452347  -1.746265  -0.919429   0.001000
  0.143407   0.438885  -0.770679   0.439168  -1.609331  -1.077075   0.001000
  0.149225   0.449103  -0.762323   0.441478  -1.675260  -1.052497   0.001000
  0.153279   0.458376  -0.756335   0.440857  -1.662402  -1.012987   0.001000
  0.156677   0.462485  -0.751310   0.443952  -1.812294  -1.074931   0.001000
  0.142104   0.464803  -0.754823   0.440462  -1.863606  -1.033471   0.001000
  0.175673   0.464412  -0.739579   0.454404  -1.982129  -1.244550   0.001000
