 -0.166375  -0.185180  -0.771730   0.585202  -0.497053  -0.775394   0.001000
 -0.157107  -0.139231  -0.807332   0.551496  -0.543303  -0.937292   0.001000
 -0.157107  -0.139231  -0.807332   0.551496  -0.543303  -0.937292   0.001000
 -0.157107  -0.139231  -0.807332   0.551496  -0.543303  -0.937292   0.001000
 -0.153797  -0.146592  -0.799169   0.562304  -0.608603  -0.857865   0.001000
 -0.153797  -0.146592  -0.799169   0.562304  -0.608603  -0.857865   0.001000
 -0.153797  -0.146592  -0.799169   0.562304  -0.608603  -0.857865   0.001000
 -0.143085  -0.128800  -0.806420   0.559128  -0.493095  -0.942846   0.001000
 -0.143085  -0.128800  -0.806420   0.559128  -0.493095  -0.942846   0.001000
 -0.143085  -0.128800  -0.806420   0.559128  -0.493095  -0.942846   0.001000
 -0.143085  -0.128800  -0.806420   0.559128  -0.493095  -0.942846   0.001000
 -0.145410  -0.139602  -0.798822   0.566790  -0.557010  -0.882298   0.001000
 -0.145410  -0.139602  -0.798822   0.566790  -0.557010  -0.882298   0.001000
 -0.145410  -0.139602  -0.798822   0.566790  -0.557010  -0.882298   0.001000
 -0.145410  -0.139602  -0.798822   0.566790  -0.557010  -0.882298   0.001000
 -0.145410  -0.139602  -0.798822   0.566790  -0.557010  -0.882298   0.001000
 -0.145410  -0.139602  -0.798822   0.566790  -0.557010  -0.882298   0.001000
 -0.145410  -0.139602  -0.798822   0.566790  -0.557010  -0.882298   0.001000
 -0.145410  -0.139602  -0.798822   0.566790  -0.557010  -0.882298   0.001000
 -0.145410  -0.139602  -0.798822   0.566790  -0.557010  -0.882298   0.001000
 -0.145410  -0.139602  -0.798822   0.566790  -0.557010  -0.882298   0.001000
 -0.145410  -0.139602  -0.798822   0.566790  -0.557010  -0.882298   0.001000
 -0.145410  -0.139602  -0.798822   0.566790  -0.557010  -0.882298   0.001000
 -0.145410  -0.139602  -0.798822   0.566790  -0.557010  -0.882298   0.001000
 -0.145410  -0.139602  -0.798822   0.566790  -0.557010  -0.882298   0.001000
 -0.145410  -0.139602  -0.798822   0.566790  -0.557010  -0.882298   0.001000
 -0.145410  -0.139602  -0.798822   0.566790  -0.557010  -0.882298   0.001000
 -0.145410  -0.139602  -0.798822   0.566790  -0.557010  -0.882298   0.001000
 -0.145410  -0.139602  -0.798822   0.566790  -0.557010  -0.882298   0.001000
 -0.145410  -0.139602  -0.798822   0.566790  -0.557010  -0.882298   0.001000
 -0.145410  -0.139602  -0.798822   0.566790  -0.557010  -0.882298   0.001000
 -0.145410  -0.139602  -0.798822   0.566790  -0.557010  -0.882298   0.001000
 -0.145410  -0.139602  -0.798822   0.566790  -0.557010  -0.882298   0.001000
 -0.145410  -0.139602  -0.798822   0.566790  -0.557010  -0.882298   0.001000
 -0.145410  -0.139602  -0.798822   0.566790  -0.557010  -0.882298   0.001000
 -0.145410  -0.139602  -0.798822   0.566790  -0.557010  -0.882298   0.001000
 -0.145410  -0.139602  -0.798822   0.566790  -0.557010  -0.882298   0.001000
 -0.145410  -0.139602  -0.798822   0.566790  -0.557010  -0.882298   0.001000
 -0.145410  -0.139602  -0.798822   0.566790  -0.557010  -0.882298   0.001000
 -0.145410  -0.139602  -0.798822   0.566790  -0.557010  -0.882298   0.001000
 -0.145410  -0.139602  -0.798822   0.566790  -0.557010  -0.882298   0.001000
 -0.145410  -0.139602  -0.798822   0.566790  -0.557010  -0.882298   0.001000
 -0.145410  -0.139602  -0.798822   0.566790  -0.557010  -0.882298   0.001000
 -0.145410  -0.139602  -0.798822   0.566790  -0.557010  -0.882298   0.001000
 -0.145410  -0.139602  -0.798822   0.566790  -0.557010  -0.882298   0.001000
 -0.145410  -0.139602  -0.798822   0.566790  -0.557010  -0.882298   0.001000
 -0.145410  -0.139602  -0.798822   0.566790  -0.557010  -0.882298   0.001000
 -0.145410  -0.139602  -0.798822   0.566790  -0.557010  -0.882298   0.001000
 -0.145410  -0.139602  -0.798822   0.566790  -0.557010  -0.882298   0.001000
 -0.145410  -0.139602  -0.798822   0.566790  -0.557010  -0.882298   0.001000
 -0.145410  -0.139602  -0.798822   0.566790  -0.557010  -0.882298   0.001000
 -0.151955  -0.123777  -0.803680   0.561861  -0.608841  -0.910700   0.001000
 -0.151955  -0.123777  -0.803680   0.561861  -0.608841  -0.910700   0.001000
 -0.151955  -0.123777  -0.803680   0.561861  -0.608841  -0.910700   0.001000
 -0.151955  -0.123777  -0.803680   0.561861  -0.608841  -0.910700   0.001000
 -0.151955  -0.123777  -0.803680   0.561861  -0.608841  -0.910700   0.001000
 -0.151955  -0.123777  -0.803680   0.561861  -0.608841  -0.910700   0.001000
 -0.151955  -0.123777  -0.803680   0.561861  -0.608841  -0.910700   0.001000
 -0.115471  -0.156384  -0.802448   0.564170  -0.607786  -0.832695   0.001000
 -0.156518  -0.127010  -0.797388   0.568808  -0.548460  -0.787456   0.001000
 -0.156518  -0.127010  -0.797388   0.568808  -0.548460  -0.787456   0.001000
 -0.156518  -0.127010  -0.797388   0.568808  -0.548460  -0.787456   0.001000
 -0.156518  -0.127010  -0.797388   0.568808  -0.548460  -0.787456   0.001000
 -0.156518  -0.127010  -0.797388   0.568808  -0.548460  -0.787456   0.001000
 -0.156518  -0.127010  -0.797388   0.568808  -0.548460  -0.787456   0.001000
 -0.156518  -0.127010  -0.797388   0.568808  -0.548460  -0.787456   0.001000
 -0.156518  -0.127010  -0.797388   0.568808  -0.548460  -0.787456   0.001000
 -0.156518  -0.127010  -0.797388   0.568808  -0.548460  -0.787456   0.001000
 -0.156518  -0.127010  -0.797388   0.568808  -0.548460  -0.787456   0.001000
 -0.156518  -0.127010  -0.797388   0.568808  -0.548460  -0.787456   0.001000
 -0.156518  -0.127010  -0.797388   0.568808  -0.548460  -0.787456   0.001000
 -0.146785  -0.122325  -0.808126   0.557156  -0.581500  -0.866399   0.001000
 -0.149169  -0.144110  -0.807012   0.552913  -0.552309  -0.798696   0.001000
 -0.151938  -0.147808  -0.796856   0.565763  -0.522330  -1.041365   0.001000
 -0.149412  -0.142018  -0.802379   0.560084  -0.550542  -0.816560   0.001000
 -0.149412  -0.142018  -0.802379   0.560084  -0.550542  -0.816560   0.001000
 -0.149412  -0.142018  -0.802379   0.560084  -0.550542  -0.816560   0.001000
 -0.149412  -0.142018  -0.802379   0.560084  -0.550542  -0.816560   0.001000
 -0.149412  -0.142018  -0.802379   0.560084  -0.550542  -0.816560   0.001000
 -0.149412  -0.142018  -0.802379   0.560084  -0.550542  -0.816560   0.001000
 -0.149412  -0.142018  -0.802379   0.560084  -0.550542  -0.816560   0.001000
 -0.149412  -0.142018  -0.802379   0.560084  -0.550542  -0.816560   0.001000
 -0.149412  -0.142018  -0.802379   0.560084  -0.550542  -0.816560   0.001000
 -0.149412  -0.142018  -0.802379   0.560084  -0.550542  -0.816560   0.001000
 -0.149412  -0.142018  -0.802379   0.560084  -0.550542  -0.816560   0.001000
 -0.149412  -0.142018  -0.802379   0.560084  -0.550542  -0.816560   0.001000
 -0.149412  -0.142018  -0.802379   0.560084  -0.550542  -0.816560   0.001000
 -0.149412  -0.142018  -0.802379   0.560084  -0.550542  -0.816560   0.001000
 -0.149412  -0.142018  -0.802379   0.560084  -0.550542  -0.816560   0.001000
 -0.149412  -0.142018  -0.802379   0.560084  -0.550542  -0.816560   0.001000
 -0.161988  -0.122551  -0.806687   0.554976  -0.647992  -0.855072   0.001000
 -0.161988  -0.122551  -0.806687   0.554976  -0.647992  -0.855072   0.001000
 -0.161988  -0.122551  -0.806687   0.554976  -0.647992  -0.855072   0.001000
 -0.161988  -0.122551  -0.806687   0.554976  -0.647992  -0.855072   0.001000
 -0.154567  -0.127821  -0.796355   0.570604  -0.433918  -0.741313   0.001000
 -0.154567  -0.127821  -0.796355   0.570604  -0.433918  -0.741313   0.001000
 -0.154567  -0.127821  -0.796355   0.570604  -0.433918  -0.741313   0.001000
 -0.154567  -0.127821  -0.796355   0.570604  -0.433918  -0.741313   0.001000
 -0.154567  -0.127821  -0.796355   0.570604  -0.433918  -0.741313   0.001000
 -0.148185  -0.159110  -0.802661   0.555392  -0.306895  -0.674159   0.001000
 -0.144207  -0.148076  -0.796981   0.567538  -0.372988  -0.533034   0.001000
 -0.144207  -0.148076  -0.796981   0.567538  -0.372988  -0.533034   0.001000
 -0.144207  -0.148076  -0.796981   0.567538  -0.372988  -0.533034   0.001000
 -0.144207  -0.148076  -0.796981   0.567538  -0.372988  -0.533034   0.001000
 -0.144207  -0.148076  -0.796981   0.567538  -0.372988  -0.533034   0.001000
 -0.144207  -0.148076  -0.796981   0.567538  -0.372988  -0.533034   0.001000
 -0.144207  -0.148076  -0.796981   0.567538  -0.372988  -0.533034   0.001000
 -0.144207  -0.148076  -0.796981   0.567538  -0.372988  -0.533034   0.001000
 -0.152472  -0.131573  -0.800737   0.564146  -0.379584  -0.733739   0.001000
 -0.158449  -0.123493  -0.803725   0.560062  -0.187319  -0.875754   0.001000
 -0.158449  -0.123493  -0.803725   0.560062  -0.187319  -0.875754   0.001000
 -0.158449  -0.123493  -0.803725   0.560062  -0.187319  -0.875754   0.001000
 -0.158449  -0.123493  -0.803725   0.560062  -0.187319  -0.875754   0.001000
 -0.158449  -0.123493  -0.803725   0.560062  -0.187319  -0.875754   0.001000
 -0.147578  -0.142937  -0.809948   0.549340  -0.326181  -0.926473   0.001000
 -0.147578  -0.142937  -0.809948   0.549340  -0.326181  -0.926473   0.001000
 -0.144017  -0.120973  -0.793668   0.578546  -0.602203  -0.804991   0.001000
 -0.159839  -0.137987  -0.807038   0.551453  -0.599947  -0.857360   0.001000
 -0.136144  -0.139246  -0.802273   0.564298  -0.638328  -0.871493   0.001000
 -0.136144  -0.139246  -0.802273   0.564298  -0.638328  -0.871493   0.001000
 -0.183619  -0.161507  -0.830858   0.499875  -0.605176  -0.879463   0.001000
 -0.158823  -0.151978  -0.801206   0.556548  -0.427385  -0.555874   0.001000
 -0.150483  -0.147940  -0.793999   0.570118  -0.402456  -0.836366   0.001000
 -0.150483  -0.147940  -0.793999   0.570118  -0.402456  -0.836366   0.001000
 -0.145123  -0.121434  -0.796455   0.574328  -0.502327  -0.774729   0.001000
 -0.145123  -0.121434  -0.796455   0.574328  -0.502327  -0.774729   0.001000
 -0.145123  -0.121434  -0.796455   0.574328  -0.502327  -0.774729   0.001000
 -0.145123  -0.121434  -0.796455   0.574328  -0.502327  -0.774729   0.001000
 -0.158930  -0.139216  -0.793081   0.571300  -0.575589  -0.656724   0.001000
 -0.151401  -0.122865  -0.801663   0.565082  -0.528883  -0.559804   0.001000
 -0.151401  -0.122865  -0.801663   0.565082  -0.528883  -0.559804   0.001000
 -0.151401  -0.122865  -0.801663   0.565082  -0.528883  -0.559804   0.001000
 -0.146491  -0.144429  -0.800886   0.562372  -0.561698  -0.798053   0.001000
 -0.144764  -0.133156  -0.800639   0.565941  -0.567129  -0.768010   0.001000
 -0.161702  -0.135475  -0.796448   0.566718  -0.619570  -0.713614   0.001000
 -0.161702  -0.135475  -0.796448   0.566718  -0.619570  -0.713614   0.001000
 -0.145307  -0.149404  -0.795359   0.569182  -0.522361  -0.723930   0.001000
 -0.148462  -0.142715  -0.798526   0.565639  -0.587169  -0.777687   0.001000
 -0.148462  -0.142715  -0.798526   0.565639  -0.587169  -0.777687   0.001000
 -0.148462  -0.142715  -0.798526   0.565639  -0.587169  -0.777687   0.001000
 -0.148462  -0.142715  -0.798526   0.565639  -0.587169  -0.777687   0.001000
 -0.148462  -0.142715  -0.798526   0.565639  -0.587169  -0.777687   0.001000
 -0.148462  -0.142715  -0.798526   0.565639  -0.587169  -0.777687   0.001000
 -0.148462  -0.142715  -0.798526   0.565639  -0.587169  -0.777687   0.001000
 -0.148462  -0.142715  -0.798526   0.565639  -0.587169  -0.777687   0.001000
 -0.148462  -0.142715  -0.798526   0.565639  -0.587169  -0.777687   0.001000
 -0.148462  -0.142715  -0.798526   0.565639  -0.587169  -0.777687   0.001000
 -0.148462  -0.142715  -0.798526   0.565639  -0.587169  -0.777687   0.001000
 -0.148462  -0.142715  -0.798526   0.565639  -0.587169  -0.777687   0.001000
 -0.148462  -0.142715  -0.798526   0.565639  -0.587169  -0.777687   0.001000
 -0.148462  -0.142715  -0.798526   0.565639  -0.587169  -0.777687   0.001000
 -0.148462  -0.142715  -0.798526   0.565639  -0.587169  -0.777687   0.001000
 -0.148462  -0.142715  -0.798526   0.565639  -0.587169  -0.777687   0.001000
 -0.148462  -0.142715  -0.798526   0.565639  -0.587169  -0.777687   0.001000
 -0.148462  -0.142715  -0.798526   0.565639  -0.587169  -0.777687   0.001000
 -0.148462  -0.142715  -0.798526   0.565639  -0.587169  -0.777687   0.001000
 -0.148462  -0.142715  -0.798526   0.565639  -0.587169  -0.777687   0.001000
 -0.148462  -0.142715  -0.798526   0.565639  -0.587169  -0.777687   0.001000
 -0.148462  -0.142715  -0.798526   0.565639  -0.587169  -0.777687   0.001000
 -0.148462  -0.142715  -0.798526   0.565639  -0.587169  -0.777687   0.001000
 -0.148462  -0.142715  -0.798526   0.565639  -0.587169  -0.777687   0.001000
 -0.148462  -0.142715  -0.798526   0.565639  -0.587169  -0.777687   0.001000
 -0.148462  -0.142715  -0.798526   0.565639  -0.587169  -0.777687   0.001000
 -0.148462  -0.142715  -0.798526   0.565639  -0.587169  -0.777687   0.001000
 -0.148462  -0.142715  -0.798526   0.565639  -0.587169  -0.777687   0.001000
 -0.148462  -0.142715  -0.798526   0.565639  -0.587169  -0.777687   0.001000
 -0.148462  -0.142715  -0.798526   0.565639  -0.587169  -0.777687   0.001000
 -0.148462  -0.142715  -0.798526   0.565639  -0.587169  -0.777687   0.001000
 -0.148462  -0.142715  -0.798526   0.565639  -0.587169  -0.777687   0.001000
 -0.148462  -0.142715  -0.798526   0.565639  -0.587169  -0.777687   0.001000
 -0.148462  -0.142715  -0.798526   0.565639  -0.587169  -0.777687   0.001000
 -0.148462  -0.142715  -0.798526   0.565639  -0.587169  -0.777687   0.001000
 -0.148462  -0.142715  -0.798526   0.565639  -0.587169  -0.777687   0.001000
 -0.148462  -0.142715  -0.798526   0.565639  -0.587169  -0.777687   0.001000
 -0.148462  -0.142715  -0.798526   0.565639  -0.587169  -0.777687   0.001000
 -0.148462  -0.142715  -0.798526   0.565639  -0.587169  -0.777687   0.001000
 -0.148462  -0.142715  -0.798526   0.565639  -0.587169  -0.777687   0.001000
 -0.148462  -0.142715  -0.798526   0.565639  -0.587169  -0.777687   0.001000
 -0.148462  -0.142715  -0.798526   0.565639  -0.587169  -0.777687   0.001000
 -0.148462  -0.142715  -0.798526   0.565639  -0.587169  -0.777687   0.001000
 -0.148462  -0.142715  -0.798526   0.565639  -0.587169  -0.777687   0.001000
 -0.148462  -0.142715  -0.798526   0.565639  -0.587169  -0.777687   0.001000
 -0.148462  -0.142715  -0.798526   0.565639  -0.587169  -0.777687   0.001000
 -0.148462  -0.142715  -0.798526   0.565639  -0.587169  -0.777687   0.001000
 -0.148462  -0.142715  -0.798526   0.565639  -0.587169  -0.777687   0.001000
 -0.148462  -0.142715  -0.798526   0.565639  -0.587169  -0.777687   0.001000
 -0.148462  -0.142715  -0.798526   0.565639  -0.587169  -0.777687   0.001000
 -0.148462  -0.142715  -0.798526   0.565639  -0.587169  -0.777687   0.001000
 -0.148462  -0.142715  -0.798526   0.565639  -0.587169  -0.777687   0.001000
 -0.148462  -0.142715  -0.798526   0.565639  -0.587169  -0.777687   0.001000
 -0.148462  -0.142715  -0.798526   0.565639  -0.587169  -0.777687   0.001000
 -0.148462  -0.142715  -0.798526   0.565639  -0.587169  -0.777687   0.001000
 -0.148462  -0.142715  -0.798526   0.565639  -0.587169  -0.777687   0.001000
 -0.148462  -0.142715  -0.798526   0.565639  -0.587169  -0.777687   0.001000
 -0.148462  -0.142715  -0.798526   0.565639  -0.587169  -0.777687   0.001000
 -0.148462  -0.142715  -0.798526   0.565639  -0.587169  -0.777687   0.001000
 -0.148462  -0.142715  -0.798526   0.565639  -0.587169  -0.777687   0.001000
 -0.148462  -0.142715  -0.798526   0.565639  -0.587169  -0.777687   0.001000
 -0.148462  -0.142715  -0.798526   0.565639  -0.587169  -0.777687   0.001000
 -0.148462  -0.142715  -0.798526   0.565639  -0.587169  -0.777687   0.001000
 -0.148462  -0.142715  -0.798526   0.565639  -0.587169  -0.777687   0.001000
 -0.148462  -0.142715  -0.798526   0.565639  -0.587169  -0.777687   0.001000
 -0.148462  -0.142715  -0.798526   0.565639  -0.587169  -0.777687   0.001000
 -0.148462  -0.142715  -0.798526   0.565639  -0.587169  -0.777687   0.001000
 -0.148462  -0.142715  -0.798526   0.565639  -0.587169  -0.777687   0.001000
 -0.148462  -0.142715  -0.798526   0.565639  -0.587169  -0.777687   0.001000
 -0.148425  -0.142197  -0.791876   0.575050  -0.637353  -0.603412   0.001000
 -0.147815  -0.136183  -0.789874   0.579400  -0.485827  -0.789067   0.001000
 -0.142883  -0.131184  -0.811154   0.551729  -0.501335  -0.725396   0.001000
 -0.142883  -0.131184  -0.811154   0.551729  -0.501335  -0.725396   0.001000
 -0.157473  -0.124625  -0.793345   0.574696  -0.434874  -0.610917   0.001000
 -0.157473  -0.124625  -0.793345   0.574696  -0.434874  -0.610917   0.001000
 -0.157473  -0.124625  -0.793345   0.574696  -0.434874  -0.610917   0.001000
 -0.157473  -0.124625  -0.793345   0.574696  -0.434874  -0.610917   0.001000
 -0.157473  -0.124625  -0.793345   0.574696  -0.434874  -0.610917   0.001000
 -0.157473  -0.124625  -0.793345   0.574696  -0.434874  -0.610917   0.001000
 -0.147319  -0.145761  -0.795552   0.569340  -0.530905  -0.648386   0.001000
 -0.147319  -0.145761  -0.795552   0.569340  -0.530905  -0.648386   0.001000
 -0.141977  -0.148310  -0.799709   0.564192  -0.527224  -0.583773   0.001000
 -0.139451  -0.147019  -0.792454   0.575288  -0.507850  -0.621386   0.001000
 -0.146782  -0.136788  -0.799708   0.565873  -0.494413  -0.825295   0.001000
 -0.146782  -0.136788  -0.799708   0.565873  -0.494413  -0.825295   0.001000
 -0.146782  -0.136788  -0.799708   0.565873  -0.494413  -0.825295   0.001000
 -0.146782  -0.136788  -0.799708   0.565873  -0.494413  -0.825295   0.001000
 -0.146782  -0.136788  -0.799708   0.565873  -0.494413  -0.825295   0.001000
 -0.150211  -0.152575  -0.811921   0.543085  -0.521619  -0.722737   0.001000
 -0.150211  -0.152575  -0.811921   0.543085  -0.521619  -0.722737   0.001000
 -0.150211  -0.152575  -0.811921   0.543085  -0.521619  -0.722737   0.001000
 -0.150211  -0.152575  -0.811921   0.543085  -0.521619  -0.722737   0.001000
 -0.150211  -0.152575  -0.811921   0.543085  -0.521619  -0.722737   0.001000
 -0.134618  -0.141971  -0.791682   0.578759  -0.528607  -0.648660   0.001000
 -0.153764  -0.139821  -0.795140   0.569701  -0.497428  -0.510486   0.001000
 -0.153764  -0.139821  -0.795140   0.569701  -0.497428  -0.510486   0.001000
 -0.153764  -0.139821  -0.795140   0.569701  -0.497428  -0.510486   0.001000
 -0.146561  -0.126447  -0.802759   0.564012  -0.645827  -0.796769   0.001000
 -0.146561  -0.126447  -0.802759   0.564012  -0.645827  -0.796769   0.001000
 -0.146561  -0.126447  -0.802759   0.564012  -0.645827  -0.796769   0.001000
 -0.138212  -0.138675  -0.809081   0.554124  -0.569972  -0.712952   0.001000
 -0.138212  -0.138675  -0.809081   0.554124  -0.569972  -0.712952   0.001000
 -0.138212  -0.138675  -0.809081   0.554124  -0.569972  -0.712952   0.001000
 -0.138212  -0.138675  -0.809081   0.554124  -0.569972  -0.712952   0.001000
 -0.138212  -0.138675  -0.809081   0.554124  -0.569972  -0.712952   0.001000
 -0.138212  -0.138675  -0.809081   0.554124  -0.569972  -0.712952   0.001000
 -0.138212  -0.138675  -0.809081   0.554124  -0.569972  -0.712952   0.001000
 -0.138212  -0.138675  -0.809081   0.554124  -0.569972  -0.712952   0.001000
 -0.138212  -0.138675  -0.809081   0.554124  -0.569972  -0.712952   0.001000
 -0.148152  -0.154488  -0.792887   0.570539  -0.553761  -0.763976   0.001000
 -0.148152  -0.154488  -0.792887   0.570539  -0.553761  -0.763976   0.001000
 -0.148152  -0.154488  -0.792887   0.570539  -0.553761  -0.763976   0.001000
 -0.138268  -0.134578  -0.800415   0.567545  -0.528829  -0.674790   0.001000
 -0.138268  -0.134578  -0.800415   0.567545  -0.528829  -0.674790   0.001000
 -0.138268  -0.134578  -0.800415   0.567545  -0.528829  -0.674790   0.001000
 -0.138268  -0.134578  -0.800415   0.567545  -0.528829  -0.674790   0.001000
 -0.138268  -0.134578  -0.800415   0.567545  -0.528829  -0.674790   0.001000
 -0.138268  -0.134578  -0.800415   0.567545  -0.528829  -0.674790   0.001000
 -0.137826  -0.159911  -0.803946   0.555971  -0.417673  -0.790851   0.001000
 -0.147684  -0.143527  -0.804588   0.556981  -0.311835  -0.828068   0.001000
 -0.147684  -0.143527  -0.804588   0.556981  -0.311835  -0.828068   0.001000
 -0.147684  -0.143527  -0.804588   0.556981  -0.311835  -0.828068   0.001000
 -0.147684  -0.143527  -0.804588   0.556981  -0.311835  -0.828068   0.001000
 -0.147684  -0.143527  -0.804588   0.556981  -0.311835  -0.828068   0.001000
 -0.147684  -0.143527  -0.804588   0.556981  -0.311835  -0.828068   0.001000
 -0.147684  -0.143527  -0.804588   0.556981  -0.311835  -0.828068   0.001000
 -0.147684  -0.143527  -0.804588   0.556981  -0.311835  -0.828068   0.001000
 -0.149373  -0.131180  -0.790378   0.579467  -0.624867  -0.840927   0.001000
 -0.151929  -0.117778  -0.792476   0.578816  -0.419864  -0.565276   0.001000
 -0.157608  -0.127784  -0.799057   0.565985  -0.535240  -0.779311   0.001000
 -0.157608  -0.127784  -0.799057   0.565985  -0.535240  -0.779311   0.001000
 -0.157608  -0.127784  -0.799057   0.565985  -0.535240  -0.779311   0.001000
 -0.169686  -0.135326  -0.803909   0.553736  -0.450868  -0.747338   0.001000
 -0.155731  -0.125842  -0.793319   0.574940  -0.417125  -0.816245   0.001000
 -0.155731  -0.125842  -0.793319   0.574940  -0.417125  -0.816245   0.001000
 -0.147304  -0.132566  -0.795257   0.572970  -0.409490  -0.574501   0.001000
 -0.147304  -0.132566  -0.795257   0.572970  -0.409490  -0.574501   0.001000
 -0.147304  -0.132566  -0.795257   0.572970  -0.409490  -0.574501   0.001000
 -0.147304  -0.132566  -0.795257   0.572970  -0.409490  -0.574501   0.001000
 -0.147304  -0.132566  -0.795257   0.572970  -0.409490  -0.574501   0.001000
 -0.147304  -0.132566  -0.795257   0.572970  -0.409490  -0.574501   0.001000
 -0.147304  -0.132566  -0.795257   0.572970  -0.409490  -0.574501   0.001000
 -0.147304  -0.132566  -0.795257   0.572970  -0.409490  -0.574501   0.001000
 -0.145666  -0.148171  -0.794606   0.570463  -0.373067  -0.850477   0.001000
 -0.140651  -0.157657  -0.808731   0.548922  -0.572794  -0.692493   0.001000
 -0.140651  -0.157657  -0.808731   0.548922  -0.572794  -0.692493   0.001000
 -0.140651  -0.157657  -0.808731   0.548922  -0.572794  -0.692493   0.001000
 -0.140651  -0.157657  -0.808731   0.548922  -0.572794  -0.692493   0.001000
 -0.140651  -0.157657  -0.808731   0.548922  -0.572794  -0.692493   0.001000
 -0.140651  -0.157657  -0.808731   0.548922  -0.572794  -0.692493   0.001000
 -0.143588  -0.151165  -0.807794   0.551362  -0.575126  -1.028760   0.001000
 -0.143588  -0.151165  -0.807794   0.551362  -0.575126  -1.028760   0.001000
 -0.154767  -0.136527  -0.801561   0.561167  -0.561791  -0.682688   0.001000
 -0.154767  -0.136527  -0.801561   0.561167  -0.561791  -0.682688   0.001000
 -0.154767  -0.136527  -0.801561   0.561167  -0.561791  -0.682688   0.001000
 -0.143169  -0.129617  -0.810468   0.553032  -0.322595  -1.064148   0.001000
 -0.150514  -0.137760  -0.798290   0.566657  -0.360959  -0.780416   0.001000
 -0.150514  -0.137760  -0.798290   0.566657  -0.360959  -0.780416   0.001000
 -0.150514  -0.137760  -0.798290   0.566657  -0.360959  -0.780416   0.001000
 -0.150514  -0.137760  -0.798290   0.566657  -0.360959  -0.780416   0.001000
 -0.150514  -0.137760  -0.798290   0.566657  -0.360959  -0.780416   0.001000
 -0.150514  -0.137760  -0.798290   0.566657  -0.360959  -0.780416   0.001000
 -0.150514  -0.137760  -0.798290   0.566657  -0.360959  -0.780416   0.001000
 -0.150514  -0.137760  -0.798290   0.566657  -0.360959  -0.780416   0.001000
 -0.150514  -0.137760  -0.798290   0.566657  -0.360959  -0.780416   0.001000
 -0.150514  -0.137760  -0.798290   0.566657  -0.360959  -0.780416   0.001000
 -0.150514  -0.137760  -0.798290   0.566657  -0.360959  -0.780416   0.001000
 -0.150514  -0.137760  -0.798290   0.566657  -0.360959  -0.780416   0.001000
 -0.150514  -0.137760  -0.798290   0.566657  -0.360959  -0.780416   0.001000
 -0.150514  -0.137760  -0.798290   0.566657  -0.360959  -0.780416   0.001000
 -0.150514  -0.137760  -0.798290   0.566657  -0.360959  -0.780416   0.001000
 -0.150514  -0.137760  -0.798290   0.566657  -0.360959  -0.780416   0.001000
 -0.150514  -0.137760  -0.798290   0.566657  -0.360959  -0.780416   0.001000
 -0.150514  -0.137760  -0.798290   0.566657  -0.360959  -0.780416   0.001000
 -0.150514  -0.137760  -0.798290   0.566657  -0.360959  -0.780416   0.001000
 -0.150514  -0.137760  -0.798290   0.566657  -0.360959  -0.780416   0.001000
 -0.150514  -0.137760  -0.798290   0.566657  -0.360959  -0.780416   0.001000
 -0.150514  -0.137760  -0.798290   0.566657  -0.360959  -0.780416   0.001000
 -0.150514  -0.137760  -0.798290   0.566657  -0.360959  -0.780416   0.001000
 -0.150514  -0.137760  -0.798290   0.566657  -0.360959  -0.780416   0.001000
 -0.150514  -0.137760  -0.798290   0.566657  -0.360959  -0.780416   0.001000
 -0.150514  -0.137760  -0.798290   0.566657  -0.360959  -0.780416   0.001000
 -0.150514  -0.137760  -0.798290   0.566657  -0.360959  -0.780416   0.001000
 -0.150514  -0.137760  -0.798290   0.566657  -0.360959  -0.780416   0.001000
 -0.152067  -0.138113  -0.800054   0.563661  -0.240708  -0.860477   0.001000
 -0.152067  -0.138113  -0.800054   0.563661  -0.240708  -0.860477   0.001000
 -0.152067  -0.138113  -0.800054   0.563661  -0.240708  -0.860477   0.001000
 -0.152067  -0.138113  -0.800054   0.563661  -0.240708  -0.860477   0.001000
 -0.152067  -0.138113  -0.800054   0.563661  -0.240708  -0.860477   0.001000
 -0.152067  -0.138113  -0.800054   0.563661  -0.240708  -0.860477   0.001000
 -0.152067  -0.138113  -0.800054   0.563661  -0.240708  -0.860477   0.001000
 -0.152067  -0.138113  -0.800054   0.563661  -0.240708  -0.860477   0.001000
 -0.152067  -0.138113  -0.800054   0.563661  -0.240708  -0.860477   0.001000
 -0.136042  -0.147519  -0.808529   0.553183  -0.309335  -0.746355   0.001000
 -0.153049  -0.129187  -0.803982   0.559910  -0.319944  -0.757896   0.001000
 -0.144919  -0.143250  -0.802895   0.560213  -0.336114  -0.797395   0.001000
 -0.144919  -0.143250  -0.802895   0.560213  -0.336114  -0.797395   0.001000
 -0.144919  -0.143250  -0.802895   0.560213  -0.336114  -0.797395   0.001000
 -0.144919  -0.143250  -0.802895   0.560213  -0.336114  -0.797395   0.001000
 -0.144919  -0.143250  -0.802895   0.560213  -0.336114  -0.797395   0.001000
 -0.144919  -0.143250  -0.802895   0.560213  -0.336114  -0.797395   0.001000
 -0.144919  -0.143250  -0.802895   0.560213  -0.336114  -0.797395   0.001000
 -0.144919  -0.143250  -0.802895   0.560213  -0.336114  -0.797395   0.001000
 -0.144919  -0.143250  -0.802895   0.560213  -0.336114  -0.797395   0.001000
 -0.144919  -0.143250  -0.802895   0.560213  -0.336114  -0.797395   0.001000
 -0.144919  -0.143250  -0.802895   0.560213  -0.336114  -0.797395   0.001000
 -0.144919  -0.143250  -0.802895   0.560213  -0.336114  -0.797395   0.001000
 -0.144919  -0.143250  -0.802895   0.560213  -0.336114  -0.797395   0.001000
 -0.144919  -0.143250  -0.802895   0.560213  -0.336114  -0.797395   0.001000
 -0.144919  -0.143250  -0.802895   0.560213  -0.336114  -0.797395   0.001000
 -0.144919  -0.143250  -0.802895   0.560213  -0.336114  -0.797395   0.001000
 -0.146141  -0.139242  -0.797036   0.569199  -0.366566  -0.920879   0.001000
 -0.146141  -0.139242  -0.797036   0.569199  -0.366566  -0.920879   0.001000
 -0.149295  -0.134646  -0.808136   0.553622  -0.419335  -0.947373   0.001000
 -0.149295  -0.134646  -0.808136   0.553622  -0.419335  -0.947373   0.001000
 -0.149295  -0.134646  -0.808136   0.553622  -0.419335  -0.947373   0.001000
 -0.149295  -0.134646  -0.808136   0.553622  -0.419335  -0.947373   0.001000
 -0.149295  -0.134646  -0.808136   0.553622  -0.419335  -0.947373   0.001000
 -0.149295  -0.134646  -0.808136   0.553622  -0.419335  -0.947373   0.001000
 -0.149295  -0.134646  -0.808136   0.553622  -0.419335  -0.947373   0.001000
 -0.149295  -0.134646  -0.808136   0.553622  -0.419335  -0.947373   0.001000
 -0.149295  -0.134646  -0.808136   0.553622  -0.419335  -0.947373   0.001000
 -0.149295  -0.134646  -0.808136   0.553622  -0.419335  -0.947373   0.001000
 -0.149295  -0.134646  -0.808136   0.553622  -0.419335  -0.947373   0.001000
 -0.149295  -0.134646  -0.808136   0.553622  -0.419335  -0.947373   0.001000
 -0.149295  -0.134646  -0.808136   0.553622  -0.419335  -0.947373   0.001000
 -0.149295  -0.134646  -0.808136   0.553622  -0.419335  -0.947373   0.001000
 -0.149295  -0.134646  -0.808136   0.553622  -0.419335  -0.947373   0.001000
 -0.149295  -0.134646  -0.808136   0.553622  -0.419335  -0.947373   0.001000
 -0.149295  -0.134646  -0.808136   0.553622  -0.419335  -0.947373   0.001000
 -0.149295  -0.134646  -0.808136   0.553622  -0.419335  -0.947373   0.001000
 -0.149295  -0.134646  -0.808136   0.553622  -0.419335  -0.947373   0.001000
 -0.149295  -0.134646  -0.808136   0.553622  -0.419335  -0.947373   0.001000
 -0.149295  -0.134646  -0.808136   0.553622  -0.419335  -0.947373   0.001000
 -0.149295  -0.134646  -0.808136   0.553622  -0.419335  -0.947373   0.001000
 -0.149295  -0.134646  -0.808136   0.553622  -0.419335  -0.947373   0.001000
 -0.149295  -0.134646  -0.808136   0.553622  -0.419335  -0.947373   0.001000
 -0.149295  -0.134646  -0.808136   0.553622  -0.419335  -0.947373   0.001000
 -0.149295  -0.134646  -0.808136   0.553622  -0.419335  -0.947373   0.001000
 -0.149295  -0.134646  -0.808136   0.553622  -0.419335  -0.947373   0.001000
 -0.149295  -0.134646  -0.808136   0.553622  -0.419335  -0.947373   0.001000
 -0.149295  -0.134646  -0.808136   0.553622  -0.419335  -0.947373   0.001000
 -0.149295  -0.134646  -0.808136   0.553622  -0.419335  -0.947373   0.001000
 -0.139743  -0.158697  -0.798012   0.564327  -0.363127  -0.775129   0.001000
 -0.151225  -0.160606  -0.800494   0.557267  -0.307253  -0.740211   0.001000
 -0.151225  -0.160606  -0.800494   0.557267  -0.307253  -0.740211   0.001000
 -0.155330  -0.132507  -0.810101   0.549592  -0.351819  -0.695253   0.001000
 -0.152860  -0.121986  -0.811462   0.550710  -0.553892  -0.650975   0.001000
 -0.142258  -0.135017  -0.806970   0.557074  -0.445199  -0.741348   0.001000
 -0.142258  -0.135017  -0.806970   0.557074  -0.445199  -0.741348   0.001000
 -0.142258  -0.135017  -0.806970   0.557074  -0.445199  -0.741348   0.001000
 -0.142258  -0.135017  -0.806970   0.557074  -0.445199  -0.741348   0.001000
 -0.142258  -0.135017  -0.806970   0.557074  -0.445199  -0.741348   0.001000
 -0.142258  -0.135017  -0.806970   0.557074  -0.445199  -0.741348   0.001000
 -0.142258  -0.135017  -0.806970   0.557074  -0.445199  -0.741348   0.001000
 -0.142258  -0.135017  -0.806970   0.557074  -0.445199  -0.741348   0.001000
 -0.142258  -0.135017  -0.806970   0.557074  -0.445199  -0.741348   0.001000
 -0.142258  -0.135017  -0.806970   0.557074  -0.445199  -0.741348   0.001000
 -0.142258  -0.135017  -0.806970   0.557074  -0.445199  -0.741348   0.001000
 -0.142258  -0.135017  -0.806970   0.557074  -0.445199  -0.741348   0.001000
 -0.161229  -0.119413  -0.807410   0.554829  -0.506744  -0.683508   0.001000
 -0.161229  -0.119413  -0.807410   0.554829  -0.506744  -0.683508   0.001000
 -0.161229  -0.119413  -0.807410   0.554829  -0.506744  -0.683508   0.001000
 -0.161229  -0.119413  -0.807410   0.554829  -0.506744  -0.683508   0.001000
 -0.151264  -0.139574  -0.801240   0.561829  -0.443958  -0.888442   0.001000
 -0.151264  -0.139574  -0.801240   0.561829  -0.443958  -0.888442   0.001000
 -0.151264  -0.139574  -0.801240   0.561829  -0.443958  -0.888442   0.001000
 -0.151264  -0.139574  -0.801240   0.561829  -0.443958  -0.888442   0.001000
 -0.151264  -0.139574  -0.801240   0.561829  -0.443958  -0.888442   0.001000
 -0.151264  -0.139574  -0.801240   0.561829  -0.443958  -0.888442   0.001000
 -0.151264  -0.139574  -0.801240   0.561829  -0.443958  -0.888442   0.001000
 -0.151264  -0.139574  -0.801240   0.561829  -0.443958  -0.888442   0.001000
 -0.151264  -0.139574  -0.801240   0.561829  -0.443958  -0.888442   0.001000
 -0.151264  -0.139574  -0.801240   0.561829  -0.443958  -0.888442   0.001000
 -0.151264  -0.139574  -0.801240   0.561829  -0.443958  -0.888442   0.001000
 -0.151264  -0.139574  -0.801240   0.561829  -0.443958  -0.888442   0.001000
 -0.151264  -0.139574  -0.801240   0.561829  -0.443958  -0.888442   0.001000
 -0.151264  -0.139574  -0.801240   0.561829  -0.443958  -0.888442   0.001000
 -0.151264  -0.139574  -0.801240   0.561829  -0.443958  -0.888442   0.001000
 -0.151264  -0.139574  -0.801240   0.561829  -0.443958  -0.888442   0.001000
 -0.151264  -0.139574  -0.801240   0.561829  -0.443958  -0.888442   0.001000
 -0.151264  -0.139574  -0.801240   0.561829  -0.443958  -0.888442   0.001000
 -0.151264  -0.139574  -0.801240   0.561829  -0.443958  -0.888442   0.001000
 -0.151264  -0.139574  -0.801240   0.561829  -0.443958  -0.888442   0.001000
 -0.151264  -0.139574  -0.801240   0.561829  -0.443958  -0.888442   0.001000
 -0.151264  -0.139574  -0.801240   0.561829  -0.443958  -0.888442   0.001000
 -0.151264  -0.139574  -0.801240   0.561829  -0.443958  -0.888442   0.001000
 -0.151264  -0.139574  -0.801240   0.561829  -0.443958  -0.888442   0.001000
 -0.151264  -0.139574  -0.801240   0.561829  -0.443958  -0.888442   0.001000
 -0.151264  -0.139574  -0.801240   0.561829  -0.443958  -0.888442   0.001000
 -0.151264  -0.139574  -0.801240   0.561829  -0.443958  -0.888442   0.001000
 -0.151264  -0.139574  -0.801240   0.561829  -0.443958  -0.888442   0.001000
 -0.151264  -0.139574  -0.801240   0.561829  -0.443958  -0.888442   0.001000
 -0.151264  -0.139574  -0.801240   0.561829  -0.443958  -0.888442   0.001000
 -0.151264  -0.139574  -0.801240   0.561829  -0.443958  -0.888442   0.001000
 -0.151264  -0.139574  -0.801240   0.561829  -0.443958  -0.888442   0.001000
 -0.151264  -0.139574  -0.801240   0.561829  -0.443958  -0.888442   0.001000
 -0.137743  -0.139064  -0.811052   0.551256  -0.437624  -0.695404   0.001000
 -0.137743  -0.139064  -0.811052   0.551256  -0.437624  -0.695404   0.001000
 -0.137743  -0.139064  -0.811052   0.551256  -0.437624  -0.695404   0.001000
 -0.137743  -0.139064  -0.811052   0.551256  -0.437624  -0.695404   0.001000
 -0.137743  -0.139064  -0.811052   0.551256  -0.437624  -0.695404   0.001000
 -0.172508  -0.125860  -0.791227   0.573028  -0.479475  -1.089896   0.001000
 -0.149349  -0.131112  -0.796979   0.570377  -0.435084  -1.047148   0.001000
 -0.149349  -0.131112  -0.796979   0.570377  -0.435084  -1.047148   0.001000
 -0.149349  -0.131112  -0.796979   0.570377  -0.435084  -1.047148   0.001000
 -0.166313  -0.124157  -0.816360   0.538963  -0.359583  -1.069501   0.001000
 -0.159084  -0.129526  -0.792617   0.574172  -0.288570  -0.945330   0.001000
 -0.159084  -0.129526  -0.792617   0.574172  -0.288570  -0.945330   0.001000
 -0.159084  -0.129526  -0.792617   0.574172  -0.288570  -0.945330   0.001000
 -0.159084  -0.129526  -0.792617   0.574172  -0.288570  -0.945330   0.001000
 -0.145725  -0.142438  -0.792861   0.574323  -0.283731  -0.741931   0.001000
 -0.145725  -0.142438  -0.792861   0.574323  -0.283731  -0.741931   0.001000
 -0.155823  -0.146947  -0.801176   0.558787  -0.414405  -0.724808   0.001000
 -0.155823  -0.146947  -0.801176   0.558787  -0.414405  -0.724808   0.001000
 -0.155823  -0.146947  -0.801176   0.558787  -0.414405  -0.724808   0.001000
 -0.157186  -0.128219  -0.804451   0.558310  -0.520877  -1.012360   0.001000
 -0.157186  -0.128219  -0.804451   0.558310  -0.520877  -1.012360   0.001000
 -0.150859  -0.136341  -0.787492   0.581815  -0.423108  -0.962336   0.001000
 -0.148156  -0.138775  -0.812880   0.545909  -0.542475  -1.100180   0.001000
 -0.149952  -0.134610  -0.807266   0.554722  -0.499259  -0.744884   0.001000
 -0.149952  -0.134610  -0.807266   0.554722  -0.499259  -0.744884   0.001000
 -0.149952  -0.134610  -0.807266   0.554722  -0.499259  -0.744884   0.001000
 -0.149952  -0.134610  -0.807266   0.554722  -0.499259  -0.744884   0.001000
 -0.149952  -0.134610  -0.807266   0.554722  -0.499259  -0.744884   0.001000
 -0.149952  -0.134610  -0.807266   0.554722  -0.499259  -0.744884   0.001000
 -0.149952  -0.134610  -0.807266   0.554722  -0.499259  -0.744884   0.001000
 -0.149952  -0.134610  -0.807266   0.554722  -0.499259  -0.744884   0.001000
 -0.133504  -0.134647  -0.806457   0.560065  -0.472236  -0.551126   0.001000
 -0.165831  -0.126376  -0.801152   0.560967  -0.475570  -0.655928   0.001000
 -0.165831  -0.126376  -0.801152   0.560967  -0.475570  -0.655928   0.001000
 -0.150285  -0.148118  -0.806841   0.551801  -0.425594  -0.995013   0.001000
 -0.150285  -0.148118  -0.806841   0.551801  -0.425594  -0.995013   0.001000
 -0.104863  -0.131410  -0.808974   0.563291  -0.343200  -0.802262   0.001000
 -0.137004  -0.131815  -0.802066   0.566167  -0.356924  -0.819645   0.001000
 -0.142358  -0.140930  -0.797190   0.569527  -0.377228  -1.133792   0.001000
 -0.158338  -0.136826  -0.796476   0.567304  -0.389156  -0.860847   0.001000
 -0.158338  -0.136826  -0.796476   0.567304  -0.389156  -0.860847   0.001000
 -0.158338  -0.136826  -0.796476   0.567304  -0.389156  -0.860847   0.001000
 -0.158338  -0.136826  -0.796476   0.567304  -0.389156  -0.860847   0.001000
 -0.150824  -0.138413  -0.803348   0.559219  -0.346040  -0.855167   0.001000
 -0.150824  -0.138413  -0.803348   0.559219  -0.346040  -0.855167   0.001000
 -0.150824  -0.138413  -0.803348   0.559219  -0.346040  -0.855167   0.001000
 -0.150824  -0.138413  -0.803348   0.559219  -0.346040  -0.855167   0.001000
 -0.150824  -0.138413  -0.803348   0.559219  -0.346040  -0.855167   0.001000
 -0.150824  -0.138413  -0.803348   0.559219  -0.346040  -0.855167   0.001000
 -0.150824  -0.138413  -0.803348   0.559219  -0.346040  -0.855167   0.001000
 -0.150824  -0.138413  -0.803348   0.559219  -0.346040  -0.855167   0.001000
 -0.150824  -0.138413  -0.803348   0.559219  -0.346040  -0.855167   0.001000
 -0.150824  -0.138413  -0.803348   0.559219  -0.346040  -0.855167   0.001000
 -0.150824  -0.138413  -0.803348   0.559219  -0.346040  -0.855167   0.001000
 -0.150824  -0.138413  -0.803348   0.559219  -0.346040  -0.855167   0.001000
 -0.150824  -0.138413  -0.803348   0.559219  -0.346040  -0.855167   0.001000
 -0.150824  -0.138413  -0.803348   0.559219  -0.346040  -0.855167   0.001000
 -0.150824  -0.138413  -0.803348   0.559219  -0.346040  -0.855167   0.001000
 -0.150702  -0.147196  -0.801340   0.559890  -0.329073  -0.735151   0.001000
 -0.150702  -0.147196  -0.801340   0.559890  -0.329073  -0.735151   0.001000
 -0.149974  -0.143029  -0.794949   0.570181  -0.400515  -0.881212   0.001000
 -0.149974  -0.143029  -0.794949   0.570181  -0.400515  -0.881212   0.001000
 -0.148152  -0.141886  -0.795495   0.570182  -0.363263  -0.911831   0.001000
 -0.148152  -0.141886  -0.795495   0.570182  -0.363263  -0.911831   0.001000
 -0.148152  -0.141886  -0.795495   0.570182  -0.363263  -0.911831   0.001000
 -0.148152  -0.141886  -0.795495   0.570182  -0.363263  -0.911831   0.001000
 -0.148152  -0.141886  -0.795495   0.570182  -0.363263  -0.911831   0.001000
 -0.148152  -0.141886  -0.795495   0.570182  -0.363263  -0.911831   0.001000
 -0.148152  -0.141886  -0.795495   0.570182  -0.363263  -0.911831   0.001000
 -0.148152  -0.141886  -0.795495   0.570182  -0.363263  -0.911831   0.001000
 -0.148152  -0.141886  -0.795495   0.570182  -0.363263  -0.911831   0.001000
 -0.148152  -0.141886  -0.795495   0.570182  -0.363263  -0.911831   0.001000
 -0.148152  -0.141886  -0.795495   0.570182  -0.363263  -0.911831   0.001000
 -0.148152  -0.141886  -0.795495   0.570182  -0.363263  -0.911831   0.001000
 -0.160871  -0.163267  -0.837204   0.496541  -0.445865  -0.814131   0.001000
 -0.161353  -0.132690  -0.815681   0.539466  -0.393253  -0.858977   0.001000
 -0.161353  -0.132690  -0.815681   0.539466  -0.393253  -0.858977   0.001000
 -0.127182  -0.163195  -0.799022   0.564585  -0.340019  -0.879542   0.001000
 -0.127182  -0.163195  -0.799022   0.564585  -0.340019  -0.879542   0.001000
 -0.127182  -0.163195  -0.799022   0.564585  -0.340019  -0.879542   0.001000
 -0.127182  -0.163195  -0.799022   0.564585  -0.340019  -0.879542   0.001000
 -0.127182  -0.163195  -0.799022   0.564585  -0.340019  -0.879542   0.001000
 -0.127182  -0.163195  -0.799022   0.564585  -0.340019  -0.879542   0.001000
 -0.127182  -0.163195  -0.799022   0.564585  -0.340019  -0.879542   0.001000
 -0.127182  -0.163195  -0.799022   0.564585  -0.340019  -0.879542   0.001000
 -0.127182  -0.163195  -0.799022   0.564585  -0.340019  -0.879542   0.001000
 -0.127182  -0.163195  -0.799022   0.564585  -0.340019  -0.879542   0.001000
 -0.127182  -0.163195  -0.799022   0.564585  -0.340019  -0.879542   0.001000
 -0.127182  -0.163195  -0.799022   0.564585  -0.340019  -0.879542   0.001000
 -0.127182  -0.163195  -0.799022   0.564585  -0.340019  -0.879542   0.001000
 -0.127182  -0.163195  -0.799022   0.564585  -0.340019  -0.879542   0.001000
 -0.127182  -0.163195  -0.799022   0.564585  -0.340019  -0.879542   0.001000
 -0.157367  -0.136211  -0.803036   0.558404  -0.292942  -0.811572   0.001000
 -0.159190  -0.129511  -0.803136   0.559337  -0.292602  -0.646497   0.001000
 -0.159190  -0.129511  -0.803136   0.559337  -0.292602  -0.646497   0.001000
 -0.151561  -0.129462  -0.801874   0.563265  -0.325158  -0.837152   0.001000
 -0.151561  -0.129462  -0.801874   0.563265  -0.325158  -0.837152   0.001000
 -0.151561  -0.129462  -0.801874   0.563265  -0.325158  -0.837152   0.001000
 -0.151561  -0.129462  -0.801874   0.563265  -0.325158  -0.837152   0.001000
 -0.151561  -0.129462  -0.801874   0.563265  -0.325158  -0.837152   0.001000
 -0.151561  -0.129462  -0.801874   0.563265  -0.325158  -0.837152   0.001000
 -0.151561  -0.129462  -0.801874   0.563265  -0.325158  -0.837152   0.001000
 -0.151997  -0.135264  -0.807870   0.553125  -0.251964  -0.750871   0.001000
 -0.138209  -0.127374  -0.789117   0.584780  -0.366952  -0.803633   0.001000
 -0.155291  -0.146528  -0.803048   0.556352  -0.339180  -0.908338   0.001000
 -0.155291  -0.146528  -0.803048   0.556352  -0.339180  -0.908338   0.001000
 -0.147712  -0.137138  -0.802072   0.562188  -0.430817  -0.748564   0.001000
 -0.147712  -0.137138  -0.802072   0.562188  -0.430817  -0.748564   0.001000
 -0.147712  -0.137138  -0.802072   0.562188  -0.430817  -0.748564   0.001000
 -0.147712  -0.137138  -0.802072   0.562188  -0.430817  -0.748564   0.001000
 -0.147712  -0.137138  -0.802072   0.562188  -0.430817  -0.748564   0.001000
 -0.147712  -0.137138  -0.802072   0.562188  -0.430817  -0.748564   0.001000
 -0.147712  -0.137138  -0.802072   0.562188  -0.430817  -0.748564   0.001000
 -0.147712  -0.137138  -0.802072   0.562188  -0.430817  -0.748564   0.001000
 -0.147712  -0.137138  -0.802072   0.562188  -0.430817  -0.748564   0.001000
 -0.147712  -0.137138  -0.802072   0.562188  -0.430817  -0.748564   0.001000
 -0.147712  -0.137138  -0.802072   0.562188  -0.430817  -0.748564   0.001000
 -0.147712  -0.137138  -0.802072   0.562188  -0.430817  -0.748564   0.001000
 -0.147712  -0.137138  -0.802072   0.562188  -0.430817  -0.748564   0.001000
 -0.147712  -0.137138  -0.802072   0.562188  -0.430817  -0.748564   0.001000
 -0.147712  -0.137138  -0.802072   0.562188  -0.430817  -0.748564   0.001000
 -0.147712  -0.137138  -0.802072   0.562188  -0.430817  -0.748564   0.001000
 -0.147712  -0.137138  -0.802072   0.562188  -0.430817  -0.748564   0.001000
 -0.147712  -0.137138  -0.802072   0.562188  -0.430817  -0.748564   0.001000
 -0.147712  -0.137138  -0.802072   0.562188  -0.430817  -0.748564   0.001000
 -0.147712  -0.137138  -0.802072   0.562188  -0.430817  -0.748564   0.001000
 -0.147712  -0.137138  -0.802072   0.562188  -0.430817  -0.748564   0.001000
 -0.147712  -0.137138  -0.802072   0.562188  -0.430817  -0.748564   0.001000
 -0.147712  -0.137138  -0.802072   0.562188  -0.430817  -0.748564   0.001000
 -0.147712  -0.137138  -0.802072   0.562188  -0.430817  -0.748564   0.001000
 -0.147712  -0.137138  -0.802072   0.562188  -0.430817  -0.748564   0.001000
 -0.144530  -0.141418  -0.805831   0.556550  -0.354712  -0.808658   0.001000
 -0.144530  -0.141418  -0.805831   0.556550  -0.354712  -0.808658   0.001000
 -0.144530  -0.141418  -0.805831   0.556550  -0.354712  -0.808658   0.001000
 -0.144530  -0.141418  -0.805831   0.556550  -0.354712  -0.808658   0.001000
 -0.144530  -0.141418  -0.805831   0.556550  -0.354712  -0.808658   0.001000
 -0.144124  -0.151666  -0.801609   0.560044  -0.345707  -0.988799   0.001000
 -0.136964  -0.138322  -0.798683   0.569398  -0.438250  -0.804473   0.001000
 -0.160026  -0.137600  -0.798051   0.564423  -0.361171  -0.650349   0.001000
 -0.165334  -0.123886  -0.801130   0.561700  -0.372222  -0.741960   0.001000
 -0.165334  -0.123886  -0.801130   0.561700  -0.372222  -0.741960   0.001000
 -0.154172  -0.140528  -0.793823   0.571252  -0.213030  -0.988861   0.001000
 -0.158613  -0.119658  -0.795375   0.572628  -0.368403  -0.908245   0.001000
 -0.154807  -0.145367  -0.793114   0.570853  -0.493879  -0.671278   0.001000
 -0.150671  -0.135377  -0.798178   0.567347  -0.494452  -0.754317   0.001000
 -0.150671  -0.135377  -0.798178   0.567347  -0.494452  -0.754317   0.001000
 -0.150671  -0.135377  -0.798178   0.567347  -0.494452  -0.754317   0.001000
 -0.150671  -0.135377  -0.798178   0.567347  -0.494452  -0.754317   0.001000
 -0.150671  -0.135377  -0.798178   0.567347  -0.494452  -0.754317   0.001000
 -0.150671  -0.135377  -0.798178   0.567347  -0.494452  -0.754317   0.001000
 -0.150671  -0.135377  -0.798178   0.567347  -0.494452  -0.754317   0.001000
 -0.143568  -0.157778  -0.794235   0.568933  -0.475733  -0.614588   0.001000
 -0.150327  -0.150788  -0.809174   0.547633  -0.460664  -0.757143   0.001000
 -0.146724  -0.144822  -0.802762   0.559528  -0.536192  -0.554073   0.001000
 -0.146724  -0.144822  -0.802762   0.559528  -0.536192  -0.554073   0.001000
 -0.146724  -0.144822  -0.802762   0.559528  -0.536192  -0.554073   0.001000
 -0.146724  -0.144822  -0.802762   0.559528  -0.536192  -0.554073   0.001000
 -0.146724  -0.144822  -0.802762   0.559528  -0.536192  -0.554073   0.001000
 -0.146724  -0.144822  -0.802762   0.559528  -0.536192  -0.554073   0.001000
 -0.146724  -0.144822  -0.802762   0.559528  -0.536192  -0.554073   0.001000
 -0.151303  -0.141796  -0.798325   0.565402  -0.465674  -0.658516   0.001000
 -0.151303  -0.141796  -0.798325   0.565402  -0.465674  -0.658516   0.001000
 -0.151303  -0.141796  -0.798325   0.565402  -0.465674  -0.658516   0.001000
 -0.151303  -0.141796  -0.798325   0.565402  -0.465674  -0.658516   0.001000
 -0.151303  -0.141796  -0.798325   0.565402  -0.465674  -0.658516   0.001000
 -0.151303  -0.141796  -0.798325   0.565402  -0.465674  -0.658516   0.001000
 -0.151303  -0.141796  -0.798325   0.565402  -0.465674  -0.658516   0.001000
 -0.151303  -0.141796  -0.798325   0.565402  -0.465674  -0.658516   0.001000
 -0.151303  -0.141796  -0.798325   0.565402  -0.465674  -0.658516   0.001000
 -0.151303  -0.141796  -0.798325   0.565402  -0.465674  -0.658516   0.001000
 -0.151303  -0.141796  -0.798325   0.565402  -0.465674  -0.658516   0.001000
 -0.151303  -0.141796  -0.798325   0.565402  -0.465674  -0.658516   0.001000
 -0.151303  -0.141796  -0.798325   0.565402  -0.465674  -0.658516   0.001000
 -0.151303  -0.141796  -0.798325   0.565402  -0.465674  -0.658516   0.001000
 -0.151303  -0.141796  -0.798325   0.565402  -0.465674  -0.658516   0.001000
 -0.151303  -0.141796  -0.798325   0.565402  -0.465674  -0.658516   0.001000
 -0.151303  -0.141796  -0.798325   0.565402  -0.465674  -0.658516   0.001000
 -0.151303  -0.141796  -0.798325   0.565402  -0.465674  -0.658516   0.001000
 -0.153087  -0.139416  -0.783856   0.585404  -0.445609  -0.753421   0.001000
 -0.145172  -0.148353  -0.796709   0.567601  -0.539539  -0.766910   0.001000
 -0.145172  -0.148353  -0.796709   0.567601  -0.539539  -0.766910   0.001000
 -0.145172  -0.148353  -0.796709   0.567601  -0.539539  -0.766910   0.001000
 -0.145172  -0.148353  -0.796709   0.567601  -0.539539  -0.766910   0.001000
 -0.145172  -0.148353  -0.796709   0.567601  -0.539539  -0.766910   0.001000
 -0.145172  -0.148353  -0.796709   0.567601  -0.539539  -0.766910   0.001000
 -0.145172  -0.148353  -0.796709   0.567601  -0.539539  -0.766910   0.001000
 -0.145172  -0.148353  -0.796709   0.567601  -0.539539  -0.766910   0.001000
 -0.150309  -0.131651  -0.803745   0.560419  -0.595441  -0.491273   0.001000
 -0.150309  -0.131651  -0.803745   0.560419  -0.595441  -0.491273   0.001000
 -0.150309  -0.131651  -0.803745   0.560419  -0.595441  -0.491273   0.001000
 -0.150309  -0.131651  -0.803745   0.560419  -0.595441  -0.491273   0.001000
 -0.150309  -0.131651  -0.803745   0.560419  -0.595441  -0.491273   0.001000
 -0.150309  -0.131651  -0.803745   0.560419  -0.595441  -0.491273   0.001000
 -0.150309  -0.131651  -0.803745   0.560419  -0.595441  -0.491273   0.001000
 -0.157265  -0.115342  -0.800081   0.567305  -0.398973  -0.533604   0.001000
 -0.155958  -0.131577  -0.785260   0.584577  -0.497237  -0.509882   0.001000
 -0.148109  -0.149694  -0.801705   0.559396  -0.442951  -0.695259   0.001000
 -0.148109  -0.149694  -0.801705   0.559396  -0.442951  -0.695259   0.001000
 -0.134518  -0.135164  -0.808949   0.556091  -0.493905  -0.651886   0.001000
 -0.134518  -0.135164  -0.808949   0.556091  -0.493905  -0.651886   0.001000
 -0.153796  -0.127821  -0.798908   0.567235  -0.451660  -0.587586   0.001000
 -0.153796  -0.127821  -0.798908   0.567235  -0.451660  -0.587586   0.001000
 -0.153796  -0.127821  -0.798908   0.567235  -0.451660  -0.587586   0.001000
 -0.149231  -0.127632  -0.809641   0.553101  -0.418941  -0.793390   0.001000
 -0.141184  -0.120707  -0.820026   0.541345  -0.476890  -0.848838   0.001000
 -0.138008  -0.154310  -0.805497   0.555262  -0.414390  -0.637068   0.001000
 -0.144838  -0.135859  -0.803370   0.561392  -0.486267  -0.876773   0.001000
 -0.144838  -0.135859  -0.803370   0.561392  -0.486267  -0.876773   0.001000
 -0.144838  -0.135859  -0.803370   0.561392  -0.486267  -0.876773   0.001000
 -0.161887  -0.136182  -0.804349   0.555220  -0.540519  -0.941979   0.001000
 -0.161887  -0.136182  -0.804349   0.555220  -0.540519  -0.941979   0.001000
 -0.161887  -0.136182  -0.804349   0.555220  -0.540519  -0.941979   0.001000
 -0.161887  -0.136182  -0.804349   0.555220  -0.540519  -0.941979   0.001000
 -0.138936  -0.144899  -0.799627   0.565948  -0.494968  -1.010931   0.001000
 -0.138936  -0.144899  -0.799627   0.565948  -0.494968  -1.010931   0.001000
 -0.138936  -0.144899  -0.799627   0.565948  -0.494968  -1.010931   0.001000
 -0.138936  -0.144899  -0.799627   0.565948  -0.494968  -1.010931   0.001000
 -0.138936  -0.144899  -0.799627   0.565948  -0.494968  -1.010931   0.001000
 -0.138936  -0.144899  -0.799627   0.565948  -0.494968  -1.010931   0.001000
 -0.138936  -0.144899  -0.799627   0.565948  -0.494968  -1.010931   0.001000
 -0.138936  -0.144899  -0.799627   0.565948  -0.494968  -1.010931   0.001000
 -0.138936  -0.144899  -0.799627   0.565948  -0.494968  -1.010931   0.001000
 -0.138936  -0.144899  -0.799627   0.565948  -0.494968  -1.010931   0.001000
 -0.138936  -0.144899  -0.799627   0.565948  -0.494968  -1.010931   0.001000
 -0.138936  -0.144899  -0.799627   0.565948  -0.494968  -1.010931   0.001000
 -0.138936  -0.144899  -0.799627   0.565948  -0.494968  -1.010931   0.001000
 -0.138936  -0.144899  -0.799627   0.565948  -0.494968  -1.010931   0.001000
 -0.138936  -0.144899  -0.799627   0.565948  -0.494968  -1.010931   0.001000
 -0.138936  -0.144899  -0.799627   0.565948  -0.494968  -1.010931   0.001000
 -0.138936  -0.144899  -0.799627   0.565948  -0.494968  -1.010931   0.001000
 -0.138936  -0.144899  -0.799627   0.565948  -0.494968  -1.010931   0.001000
 -0.138936  -0.144899  -0.799627   0.565948  -0.494968  -1.010931   0.001000
 -0.138936  -0.144899  -0.799627   0.565948  -0.494968  -1.010931   0.001000
 -0.138936  -0.144899  -0.799627   0.565948  -0.494968  -1.010931   0.001000
 -0.138936  -0.144899  -0.799627   0.565948  -0.494968  -1.010931   0.001000
 -0.138936  -0.144899  -0.799627   0.565948  -0.494968  -1.010931   0.001000
 -0.138936  -0.144899  -0.799627   0.565948  -0.494968  -1.010931   0.001000
 -0.138936  -0.144899  -0.799627   0.565948  -0.494968  -1.010931   0.001000
 -0.138936  -0.144899  -0.799627   0.565948  -0.494968  -1.010931   0.001000
 -0.138936  -0.144899  -0.799627   0.565948  -0.494968  -1.010931   0.001000
 -0.138936  -0.144899  -0.799627   0.565948  -0.494968  -1.010931   0.001000
 -0.138936  -0.144899  -0.799627   0.565948  -0.494968  -1.010931   0.001000
 -0.138936  -0.144899  -0.799627   0.565948  -0.494968  -1.010931   0.001000
 -0.138936  -0.144899  -0.799627   0.565948  -0.494968  -1.010931   0.001000
 -0.138936  -0.144899  -0.799627   0.565948  -0.494968  -1.010931   0.001000
 -0.138936  -0.144899  -0.799627   0.565948  -0.494968  -1.010931   0.001000
 -0.138936  -0.144899  -0.799627   0.565948  -0.494968  -1.010931   0.001000
 -0.138936  -0.144899  -0.799627   0.565948  -0.494968  -1.010931   0.001000
 -0.138936  -0.144899  -0.799627   0.565948  -0.494968  -1.010931   0.001000
 -0.138936  -0.144899  -0.799627   0.565948  -0.494968  -1.010931   0.001000
 -0.138936  -0.144899  -0.799627   0.565948  -0.494968  -1.010931   0.001000
 -0.136030  -0.133201  -0.805507   0.561170  -0.528949  -0.910973   0.001000
 -0.156852  -0.133186  -0.802701   0.559759  -0.545374  -0.912176   0.001000
 -0.156852  -0.133186  -0.802701   0.559759  -0.545374  -0.912176   0.001000
 -0.156852  -0.133186  -0.802701   0.559759  -0.545374  -0.912176   0.001000
 -0.156852  -0.133186  -0.802701   0.559759  -0.545374  -0.912176   0.001000
 -0.156852  -0.133186  -0.802701   0.559759  -0.545374  -0.912176   0.001000
 -0.156852  -0.133186  -0.802701   0.559759  -0.545374  -0.912176   0.001000
 -0.156852  -0.133186  -0.802701   0.559759  -0.545374  -0.912176   0.001000
 -0.156852  -0.133186  -0.802701   0.559759  -0.545374  -0.912176   0.001000
 -0.156852  -0.133186  -0.802701   0.559759  -0.545374  -0.912176   0.001000
 -0.156852  -0.133186  -0.802701   0.559759  -0.545374  -0.912176   0.001000
 -0.155090  -0.133156  -0.808574   0.551747  -0.495806  -0.959112   0.001000
 -0.155090  -0.133156  -0.808574   0.551747  -0.495806  -0.959112   0.001000
 -0.155090  -0.133156  -0.808574   0.551747  -0.495806  -0.959112   0.001000
 -0.155090  -0.133156  -0.808574   0.551747  -0.495806  -0.959112   0.001000
 -0.155090  -0.133156  -0.808574   0.551747  -0.495806  -0.959112   0.001000
 -0.155090  -0.133156  -0.808574   0.551747  -0.495806  -0.959112   0.001000
 -0.155090  -0.133156  -0.808574   0.551747  -0.495806  -0.959112   0.001000
 -0.153353  -0.129838  -0.804685   0.558666  -0.412424  -0.856056   0.001000
 -0.153353  -0.129838  -0.804685   0.558666  -0.412424  -0.856056   0.001000
 -0.155960  -0.134497  -0.804457   0.557169  -0.418018  -0.897413   0.001000
 -0.145674  -0.136973  -0.791889   0.577001  -0.376262  -0.815532   0.001000
 -0.145674  -0.136973  -0.791889   0.577001  -0.376262  -0.815532   0.001000
 -0.139205  -0.155272  -0.795093   0.569509  -0.409858  -0.581848   0.001000
 -0.162265  -0.108377  -0.803677   0.562164  -0.896657  -0.323023   0.001000
 -0.163234  -0.136726  -0.807438   0.550187  -0.936939  -0.584735   0.001000
 -0.148304  -0.128606  -0.802284   0.563743  -0.782702  -0.757170   0.001000
 -0.148304  -0.128606  -0.802284   0.563743  -0.782702  -0.757170   0.001000
 -0.148304  -0.128606  -0.802284   0.563743  -0.782702  -0.757170   0.001000
 -0.148304  -0.128606  -0.802284   0.563743  -0.782702  -0.757170   0.001000
 -0.148304  -0.128606  -0.802284   0.563743  -0.782702  -0.757170   0.001000
 -0.148304  -0.128606  -0.802284   0.563743  -0.782702  -0.757170   0.001000
 -0.148304  -0.128606  -0.802284   0.563743  -0.782702  -0.757170   0.001000
 -0.148304  -0.128606  -0.802284   0.563743  -0.782702  -0.757170   0.001000
 -0.148304  -0.128606  -0.802284   0.563743  -0.782702  -0.757170   0.001000
 -0.148304  -0.128606  -0.802284   0.563743  -0.782702  -0.757170   0.001000
 -0.148304  -0.128606  -0.802284   0.563743  -0.782702  -0.757170   0.001000
 -0.148304  -0.128606  -0.802284   0.563743  -0.782702  -0.757170   0.001000
 -0.148304  -0.128606  -0.802284   0.563743  -0.782702  -0.757170   0.001000
 -0.148304  -0.128606  -0.802284   0.563743  -0.782702  -0.757170   0.001000
 -0.148304  -0.128606  -0.802284   0.563743  -0.782702  -0.757170   0.001000
 -0.148304  -0.128606  -0.802284   0.563743  -0.782702  -0.757170   0.001000
 -0.141522  -0.148709  -0.803714   0.558481  -0.810986  -0.785499   0.001000
 -0.141522  -0.148709  -0.803714   0.558481  -0.810986  -0.785499   0.001000
 -0.141522  -0.148709  -0.803714   0.558481  -0.810986  -0.785499   0.001000
 -0.141522  -0.148709  -0.803714   0.558481  -0.810986  -0.785499   0.001000
 -0.141522  -0.148709  -0.803714   0.558481  -0.810986  -0.785499   0.001000
 -0.141522  -0.148709  -0.803714   0.558481  -0.810986  -0.785499   0.001000
 -0.141522  -0.148709  -0.803714   0.558481  -0.810986  -0.785499   0.001000
 -0.137174  -0.142836  -0.805261   0.558871  -0.630167  -0.483339   0.001000
 -0.153159  -0.127074  -0.800862   0.564814  -0.503837  -0.627157   0.001000
 -0.153159  -0.127074  -0.800862   0.564814  -0.503837  -0.627157   0.001000
 -0.153159  -0.127074  -0.800862   0.564814  -0.503837  -0.627157   0.001000
 -0.153159  -0.127074  -0.800862   0.564814  -0.503837  -0.627157   0.001000
 -0.153159  -0.127074  -0.800862   0.564814  -0.503837  -0.627157   0.001000
 -0.153159  -0.127074  -0.800862   0.564814  -0.503837  -0.627157   0.001000
 -0.153159  -0.127074  -0.800862   0.564814  -0.503837  -0.627157   0.001000
 -0.143174  -0.150322  -0.796671   0.567644  -0.282964  -0.693268   0.001000
 -0.145319  -0.146764  -0.802690   0.559492  -0.452147  -0.624992   0.001000
 -0.145319  -0.146764  -0.802690   0.559492  -0.452147  -0.624992   0.001000
 -0.145319  -0.146764  -0.802690   0.559492  -0.452147  -0.624992   0.001000
 -0.151912  -0.119403  -0.796362   0.573126  -0.442619  -0.509160   0.001000
 -0.142145  -0.148028  -0.803098   0.559389  -0.441469  -0.555920   0.001000
 -0.142145  -0.148028  -0.803098   0.559389  -0.441469  -0.555920   0.001000
 -0.135303  -0.146236  -0.800392   0.565404  -0.616403  -0.509930   0.001000
 -0.135303  -0.146236  -0.800392   0.565404  -0.616403  -0.509930   0.001000
 -0.135303  -0.146236  -0.800392   0.565404  -0.616403  -0.509930   0.001000
 -0.145468  -0.147026  -0.789896   0.577310  -0.427991  -0.728355   0.001000
 -0.145468  -0.147026  -0.789896   0.577310  -0.427991  -0.728355   0.001000
 -0.145468  -0.147026  -0.789896   0.577310  -0.427991  -0.728355   0.001000
 -0.145468  -0.147026  -0.789896   0.577310  -0.427991  -0.728355   0.001000
 -0.145468  -0.147026  -0.789896   0.577310  -0.427991  -0.728355   0.001000
 -0.145468  -0.147026  -0.789896   0.577310  -0.427991  -0.728355   0.001000
 -0.145468  -0.147026  -0.789896   0.577310  -0.427991  -0.728355   0.001000
 -0.145468  -0.147026  -0.789896   0.577310  -0.427991  -0.728355   0.001000
 -0.145468  -0.147026  -0.789896   0.577310  -0.427991  -0.728355   0.001000
 -0.145468  -0.147026  -0.789896   0.577310  -0.427991  -0.728355   0.001000
 -0.158636  -0.126549  -0.802456   0.561146  -0.518368  -0.643249   0.001000
 -0.158636  -0.126549  -0.802456   0.561146  -0.518368  -0.643249   0.001000
 -0.158636  -0.126549  -0.802456   0.561146  -0.518368  -0.643249   0.001000
 -0.158636  -0.126549  -0.802456   0.561146  -0.518368  -0.643249   0.001000
 -0.158636  -0.126549  -0.802456   0.561146  -0.518368  -0.643249   0.001000
 -0.158636  -0.126549  -0.802456   0.561146  -0.518368  -0.643249   0.001000
 -0.158636  -0.126549  -0.802456   0.561146  -0.518368  -0.643249   0.001000
 -0.158636  -0.126549  -0.802456   0.561146  -0.518368  -0.643249   0.001000
 -0.158636  -0.126549  -0.802456   0.561146  -0.518368  -0.643249   0.001000
 -0.158636  -0.126549  -0.802456   0.561146  -0.518368  -0.643249   0.001000
 -0.158636  -0.126549  -0.802456   0.561146  -0.518368  -0.643249   0.001000
 -0.158636  -0.126549  -0.802456   0.561146  -0.518368  -0.643249   0.001000
 -0.158636  -0.126549  -0.802456   0.561146  -0.518368  -0.643249   0.001000
 -0.158636  -0.126549  -0.802456   0.561146  -0.518368  -0.643249   0.001000
 -0.158636  -0.126549  -0.802456   0.561146  -0.518368  -0.643249   0.001000
 -0.158636  -0.126549  -0.802456   0.561146  -0.518368  -0.643249   0.001000
 -0.145181  -0.136525  -0.802225   0.562777  -0.585323  -0.660825   0.001000
 -0.137888   0.048836  -0.806454   0.572917  -0.476685  -0.549787   0.001000
 -0.175464  -0.108646  -0.810410   0.548311  -0.472927  -0.677586   0.001000
 -0.150108  -0.137996  -0.788525   0.580219  -0.604339  -0.551754   0.001000
 -0.151277  -0.131341  -0.809967   0.551198  -0.348856  -0.903503   0.001000
 -0.151277  -0.131341  -0.809967   0.551198  -0.348856  -0.903503   0.001000
 -0.147787  -0.143732  -0.809361   0.549940  -0.542941  -0.608366   0.001000
 -0.164445  -0.119066  -0.805130   0.557267  -0.261822  -0.905468   0.001000
 -0.145516  -0.141725  -0.804589   0.558011  -0.427996  -0.947761   0.001000
 -0.145516  -0.141725  -0.804589   0.558011  -0.427996  -0.947761   0.001000
 -0.145516  -0.141725  -0.804589   0.558011  -0.427996  -0.947761   0.001000
 -0.145516  -0.141725  -0.804589   0.558011  -0.427996  -0.947761   0.001000
 -0.145516  -0.141725  -0.804589   0.558011  -0.427996  -0.947761   0.001000
 -0.145516  -0.141725  -0.804589   0.558011  -0.427996  -0.947761   0.001000
 -0.137332  -0.146441  -0.775566   0.598492  -0.388928  -0.952995   0.001000
 -0.145274  -0.152704  -0.794596   0.569381  -0.525358  -1.056494   0.001000
 -0.154893  -0.128583  -0.816139   0.541657  -0.553055  -0.857258   0.001000
 -0.154893  -0.128583  -0.816139   0.541657  -0.553055  -0.857258   0.001000
 -0.154792  -0.142070  -0.795637   0.568170  -0.475951  -0.961924   0.001000
 -0.154792  -0.142070  -0.795637   0.568170  -0.475951  -0.961924   0.001000
 -0.154792  -0.142070  -0.795637   0.568170  -0.475951  -0.961924   0.001000
 -0.154792  -0.142070  -0.795637   0.568170  -0.475951  -0.961924   0.001000
 -0.154792  -0.142070  -0.795637   0.568170  -0.475951  -0.961924   0.001000
 -0.154792  -0.142070  -0.795637   0.568170  -0.475951  -0.961924   0.001000
 -0.154792  -0.142070  -0.795637   0.568170  -0.475951  -0.961924   0.001000
 -0.154792  -0.142070  -0.795637   0.568170  -0.475951  -0.961924   0.001000
 -0.142977  -0.119527  -0.821183   0.539378  -0.384109  -0.881765   0.001000
 -0.142977  -0.119527  -0.821183   0.539378  -0.384109  -0.881765   0.001000
 -0.139411  -0.147931  -0.802936   0.560335  -0.393007  -1.043365   0.001000
 -0.139411  -0.147931  -0.802936   0.560335  -0.393007  -1.043365   0.001000
 -0.139411  -0.147931  -0.802936   0.560335  -0.393007  -1.043365   0.001000
 -0.139411  -0.147931  -0.802936   0.560335  -0.393007  -1.043365   0.001000
 -0.139411  -0.147931  -0.802936   0.560335  -0.393007  -1.043365   0.001000
 -0.139411  -0.147931  -0.802936   0.560335  -0.393007  -1.043365   0.001000
 -0.139411  -0.147931  -0.802936   0.560335  -0.393007  -1.043365   0.001000
 -0.139411  -0.147931  -0.802936   0.560335  -0.393007  -1.043365   0.001000
 -0.139411  -0.147931  -0.802936   0.560335  -0.393007  -1.043365   0.001000
 -0.156088  -0.129273  -0.808259   0.552850  -0.556348  -0.723031   0.001000
 -0.156088  -0.129273  -0.808259   0.552850  -0.556348  -0.723031   0.001000
 -0.156088  -0.129273  -0.808259   0.552850  -0.556348  -0.723031   0.001000
 -0.160757  -0.124382  -0.794316   0.572493  -0.538788  -0.626002   0.001000
 -0.160757  -0.124382  -0.794316   0.572493  -0.538788  -0.626002   0.001000
 -0.160757  -0.124382  -0.794316   0.572493  -0.538788  -0.626002   0.001000
 -0.149775  -0.135214  -0.805822   0.556718  -0.461097  -0.932291   0.001000
 -0.149775  -0.135214  -0.805822   0.556718  -0.461097  -0.932291   0.001000
 -0.149775  -0.135214  -0.805822   0.556718  -0.461097  -0.932291   0.001000
 -0.149775  -0.135214  -0.805822   0.556718  -0.461097  -0.932291   0.001000
 -0.149775  -0.135214  -0.805822   0.556718  -0.461097  -0.932291   0.001000
 -0.149775  -0.135214  -0.805822   0.556718  -0.461097  -0.932291   0.001000
 -0.149775  -0.135214  -0.805822   0.556718  -0.461097  -0.932291   0.001000
 -0.149775  -0.135214  -0.805822   0.556718  -0.461097  -0.932291   0.001000
 -0.149775  -0.135214  -0.805822   0.556718  -0.461097  -0.932291   0.001000
 -0.149775  -0.135214  -0.805822   0.556718  -0.461097  -0.932291   0.001000
 -0.149775  -0.135214  -0.805822   0.556718  -0.461097  -0.932291   0.001000
 -0.149775  -0.135214  -0.805822   0.556718  -0.461097  -0.932291   0.001000
 -0.149775  -0.135214  -0.805822   0.556718  -0.461097  -0.932291   0.001000
 -0.149775  -0.135214  -0.805822   0.556718  -0.461097  -0.932291   0.001000
 -0.149775  -0.135214  -0.805822   0.556718  -0.461097  -0.932291   0.001000
 -0.149775  -0.135214  -0.805822   0.556718  -0.461097  -0.932291   0.001000
 -0.149775  -0.135214  -0.805822   0.556718  -0.461097  -0.932291   0.001000
 -0.154275  -0.136653  -0.807929   0.552066  -0.590692  -1.132374   0.001000
 -0.154275  -0.136653  -0.807929   0.552066  -0.590692  -1.132374   0.001000
 -0.154275  -0.136653  -0.807929   0.552066  -0.590692  -1.132374   0.001000
 -0.154161  -0.135042  -0.806668   0.554332  -0.615712  -1.037180   0.001000
 -0.154161  -0.135042  -0.806668   0.554332  -0.615712  -1.037180   0.001000
 -0.157444  -0.124738  -0.810843   0.549714  -0.450211  -1.093877   0.001000
 -0.156043  -0.121379  -0.805585   0.558525  -0.464330  -1.317488   0.001000
 -0.169941  -0.121908  -0.794550   0.570043  -0.554662  -0.971224   0.001000
 -0.152524  -0.156709  -0.800441   0.558098  -0.568117  -1.122846   0.001000
 -0.152524  -0.156709  -0.800441   0.558098  -0.568117  -1.122846   0.001000
 -0.152524  -0.156709  -0.800441   0.558098  -0.568117  -1.122846   0.001000
 -0.152524  -0.156709  -0.800441   0.558098  -0.568117  -1.122846   0.001000
 -0.152524  -0.156709  -0.800441   0.558098  -0.568117  -1.122846   0.001000
 -0.152524  -0.156709  -0.800441   0.558098  -0.568117  -1.122846   0.001000
 -0.152524  -0.156709  -0.800441   0.558098  -0.568117  -1.122846   0.001000
 -0.152524  -0.156709  -0.800441   0.558098  -0.568117  -1.122846   0.001000
 -0.152524  -0.156709  -0.800441   0.558098  -0.568117  -1.122846   0.001000
 -0.152524  -0.156709  -0.800441   0.558098  -0.568117  -1.122846   0.001000
 -0.148883  -0.134958  -0.814448   0.544329  -0.650787  -1.187953   0.001000
 -0.150445  -0.136941  -0.807250   0.554041  -0.559366  -1.026464   0.001000
 -0.150445  -0.136941  -0.807250   0.554041  -0.559366  -1.026464   0.001000
 -0.120306  -0.141968  -0.821760   0.538593  -0.542436  -1.171062   0.001000
 -0.146041  -0.123933  -0.800253   0.568250  -0.524308  -1.163441   0.001000
 -0.146041  -0.123933  -0.800253   0.568250  -0.524308  -1.163441   0.001000
 -0.146041  -0.123933  -0.800253   0.568250  -0.524308  -1.163441   0.001000
 -0.146041  -0.123933  -0.800253   0.568250  -0.524308  -1.163441   0.001000
 -0.146041  -0.123933  -0.800253   0.568250  -0.524308  -1.163441   0.001000
 -0.158946  -0.134174  -0.797296   0.566616  -0.558255  -1.003155   0.001000
 -0.158946  -0.134174  -0.797296   0.566616  -0.558255  -1.003155   0.001000
 -0.158946  -0.134174  -0.797296   0.566616  -0.558255  -1.003155   0.001000
 -0.151581  -0.138052  -0.798766   0.565630  -0.500533  -1.200398   0.001000
 -0.151581  -0.138052  -0.798766   0.565630  -0.500533  -1.200398   0.001000
 -0.151581  -0.138052  -0.798766   0.565630  -0.500533  -1.200398   0.001000
 -0.151581  -0.138052  -0.798766   0.565630  -0.500533  -1.200398   0.001000
 -0.151581  -0.138052  -0.798766   0.565630  -0.500533  -1.200398   0.001000
 -0.151581  -0.138052  -0.798766   0.565630  -0.500533  -1.200398   0.001000
 -0.151581  -0.138052  -0.798766   0.565630  -0.500533  -1.200398   0.001000
 -0.151581  -0.138052  -0.798766   0.565630  -0.500533  -1.200398   0.001000
 -0.151581  -0.138052  -0.798766   0.565630  -0.500533  -1.200398   0.001000
 -0.151581  -0.138052  -0.798766   0.565630  -0.500533  -1.200398   0.001000
 -0.151581  -0.138052  -0.798766   0.565630  -0.500533  -1.200398   0.001000
 -0.151581  -0.138052  -0.798766   0.565630  -0.500533  -1.200398   0.001000
 -0.151581  -0.138052  -0.798766   0.565630  -0.500533  -1.200398   0.001000
 -0.151581  -0.138052  -0.798766   0.565630  -0.500533  -1.200398   0.001000
 -0.151581  -0.138052  -0.798766   0.565630  -0.500533  -1.200398   0.001000
 -0.151581  -0.138052  -0.798766   0.565630  -0.500533  -1.200398   0.001000
 -0.151581  -0.138052  -0.798766   0.565630  -0.500533  -1.200398   0.001000
 -0.151826  -0.127071  -0.801949   0.563630  -0.502776  -1.171768   0.001000
 -0.109833  -0.162038  -0.813990   0.546901  -0.711027  -1.089645   0.001000
 -0.167970  -0.118191  -0.809415   0.550149  -0.445756  -1.327013   0.001000
 -0.150645  -0.131760  -0.803698   0.560370  -0.566635  -1.288875   0.001000
 -0.150645  -0.131760  -0.803698   0.560370  -0.566635  -1.288875   0.001000
 -0.150645  -0.131760  -0.803698   0.560370  -0.566635  -1.288875   0.001000
 -0.150645  -0.131760  -0.803698   0.560370  -0.566635  -1.288875   0.001000
 -0.145603  -0.137301  -0.799176   0.566804  -0.427389  -1.182736   0.001000
 -0.145603  -0.137301  -0.799176   0.566804  -0.427389  -1.182736   0.001000
 -0.145603  -0.137301  -0.799176   0.566804  -0.427389  -1.182736   0.001000
 -0.128342  -0.131013  -0.819961   0.542243  -0.539675  -0.952495   0.001000
 -0.151209  -0.138813  -0.796770   0.568353  -0.380967  -0.879326   0.001000
 -0.151209  -0.138813  -0.796770   0.568353  -0.380967  -0.879326   0.001000
 -0.151209  -0.138813  -0.796770   0.568353  -0.380967  -0.879326   0.001000
 -0.151209  -0.138813  -0.796770   0.568353  -0.380967  -0.879326   0.001000
 -0.151209  -0.138813  -0.796770   0.568353  -0.380967  -0.879326   0.001000
 -0.151209  -0.138813  -0.796770   0.568353  -0.380967  -0.879326   0.001000
 -0.151209  -0.138813  -0.796770   0.568353  -0.380967  -0.879326   0.001000
 -0.143437  -0.157966  -0.798856   0.562407  -0.499651  -0.650413   0.001000
 -0.154188  -0.152285  -0.804674   0.552753  -0.496774  -0.837306   0.001000
 -0.152103  -0.139751  -0.804278   0.557200  -0.543139  -0.703448   0.001000
 -0.152103  -0.139751  -0.804278   0.557200  -0.543139  -0.703448   0.001000
 -0.152103  -0.139751  -0.804278   0.557200  -0.543139  -0.703448   0.001000
 -0.152103  -0.139751  -0.804278   0.557200  -0.543139  -0.703448   0.001000
 -0.152103  -0.139751  -0.804278   0.557200  -0.543139  -0.703448   0.001000
 -0.159843  -0.113370  -0.798331   0.569443  -0.477450  -0.875554   0.001000
 -0.148880  -0.142620  -0.802197   0.560334  -0.342333  -0.675190   0.001000
 -0.148880  -0.142620  -0.802197   0.560334  -0.342333  -0.675190   0.001000
 -0.148880  -0.142620  -0.802197   0.560334  -0.342333  -0.675190   0.001000
 -0.145744  -0.141495  -0.805244   0.557063  -0.465711  -1.142011   0.001000
 -0.153682  -0.133190  -0.798089   0.567183  -0.535138  -1.006709   0.001000
 -0.153682  -0.133190  -0.798089   0.567183  -0.535138  -1.006709   0.001000
 -0.153682  -0.133190  -0.798089   0.567183  -0.535138  -1.006709   0.001000
 -0.153682  -0.133190  -0.798089   0.567183  -0.535138  -1.006709   0.001000
 -0.141209  -0.148064  -0.797297   0.567850  -0.473833  -1.038677   0.001000
 -0.141209  -0.148064  -0.797297   0.567850  -0.473833  -1.038677   0.001000
 -0.141209  -0.148064  -0.797297   0.567850  -0.473833  -1.038677   0.001000
 -0.141209  -0.148064  -0.797297   0.567850  -0.473833  -1.038677   0.001000
 -0.141209  -0.148064  -0.797297   0.567850  -0.473833  -1.038677   0.001000
 -0.141209  -0.148064  -0.797297   0.567850  -0.473833  -1.038677   0.001000
 -0.141209  -0.148064  -0.797297   0.567850  -0.473833  -1.038677   0.001000
 -0.147659  -0.133691  -0.816304   0.542191  -0.466846  -1.137999   0.001000
 -0.140832  -0.133341  -0.801354   0.565879  -0.498358  -1.135465   0.001000
 -0.156752  -0.129883  -0.800840   0.563218  -0.434243  -1.048831   0.001000
 -0.156752  -0.129883  -0.800840   0.563218  -0.434243  -1.048831   0.001000
 -0.156752  -0.129883  -0.800840   0.563218  -0.434243  -1.048831   0.001000
 -0.156752  -0.129883  -0.800840   0.563218  -0.434243  -1.048831   0.001000
 -0.156752  -0.129883  -0.800840   0.563218  -0.434243  -1.048831   0.001000
 -0.156752  -0.129883  -0.800840   0.563218  -0.434243  -1.048831   0.001000
 -0.156752  -0.129883  -0.800840   0.563218  -0.434243  -1.048831   0.001000
 -0.156752  -0.129883  -0.800840   0.563218  -0.434243  -1.048831   0.001000
 -0.156752  -0.129883  -0.800840   0.563218  -0.434243  -1.048831   0.001000
 -0.156752  -0.129883  -0.800840   0.563218  -0.434243  -1.048831   0.001000
 -0.156752  -0.129883  -0.800840   0.563218  -0.434243  -1.048831   0.001000
 -0.156752  -0.129883  -0.800840   0.563218  -0.434243  -1.048831   0.001000
 -0.156752  -0.129883  -0.800840   0.563218  -0.434243  -1.048831   0.001000
 -0.156752  -0.129883  -0.800840   0.563218  -0.434243  -1.048831   0.001000
 -0.156752  -0.129883  -0.800840   0.563218  -0.434243  -1.048831   0.001000
 -0.156752  -0.129883  -0.800840   0.563218  -0.434243  -1.048831   0.001000
 -0.156752  -0.129883  -0.800840   0.563218  -0.434243  -1.048831   0.001000
 -0.156752  -0.129883  -0.800840   0.563218  -0.434243  -1.048831   0.001000
 -0.156752  -0.129883  -0.800840   0.563218  -0.434243  -1.048831   0.001000
 -0.156752  -0.129883  -0.800840   0.563218  -0.434243  -1.048831   0.001000
 -0.156752  -0.129883  -0.800840   0.563218  -0.434243  -1.048831   0.001000
 -0.156752  -0.129883  -0.800840   0.563218  -0.434243  -1.048831   0.001000
 -0.156752  -0.129883  -0.800840   0.563218  -0.434243  -1.048831   0.001000
 -0.169002  -0.152759  -0.808001   0.543357  -0.491839  -1.414426   0.001000
 -0.153286  -0.132621  -0.801752   0.562235  -0.376068  -1.143362   0.001000
 -0.153286  -0.132621  -0.801752   0.562235  -0.376068  -1.143362   0.001000
 -0.153286  -0.132621  -0.801752   0.562235  -0.376068  -1.143362   0.001000
 -0.166738  -0.142964  -0.781334   0.584189  -0.359164  -1.305996   0.001000
 -0.152356  -0.144673  -0.796299   0.567244  -0.401188  -0.987354   0.001000
 -0.148538  -0.148267  -0.800483   0.561409  -0.346205  -1.098091   0.001000
 -0.148538  -0.148267  -0.800483   0.561409  -0.346205  -1.098091   0.001000
 -0.112110  -0.142389  -0.802377   0.568636  -0.381495  -1.117284   0.001000
 -0.141927  -0.133109  -0.806721   0.557978  -0.506875  -0.626594   0.001000
 -0.141927  -0.133109  -0.806721   0.557978  -0.506875  -0.626594   0.001000
 -0.146805  -0.136926  -0.802018   0.562553  -0.453440  -0.537092   0.001000
 -0.146805  -0.136926  -0.802018   0.562553  -0.453440  -0.537092   0.001000
 -0.146805  -0.136926  -0.802018   0.562553  -0.453440  -0.537092   0.001000
 -0.146805  -0.136926  -0.802018   0.562553  -0.453440  -0.537092   0.001000
 -0.146138  -0.141033  -0.810272   0.549739  -0.294708  -0.602009   0.001000
 -0.147673  -0.134610  -0.808863   0.553004  -0.697274  -0.776437   0.001000
 -0.147673  -0.134610  -0.808863   0.553004  -0.697274  -0.776437   0.001000
 -0.150088  -0.151019  -0.800420   0.560352  -0.505202  -0.583640   0.001000
 -0.141667  -0.145671  -0.807021   0.554462  -0.330585  -0.594252   0.001000
 -0.156065  -0.139126  -0.799403   0.563243  -0.400288  -0.452795   0.001000
 -0.156065  -0.139126  -0.799403   0.563243  -0.400288  -0.452795   0.001000
 -0.149040  -0.133396  -0.799680   0.566132  -0.375047  -0.677536   0.001000
 -0.149040  -0.133396  -0.799680   0.566132  -0.375047  -0.677536   0.001000
 -0.149040  -0.133396  -0.799680   0.566132  -0.375047  -0.677536   0.001000
 -0.149040  -0.133396  -0.799680   0.566132  -0.375047  -0.677536   0.001000
 -0.153437  -0.130220  -0.797433   0.568859  -0.422344  -0.598991   0.001000
 -0.139456  -0.144724  -0.800797   0.564209  -0.667418  -0.490251   0.001000
 -0.139456  -0.144724  -0.800797   0.564209  -0.667418  -0.490251   0.001000
 -0.139456  -0.144724  -0.800797   0.564209  -0.667418  -0.490251   0.001000
 -0.139456  -0.144724  -0.800797   0.564209  -0.667418  -0.490251   0.001000
 -0.152918  -0.123971  -0.796741   0.571359  -0.829150  -0.464253   0.001000
 -0.157298  -0.132581  -0.792956   0.573498  -0.746493  -0.704448   0.001000
 -0.155692  -0.141612  -0.804235   0.555799  -0.308053  -0.804181   0.001000
 -0.155692  -0.141612  -0.804235   0.555799  -0.308053  -0.804181   0.001000
 -0.146300  -0.140692  -0.803055   0.560272  -0.524949  -0.633486   0.001000
 -0.146311  -0.163831  -0.803666   0.553058  -0.806605  -0.752323   0.001000
 -0.143287  -0.137215  -0.800416   0.565663  -0.711639  -0.660399   0.001000
 -0.143287  -0.137215  -0.800416   0.565663  -0.711639  -0.660399   0.001000
 -0.143287  -0.137215  -0.800416   0.565663  -0.711639  -0.660399   0.001000
 -0.143287  -0.137215  -0.800416   0.565663  -0.711639  -0.660399   0.001000
 -0.143287  -0.137215  -0.800416   0.565663  -0.711639  -0.660399   0.001000
 -0.163959  -0.130445  -0.807557   0.551320  -0.641815  -0.555478   0.001000
 -0.154743  -0.124601  -0.806245   0.557224  -0.538433  -0.586949   0.001000
 -0.154743  -0.124601  -0.806245   0.557224  -0.538433  -0.586949   0.001000
 -0.154743  -0.124601  -0.806245   0.557224  -0.538433  -0.586949   0.001000
 -0.156341  -0.129832  -0.808193   0.552743  -0.580059  -0.716950   0.001000
 -0.156341  -0.129832  -0.808193   0.552743  -0.580059  -0.716950   0.001000
 -0.156341  -0.129832  -0.808193   0.552743  -0.580059  -0.716950   0.001000
