  0.279442   0.458538  -0.679361   0.500124   0.986644  -0.402305   0.001000
  0.279442   0.458538  -0.679361   0.500124   0.986644  -0.402305   0.001000
  0.279442   0.458538  -0.679361   0.500124   0.986644  -0.402305   0.001000
  0.279442   0.458538  -0.679361   0.500124   0.986644  -0.402305   0.001000
  0.279442   0.458538  -0.679361   0.500124   0.986644  -0.402305   0.001000
  0.279442   0.458538  -0.679361   0.500124   0.986644  -0.402305   0.001000
  0.279442   0.458538  -0.679361   0.500124   0.986644  -0.402305   0.001000
  0.279442   0.458538  -0.679361   0.500124   0.986644  -0.402305   0.001000
  0.279442   0.458538  -0.679361   0.500124   0.986644  -0.402305   0.001000
  0.279442   0.458538  -0.679361   0.500124   0.986644  -0.402305   0.001000
  0.279442   0.458538  -0.679361   0.500124   0.986644  -0.402305   0.001000
  0.279442   0.458538  -0.679361   0.500124   0.986644  -0.402305   0.001000
  0.279442   0.458538  -0.679361   0.500124   0.986644  -0.402305   0.001000
  0.279442   0.458538  -0.679361   0.500124   0.986644  -0.402305   0.001000
  0.279442   0.458538  -0.679361   0.500124   0.986644  -0.402305   0.001000
  0.279442   0.458538  -0.679361   0.500124   0.986644  -0.402305   0.001000
  0.298049   0.438155  -0.694249   0.487037   0.831991  -0.145279   0.001000
  0.274080   0.445012  -0.678396   0.516356   0.986416  -0.333111   0.001000
  0.274080   0.445012  -0.678396   0.516356   0.986416  -0.333111   0.001000
  0.274080   0.445012  -0.678396   0.516356   0.986416  -0.333111   0.001000
  0.274080   0.445012  -0.678396   0.516356   0.986416  -0.333111   0.001000
  0.274080   0.445012  -0.678396   0.516356   0.986416  -0.333111   0.001000
  0.298401   0.426743  -0.690889   0.501517   0.651315   0.058129   0.001000
  0.298401   0.426743  -0.690889   0.501517   0.651315   0.058129   0.001000
  0.298401   0.426743  -0.690889   0.501517   0.651315   0.058129   0.001000
  0.186958   0.577461  -0.606365   0.513719   0.743658  -0.209849   0.001000
  0.274622   0.455297  -0.674707   0.511916   0.542728  -0.385815   0.001000
  0.285504   0.464633  -0.664935   0.510357   0.600313  -0.398547   0.001000
  0.285504   0.464633  -0.664935   0.510357   0.600313  -0.398547   0.001000
  0.285504   0.464633  -0.664935   0.510357   0.600313  -0.398547   0.001000
  0.285504   0.464633  -0.664935   0.510357   0.600313  -0.398547   0.001000
  0.285504   0.464633  -0.664935   0.510357   0.600313  -0.398547   0.001000
  0.285504   0.464633  -0.664935   0.510357   0.600313  -0.398547   0.001000
  0.285504   0.464633  -0.664935   0.510357   0.600313  -0.398547   0.001000
  0.285504   0.464633  -0.664935   0.510357   0.600313  -0.398547   0.001000
  0.285504   0.464633  -0.664935   0.510357   0.600313  -0.398547   0.001000
  0.285504   0.464633  -0.664935   0.510357   0.600313  -0.398547   0.001000
  0.306438   0.432921  -0.684316   0.500387   0.911167  -0.270010   0.001000
  0.204768   0.558941  -0.595011   0.540016   0.796324  -0.494625   0.001000
  0.204768   0.558941  -0.595011   0.540016   0.796324  -0.494625   0.001000
  0.204768   0.558941  -0.595011   0.540016   0.796324  -0.494625   0.001000
  0.204768   0.558941  -0.595011   0.540016   0.796324  -0.494625   0.001000
  0.282748   0.451430  -0.661600   0.527778   0.173804  -0.331667   0.001000
  0.297646   0.442115  -0.691115   0.488160   0.163971  -0.320253   0.001000
  0.281693   0.452843  -0.685954   0.495024   0.520702  -0.519828   0.001000
  0.287905   0.464235  -0.675686   0.495019   0.551963  -0.418199   0.001000
  0.287905   0.464235  -0.675686   0.495019   0.551963  -0.418199   0.001000
  0.288893   0.462966  -0.673933   0.498014   0.557713  -0.185000   0.001000
  0.288893   0.462966  -0.673933   0.498014   0.557713  -0.185000   0.001000
  0.136528   0.437512  -0.743954   0.486288   0.528737  -0.318001   0.001000
  0.285024   0.462345  -0.666777   0.510302   0.607367  -0.298834   0.001000
  0.285024   0.462345  -0.666777   0.510302   0.607367  -0.298834   0.001000
  0.268934   0.473151  -0.671569   0.502791   0.549808  -0.470064   0.001000
  0.268934   0.473151  -0.671569   0.502791   0.549808  -0.470064   0.001000
  0.268934   0.473151  -0.671569   0.502791   0.549808  -0.470064   0.001000
  0.268934   0.473151  -0.671569   0.502791   0.549808  -0.470064   0.001000
  0.268934   0.473151  -0.671569   0.502791   0.549808  -0.470064   0.001000
  0.268934   0.473151  -0.671569   0.502791   0.549808  -0.470064   0.001000
  0.268934   0.473151  -0.671569   0.502791   0.549808  -0.470064   0.001000
  0.260304   0.567378  -0.552606   0.552223   0.540832  -0.416887   0.001000
  0.282880   0.449082  -0.676917   0.509988   0.656667  -0.227647   0.001000
  0.263100   0.465901  -0.671922   0.512090   0.414344  -0.304976   0.001000
  0.263100   0.465901  -0.671922   0.512090   0.414344  -0.304976   0.001000
  0.263100   0.465901  -0.671922   0.512090   0.414344  -0.304976   0.001000
  0.263100   0.465901  -0.671922   0.512090   0.414344  -0.304976   0.001000
  0.263100   0.465901  -0.671922   0.512090   0.414344  -0.304976   0.001000
  0.263100   0.465901  -0.671922   0.512090   0.414344  -0.304976   0.001000
  0.263100   0.465901  -0.671922   0.512090   0.414344  -0.304976   0.001000
  0.263100   0.465901  -0.671922   0.512090   0.414344  -0.304976   0.001000
  0.263100   0.465901  -0.671922   0.512090   0.414344  -0.304976   0.001000
  0.262063   0.476253  -0.675508   0.498193   0.616540  -0.394489   0.001000
  0.262063   0.476253  -0.675508   0.498193   0.616540  -0.394489   0.001000
  0.262063   0.476253  -0.675508   0.498193   0.616540  -0.394489   0.001000
  0.262063   0.476253  -0.675508   0.498193   0.616540  -0.394489   0.001000
  0.262063   0.476253  -0.675508   0.498193   0.616540  -0.394489   0.001000
  0.262063   0.476253  -0.675508   0.498193   0.616540  -0.394489   0.001000
  0.262063   0.476253  -0.675508   0.498193   0.616540  -0.394489   0.001000
  0.281601   0.455545  -0.679234   0.501818   0.651222  -0.280303   0.001000
  0.262361   0.453658  -0.684367   0.506954   0.612895  -0.264919   0.001000
  0.262361   0.453658  -0.684367   0.506954   0.612895  -0.264919   0.001000
  0.262361   0.453658  -0.684367   0.506954   0.612895  -0.264919   0.001000
  0.262361   0.453658  -0.684367   0.506954   0.612895  -0.264919   0.001000
  0.262361   0.453658  -0.684367   0.506954   0.612895  -0.264919   0.001000
  0.262361   0.453658  -0.684367   0.506954   0.612895  -0.264919   0.001000
  0.269438   0.491272  -0.664537   0.494414   0.496923  -0.395949   0.001000
  0.267490   0.483486  -0.647980   0.524225   0.582702  -0.501874   0.001000
  0.255628   0.485891  -0.639499   0.538150   0.718461  -0.301465   0.001000
  0.255628   0.485891  -0.639499   0.538150   0.718461  -0.301465   0.001000
  0.255628   0.485891  -0.639499   0.538150   0.718461  -0.301465   0.001000
  0.292377   0.443446  -0.661565   0.529342   0.500884  -0.405216   0.001000
  0.280483   0.466918  -0.673856   0.499235   0.580567  -0.259226   0.001000
  0.257827   0.474934  -0.658797   0.523402   0.418358  -0.383242   0.001000
  0.257827   0.474934  -0.658797   0.523402   0.418358  -0.383242   0.001000
  0.294048   0.467838  -0.660621   0.508177   0.451400  -0.357063   0.001000
  0.270730   0.473729  -0.668938   0.504784   0.880214  -0.767652   0.001000
  0.270730   0.473729  -0.668938   0.504784   0.880214  -0.767652   0.001000
  0.270730   0.473729  -0.668938   0.504784   0.880214  -0.767652   0.001000
  0.298214   0.469716  -0.660525   0.504124   0.800580  -0.792530   0.001000
  0.270394   0.473519  -0.667211   0.507441   0.795573  -0.547186   0.001000
  0.270394   0.473519  -0.667211   0.507441   0.795573  -0.547186   0.001000
  0.270394   0.473519  -0.667211   0.507441   0.795573  -0.547186   0.001000
  0.270394   0.473519  -0.667211   0.507441   0.795573  -0.547186   0.001000
  0.270394   0.473519  -0.667211   0.507441   0.795573  -0.547186   0.001000
  0.270394   0.473519  -0.667211   0.507441   0.795573  -0.547186   0.001000
  0.270394   0.473519  -0.667211   0.507441   0.795573  -0.547186   0.001000
  0.270394   0.473519  -0.667211   0.507441   0.795573  -0.547186   0.001000
  0.270394   0.473519  -0.667211   0.507441   0.795573  -0.547186   0.001000
  0.270394   0.473519  -0.667211   0.507441   0.795573  -0.547186   0.001000
  0.270394   0.473519  -0.667211   0.507441   0.795573  -0.547186   0.001000
  0.270198   0.475567  -0.653024   0.523821   0.708036  -0.713152   0.001000
  0.260775   0.490617  -0.660191   0.505410   0.766932  -0.352636   0.001000
  0.260775   0.490617  -0.660191   0.505410   0.766932  -0.352636   0.001000
  0.260775   0.490617  -0.660191   0.505410   0.766932  -0.352636   0.001000
  0.260775   0.490617  -0.660191   0.505410   0.766932  -0.352636   0.001000
  0.260775   0.490617  -0.660191   0.505410   0.766932  -0.352636   0.001000
  0.260775   0.490617  -0.660191   0.505410   0.766932  -0.352636   0.001000
  0.260775   0.490617  -0.660191   0.505410   0.766932  -0.352636   0.001000
  0.260775   0.490617  -0.660191   0.505410   0.766932  -0.352636   0.001000
  0.260775   0.490617  -0.660191   0.505410   0.766932  -0.352636   0.001000
  0.260775   0.490617  -0.660191   0.505410   0.766932  -0.352636   0.001000
  0.260775   0.490617  -0.660191   0.505410   0.766932  -0.352636   0.001000
  0.260775   0.490617  -0.660191   0.505410   0.766932  -0.352636   0.001000
  0.282199   0.451288  -0.695567   0.482586   0.451247  -0.600240   0.001000
  0.287916   0.443712  -0.687522   0.497532   0.617178  -0.545556   0.001000
  0.287916   0.443712  -0.687522   0.497532   0.617178  -0.545556   0.001000
  0.317942   0.455098  -0.668328   0.495112   0.726121  -0.313133   0.001000
  0.290173   0.447890  -0.677287   0.506435   0.754460  -0.554996   0.001000
  0.290173   0.447890  -0.677287   0.506435   0.754460  -0.554996   0.001000
  0.273208   0.461704  -0.670911   0.511923   0.745729  -0.604410   0.001000
  0.281174   0.451968  -0.695544   0.482582   0.757711  -0.585109   0.001000
  0.282322   0.460989  -0.655513   0.527338   0.810071  -0.504621   0.001000
  0.290281   0.446285  -0.677978   0.506866   0.645456  -0.577027   0.001000
  0.277240   0.454689  -0.676905   0.508129   0.825214  -0.598386   0.001000
  0.277240   0.454689  -0.676905   0.508129   0.825214  -0.598386   0.001000
  0.277240   0.454689  -0.676905   0.508129   0.825214  -0.598386   0.001000
  0.277240   0.454689  -0.676905   0.508129   0.825214  -0.598386   0.001000
  0.290654   0.462001  -0.655708   0.521654   0.636202  -0.615744   0.001000
  0.277507   0.442980  -0.684863   0.507663   0.893310  -0.402124   0.001000
  0.277507   0.442980  -0.684863   0.507663   0.893310  -0.402124   0.001000
  0.277507   0.442980  -0.684863   0.507663   0.893310  -0.402124   0.001000
  0.277507   0.442980  -0.684863   0.507663   0.893310  -0.402124   0.001000
  0.277507   0.442980  -0.684863   0.507663   0.893310  -0.402124   0.001000
  0.277507   0.442980  -0.684863   0.507663   0.893310  -0.402124   0.001000
  0.277507   0.442980  -0.684863   0.507663   0.893310  -0.402124   0.001000
  0.277507   0.442980  -0.684863   0.507663   0.893310  -0.402124   0.001000
  0.308332   0.454431  -0.659535   0.513261   0.570216  -0.425040   0.001000
  0.277210   0.450772  -0.679635   0.507991   0.640238  -0.610009   0.001000
  0.277210   0.450772  -0.679635   0.507991   0.640238  -0.610009   0.001000
  0.277210   0.450772  -0.679635   0.507991   0.640238  -0.610009   0.001000
  0.277210   0.450772  -0.679635   0.507991   0.640238  -0.610009   0.001000
  0.277210   0.450772  -0.679635   0.507991   0.640238  -0.610009   0.001000
  0.277210   0.450772  -0.679635   0.507991   0.640238  -0.610009   0.001000
  0.277210   0.450772  -0.679635   0.507991   0.640238  -0.610009   0.001000
  0.277210   0.450772  -0.679635   0.507991   0.640238  -0.610009   0.001000
  0.277210   0.450772  -0.679635   0.507991   0.640238  -0.610009   0.001000
  0.277210   0.450772  -0.679635   0.507991   0.640238  -0.610009   0.001000
  0.258960   0.442731  -0.678863   0.525427   0.755873  -0.460870   0.001000
  0.321928   0.447350  -0.671938   0.494712   0.622357  -0.493219   0.001000
  0.281862   0.455683  -0.675958   0.505952   0.684143  -0.688553   0.001000
  0.281862   0.455683  -0.675958   0.505952   0.684143  -0.688553   0.001000
  0.281862   0.455683  -0.675958   0.505952   0.684143  -0.688553   0.001000
  0.281862   0.455683  -0.675958   0.505952   0.684143  -0.688553   0.001000
  0.281862   0.455683  -0.675958   0.505952   0.684143  -0.688553   0.001000
  0.281862   0.455683  -0.675958   0.505952   0.684143  -0.688553   0.001000
  0.281862   0.455683  -0.675958   0.505952   0.684143  -0.688553   0.001000
  0.281862   0.455683  -0.675958   0.505952   0.684143  -0.688553   0.001000
  0.281862   0.455683  -0.675958   0.505952   0.684143  -0.688553   0.001000
  0.281862   0.455683  -0.675958   0.505952   0.684143  -0.688553   0.001000
  0.281862   0.455683  -0.675958   0.505952   0.684143  -0.688553   0.001000
  0.281862   0.455683  -0.675958   0.505952   0.684143  -0.688553   0.001000
  0.281862   0.455683  -0.675958   0.505952   0.684143  -0.688553   0.001000
  0.281862   0.455683  -0.675958   0.505952   0.684143  -0.688553   0.001000
  0.281862   0.455683  -0.675958   0.505952   0.684143  -0.688553   0.001000
  0.281862   0.455683  -0.675958   0.505952   0.684143  -0.688553   0.001000
  0.281862   0.455683  -0.675958   0.505952   0.684143  -0.688553   0.001000
  0.281862   0.455683  -0.675958   0.505952   0.684143  -0.688553   0.001000
  0.281862   0.455683  -0.675958   0.505952   0.684143  -0.688553   0.001000
  0.281862   0.455683  -0.675958   0.505952   0.684143  -0.688553   0.001000
  0.281862   0.455683  -0.675958   0.505952   0.684143  -0.688553   0.001000
  0.281862   0.455683  -0.675958   0.505952   0.684143  -0.688553   0.001000
  0.281862   0.455683  -0.675958   0.505952   0.684143  -0.688553   0.001000
  0.281862   0.455683  -0.675958   0.505952   0.684143  -0.688553   0.001000
  0.281862   0.455683  -0.675958   0.505952   0.684143  -0.688553   0.001000
  0.281993   0.450401  -0.686036   0.496965   0.733659  -0.524689   0.001000
  0.281993   0.450401  -0.686036   0.496965   0.733659  -0.524689   0.001000
  0.281993   0.450401  -0.686036   0.496965   0.733659  -0.524689   0.001000
  0.281993   0.450401  -0.686036   0.496965   0.733659  -0.524689   0.001000
  0.281993   0.450401  -0.686036   0.496965   0.733659  -0.524689   0.001000
  0.281993   0.450401  -0.686036   0.496965   0.733659  -0.524689   0.001000
  0.281993   0.450401  -0.686036   0.496965   0.733659  -0.524689   0.001000
  0.281993   0.450401  -0.686036   0.496965   0.733659  -0.524689   0.001000
  0.281993   0.450401  -0.686036   0.496965   0.733659  -0.524689   0.001000
  0.281993   0.450401  -0.686036   0.496965   0.733659  -0.524689   0.001000
  0.281993   0.450401  -0.686036   0.496965   0.733659  -0.524689   0.001000
  0.281993   0.450401  -0.686036   0.496965   0.733659  -0.524689   0.001000
  0.274675   0.446909  -0.682346   0.509147   0.662006  -0.482565   0.001000
  0.274675   0.446909  -0.682346   0.509147   0.662006  -0.482565   0.001000
  0.288559   0.444935  -0.687104   0.496644   0.656230  -0.407797   0.001000
  0.288559   0.444935  -0.687104   0.496644   0.656230  -0.407797   0.001000
  0.288559   0.444935  -0.687104   0.496644   0.656230  -0.407797   0.001000
  0.288559   0.444935  -0.687104   0.496644   0.656230  -0.407797   0.001000
  0.288559   0.444935  -0.687104   0.496644   0.656230  -0.407797   0.001000
  0.288559   0.444935  -0.687104   0.496644   0.656230  -0.407797   0.001000
  0.283683   0.482230  -0.690181   0.458942   0.825041  -0.464771   0.001000
  0.292655   0.436734  -0.684657   0.504838   0.735080  -0.621595   0.001000
  0.292655   0.436734  -0.684657   0.504838   0.735080  -0.621595   0.001000
  0.292655   0.436734  -0.684657   0.504838   0.735080  -0.621595   0.001000
  0.292655   0.436734  -0.684657   0.504838   0.735080  -0.621595   0.001000
  0.292655   0.436734  -0.684657   0.504838   0.735080  -0.621595   0.001000
  0.292655   0.436734  -0.684657   0.504838   0.735080  -0.621595   0.001000
  0.292655   0.436734  -0.684657   0.504838   0.735080  -0.621595   0.001000
  0.292655   0.436734  -0.684657   0.504838   0.735080  -0.621595   0.001000
  0.292655   0.436734  -0.684657   0.504838   0.735080  -0.621595   0.001000
  0.283189   0.452072  -0.678408   0.505171   0.415630  -0.582584   0.001000
  0.257466   0.467637  -0.672413   0.512726   0.303615  -0.243501   0.001000
  0.285662   0.445014  -0.678226   0.510264   0.439717  -0.263912   0.001000
  0.270836   0.460542  -0.690068   0.488217   0.282106  -0.430940   0.001000
  0.286383   0.449700  -0.684848   0.496727   0.336515  -0.622782   0.001000
  0.286383   0.449700  -0.684848   0.496727   0.336515  -0.622782   0.001000
  0.270243   0.489326  -0.651678   0.512683   0.433901  -0.668411   0.001000
  0.278551   0.463643  -0.675037   0.501767   0.400301  -0.616061   0.001000
  0.278551   0.463643  -0.675037   0.501767   0.400301  -0.616061   0.001000
  0.292747   0.449134  -0.673541   0.508843   0.858954  -0.669614   0.001000
  0.271166   0.474436  -0.671390   0.500614   0.848570  -0.571096   0.001000
  0.292179   0.451169  -0.679566   0.499268   0.848768  -0.668895   0.001000
  0.292179   0.451169  -0.679566   0.499268   0.848768  -0.668895   0.001000
  0.292179   0.451169  -0.679566   0.499268   0.848768  -0.668895   0.001000
  0.281882   0.443158  -0.689644   0.498543   0.795105  -0.601409   0.001000
  0.281315   0.448912  -0.687026   0.497328   0.741550  -0.309390   0.001000
  0.281315   0.448912  -0.687026   0.497328   0.741550  -0.309390   0.001000
  0.281315   0.448912  -0.687026   0.497328   0.741550  -0.309390   0.001000
  0.281315   0.448912  -0.687026   0.497328   0.741550  -0.309390   0.001000
  0.281315   0.448912  -0.687026   0.497328   0.741550  -0.309390   0.001000
  0.281315   0.448912  -0.687026   0.497328   0.741550  -0.309390   0.001000
  0.281315   0.448912  -0.687026   0.497328   0.741550  -0.309390   0.001000
  0.281315   0.448912  -0.687026   0.497328   0.741550  -0.309390   0.001000
  0.281315   0.448912  -0.687026   0.497328   0.741550  -0.309390   0.001000
  0.281315   0.448912  -0.687026   0.497328   0.741550  -0.309390   0.001000
  0.280885   0.447513  -0.643118   0.554288   0.809080  -0.186270   0.001000
  0.272658   0.454521  -0.677979   0.509325   0.622338  -0.179403   0.001000
  0.285004   0.450948  -0.678241   0.505379   0.811905  -0.336417   0.001000
  0.285004   0.450948  -0.678241   0.505379   0.811905  -0.336417   0.001000
  0.285004   0.450948  -0.678241   0.505379   0.811905  -0.336417   0.001000
  0.285004   0.450948  -0.678241   0.505379   0.811905  -0.336417   0.001000
  0.285004   0.450948  -0.678241   0.505379   0.811905  -0.336417   0.001000
  0.285004   0.450948  -0.678241   0.505379   0.811905  -0.336417   0.001000
  0.285004   0.450948  -0.678241   0.505379   0.811905  -0.336417   0.001000
  0.285004   0.450948  -0.678241   0.505379   0.811905  -0.336417   0.001000
  0.285004   0.450948  -0.678241   0.505379   0.811905  -0.336417   0.001000
  0.285004   0.450948  -0.678241   0.505379   0.811905  -0.336417   0.001000
  0.285004   0.450948  -0.678241   0.505379   0.811905  -0.336417   0.001000
  0.285004   0.450948  -0.678241   0.505379   0.811905  -0.336417   0.001000
  0.285004   0.450948  -0.678241   0.505379   0.811905  -0.336417   0.001000
  0.285004   0.450948  -0.678241   0.505379   0.811905  -0.336417   0.001000
  0.285004   0.450948  -0.678241   0.505379   0.811905  -0.336417   0.001000
  0.285004   0.450948  -0.678241   0.505379   0.811905  -0.336417   0.001000
  0.285004   0.450948  -0.678241   0.505379   0.811905  -0.336417   0.001000
  0.285004   0.450948  -0.678241   0.505379   0.811905  -0.336417   0.001000
  0.285004   0.450948  -0.678241   0.505379   0.811905  -0.336417   0.001000
  0.285004   0.450948  -0.678241   0.505379   0.811905  -0.336417   0.001000
  0.285004   0.450948  -0.678241   0.505379   0.811905  -0.336417   0.001000
  0.285004   0.450948  -0.678241   0.505379   0.811905  -0.336417   0.001000
  0.285004   0.450948  -0.678241   0.505379   0.811905  -0.336417   0.001000
  0.285004   0.450948  -0.678241   0.505379   0.811905  -0.336417   0.001000
  0.285004   0.450948  -0.678241   0.505379   0.811905  -0.336417   0.001000
  0.285004   0.450948  -0.678241   0.505379   0.811905  -0.336417   0.001000
  0.285004   0.450948  -0.678241   0.505379   0.811905  -0.336417   0.001000
  0.285004   0.450948  -0.678241   0.505379   0.811905  -0.336417   0.001000
  0.285004   0.450948  -0.678241   0.505379   0.811905  -0.336417   0.001000
  0.285004   0.450948  -0.678241   0.505379   0.811905  -0.336417   0.001000
  0.285004   0.450948  -0.678241   0.505379   0.811905  -0.336417   0.001000
  0.285004   0.450948  -0.678241   0.505379   0.811905  -0.336417   0.001000
  0.285004   0.450948  -0.678241   0.505379   0.811905  -0.336417   0.001000
  0.285004   0.450948  -0.678241   0.505379   0.811905  -0.336417   0.001000
  0.285004   0.450948  -0.678241   0.505379   0.811905  -0.336417   0.001000
  0.285004   0.450948  -0.678241   0.505379   0.811905  -0.336417   0.001000
  0.285004   0.450948  -0.678241   0.505379   0.811905  -0.336417   0.001000
  0.285004   0.450948  -0.678241   0.505379   0.811905  -0.336417   0.001000
  0.285004   0.450948  -0.678241   0.505379   0.811905  -0.336417   0.001000
  0.285004   0.450948  -0.678241   0.505379   0.811905  -0.336417   0.001000
  0.285004   0.450948  -0.678241   0.505379   0.811905  -0.336417   0.001000
  0.285004   0.450948  -0.678241   0.505379   0.811905  -0.336417   0.001000
  0.285004   0.450948  -0.678241   0.505379   0.811905  -0.336417   0.001000
  0.285004   0.450948  -0.678241   0.505379   0.811905  -0.336417   0.001000
  0.285004   0.450948  -0.678241   0.505379   0.811905  -0.336417   0.001000
  0.285004   0.450948  -0.678241   0.505379   0.811905  -0.336417   0.001000
  0.285004   0.450948  -0.678241   0.505379   0.811905  -0.336417   0.001000
  0.285004   0.450948  -0.678241   0.505379   0.811905  -0.336417   0.001000
  0.288949   0.445059  -0.682161   0.503079   0.746006  -0.249794   0.001000
  0.288949   0.445059  -0.682161   0.503079   0.746006  -0.249794   0.001000
  0.288949   0.445059  -0.682161   0.503079   0.746006  -0.249794   0.001000
  0.288949   0.445059  -0.682161   0.503079   0.746006  -0.249794   0.001000
  0.288949   0.445059  -0.682161   0.503079   0.746006  -0.249794   0.001000
  0.288949   0.445059  -0.682161   0.503079   0.746006  -0.249794   0.001000
  0.288949   0.445059  -0.682161   0.503079   0.746006  -0.249794   0.001000
  0.288949   0.445059  -0.682161   0.503079   0.746006  -0.249794   0.001000
  0.288949   0.445059  -0.682161   0.503079   0.746006  -0.249794   0.001000
  0.288949   0.445059  -0.682161   0.503079   0.746006  -0.249794   0.001000
  0.288949   0.445059  -0.682161   0.503079   0.746006  -0.249794   0.001000
  0.288949   0.445059  -0.682161   0.503079   0.746006  -0.249794   0.001000
  0.288949   0.445059  -0.682161   0.503079   0.746006  -0.249794   0.001000
  0.288949   0.445059  -0.682161   0.503079   0.746006  -0.249794   0.001000
  0.288949   0.445059  -0.682161   0.503079   0.746006  -0.249794   0.001000
  0.288949   0.445059  -0.682161   0.503079   0.746006  -0.249794   0.001000
  0.288949   0.445059  -0.682161   0.503079   0.746006  -0.249794   0.001000
  0.288949   0.445059  -0.682161   0.503079   0.746006  -0.249794   0.001000
  0.288949   0.445059  -0.682161   0.503079   0.746006  -0.249794   0.001000
  0.288949   0.445059  -0.682161   0.503079   0.746006  -0.249794   0.001000
  0.288949   0.445059  -0.682161   0.503079   0.746006  -0.249794   0.001000
  0.288949   0.445059  -0.682161   0.503079   0.746006  -0.249794   0.001000
  0.288949   0.445059  -0.682161   0.503079   0.746006  -0.249794   0.001000
  0.288949   0.445059  -0.682161   0.503079   0.746006  -0.249794   0.001000
  0.288949   0.445059  -0.682161   0.503079   0.746006  -0.249794   0.001000
  0.288949   0.445059  -0.682161   0.503079   0.746006  -0.249794   0.001000
  0.288949   0.445059  -0.682161   0.503079   0.746006  -0.249794   0.001000
  0.288949   0.445059  -0.682161   0.503079   0.746006  -0.249794   0.001000
  0.288949   0.445059  -0.682161   0.503079   0.746006  -0.249794   0.001000
  0.288949   0.445059  -0.682161   0.503079   0.746006  -0.249794   0.001000
  0.288949   0.445059  -0.682161   0.503079   0.746006  -0.249794   0.001000
  0.288949   0.445059  -0.682161   0.503079   0.746006  -0.249794   0.001000
  0.288949   0.445059  -0.682161   0.503079   0.746006  -0.249794   0.001000
  0.288949   0.445059  -0.682161   0.503079   0.746006  -0.249794   0.001000
  0.288949   0.445059  -0.682161   0.503079   0.746006  -0.249794   0.001000
  0.288949   0.445059  -0.682161   0.503079   0.746006  -0.249794   0.001000
  0.288949   0.445059  -0.682161   0.503079   0.746006  -0.249794   0.001000
  0.288949   0.445059  -0.682161   0.503079   0.746006  -0.249794   0.001000
  0.288949   0.445059  -0.682161   0.503079   0.746006  -0.249794   0.001000
  0.288949   0.445059  -0.682161   0.503079   0.746006  -0.249794   0.001000
  0.288949   0.445059  -0.682161   0.503079   0.746006  -0.249794   0.001000
  0.288949   0.445059  -0.682161   0.503079   0.746006  -0.249794   0.001000
  0.288949   0.445059  -0.682161   0.503079   0.746006  -0.249794   0.001000
  0.288949   0.445059  -0.682161   0.503079   0.746006  -0.249794   0.001000
  0.288949   0.445059  -0.682161   0.503079   0.746006  -0.249794   0.001000
  0.288949   0.445059  -0.682161   0.503079   0.746006  -0.249794   0.001000
  0.288949   0.445059  -0.682161   0.503079   0.746006  -0.249794   0.001000
  0.288949   0.445059  -0.682161   0.503079   0.746006  -0.249794   0.001000
  0.288949   0.445059  -0.682161   0.503079   0.746006  -0.249794   0.001000
  0.288949   0.445059  -0.682161   0.503079   0.746006  -0.249794   0.001000
  0.288949   0.445059  -0.682161   0.503079   0.746006  -0.249794   0.001000
  0.288949   0.445059  -0.682161   0.503079   0.746006  -0.249794   0.001000
  0.288949   0.445059  -0.682161   0.503079   0.746006  -0.249794   0.001000
  0.288949   0.445059  -0.682161   0.503079   0.746006  -0.249794   0.001000
  0.288949   0.445059  -0.682161   0.503079   0.746006  -0.249794   0.001000
  0.288949   0.445059  -0.682161   0.503079   0.746006  -0.249794   0.001000
  0.288949   0.445059  -0.682161   0.503079   0.746006  -0.249794   0.001000
  0.288949   0.445059  -0.682161   0.503079   0.746006  -0.249794   0.001000
  0.288949   0.445059  -0.682161   0.503079   0.746006  -0.249794   0.001000
  0.288949   0.445059  -0.682161   0.503079   0.746006  -0.249794   0.001000
  0.288949   0.445059  -0.682161   0.503079   0.746006  -0.249794   0.001000
  0.288949   0.445059  -0.682161   0.503079   0.746006  -0.249794   0.001000
  0.288949   0.445059  -0.682161   0.503079   0.746006  -0.249794   0.001000
  0.288949   0.445059  -0.682161   0.503079   0.746006  -0.249794   0.001000
  0.288543   0.456074  -0.672504   0.506436   0.888228  -0.247078   0.001000
  0.288543   0.456074  -0.672504   0.506436   0.888228  -0.247078   0.001000
  0.236183   0.480228  -0.673275   0.510195   0.667529  -0.236351   0.001000
  0.288295   0.459500  -0.676454   0.498152   0.746573  -0.361159   0.001000
  0.288295   0.459500  -0.676454   0.498152   0.746573  -0.361159   0.001000
  0.277607   0.470437  -0.670642   0.501859   0.791033  -0.267505   0.001000
  0.277607   0.470437  -0.670642   0.501859   0.791033  -0.267505   0.001000
  0.277607   0.470437  -0.670642   0.501859   0.791033  -0.267505   0.001000
  0.277607   0.470437  -0.670642   0.501859   0.791033  -0.267505   0.001000
  0.277607   0.470437  -0.670642   0.501859   0.791033  -0.267505   0.001000
  0.277607   0.470437  -0.670642   0.501859   0.791033  -0.267505   0.001000
  0.303516   0.458521  -0.676965   0.489239   0.819044  -0.173344   0.001000
  0.296793   0.452147  -0.676418   0.499935   0.733532  -0.298338   0.001000
  0.296793   0.452147  -0.676418   0.499935   0.733532  -0.298338   0.001000
  0.296793   0.452147  -0.676418   0.499935   0.733532  -0.298338   0.001000
  0.296793   0.452147  -0.676418   0.499935   0.733532  -0.298338   0.001000
  0.296793   0.452147  -0.676418   0.499935   0.733532  -0.298338   0.001000
  0.296793   0.452147  -0.676418   0.499935   0.733532  -0.298338   0.001000
  0.296793   0.452147  -0.676418   0.499935   0.733532  -0.298338   0.001000
  0.296793   0.452147  -0.676418   0.499935   0.733532  -0.298338   0.001000
  0.296793   0.452147  -0.676418   0.499935   0.733532  -0.298338   0.001000
  0.296793   0.452147  -0.676418   0.499935   0.733532  -0.298338   0.001000
  0.296793   0.452147  -0.676418   0.499935   0.733532  -0.298338   0.001000
  0.296793   0.452147  -0.676418   0.499935   0.733532  -0.298338   0.001000
  0.296793   0.452147  -0.676418   0.499935   0.733532  -0.298338   0.001000
  0.296793   0.452147  -0.676418   0.499935   0.733532  -0.298338   0.001000
  0.296793   0.452147  -0.676418   0.499935   0.733532  -0.298338   0.001000
  0.285108   0.453289  -0.681562   0.498714   0.499084  -0.455148   0.001000
  0.285108   0.453289  -0.681562   0.498714   0.499084  -0.455148   0.001000
  0.285108   0.453289  -0.681562   0.498714   0.499084  -0.455148   0.001000
  0.285108   0.453289  -0.681562   0.498714   0.499084  -0.455148   0.001000
  0.285108   0.453289  -0.681562   0.498714   0.499084  -0.455148   0.001000
  0.285108   0.453289  -0.681562   0.498714   0.499084  -0.455148   0.001000
  0.285108   0.453289  -0.681562   0.498714   0.499084  -0.455148   0.001000
  0.285609   0.456010  -0.678311   0.500376   0.670244  -0.170726   0.001000
  0.285609   0.456010  -0.678311   0.500376   0.670244  -0.170726   0.001000
  0.285609   0.456010  -0.678311   0.500376   0.670244  -0.170726   0.001000
  0.285609   0.456010  -0.678311   0.500376   0.670244  -0.170726   0.001000
  0.285609   0.456010  -0.678311   0.500376   0.670244  -0.170726   0.001000
  0.285609   0.456010  -0.678311   0.500376   0.670244  -0.170726   0.001000
  0.285609   0.456010  -0.678311   0.500376   0.670244  -0.170726   0.001000
  0.285609   0.456010  -0.678311   0.500376   0.670244  -0.170726   0.001000
  0.285609   0.456010  -0.678311   0.500376   0.670244  -0.170726   0.001000
  0.285609   0.456010  -0.678311   0.500376   0.670244  -0.170726   0.001000
  0.285609   0.456010  -0.678311   0.500376   0.670244  -0.170726   0.001000
  0.285609   0.456010  -0.678311   0.500376   0.670244  -0.170726   0.001000
  0.285609   0.456010  -0.678311   0.500376   0.670244  -0.170726   0.001000
  0.302423   0.448823  -0.671569   0.506056   0.553026  -0.201445   0.001000
  0.302423   0.448823  -0.671569   0.506056   0.553026  -0.201445   0.001000
  0.269929   0.467104  -0.661000   0.521566   0.575214  -0.341412   0.001000
  0.269929   0.467104  -0.661000   0.521566   0.575214  -0.341412   0.001000
  0.269929   0.467104  -0.661000   0.521566   0.575214  -0.341412   0.001000
  0.269929   0.467104  -0.661000   0.521566   0.575214  -0.341412   0.001000
  0.295145   0.437636  -0.684039   0.503443   0.603576  -0.813212   0.001000
  0.290484   0.458650  -0.678283   0.495168   0.696179  -0.977700   0.001000
  0.300282   0.451899  -0.673184   0.502435   0.594163  -0.669316   0.001000
  0.288604   0.444588  -0.705104   0.471038   0.551370  -0.514695   0.001000
  0.255944   0.490961  -0.663726   0.502910   0.515279  -0.312479   0.001000
  0.268178   0.464644  -0.695221   0.478388   0.494566  -0.462330   0.001000
  0.276955   0.452983  -0.678079   0.508244   0.685643  -0.489383   0.001000
  0.282074   0.458546  -0.676865   0.502020   0.646748  -0.376065   0.001000
  0.282074   0.458546  -0.676865   0.502020   0.646748  -0.376065   0.001000
  0.282074   0.458546  -0.676865   0.502020   0.646748  -0.376065   0.001000
  0.282074   0.458546  -0.676865   0.502020   0.646748  -0.376065   0.001000
  0.282074   0.458546  -0.676865   0.502020   0.646748  -0.376065   0.001000
  0.279797   0.466243  -0.694252   0.471535   0.708295  -0.490876   0.001000
  0.279797   0.466243  -0.694252   0.471535   0.708295  -0.490876   0.001000
  0.279797   0.466243  -0.694252   0.471535   0.708295  -0.490876   0.001000
  0.279797   0.466243  -0.694252   0.471535   0.708295  -0.490876   0.001000
  0.279797   0.466243  -0.694252   0.471535   0.708295  -0.490876   0.001000
  0.288829   0.467325  -0.668779   0.500919   0.601065  -0.525518   0.001000
  0.288829   0.467325  -0.668779   0.500919   0.601065  -0.525518   0.001000
  0.288829   0.467325  -0.668779   0.500919   0.601065  -0.525518   0.001000
  0.288829   0.467325  -0.668779   0.500919   0.601065  -0.525518   0.001000
  0.288829   0.467325  -0.668779   0.500919   0.601065  -0.525518   0.001000
  0.288829   0.467325  -0.668779   0.500919   0.601065  -0.525518   0.001000
  0.288829   0.467325  -0.668779   0.500919   0.601065  -0.525518   0.001000
  0.285092   0.448844  -0.689389   0.491940   0.556697  -0.434549   0.001000
  0.285092   0.448844  -0.689389   0.491940   0.556697  -0.434549   0.001000
  0.285092   0.448844  -0.689389   0.491940   0.556697  -0.434549   0.001000
  0.285092   0.448844  -0.689389   0.491940   0.556697  -0.434549   0.001000
  0.285092   0.448844  -0.689389   0.491940   0.556697  -0.434549   0.001000
  0.285092   0.448844  -0.689389   0.491940   0.556697  -0.434549   0.001000
  0.285092   0.448844  -0.689389   0.491940   0.556697  -0.434549   0.001000
  0.285092   0.448844  -0.689389   0.491940   0.556697  -0.434549   0.001000
  0.285092   0.448844  -0.689389   0.491940   0.556697  -0.434549   0.001000
  0.285092   0.448844  -0.689389   0.491940   0.556697  -0.434549   0.001000
  0.285092   0.448844  -0.689389   0.491940   0.556697  -0.434549   0.001000
  0.285092   0.448844  -0.689389   0.491940   0.556697  -0.434549   0.001000
  0.294767   0.458613  -0.673423   0.499288   0.599384  -0.564350   0.001000
  0.294767   0.458613  -0.673423   0.499288   0.599384  -0.564350   0.001000
  0.294767   0.458613  -0.673423   0.499288   0.599384  -0.564350   0.001000
  0.294767   0.458613  -0.673423   0.499288   0.599384  -0.564350   0.001000
  0.294767   0.458613  -0.673423   0.499288   0.599384  -0.564350   0.001000
  0.294767   0.458613  -0.673423   0.499288   0.599384  -0.564350   0.001000
  0.294767   0.458613  -0.673423   0.499288   0.599384  -0.564350   0.001000
  0.269115   0.451224  -0.681466   0.509489   0.546977  -0.364434   0.001000
  0.269115   0.451224  -0.681466   0.509489   0.546977  -0.364434   0.001000
  0.269115   0.451224  -0.681466   0.509489   0.546977  -0.364434   0.001000
  0.269115   0.451224  -0.681466   0.509489   0.546977  -0.364434   0.001000
  0.269115   0.451224  -0.681466   0.509489   0.546977  -0.364434   0.001000
  0.269115   0.451224  -0.681466   0.509489   0.546977  -0.364434   0.001000
  0.269115   0.451224  -0.681466   0.509489   0.546977  -0.364434   0.001000
  0.269115   0.451224  -0.681466   0.509489   0.546977  -0.364434   0.001000
  0.269115   0.451224  -0.681466   0.509489   0.546977  -0.364434   0.001000
  0.269115   0.451224  -0.681466   0.509489   0.546977  -0.364434   0.001000
  0.269115   0.451224  -0.681466   0.509489   0.546977  -0.364434   0.001000
  0.269115   0.451224  -0.681466   0.509489   0.546977  -0.364434   0.001000
  0.269115   0.451224  -0.681466   0.509489   0.546977  -0.364434   0.001000
  0.269115   0.451224  -0.681466   0.509489   0.546977  -0.364434   0.001000
  0.269115   0.451224  -0.681466   0.509489   0.546977  -0.364434   0.001000
  0.269115   0.451224  -0.681466   0.509489   0.546977  -0.364434   0.001000
  0.269115   0.451224  -0.681466   0.509489   0.546977  -0.364434   0.001000
  0.286813   0.461398  -0.675741   0.498221   0.414955  -0.461220   0.001000
  0.286813   0.461398  -0.675741   0.498221   0.414955  -0.461220   0.001000
  0.286813   0.461398  -0.675741   0.498221   0.414955  -0.461220   0.001000
  0.286813   0.461398  -0.675741   0.498221   0.414955  -0.461220   0.001000
  0.286813   0.461398  -0.675741   0.498221   0.414955  -0.461220   0.001000
  0.286813   0.461398  -0.675741   0.498221   0.414955  -0.461220   0.001000
  0.287559   0.463193  -0.670875   0.502681   0.566381  -0.403591   0.001000
  0.287559   0.463193  -0.670875   0.502681   0.566381  -0.403591   0.001000
  0.287559   0.463193  -0.670875   0.502681   0.566381  -0.403591   0.001000
  0.287559   0.463193  -0.670875   0.502681   0.566381  -0.403591   0.001000
  0.287559   0.463193  -0.670875   0.502681   0.566381  -0.403591   0.001000
  0.287559   0.463193  -0.670875   0.502681   0.566381  -0.403591   0.001000
  0.287559   0.463193  -0.670875   0.502681   0.566381  -0.403591   0.001000
  0.287559   0.463193  -0.670875   0.502681   0.566381  -0.403591   0.001000
  0.287559   0.463193  -0.670875   0.502681   0.566381  -0.403591   0.001000
  0.287559   0.463193  -0.670875   0.502681   0.566381  -0.403591   0.001000
  0.285350   0.446740  -0.679376   0.507392   0.400793  -0.404901   0.001000
  0.285350   0.446740  -0.679376   0.507392   0.400793  -0.404901   0.001000
  0.285350   0.446740  -0.679376   0.507392   0.400793  -0.404901   0.001000
  0.285350   0.446740  -0.679376   0.507392   0.400793  -0.404901   0.001000
  0.285350   0.446740  -0.679376   0.507392   0.400793  -0.404901   0.001000
  0.285350   0.446740  -0.679376   0.507392   0.400793  -0.404901   0.001000
  0.285350   0.446740  -0.679376   0.507392   0.400793  -0.404901   0.001000
  0.285350   0.446740  -0.679376   0.507392   0.400793  -0.404901   0.001000
  0.285350   0.446740  -0.679376   0.507392   0.400793  -0.404901   0.001000
  0.285350   0.446740  -0.679376   0.507392   0.400793  -0.404901   0.001000
  0.285350   0.446740  -0.679376   0.507392   0.400793  -0.404901   0.001000
  0.285350   0.446740  -0.679376   0.507392   0.400793  -0.404901   0.001000
  0.285350   0.446740  -0.679376   0.507392   0.400793  -0.404901   0.001000
  0.285350   0.446740  -0.679376   0.507392   0.400793  -0.404901   0.001000
  0.285350   0.446740  -0.679376   0.507392   0.400793  -0.404901   0.001000
  0.285350   0.446740  -0.679376   0.507392   0.400793  -0.404901   0.001000
  0.285350   0.446740  -0.679376   0.507392   0.400793  -0.404901   0.001000
  0.285350   0.446740  -0.679376   0.507392   0.400793  -0.404901   0.001000
  0.285350   0.446740  -0.679376   0.507392   0.400793  -0.404901   0.001000
  0.285350   0.446740  -0.679376   0.507392   0.400793  -0.404901   0.001000
  0.285350   0.446740  -0.679376   0.507392   0.400793  -0.404901   0.001000
  0.285350   0.446740  -0.679376   0.507392   0.400793  -0.404901   0.001000
  0.285350   0.446740  -0.679376   0.507392   0.400793  -0.404901   0.001000
  0.285350   0.446740  -0.679376   0.507392   0.400793  -0.404901   0.001000
  0.285350   0.446740  -0.679376   0.507392   0.400793  -0.404901   0.001000
  0.285350   0.446740  -0.679376   0.507392   0.400793  -0.404901   0.001000
  0.285350   0.446740  -0.679376   0.507392   0.400793  -0.404901   0.001000
  0.285350   0.446740  -0.679376   0.507392   0.400793  -0.404901   0.001000
  0.285350   0.446740  -0.679376   0.507392   0.400793  -0.404901   0.001000
  0.285350   0.446740  -0.679376   0.507392   0.400793  -0.404901   0.001000
  0.285350   0.446740  -0.679376   0.507392   0.400793  -0.404901   0.001000
  0.285350   0.446740  -0.679376   0.507392   0.400793  -0.404901   0.001000
  0.304168   0.442775  -0.691453   0.483037   0.988795  -0.630105   0.001000
  0.300845   0.435724  -0.691553   0.491316   0.843162  -0.453638   0.001000
  0.300845   0.435724  -0.691553   0.491316   0.843162  -0.453638   0.001000
  0.300845   0.435724  -0.691553   0.491316   0.843162  -0.453638   0.001000
  0.300845   0.435724  -0.691553   0.491316   0.843162  -0.453638   0.001000
  0.300845   0.435724  -0.691553   0.491316   0.843162  -0.453638   0.001000
  0.300845   0.435724  -0.691553   0.491316   0.843162  -0.453638   0.001000
  0.300845   0.435724  -0.691553   0.491316   0.843162  -0.453638   0.001000
  0.300845   0.435724  -0.691553   0.491316   0.843162  -0.453638   0.001000
  0.300845   0.435724  -0.691553   0.491316   0.843162  -0.453638   0.001000
  0.300845   0.435724  -0.691553   0.491316   0.843162  -0.453638   0.001000
  0.300845   0.435724  -0.691553   0.491316   0.843162  -0.453638   0.001000
  0.300845   0.435724  -0.691553   0.491316   0.843162  -0.453638   0.001000
  0.300845   0.435724  -0.691553   0.491316   0.843162  -0.453638   0.001000
  0.300845   0.435724  -0.691553   0.491316   0.843162  -0.453638   0.001000
  0.300845   0.435724  -0.691553   0.491316   0.843162  -0.453638   0.001000
  0.300845   0.435724  -0.691553   0.491316   0.843162  -0.453638   0.001000
  0.300845   0.435724  -0.691553   0.491316   0.843162  -0.453638   0.001000
  0.300845   0.435724  -0.691553   0.491316   0.843162  -0.453638   0.001000
  0.300845   0.435724  -0.691553   0.491316   0.843162  -0.453638   0.001000
  0.300845   0.435724  -0.691553   0.491316   0.843162  -0.453638   0.001000
  0.300845   0.435724  -0.691553   0.491316   0.843162  -0.453638   0.001000
  0.284408   0.441702  -0.699198   0.484906   0.930736  -0.271070   0.001000
  0.284408   0.441702  -0.699198   0.484906   0.930736  -0.271070   0.001000
  0.284408   0.441702  -0.699198   0.484906   0.930736  -0.271070   0.001000
  0.204046   0.578171  -0.589853   0.525505   0.859289  -0.448468   0.001000
  0.291568   0.426541  -0.704185   0.487005   0.864041  -0.562220   0.001000
  0.195746   0.556150  -0.606425   0.533507   0.646465  -0.550676   0.001000
  0.197077   0.565879  -0.594544   0.536152   0.680997  -0.306574   0.001000
  0.286410   0.436049  -0.692695   0.498000   0.689536  -0.537698   0.001000
  0.204835   0.557515  -0.588322   0.548724   0.638588  -0.598236   0.001000
  0.274985   0.441152  -0.677160   0.520790   0.619550  -0.645445   0.001000
  0.268405   0.471415  -0.659008   0.520995   0.779955  -0.515446   0.001000
  0.201621   0.572196  -0.584893   0.538369   1.006682  -0.470132   0.001000
  0.201621   0.572196  -0.584893   0.538369   1.006682  -0.470132   0.001000
  0.201621   0.572196  -0.584893   0.538369   1.006682  -0.470132   0.001000
  0.201621   0.572196  -0.584893   0.538369   1.006682  -0.470132   0.001000
  0.201621   0.572196  -0.584893   0.538369   1.006682  -0.470132   0.001000
  0.286466   0.441456  -0.696424   0.487900   0.786993  -0.639012   0.001000
  0.286466   0.441456  -0.696424   0.487900   0.786993  -0.639012   0.001000
  0.286466   0.441456  -0.696424   0.487900   0.786993  -0.639012   0.001000
  0.303060   0.458771  -0.662322   0.508933   0.855047  -0.589789   0.001000
  0.195016   0.571574  -0.593399   0.532119   0.959981  -0.435802   0.001000
  0.277115   0.445852  -0.699032   0.485569   0.800565  -0.501830   0.001000
  0.277115   0.445852  -0.699032   0.485569   0.800565  -0.501830   0.001000
  0.291524   0.450477  -0.685434   0.492204   0.912882  -0.463800   0.001000
  0.291524   0.450477  -0.685434   0.492204   0.912882  -0.463800   0.001000
  0.291524   0.450477  -0.685434   0.492204   0.912882  -0.463800   0.001000
  0.291524   0.450477  -0.685434   0.492204   0.912882  -0.463800   0.001000
  0.291524   0.450477  -0.685434   0.492204   0.912882  -0.463800   0.001000
  0.291524   0.450477  -0.685434   0.492204   0.912882  -0.463800   0.001000
  0.291524   0.450477  -0.685434   0.492204   0.912882  -0.463800   0.001000
  0.291524   0.450477  -0.685434   0.492204   0.912882  -0.463800   0.001000
  0.291524   0.450477  -0.685434   0.492204   0.912882  -0.463800   0.001000
  0.291524   0.450477  -0.685434   0.492204   0.912882  -0.463800   0.001000
  0.291524   0.450477  -0.685434   0.492204   0.912882  -0.463800   0.001000
  0.291524   0.450477  -0.685434   0.492204   0.912882  -0.463800   0.001000
  0.291524   0.450477  -0.685434   0.492204   0.912882  -0.463800   0.001000
  0.291524   0.450477  -0.685434   0.492204   0.912882  -0.463800   0.001000
  0.291524   0.450477  -0.685434   0.492204   0.912882  -0.463800   0.001000
  0.303995   0.444104  -0.682853   0.494035   0.937863  -0.465153   0.001000
  0.295301   0.429463  -0.686925   0.506452   0.756231  -0.639331   0.001000
  0.296997   0.444402  -0.684958   0.495108   0.703508  -0.707929   0.001000
  0.296997   0.444402  -0.684958   0.495108   0.703508  -0.707929   0.001000
  0.286144   0.458225  -0.686802   0.486266   0.834130  -0.682994   0.001000
  0.294175   0.436771  -0.686229   0.501779   0.964121  -0.778704   0.001000
  0.293411   0.439160  -0.685566   0.501047   0.917479  -0.807750   0.001000
  0.293411   0.439160  -0.685566   0.501047   0.917479  -0.807750   0.001000
  0.293013   0.432401  -0.690374   0.500556   0.649208  -0.678497   0.001000
  0.292795   0.433277  -0.690951   0.499128   0.778357  -0.630848   0.001000
  0.302337   0.433594  -0.691839   0.491882   0.484308  -0.692212   0.001000
  0.300327   0.435980  -0.691448   0.491554   0.820006  -0.673959   0.001000
  0.291248   0.444782  -0.692163   0.488113   0.919944  -0.756796   0.001000
  0.291248   0.444782  -0.692163   0.488113   0.919944  -0.756796   0.001000
  0.291248   0.444782  -0.692163   0.488113   0.919944  -0.756796   0.001000
  0.283291   0.451139  -0.686743   0.494574   0.917747  -0.221836   0.001000
  0.290323   0.451876  -0.682287   0.495988   1.020199  -0.440370   0.001000
  0.282895   0.445380  -0.685452   0.501759   0.874268  -0.340413   0.001000
  0.282895   0.445380  -0.685452   0.501759   0.874268  -0.340413   0.001000
  0.282895   0.445380  -0.685452   0.501759   0.874268  -0.340413   0.001000
  0.282895   0.445380  -0.685452   0.501759   0.874268  -0.340413   0.001000
  0.282895   0.445380  -0.685452   0.501759   0.874268  -0.340413   0.001000
  0.282895   0.445380  -0.685452   0.501759   0.874268  -0.340413   0.001000
  0.305893   0.437657  -0.684366   0.496517   0.651158  -0.269353   0.001000
  0.291010   0.467247  -0.671711   0.495780   0.609083  -0.158882   0.001000
  0.291010   0.467247  -0.671711   0.495780   0.609083  -0.158882   0.001000
  0.278651   0.442680  -0.685184   0.506864   0.723683  -0.256775   0.001000
  0.271906   0.456015  -0.675096   0.512214   0.517432  -0.283359   0.001000
  0.271906   0.456015  -0.675096   0.512214   0.517432  -0.283359   0.001000
  0.271823   0.461890  -0.677672   0.503518   0.530487  -0.614635   0.001000
  0.299309   0.444005  -0.679247   0.501895   0.695761  -0.635334   0.001000
  0.299309   0.444005  -0.679247   0.501895   0.695761  -0.635334   0.001000
  0.269532   0.463721  -0.664518   0.520319   0.382158  -0.486712   0.001000
  0.263591   0.477480  -0.671078   0.502182   0.396882  -0.507714   0.001000
  0.263591   0.477480  -0.671078   0.502182   0.396882  -0.507714   0.001000
  0.291250   0.437090  -0.687310   0.501728   0.452602  -0.193362   0.001000
  0.291250   0.437090  -0.687310   0.501728   0.452602  -0.193362   0.001000
  0.291250   0.437090  -0.687310   0.501728   0.452602  -0.193362   0.001000
  0.291250   0.437090  -0.687310   0.501728   0.452602  -0.193362   0.001000
  0.291250   0.437090  -0.687310   0.501728   0.452602  -0.193362   0.001000
  0.283125   0.441702  -0.686890   0.502912   0.722849  -0.450722   0.001000
  0.283125   0.441702  -0.686890   0.502912   0.722849  -0.450722   0.001000
  0.267734   0.463315  -0.679622   0.501768   0.301061  -0.517464   0.001000
  0.267734   0.463315  -0.679622   0.501768   0.301061  -0.517464   0.001000
  0.280334   0.456379  -0.681694   0.498421   0.657923  -0.410077   0.001000
  0.280334   0.456379  -0.681694   0.498421   0.657923  -0.410077   0.001000
  0.280334   0.456379  -0.681694   0.498421   0.657923  -0.410077   0.001000
  0.280334   0.456379  -0.681694   0.498421   0.657923  -0.410077   0.001000
  0.305624   0.432803  -0.682736   0.503137   0.753403  -0.463096   0.001000
  0.305624   0.432803  -0.682736   0.503137   0.753403  -0.463096   0.001000
  0.305624   0.432803  -0.682736   0.503137   0.753403  -0.463096   0.001000
  0.188579   0.568888  -0.599141   0.530881   0.679674  -0.531535   0.001000
  0.283465   0.463516  -0.669906   0.505990   0.221506  -0.700505   0.001000
  0.283108   0.459394  -0.668970   0.511161   0.321014  -0.667578   0.001000
  0.292583   0.437499  -0.681020   0.509119   0.419334  -0.710378   0.001000
  0.275116   0.455878  -0.669121   0.518424   0.394024  -0.125663   0.001000
  0.279864   0.460692  -0.673908   0.505259   0.415447  -0.036689   0.001000
  0.283831   0.468567  -0.660100   0.513959   0.350942  -0.202597   0.001000
  0.283831   0.468567  -0.660100   0.513959   0.350942  -0.202597   0.001000
  0.283831   0.468567  -0.660100   0.513959   0.350942  -0.202597   0.001000
  0.283831   0.468567  -0.660100   0.513959   0.350942  -0.202597   0.001000
  0.267346   0.465466  -0.677462   0.502905   0.421836  -0.017738   0.001000
  0.267346   0.465466  -0.677462   0.502905   0.421836  -0.017738   0.001000
  0.267346   0.465466  -0.677462   0.502905   0.421836  -0.017738   0.001000
  0.267346   0.465466  -0.677462   0.502905   0.421836  -0.017738   0.001000
  0.267346   0.465466  -0.677462   0.502905   0.421836  -0.017738   0.001000
  0.267346   0.465466  -0.677462   0.502905   0.421836  -0.017738   0.001000
  0.267346   0.465466  -0.677462   0.502905   0.421836  -0.017738   0.001000
  0.273163   0.462150  -0.668819   0.514276   0.449772  -0.087840   0.001000
  0.273163   0.462150  -0.668819   0.514276   0.449772  -0.087840   0.001000
  0.273163   0.462150  -0.668819   0.514276   0.449772  -0.087840   0.001000
  0.273163   0.462150  -0.668819   0.514276   0.449772  -0.087840   0.001000
  0.273163   0.462150  -0.668819   0.514276   0.449772  -0.087840   0.001000
  0.276149   0.482358  -0.656663   0.509771   0.334760  -0.334855   0.001000
  0.281007   0.461731  -0.670908   0.507662   0.523454  -0.248575   0.001000
  0.281007   0.461731  -0.670908   0.507662   0.523454  -0.248575   0.001000
  0.281007   0.461731  -0.670908   0.507662   0.523454  -0.248575   0.001000
  0.281007   0.461731  -0.670908   0.507662   0.523454  -0.248575   0.001000
  0.281007   0.461731  -0.670908   0.507662   0.523454  -0.248575   0.001000
  0.281007   0.461731  -0.670908   0.507662   0.523454  -0.248575   0.001000
  0.281007   0.461731  -0.670908   0.507662   0.523454  -0.248575   0.001000
  0.281007   0.461731  -0.670908   0.507662   0.523454  -0.248575   0.001000
  0.281007   0.461731  -0.670908   0.507662   0.523454  -0.248575   0.001000
  0.281007   0.461731  -0.670908   0.507662   0.523454  -0.248575   0.001000
  0.281007   0.461731  -0.670908   0.507662   0.523454  -0.248575   0.001000
  0.281007   0.461731  -0.670908   0.507662   0.523454  -0.248575   0.001000
  0.281007   0.461731  -0.670908   0.507662   0.523454  -0.248575   0.001000
  0.281007   0.461731  -0.670908   0.507662   0.523454  -0.248575   0.001000
  0.281007   0.461731  -0.670908   0.507662   0.523454  -0.248575   0.001000
  0.281007   0.461731  -0.670908   0.507662   0.523454  -0.248575   0.001000
  0.281007   0.461731  -0.670908   0.507662   0.523454  -0.248575   0.001000
  0.281007   0.461731  -0.670908   0.507662   0.523454  -0.248575   0.001000
  0.281007   0.461731  -0.670908   0.507662   0.523454  -0.248575   0.001000
  0.281007   0.461731  -0.670908   0.507662   0.523454  -0.248575   0.001000
  0.281007   0.461731  -0.670908   0.507662   0.523454  -0.248575   0.001000
  0.281007   0.461731  -0.670908   0.507662   0.523454  -0.248575   0.001000
  0.281007   0.461731  -0.670908   0.507662   0.523454  -0.248575   0.001000
  0.281007   0.461731  -0.670908   0.507662   0.523454  -0.248575   0.001000
  0.281007   0.461731  -0.670908   0.507662   0.523454  -0.248575   0.001000
  0.281007   0.461731  -0.670908   0.507662   0.523454  -0.248575   0.001000
  0.281007   0.461731  -0.670908   0.507662   0.523454  -0.248575   0.001000
  0.281007   0.461731  -0.670908   0.507662   0.523454  -0.248575   0.001000
  0.281007   0.461731  -0.670908   0.507662   0.523454  -0.248575   0.001000
  0.281007   0.461731  -0.670908   0.507662   0.523454  -0.248575   0.001000
  0.281007   0.461731  -0.670908   0.507662   0.523454  -0.248575   0.001000
  0.281007   0.461731  -0.670908   0.507662   0.523454  -0.248575   0.001000
  0.281007   0.461731  -0.670908   0.507662   0.523454  -0.248575   0.001000
  0.281007   0.461731  -0.670908   0.507662   0.523454  -0.248575   0.001000
  0.281007   0.461731  -0.670908   0.507662   0.523454  -0.248575   0.001000
  0.281007   0.461731  -0.670908   0.507662   0.523454  -0.248575   0.001000
  0.281007   0.461731  -0.670908   0.507662   0.523454  -0.248575   0.001000
  0.279662   0.468220  -0.666085   0.508811   0.387963  -0.141313   0.001000
  0.279662   0.468220  -0.666085   0.508811   0.387963  -0.141313   0.001000
  0.279662   0.468220  -0.666085   0.508811   0.387963  -0.141313   0.001000
  0.279662   0.468220  -0.666085   0.508811   0.387963  -0.141313   0.001000
  0.279662   0.468220  -0.666085   0.508811   0.387963  -0.141313   0.001000
  0.279662   0.468220  -0.666085   0.508811   0.387963  -0.141313   0.001000
  0.279662   0.468220  -0.666085   0.508811   0.387963  -0.141313   0.001000
  0.279662   0.468220  -0.666085   0.508811   0.387963  -0.141313   0.001000
  0.279662   0.468220  -0.666085   0.508811   0.387963  -0.141313   0.001000
  0.279662   0.468220  -0.666085   0.508811   0.387963  -0.141313   0.001000
  0.279662   0.468220  -0.666085   0.508811   0.387963  -0.141313   0.001000
  0.279662   0.468220  -0.666085   0.508811   0.387963  -0.141313   0.001000
  0.279662   0.468220  -0.666085   0.508811   0.387963  -0.141313   0.001000
  0.279662   0.468220  -0.666085   0.508811   0.387963  -0.141313   0.001000
  0.279662   0.468220  -0.666085   0.508811   0.387963  -0.141313   0.001000
  0.262010   0.453766  -0.687669   0.502552   0.410130  -0.186821   0.001000
  0.278502   0.466608  -0.667256   0.509396   0.416829  -0.195948   0.001000
  0.231825   0.480733  -0.651922   0.538656   0.574842  -0.275407   0.001000
  0.277708   0.455504  -0.675446   0.509085   0.397572  -0.725069   0.001000
  0.282793   0.458637  -0.674277   0.505006   0.604587  -0.478549   0.001000
  0.279078   0.445588  -0.680689   0.510127   0.680459  -0.425285   0.001000
  0.279078   0.445588  -0.680689   0.510127   0.680459  -0.425285   0.001000
  0.279078   0.445588  -0.680689   0.510127   0.680459  -0.425285   0.001000
  0.279078   0.445588  -0.680689   0.510127   0.680459  -0.425285   0.001000
  0.286923   0.444470  -0.683880   0.502425   0.648990  -0.431466   0.001000
  0.286923   0.444470  -0.683880   0.502425   0.648990  -0.431466   0.001000
  0.286923   0.444470  -0.683880   0.502425   0.648990  -0.431466   0.001000
  0.286923   0.444470  -0.683880   0.502425   0.648990  -0.431466   0.001000
  0.286923   0.444470  -0.683880   0.502425   0.648990  -0.431466   0.001000
  0.286923   0.444470  -0.683880   0.502425   0.648990  -0.431466   0.001000
  0.286923   0.444470  -0.683880   0.502425   0.648990  -0.431466   0.001000
  0.286923   0.444470  -0.683880   0.502425   0.648990  -0.431466   0.001000
  0.286923   0.444470  -0.683880   0.502425   0.648990  -0.431466   0.001000
  0.286923   0.444470  -0.683880   0.502425   0.648990  -0.431466   0.001000
  0.286923   0.444470  -0.683880   0.502425   0.648990  -0.431466   0.001000
  0.286923   0.444470  -0.683880   0.502425   0.648990  -0.431466   0.001000
  0.286923   0.444470  -0.683880   0.502425   0.648990  -0.431466   0.001000
  0.286923   0.444470  -0.683880   0.502425   0.648990  -0.431466   0.001000
  0.286923   0.444470  -0.683880   0.502425   0.648990  -0.431466   0.001000
  0.275870   0.448326  -0.681652   0.508184   0.575745  -0.356212   0.001000
  0.275870   0.448326  -0.681652   0.508184   0.575745  -0.356212   0.001000
  0.301799   0.443719  -0.665883   0.518296   0.724922  -0.123150   0.001000
  0.291488   0.449337  -0.669934   0.514120   0.494854  -0.395545   0.001000
  0.291488   0.449337  -0.669934   0.514120   0.494854  -0.395545   0.001000
  0.291488   0.449337  -0.669934   0.514120   0.494854  -0.395545   0.001000
  0.291488   0.449337  -0.669934   0.514120   0.494854  -0.395545   0.001000
  0.291488   0.449337  -0.669934   0.514120   0.494854  -0.395545   0.001000
  0.291488   0.449337  -0.669934   0.514120   0.494854  -0.395545   0.001000
  0.276409   0.472028  -0.674787   0.495429   0.599107  -0.372753   0.001000
  0.276409   0.472028  -0.674787   0.495429   0.599107  -0.372753   0.001000
  0.276409   0.472028  -0.674787   0.495429   0.599107  -0.372753   0.001000
  0.276409   0.472028  -0.674787   0.495429   0.599107  -0.372753   0.001000
  0.276409   0.472028  -0.674787   0.495429   0.599107  -0.372753   0.001000
  0.302082   0.438802  -0.685452   0.496341   0.428285  -0.466397   0.001000
  0.186953   0.509605  -0.747957   0.381984   0.635630  -0.424847   0.001000
  0.298383   0.437686  -0.675505   0.512924   0.618191  -0.384029   0.001000
  0.298383   0.437686  -0.675505   0.512924   0.618191  -0.384029   0.001000
  0.298383   0.437686  -0.675505   0.512924   0.618191  -0.384029   0.001000
  0.298383   0.437686  -0.675505   0.512924   0.618191  -0.384029   0.001000
  0.298383   0.437686  -0.675505   0.512924   0.618191  -0.384029   0.001000
  0.298383   0.437686  -0.675505   0.512924   0.618191  -0.384029   0.001000
  0.298383   0.437686  -0.675505   0.512924   0.618191  -0.384029   0.001000
  0.298383   0.437686  -0.675505   0.512924   0.618191  -0.384029   0.001000
  0.298383   0.437686  -0.675505   0.512924   0.618191  -0.384029   0.001000
  0.298383   0.437686  -0.675505   0.512924   0.618191  -0.384029   0.001000
  0.298383   0.437686  -0.675505   0.512924   0.618191  -0.384029   0.001000
  0.298383   0.437686  -0.675505   0.512924   0.618191  -0.384029   0.001000
  0.298383   0.437686  -0.675505   0.512924   0.618191  -0.384029   0.001000
  0.298383   0.437686  -0.675505   0.512924   0.618191  -0.384029   0.001000
  0.298383   0.437686  -0.675505   0.512924   0.618191  -0.384029   0.001000
  0.298383   0.437686  -0.675505   0.512924   0.618191  -0.384029   0.001000
  0.298383   0.437686  -0.675505   0.512924   0.618191  -0.384029   0.001000
  0.298383   0.437686  -0.675505   0.512924   0.618191  -0.384029   0.001000
  0.304909   0.447883  -0.673190   0.503236   0.639973  -0.373731   0.001000
  0.289168   0.456199  -0.689492   0.482561   0.610916  -0.287387   0.001000
  0.289168   0.456199  -0.689492   0.482561   0.610916  -0.287387   0.001000
  0.289168   0.456199  -0.689492   0.482561   0.610916  -0.287387   0.001000
  0.289168   0.456199  -0.689492   0.482561   0.610916  -0.287387   0.001000
  0.289168   0.456199  -0.689492   0.482561   0.610916  -0.287387   0.001000
  0.289168   0.456199  -0.689492   0.482561   0.610916  -0.287387   0.001000
  0.289168   0.456199  -0.689492   0.482561   0.610916  -0.287387   0.001000
  0.289168   0.456199  -0.689492   0.482561   0.610916  -0.287387   0.001000
  0.278471   0.456792  -0.675918   0.506882   0.598417  -0.498474   0.001000
  0.278471   0.456792  -0.675918   0.506882   0.598417  -0.498474   0.001000
  0.278471   0.456792  -0.675918   0.506882   0.598417  -0.498474   0.001000
  0.278471   0.456792  -0.675918   0.506882   0.598417  -0.498474   0.001000
  0.278471   0.456792  -0.675918   0.506882   0.598417  -0.498474   0.001000
  0.279515   0.476028  -0.666708   0.500769   0.609415  -0.355274   0.001000
  0.279515   0.476028  -0.666708   0.500769   0.609415  -0.355274   0.001000
  0.279515   0.476028  -0.666708   0.500769   0.609415  -0.355274   0.001000
  0.294131   0.459305  -0.675696   0.495944   0.467058  -0.351300   0.001000
  0.270964   0.453038  -0.677528   0.512144   0.716901  -0.406277   0.001000
  0.270964   0.453038  -0.677528   0.512144   0.716901  -0.406277   0.001000
  0.299717   0.439788  -0.692712   0.486730   0.500178  -0.403472   0.001000
  0.299717   0.439788  -0.692712   0.486730   0.500178  -0.403472   0.001000
  0.299717   0.439788  -0.692712   0.486730   0.500178  -0.403472   0.001000
  0.299717   0.439788  -0.692712   0.486730   0.500178  -0.403472   0.001000
  0.299717   0.439788  -0.692712   0.486730   0.500178  -0.403472   0.001000
  0.299717   0.439788  -0.692712   0.486730   0.500178  -0.403472   0.001000
  0.299717   0.439788  -0.692712   0.486730   0.500178  -0.403472   0.001000
  0.299717   0.439788  -0.692712   0.486730   0.500178  -0.403472   0.001000
  0.299717   0.439788  -0.692712   0.486730   0.500178  -0.403472   0.001000
  0.299717   0.439788  -0.692712   0.486730   0.500178  -0.403472   0.001000
  0.287748   0.451702  -0.680788   0.499695   0.576809  -0.303431   0.001000
  0.287748   0.451702  -0.680788   0.499695   0.576809  -0.303431   0.001000
  0.287748   0.451702  -0.680788   0.499695   0.576809  -0.303431   0.001000
  0.287748   0.451702  -0.680788   0.499695   0.576809  -0.303431   0.001000
  0.287748   0.451702  -0.680788   0.499695   0.576809  -0.303431   0.001000
  0.287748   0.451702  -0.680788   0.499695   0.576809  -0.303431   0.001000
  0.287748   0.451702  -0.680788   0.499695   0.576809  -0.303431   0.001000
  0.287748   0.451702  -0.680788   0.499695   0.576809  -0.303431   0.001000
  0.287748   0.451702  -0.680788   0.499695   0.576809  -0.303431   0.001000
  0.287748   0.451702  -0.680788   0.499695   0.576809  -0.303431   0.001000
  0.287748   0.451702  -0.680788   0.499695   0.576809  -0.303431   0.001000
  0.287748   0.451702  -0.680788   0.499695   0.576809  -0.303431   0.001000
  0.287748   0.451702  -0.680788   0.499695   0.576809  -0.303431   0.001000
  0.287748   0.451702  -0.680788   0.499695   0.576809  -0.303431   0.001000
  0.287748   0.451702  -0.680788   0.499695   0.576809  -0.303431   0.001000
  0.287748   0.451702  -0.680788   0.499695   0.576809  -0.303431   0.001000
  0.287748   0.451702  -0.680788   0.499695   0.576809  -0.303431   0.001000
  0.287748   0.451702  -0.680788   0.499695   0.576809  -0.303431   0.001000
  0.287748   0.451702  -0.680788   0.499695   0.576809  -0.303431   0.001000
  0.287748   0.451702  -0.680788   0.499695   0.576809  -0.303431   0.001000
  0.287748   0.451702  -0.680788   0.499695   0.576809  -0.303431   0.001000
  0.287748   0.451702  -0.680788   0.499695   0.576809  -0.303431   0.001000
  0.287748   0.451702  -0.680788   0.499695   0.576809  -0.303431   0.001000
  0.287748   0.451702  -0.680788   0.499695   0.576809  -0.303431   0.001000
  0.287748   0.451702  -0.680788   0.499695   0.576809  -0.303431   0.001000
  0.286350   0.459906  -0.671761   0.505201   0.562942  -0.429211   0.001000
  0.286350   0.459906  -0.671761   0.505201   0.562942  -0.429211   0.001000
  0.286350   0.459906  -0.671761   0.505201   0.562942  -0.429211   0.001000
  0.286350   0.459906  -0.671761   0.505201   0.562942  -0.429211   0.001000
  0.286350   0.459906  -0.671761   0.505201   0.562942  -0.429211   0.001000
  0.286350   0.459906  -0.671761   0.505201   0.562942  -0.429211   0.001000
  0.286350   0.459906  -0.671761   0.505201   0.562942  -0.429211   0.001000
  0.286350   0.459906  -0.671761   0.505201   0.562942  -0.429211   0.001000
  0.286350   0.459906  -0.671761   0.505201   0.562942  -0.429211   0.001000
  0.286350   0.459906  -0.671761   0.505201   0.562942  -0.429211   0.001000
  0.286350   0.459906  -0.671761   0.505201   0.562942  -0.429211   0.001000
  0.286350   0.459906  -0.671761   0.505201   0.562942  -0.429211   0.001000
  0.286350   0.459906  -0.671761   0.505201   0.562942  -0.429211   0.001000
  0.286350   0.459906  -0.671761   0.505201   0.562942  -0.429211   0.001000
  0.282163   0.458714  -0.676735   0.501992   0.795010  -0.290893   0.001000
  0.282163   0.458714  -0.676735   0.501992   0.795010  -0.290893   0.001000
  0.282163   0.458714  -0.676735   0.501992   0.795010  -0.290893   0.001000
  0.282163   0.458714  -0.676735   0.501992   0.795010  -0.290893   0.001000
  0.282163   0.458714  -0.676735   0.501992   0.795010  -0.290893   0.001000
  0.282163   0.458714  -0.676735   0.501992   0.795010  -0.290893   0.001000
  0.282163   0.458714  -0.676735   0.501992   0.795010  -0.290893   0.001000
  0.282163   0.458714  -0.676735   0.501992   0.795010  -0.290893   0.001000
  0.282163   0.458714  -0.676735   0.501992   0.795010  -0.290893   0.001000
  0.282163   0.458714  -0.676735   0.501992   0.795010  -0.290893   0.001000
  0.282163   0.458714  -0.676735   0.501992   0.795010  -0.290893   0.001000
  0.282163   0.458714  -0.676735   0.501992   0.795010  -0.290893   0.001000
  0.282163   0.458714  -0.676735   0.501992   0.795010  -0.290893   0.001000
  0.282163   0.458714  -0.676735   0.501992   0.795010  -0.290893   0.001000
  0.282163   0.458714  -0.676735   0.501992   0.795010  -0.290893   0.001000
  0.282163   0.458714  -0.676735   0.501992   0.795010  -0.290893   0.001000
  0.282163   0.458714  -0.676735   0.501992   0.795010  -0.290893   0.001000
  0.282163   0.458714  -0.676735   0.501992   0.795010  -0.290893   0.001000
  0.282163   0.458714  -0.676735   0.501992   0.795010  -0.290893   0.001000
  0.282163   0.458714  -0.676735   0.501992   0.795010  -0.290893   0.001000
  0.282163   0.458714  -0.676735   0.501992   0.795010  -0.290893   0.001000
  0.282163   0.458714  -0.676735   0.501992   0.795010  -0.290893   0.001000
  0.282163   0.458714  -0.676735   0.501992   0.795010  -0.290893   0.001000
  0.282163   0.458714  -0.676735   0.501992   0.795010  -0.290893   0.001000
  0.282163   0.458714  -0.676735   0.501992   0.795010  -0.290893   0.001000
  0.282163   0.458714  -0.676735   0.501992   0.795010  -0.290893   0.001000
  0.282163   0.458714  -0.676735   0.501992   0.795010  -0.290893   0.001000
  0.285309   0.460001  -0.663166   0.516922   0.696815  -0.557237   0.001000
  0.285309   0.460001  -0.663166   0.516922   0.696815  -0.557237   0.001000
  0.285309   0.460001  -0.663166   0.516922   0.696815  -0.557237   0.001000
  0.285309   0.460001  -0.663166   0.516922   0.696815  -0.557237   0.001000
  0.276415   0.463880  -0.663111   0.518356   0.755523  -0.322325   0.001000
  0.291294   0.456153  -0.670099   0.507976   0.723745  -0.542696   0.001000
  0.280416   0.457293  -0.674828   0.506811   0.581287  -0.498053   0.001000
  0.275656   0.457759  -0.674342   0.509641   0.579730  -0.537903   0.001000
  0.275656   0.457759  -0.674342   0.509641   0.579730  -0.537903   0.001000
  0.275656   0.457759  -0.674342   0.509641   0.579730  -0.537903   0.001000
  0.275656   0.457759  -0.674342   0.509641   0.579730  -0.537903   0.001000
  0.284889   0.455160  -0.680475   0.498620   0.591058  -0.503439   0.001000
  0.284889   0.455160  -0.680475   0.498620   0.591058  -0.503439   0.001000
  0.284889   0.455160  -0.680475   0.498620   0.591058  -0.503439   0.001000
  0.284889   0.455160  -0.680475   0.498620   0.591058  -0.503439   0.001000
  0.284889   0.455160  -0.680475   0.498620   0.591058  -0.503439   0.001000
  0.284889   0.455160  -0.680475   0.498620   0.591058  -0.503439   0.001000
  0.284889   0.455160  -0.680475   0.498620   0.591058  -0.503439   0.001000
  0.284889   0.455160  -0.680475   0.498620   0.591058  -0.503439   0.001000
  0.284889   0.455160  -0.680475   0.498620   0.591058  -0.503439   0.001000
  0.284889   0.455160  -0.680475   0.498620   0.591058  -0.503439   0.001000
  0.284889   0.455160  -0.680475   0.498620   0.591058  -0.503439   0.001000
  0.284889   0.455160  -0.680475   0.498620   0.591058  -0.503439   0.001000
  0.284889   0.455160  -0.680475   0.498620   0.591058  -0.503439   0.001000
  0.284889   0.455160  -0.680475   0.498620   0.591058  -0.503439   0.001000
  0.284889   0.455160  -0.680475   0.498620   0.591058  -0.503439   0.001000
  0.286689   0.462527  -0.675557   0.497495   0.587790  -0.421726   0.001000
  0.267258   0.471706  -0.667625   0.510239   0.554438  -0.382557   0.001000
  0.267258   0.471706  -0.667625   0.510239   0.554438  -0.382557   0.001000
  0.267258   0.471706  -0.667625   0.510239   0.554438  -0.382557   0.001000
  0.282985   0.451250  -0.667993   0.519691   0.546627  -0.573638   0.001000
  0.282985   0.451250  -0.667993   0.519691   0.546627  -0.573638   0.001000
  0.293804   0.465339  -0.666997   0.502248   0.517919  -0.323992   0.001000
  0.285156   0.453421  -0.688574   0.488837   0.621977  -0.613557   0.001000
  0.285156   0.453421  -0.688574   0.488837   0.621977  -0.613557   0.001000
  0.285156   0.453421  -0.688574   0.488837   0.621977  -0.613557   0.001000
  0.285156   0.453421  -0.688574   0.488837   0.621977  -0.613557   0.001000
  0.285156   0.453421  -0.688574   0.488837   0.621977  -0.613557   0.001000
  0.285156   0.453421  -0.688574   0.488837   0.621977  -0.613557   0.001000
  0.285156   0.453421  -0.688574   0.488837   0.621977  -0.613557   0.001000
  0.285156   0.453421  -0.688574   0.488837   0.621977  -0.613557   0.001000
  0.308472   0.450818  -0.652846   0.524786   0.531090  -0.416051   0.001000
  0.297656   0.452926  -0.683173   0.489422   0.689377  -0.434215   0.001000
  0.297656   0.452926  -0.683173   0.489422   0.689377  -0.434215   0.001000
  0.276538   0.463325  -0.679888   0.496597   0.562134  -0.424698   0.001000
  0.276538   0.463325  -0.679888   0.496597   0.562134  -0.424698   0.001000
  0.276538   0.463325  -0.679888   0.496597   0.562134  -0.424698   0.001000
  0.276538   0.463325  -0.679888   0.496597   0.562134  -0.424698   0.001000
  0.276538   0.463325  -0.679888   0.496597   0.562134  -0.424698   0.001000
  0.276538   0.463325  -0.679888   0.496597   0.562134  -0.424698   0.001000
  0.276538   0.463325  -0.679888   0.496597   0.562134  -0.424698   0.001000
  0.279245   0.452957  -0.676903   0.508581   0.440067  -0.712586   0.001000
  0.279245   0.452957  -0.676903   0.508581   0.440067  -0.712586   0.001000
  0.279245   0.452957  -0.676903   0.508581   0.440067  -0.712586   0.001000
  0.284378   0.438942  -0.685158   0.506969   0.621146  -0.358527   0.001000
  0.284378   0.438942  -0.685158   0.506969   0.621146  -0.358527   0.001000
  0.284378   0.438942  -0.685158   0.506969   0.621146  -0.358527   0.001000
  0.284378   0.438942  -0.685158   0.506969   0.621146  -0.358527   0.001000
  0.284378   0.438942  -0.685158   0.506969   0.621146  -0.358527   0.001000
  0.284378   0.438942  -0.685158   0.506969   0.621146  -0.358527   0.001000
  0.284378   0.438942  -0.685158   0.506969   0.621146  -0.358527   0.001000
  0.284378   0.438942  -0.685158   0.506969   0.621146  -0.358527   0.001000
  0.284378   0.438942  -0.685158   0.506969   0.621146  -0.358527   0.001000
  0.284378   0.438942  -0.685158   0.506969   0.621146  -0.358527   0.001000
  0.284378   0.438942  -0.685158   0.506969   0.621146  -0.358527   0.001000
  0.284378   0.438942  -0.685158   0.506969   0.621146  -0.358527   0.001000
  0.284378   0.438942  -0.685158   0.506969   0.621146  -0.358527   0.001000
  0.284378   0.438942  -0.685158   0.506969   0.621146  -0.358527   0.001000
  0.284378   0.438942  -0.685158   0.506969   0.621146  -0.358527   0.001000
  0.284378   0.438942  -0.685158   0.506969   0.621146  -0.358527   0.001000
  0.284378   0.438942  -0.685158   0.506969   0.621146  -0.358527   0.001000
  0.284378   0.438942  -0.685158   0.506969   0.621146  -0.358527   0.001000
  0.290851   0.451424  -0.681219   0.497557   0.468285  -0.483215   0.001000
  0.291561   0.453638  -0.681719   0.494433   0.594262  -0.547445   0.001000
  0.271351   0.467525  -0.694234   0.475214   0.383828  -0.615482   0.001000
  0.266370   0.448509  -0.671462   0.526332   0.435874  -0.238239   0.001000
  0.282944   0.456232  -0.670891   0.511566   0.576584  -0.282365   0.001000
  0.282944   0.456232  -0.670891   0.511566   0.576584  -0.282365   0.001000
  0.290805   0.439435  -0.681385   0.507981   0.390649  -0.407494   0.001000
  0.290805   0.439435  -0.681385   0.507981   0.390649  -0.407494   0.001000
  0.290805   0.439435  -0.681385   0.507981   0.390649  -0.407494   0.001000
  0.287943   0.459556  -0.666325   0.511770   0.432277  -0.326563   0.001000
  0.287943   0.459556  -0.666325   0.511770   0.432277  -0.326563   0.001000
  0.287943   0.459556  -0.666325   0.511770   0.432277  -0.326563   0.001000
  0.287943   0.459556  -0.666325   0.511770   0.432277  -0.326563   0.001000
  0.287943   0.459556  -0.666325   0.511770   0.432277  -0.326563   0.001000
  0.287943   0.459556  -0.666325   0.511770   0.432277  -0.326563   0.001000
  0.287943   0.459556  -0.666325   0.511770   0.432277  -0.326563   0.001000
  0.287943   0.459556  -0.666325   0.511770   0.432277  -0.326563   0.001000
  0.287943   0.459556  -0.666325   0.511770   0.432277  -0.326563   0.001000
  0.287943   0.459556  -0.666325   0.511770   0.432277  -0.326563   0.001000
  0.287943   0.459556  -0.666325   0.511770   0.432277  -0.326563   0.001000
  0.287943   0.459556  -0.666325   0.511770   0.432277  -0.326563   0.001000
  0.291897   0.436237  -0.686142   0.503689   0.582537  -0.486579   0.001000
  0.291897   0.436237  -0.686142   0.503689   0.582537  -0.486579   0.001000
  0.291897   0.436237  -0.686142   0.503689   0.582537  -0.486579   0.001000
  0.291897   0.436237  -0.686142   0.503689   0.582537  -0.486579   0.001000
  0.291897   0.436237  -0.686142   0.503689   0.582537  -0.486579   0.001000
  0.291897   0.436237  -0.686142   0.503689   0.582537  -0.486579   0.001000
  0.291897   0.436237  -0.686142   0.503689   0.582537  -0.486579   0.001000
  0.291897   0.436237  -0.686142   0.503689   0.582537  -0.486579   0.001000
  0.291897   0.436237  -0.686142   0.503689   0.582537  -0.486579   0.001000
  0.291897   0.436237  -0.686142   0.503689   0.582537  -0.486579   0.001000
  0.291897   0.436237  -0.686142   0.503689   0.582537  -0.486579   0.001000
  0.291897   0.436237  -0.686142   0.503689   0.582537  -0.486579   0.001000
  0.291897   0.436237  -0.686142   0.503689   0.582537  -0.486579   0.001000
  0.291897   0.436237  -0.686142   0.503689   0.582537  -0.486579   0.001000
  0.277047   0.449014  -0.681185   0.507562   0.443093  -0.211222   0.001000
  0.277047   0.449014  -0.681185   0.507562   0.443093  -0.211222   0.001000
  0.277047   0.449014  -0.681185   0.507562   0.443093  -0.211222   0.001000
  0.287937   0.440909  -0.678789   0.511798   0.426627  -0.494940   0.001000
  0.287937   0.440909  -0.678789   0.511798   0.426627  -0.494940   0.001000
  0.285447   0.459658  -0.668068   0.510804   0.514120  -0.427931   0.001000
  0.285447   0.459658  -0.668068   0.510804   0.514120  -0.427931   0.001000
  0.285447   0.459658  -0.668068   0.510804   0.514120  -0.427931   0.001000
  0.285447   0.459658  -0.668068   0.510804   0.514120  -0.427931   0.001000
  0.285447   0.459658  -0.668068   0.510804   0.514120  -0.427931   0.001000
  0.293149   0.443577  -0.681443   0.502930   0.623582  -0.438093   0.001000
  0.293149   0.443577  -0.681443   0.502930   0.623582  -0.438093   0.001000
  0.293149   0.443577  -0.681443   0.502930   0.623582  -0.438093   0.001000
  0.293149   0.443577  -0.681443   0.502930   0.623582  -0.438093   0.001000
  0.293149   0.443577  -0.681443   0.502930   0.623582  -0.438093   0.001000
  0.293149   0.443577  -0.681443   0.502930   0.623582  -0.438093   0.001000
  0.293149   0.443577  -0.681443   0.502930   0.623582  -0.438093   0.001000
  0.280646   0.449996  -0.677779   0.509271   0.677395  -0.386401   0.001000
  0.280646   0.449996  -0.677779   0.509271   0.677395  -0.386401   0.001000
  0.294014   0.456441  -0.680546   0.492011   0.700858  -0.643690   0.001000
  0.294014   0.456441  -0.680546   0.492011   0.700858  -0.643690   0.001000
  0.294014   0.456441  -0.680546   0.492011   0.700858  -0.643690   0.001000
  0.294014   0.456441  -0.680546   0.492011   0.700858  -0.643690   0.001000
  0.294014   0.456441  -0.680546   0.492011   0.700858  -0.643690   0.001000
  0.272544   0.469638  -0.659306   0.520073   0.395995  -0.620777   0.001000
  0.281725   0.470399  -0.676380   0.491799   0.257038  -0.532318   0.001000
  0.289265   0.438684  -0.684153   0.505784   0.324919  -0.594947   0.001000
  0.289265   0.438684  -0.684153   0.505784   0.324919  -0.594947   0.001000
  0.289265   0.438684  -0.684153   0.505784   0.324919  -0.594947   0.001000
  0.287178   0.447004  -0.685745   0.497464   0.418323  -0.706918   0.001000
  0.287178   0.447004  -0.685745   0.497464   0.418323  -0.706918   0.001000
  0.287178   0.447004  -0.685745   0.497464   0.418323  -0.706918   0.001000
  0.287178   0.447004  -0.685745   0.497464   0.418323  -0.706918   0.001000
  0.289913   0.453920  -0.677586   0.500784   0.234874  -0.748494   0.001000
  0.289794   0.457655  -0.668148   0.510048   0.203421  -0.748068   0.001000
  0.291248   0.449545  -0.682032   0.497912   0.593325  -0.085912   0.001000
  0.286222   0.450709  -0.680595   0.501726   0.768881  -0.524328   0.001000
  0.286222   0.450709  -0.680595   0.501726   0.768881  -0.524328   0.001000
  0.280446   0.475248  -0.670511   0.495887   0.828922  -0.488653   0.001000
  0.196316   0.566936  -0.589515   0.540847   0.469538  -0.571581   0.001000
