 -0.183364  -0.124862  -0.563284   0.795926  -0.717280  -1.092718   0.001000
 -0.183364  -0.124862  -0.563284   0.795926  -0.717280  -1.092718   0.001000
 -0.183364  -0.124862  -0.563284   0.795926  -0.717280  -1.092718   0.001000
 -0.183364  -0.124862  -0.563284   0.795926  -0.717280  -1.092718   0.001000
 -0.183364  -0.124862  -0.563284   0.795926  -0.717280  -1.092718   0.001000
 -0.180784  -0.125285  -0.575196   0.787890  -0.925133  -1.176681   0.001000
 -0.180735  -0.107458  -0.572033   0.792822  -0.531207  -0.888914   0.001000
 -0.171484  -0.092311  -0.591604   0.782353  -0.931405  -0.949903   0.001000
 -0.336174  -0.026077  -0.570561   0.748844  -0.846340  -0.873498   0.001000
 -0.336174  -0.026077  -0.570561   0.748844  -0.846340  -0.873498   0.001000
 -0.336174  -0.026077  -0.570561   0.748844  -0.846340  -0.873498   0.001000
 -0.341112  -0.010242  -0.586844   0.734270  -0.964206  -0.847634   0.001000
 -0.341112  -0.010242  -0.586844   0.734270  -0.964206  -0.847634   0.001000
 -0.341112  -0.010242  -0.586844   0.734270  -0.964206  -0.847634   0.001000
 -0.341112  -0.010242  -0.586844   0.734270  -0.964206  -0.847634   0.001000
 -0.331026  -0.008546  -0.581389   0.743193  -1.052310  -0.925484   0.001000
 -0.331026  -0.008546  -0.581389   0.743193  -1.052310  -0.925484   0.001000
 -0.331026  -0.008546  -0.581389   0.743193  -1.052310  -0.925484   0.001000
 -0.331026  -0.008546  -0.581389   0.743193  -1.052310  -0.925484   0.001000
 -0.331026  -0.008546  -0.581389   0.743193  -1.052310  -0.925484   0.001000
 -0.331026  -0.008546  -0.581389   0.743193  -1.052310  -0.925484   0.001000
 -0.331026  -0.008546  -0.581389   0.743193  -1.052310  -0.925484   0.001000
 -0.331026  -0.008546  -0.581389   0.743193  -1.052310  -0.925484   0.001000
 -0.218282  -0.086084  -0.573631   0.784786  -0.907541  -0.960984   0.001000
 -0.176901  -0.125255  -0.565591   0.795691  -0.703475  -0.636103   0.001000
 -0.176901  -0.125255  -0.565591   0.795691  -0.703475  -0.636103   0.001000
 -0.176901  -0.125255  -0.565591   0.795691  -0.703475  -0.636103   0.001000
 -0.176901  -0.125255  -0.565591   0.795691  -0.703475  -0.636103   0.001000
 -0.182093  -0.119028  -0.568237   0.793587  -0.846965  -0.767736   0.001000
 -0.182093  -0.119028  -0.568237   0.793587  -0.846965  -0.767736   0.001000
 -0.182093  -0.119028  -0.568237   0.793587  -0.846965  -0.767736   0.001000
 -0.182093  -0.119028  -0.568237   0.793587  -0.846965  -0.767736   0.001000
 -0.182093  -0.119028  -0.568237   0.793587  -0.846965  -0.767736   0.001000
 -0.182093  -0.119028  -0.568237   0.793587  -0.846965  -0.767736   0.001000
 -0.182093  -0.119028  -0.568237   0.793587  -0.846965  -0.767736   0.001000
 -0.182093  -0.119028  -0.568237   0.793587  -0.846965  -0.767736   0.001000
 -0.182093  -0.119028  -0.568237   0.793587  -0.846965  -0.767736   0.001000
 -0.184327  -0.132252  -0.573396   0.787242  -0.895197  -0.744968   0.001000
 -0.293707  -0.029921  -0.583015   0.756924  -0.729207  -0.824520   0.001000
 -0.293707  -0.029921  -0.583015   0.756924  -0.729207  -0.824520   0.001000
 -0.293707  -0.029921  -0.583015   0.756924  -0.729207  -0.824520   0.001000
 -0.293707  -0.029921  -0.583015   0.756924  -0.729207  -0.824520   0.001000
 -0.293707  -0.029921  -0.583015   0.756924  -0.729207  -0.824520   0.001000
 -0.293707  -0.029921  -0.583015   0.756924  -0.729207  -0.824520   0.001000
 -0.293707  -0.029921  -0.583015   0.756924  -0.729207  -0.824520   0.001000
 -0.293707  -0.029921  -0.583015   0.756924  -0.729207  -0.824520   0.001000
 -0.319769  -0.008734  -0.590901   0.740613  -0.905622  -0.648608   0.001000
 -0.319769  -0.008734  -0.590901   0.740613  -0.905622  -0.648608   0.001000
 -0.319769  -0.008734  -0.590901   0.740613  -0.905622  -0.648608   0.001000
 -0.319769  -0.008734  -0.590901   0.740613  -0.905622  -0.648608   0.001000
 -0.319769  -0.008734  -0.590901   0.740613  -0.905622  -0.648608   0.001000
 -0.319769  -0.008734  -0.590901   0.740613  -0.905622  -0.648608   0.001000
 -0.319769  -0.008734  -0.590901   0.740613  -0.905622  -0.648608   0.001000
 -0.319769  -0.008734  -0.590901   0.740613  -0.905622  -0.648608   0.001000
 -0.319769  -0.008734  -0.590901   0.740613  -0.905622  -0.648608   0.001000
 -0.319769  -0.008734  -0.590901   0.740613  -0.905622  -0.648608   0.001000
 -0.319769  -0.008734  -0.590901   0.740613  -0.905622  -0.648608   0.001000
 -0.188741  -0.129811  -0.574631   0.785700  -0.704236  -0.720465   0.001000
 -0.188741  -0.129811  -0.574631   0.785700  -0.704236  -0.720465   0.001000
 -0.188741  -0.129811  -0.574631   0.785700  -0.704236  -0.720465   0.001000
 -0.188741  -0.129811  -0.574631   0.785700  -0.704236  -0.720465   0.001000
 -0.188741  -0.129811  -0.574631   0.785700  -0.704236  -0.720465   0.001000
 -0.179542  -0.117294  -0.564101   0.797369  -0.650354  -0.790785   0.001000
 -0.179542  -0.117294  -0.564101   0.797369  -0.650354  -0.790785   0.001000
 -0.179542  -0.117294  -0.564101   0.797369  -0.650354  -0.790785   0.001000
 -0.179542  -0.117294  -0.564101   0.797369  -0.650354  -0.790785   0.001000
 -0.179542  -0.117294  -0.564101   0.797369  -0.650354  -0.790785   0.001000
 -0.179542  -0.117294  -0.564101   0.797369  -0.650354  -0.790785   0.001000
 -0.179542  -0.117294  -0.564101   0.797369  -0.650354  -0.790785   0.001000
 -0.179542  -0.117294  -0.564101   0.797369  -0.650354  -0.790785   0.001000
 -0.179542  -0.117294  -0.564101   0.797369  -0.650354  -0.790785   0.001000
 -0.179542  -0.117294  -0.564101   0.797369  -0.650354  -0.790785   0.001000
 -0.179542  -0.117294  -0.564101   0.797369  -0.650354  -0.790785   0.001000
 -0.179542  -0.117294  -0.564101   0.797369  -0.650354  -0.790785   0.001000
 -0.179542  -0.117294  -0.564101   0.797369  -0.650354  -0.790785   0.001000
 -0.179542  -0.117294  -0.564101   0.797369  -0.650354  -0.790785   0.001000
 -0.179542  -0.117294  -0.564101   0.797369  -0.650354  -0.790785   0.001000
 -0.184391  -0.089206  -0.548725   0.810521  -0.660780  -0.880584   0.001000
 -0.184953  -0.127870  -0.557610   0.799069  -0.831800  -0.865053   0.001000
 -0.186155  -0.112237  -0.563652   0.796897  -0.773782  -0.819251   0.001000
 -0.186155  -0.112237  -0.563652   0.796897  -0.773782  -0.819251   0.001000
 -0.186155  -0.112237  -0.563652   0.796897  -0.773782  -0.819251   0.001000
 -0.186155  -0.112237  -0.563652   0.796897  -0.773782  -0.819251   0.001000
 -0.186155  -0.112237  -0.563652   0.796897  -0.773782  -0.819251   0.001000
 -0.186155  -0.112237  -0.563652   0.796897  -0.773782  -0.819251   0.001000
 -0.186155  -0.112237  -0.563652   0.796897  -0.773782  -0.819251   0.001000
 -0.186155  -0.112237  -0.563652   0.796897  -0.773782  -0.819251   0.001000
 -0.186155  -0.112237  -0.563652   0.796897  -0.773782  -0.819251   0.001000
 -0.186155  -0.112237  -0.563652   0.796897  -0.773782  -0.819251   0.001000
 -0.186155  -0.112237  -0.563652   0.796897  -0.773782  -0.819251   0.001000
 -0.186155  -0.112237  -0.563652   0.796897  -0.773782  -0.819251   0.001000
 -0.186155  -0.112237  -0.563652   0.796897  -0.773782  -0.819251   0.001000
 -0.186155  -0.112237  -0.563652   0.796897  -0.773782  -0.819251   0.001000
 -0.186155  -0.112237  -0.563652   0.796897  -0.773782  -0.819251   0.001000
 -0.186155  -0.112237  -0.563652   0.796897  -0.773782  -0.819251   0.001000
 -0.186155  -0.112237  -0.563652   0.796897  -0.773782  -0.819251   0.001000
 -0.186155  -0.112237  -0.563652   0.796897  -0.773782  -0.819251   0.001000
 -0.186155  -0.112237  -0.563652   0.796897  -0.773782  -0.819251   0.001000
 -0.186155  -0.112237  -0.563652   0.796897  -0.773782  -0.819251   0.001000
 -0.186155  -0.112237  -0.563652   0.796897  -0.773782  -0.819251   0.001000
 -0.186155  -0.112237  -0.563652   0.796897  -0.773782  -0.819251   0.001000
 -0.186155  -0.112237  -0.563652   0.796897  -0.773782  -0.819251   0.001000
 -0.186155  -0.112237  -0.563652   0.796897  -0.773782  -0.819251   0.001000
 -0.186155  -0.112237  -0.563652   0.796897  -0.773782  -0.819251   0.001000
 -0.186155  -0.112237  -0.563652   0.796897  -0.773782  -0.819251   0.001000
 -0.186155  -0.112237  -0.563652   0.796897  -0.773782  -0.819251   0.001000
 -0.186155  -0.112237  -0.563652   0.796897  -0.773782  -0.819251   0.001000
 -0.199831  -0.086444  -0.578758   0.785897  -0.755055  -0.709893   0.001000
 -0.199831  -0.086444  -0.578758   0.785897  -0.755055  -0.709893   0.001000
 -0.191685  -0.117426  -0.561881   0.796089  -0.856980  -0.977087   0.001000
 -0.191685  -0.117426  -0.561881   0.796089  -0.856980  -0.977087   0.001000
 -0.191685  -0.117426  -0.561881   0.796089  -0.856980  -0.977087   0.001000
 -0.339263  -0.007772  -0.570983   0.747542  -0.729930  -0.875014   0.001000
 -0.180552  -0.119298  -0.559910   0.799794  -0.987320  -0.822529   0.001000
 -0.180552  -0.119298  -0.559910   0.799794  -0.987320  -0.822529   0.001000
 -0.180552  -0.119298  -0.559910   0.799794  -0.987320  -0.822529   0.001000
 -0.180552  -0.119298  -0.559910   0.799794  -0.987320  -0.822529   0.001000
 -0.180552  -0.119298  -0.559910   0.799794  -0.987320  -0.822529   0.001000
 -0.180552  -0.119298  -0.559910   0.799794  -0.987320  -0.822529   0.001000
 -0.180552  -0.119298  -0.559910   0.799794  -0.987320  -0.822529   0.001000
 -0.180552  -0.119298  -0.559910   0.799794  -0.987320  -0.822529   0.001000
 -0.180552  -0.119298  -0.559910   0.799794  -0.987320  -0.822529   0.001000
 -0.332619  -0.000805  -0.576565   0.746282  -0.833055  -0.799294   0.001000
 -0.332619  -0.000805  -0.576565   0.746282  -0.833055  -0.799294   0.001000
 -0.332619  -0.000805  -0.576565   0.746282  -0.833055  -0.799294   0.001000
 -0.332619  -0.000805  -0.576565   0.746282  -0.833055  -0.799294   0.001000
 -0.332619  -0.000805  -0.576565   0.746282  -0.833055  -0.799294   0.001000
 -0.332619  -0.000805  -0.576565   0.746282  -0.833055  -0.799294   0.001000
 -0.332619  -0.000805  -0.576565   0.746282  -0.833055  -0.799294   0.001000
 -0.332619  -0.000805  -0.576565   0.746282  -0.833055  -0.799294   0.001000
 -0.332619  -0.000805  -0.576565   0.746282  -0.833055  -0.799294   0.001000
 -0.332619  -0.000805  -0.576565   0.746282  -0.833055  -0.799294   0.001000
 -0.332619  -0.000805  -0.576565   0.746282  -0.833055  -0.799294   0.001000
 -0.332619  -0.000805  -0.576565   0.746282  -0.833055  -0.799294   0.001000
 -0.332619  -0.000805  -0.576565   0.746282  -0.833055  -0.799294   0.001000
 -0.231774  -0.082540  -0.574779   0.780447  -0.884462  -0.897659   0.001000
 -0.231774  -0.082540  -0.574779   0.780447  -0.884462  -0.897659   0.001000
 -0.231774  -0.082540  -0.574779   0.780447  -0.884462  -0.897659   0.001000
 -0.231774  -0.082540  -0.574779   0.780447  -0.884462  -0.897659   0.001000
 -0.231774  -0.082540  -0.574779   0.780447  -0.884462  -0.897659   0.001000
 -0.231774  -0.082540  -0.574779   0.780447  -0.884462  -0.897659   0.001000
 -0.174192  -0.114447  -0.577598   0.789265  -0.850523  -0.828951   0.001000
 -0.174192  -0.114447  -0.577598   0.789265  -0.850523  -0.828951   0.001000
 -0.174192  -0.114447  -0.577598   0.789265  -0.850523  -0.828951   0.001000
 -0.174192  -0.114447  -0.577598   0.789265  -0.850523  -0.828951   0.001000
 -0.174192  -0.114447  -0.577598   0.789265  -0.850523  -0.828951   0.001000
 -0.174192  -0.114447  -0.577598   0.789265  -0.850523  -0.828951   0.001000
 -0.174192  -0.114447  -0.577598   0.789265  -0.850523  -0.828951   0.001000
 -0.174192  -0.114447  -0.577598   0.789265  -0.850523  -0.828951   0.001000
 -0.174192  -0.114447  -0.577598   0.789265  -0.850523  -0.828951   0.001000
 -0.174192  -0.114447  -0.577598   0.789265  -0.850523  -0.828951   0.001000
 -0.174192  -0.114447  -0.577598   0.789265  -0.850523  -0.828951   0.001000
 -0.193392  -0.116764  -0.570098   0.789908  -0.670708  -1.027778   0.001000
 -0.193392  -0.116764  -0.570098   0.789908  -0.670708  -1.027778   0.001000
 -0.193392  -0.116764  -0.570098   0.789908  -0.670708  -1.027778   0.001000
 -0.193392  -0.116764  -0.570098   0.789908  -0.670708  -1.027778   0.001000
 -0.193392  -0.116764  -0.570098   0.789908  -0.670708  -1.027778   0.001000
 -0.193392  -0.116764  -0.570098   0.789908  -0.670708  -1.027778   0.001000
 -0.196494  -0.130435  -0.575941   0.782731  -0.734492  -0.898124   0.001000
 -0.323538  -0.012617  -0.575459   0.751007  -0.634790  -0.971939   0.001000
 -0.311808  -0.003787  -0.593584   0.741902  -0.600972  -1.145449   0.001000
 -0.330453  -0.016061  -0.579851   0.744524  -0.717862  -0.919573   0.001000
 -0.330453  -0.016061  -0.579851   0.744524  -0.717862  -0.919573   0.001000
 -0.330453  -0.016061  -0.579851   0.744524  -0.717862  -0.919573   0.001000
 -0.330453  -0.016061  -0.579851   0.744524  -0.717862  -0.919573   0.001000
 -0.330453  -0.016061  -0.579851   0.744524  -0.717862  -0.919573   0.001000
 -0.330453  -0.016061  -0.579851   0.744524  -0.717862  -0.919573   0.001000
 -0.330453  -0.016061  -0.579851   0.744524  -0.717862  -0.919573   0.001000
 -0.330453  -0.016061  -0.579851   0.744524  -0.717862  -0.919573   0.001000
 -0.167320  -0.104513  -0.549648   0.811768  -0.748397  -1.202975   0.001000
 -0.167320  -0.104513  -0.549648   0.811768  -0.748397  -1.202975   0.001000
 -0.177635  -0.117268  -0.566826   0.795866  -0.742153  -0.944111   0.001000
 -0.177635  -0.117268  -0.566826   0.795866  -0.742153  -0.944111   0.001000
 -0.177635  -0.117268  -0.566826   0.795866  -0.742153  -0.944111   0.001000
 -0.177635  -0.117268  -0.566826   0.795866  -0.742153  -0.944111   0.001000
 -0.177635  -0.117268  -0.566826   0.795866  -0.742153  -0.944111   0.001000
 -0.177635  -0.117268  -0.566826   0.795866  -0.742153  -0.944111   0.001000
 -0.177635  -0.117268  -0.566826   0.795866  -0.742153  -0.944111   0.001000
 -0.177635  -0.117268  -0.566826   0.795866  -0.742153  -0.944111   0.001000
 -0.177635  -0.117268  -0.566826   0.795866  -0.742153  -0.944111   0.001000
 -0.177635  -0.117268  -0.566826   0.795866  -0.742153  -0.944111   0.001000
 -0.182624  -0.119004  -0.557795   0.800844  -0.700486  -0.818501   0.001000
 -0.325708  -0.003737  -0.593648   0.735855  -0.579896  -0.998880   0.001000
 -0.176289  -0.123214  -0.573300   0.790612  -0.663914  -0.895206   0.001000
 -0.176289  -0.123214  -0.573300   0.790612  -0.663914  -0.895206   0.001000
 -0.176289  -0.123214  -0.573300   0.790612  -0.663914  -0.895206   0.001000
 -0.176289  -0.123214  -0.573300   0.790612  -0.663914  -0.895206   0.001000
 -0.176289  -0.123214  -0.573300   0.790612  -0.663914  -0.895206   0.001000
 -0.176289  -0.123214  -0.573300   0.790612  -0.663914  -0.895206   0.001000
 -0.328432  -0.005203  -0.578073   0.746952  -0.387814  -0.944723   0.001000
 -0.188118  -0.095379  -0.569888   0.794192  -0.689182  -0.903446   0.001000
 -0.279613  -0.067859  -0.567461   0.771492  -0.668287  -1.021076   0.001000
 -0.181202  -0.111595  -0.574283   0.790513  -0.616962  -0.695930   0.001000
 -0.181202  -0.111595  -0.574283   0.790513  -0.616962  -0.695930   0.001000
 -0.172850  -0.090358  -0.565134   0.801612  -0.889370  -0.632061   0.001000
 -0.193682  -0.109980  -0.565934   0.793795  -0.996456  -0.796213   0.001000
 -0.193682  -0.109980  -0.565934   0.793795  -0.996456  -0.796213   0.001000
 -0.193682  -0.109980  -0.565934   0.793795  -0.996456  -0.796213   0.001000
 -0.193682  -0.109980  -0.565934   0.793795  -0.996456  -0.796213   0.001000
 -0.193682  -0.109980  -0.565934   0.793795  -0.996456  -0.796213   0.001000
 -0.192981  -0.113658  -0.564331   0.794588  -0.836403  -0.950817   0.001000
 -0.192981  -0.113658  -0.564331   0.794588  -0.836403  -0.950817   0.001000
 -0.192981  -0.113658  -0.564331   0.794588  -0.836403  -0.950817   0.001000
 -0.192981  -0.113658  -0.564331   0.794588  -0.836403  -0.950817   0.001000
 -0.192981  -0.113658  -0.564331   0.794588  -0.836403  -0.950817   0.001000
 -0.192981  -0.113658  -0.564331   0.794588  -0.836403  -0.950817   0.001000
 -0.268543  -0.060820  -0.565647   0.777322  -0.816654  -0.683876   0.001000
 -0.178086  -0.127497  -0.573281   0.789544  -0.865494  -0.878429   0.001000
 -0.178086  -0.127497  -0.573281   0.789544  -0.865494  -0.878429   0.001000
 -0.178086  -0.127497  -0.573281   0.789544  -0.865494  -0.878429   0.001000
 -0.178086  -0.127497  -0.573281   0.789544  -0.865494  -0.878429   0.001000
 -0.353443  -0.036643  -0.584964   0.729076  -0.678204  -0.968931   0.001000
 -0.187779  -0.115189  -0.565875   0.794516  -0.733580  -0.821768   0.001000
 -0.187779  -0.115189  -0.565875   0.794516  -0.733580  -0.821768   0.001000
 -0.187779  -0.115189  -0.565875   0.794516  -0.733580  -0.821768   0.001000
 -0.330752  -0.017229  -0.588404   0.737623  -0.791932  -0.881488   0.001000
 -0.344305  -0.030023  -0.573736   0.742550  -0.823945  -0.698681   0.001000
 -0.195947  -0.098386  -0.566688   0.794223  -1.028987  -0.847830   0.001000
 -0.179019  -0.122653  -0.558865   0.800362  -0.802775  -0.894486   0.001000
 -0.179019  -0.122653  -0.558865   0.800362  -0.802775  -0.894486   0.001000
 -0.197326  -0.095797  -0.568519   0.792888  -0.791082  -0.618723   0.001000
 -0.184382  -0.090242  -0.555999   0.805435  -0.791248  -1.036578   0.001000
 -0.323640  -0.006330  -0.587716   0.741490  -0.719438  -0.839938   0.001000
 -0.323640  -0.006330  -0.587716   0.741490  -0.719438  -0.839938   0.001000
 -0.323640  -0.006330  -0.587716   0.741490  -0.719438  -0.839938   0.001000
 -0.323640  -0.006330  -0.587716   0.741490  -0.719438  -0.839938   0.001000
 -0.323640  -0.006330  -0.587716   0.741490  -0.719438  -0.839938   0.001000
 -0.323640  -0.006330  -0.587716   0.741490  -0.719438  -0.839938   0.001000
 -0.323640  -0.006330  -0.587716   0.741490  -0.719438  -0.839938   0.001000
 -0.323640  -0.006330  -0.587716   0.741490  -0.719438  -0.839938   0.001000
 -0.323640  -0.006330  -0.587716   0.741490  -0.719438  -0.839938   0.001000
 -0.323640  -0.006330  -0.587716   0.741490  -0.719438  -0.839938   0.001000
 -0.323640  -0.006330  -0.587716   0.741490  -0.719438  -0.839938   0.001000
 -0.323640  -0.006330  -0.587716   0.741490  -0.719438  -0.839938   0.001000
 -0.323640  -0.006330  -0.587716   0.741490  -0.719438  -0.839938   0.001000
 -0.323640  -0.006330  -0.587716   0.741490  -0.719438  -0.839938   0.001000
 -0.323640  -0.006330  -0.587716   0.741490  -0.719438  -0.839938   0.001000
 -0.323640  -0.006330  -0.587716   0.741490  -0.719438  -0.839938   0.001000
 -0.323640  -0.006330  -0.587716   0.741490  -0.719438  -0.839938   0.001000
 -0.323640  -0.006330  -0.587716   0.741490  -0.719438  -0.839938   0.001000
 -0.323640  -0.006330  -0.587716   0.741490  -0.719438  -0.839938   0.001000
 -0.327723  -0.001638  -0.586658   0.740559  -0.930552  -0.882301   0.001000
 -0.327723  -0.001638  -0.586658   0.740559  -0.930552  -0.882301   0.001000
 -0.327723  -0.001638  -0.586658   0.740559  -0.930552  -0.882301   0.001000
 -0.327723  -0.001638  -0.586658   0.740559  -0.930552  -0.882301   0.001000
 -0.327723  -0.001638  -0.586658   0.740559  -0.930552  -0.882301   0.001000
 -0.336274  -0.007755  -0.577851   0.743604  -0.705041  -0.761098   0.001000
 -0.336274  -0.007755  -0.577851   0.743604  -0.705041  -0.761098   0.001000
 -0.336274  -0.007755  -0.577851   0.743604  -0.705041  -0.761098   0.001000
 -0.336274  -0.007755  -0.577851   0.743604  -0.705041  -0.761098   0.001000
 -0.179226  -0.117907  -0.562250   0.798655  -0.640219  -1.082868   0.001000
 -0.179226  -0.117907  -0.562250   0.798655  -0.640219  -1.082868   0.001000
 -0.179226  -0.117907  -0.562250   0.798655  -0.640219  -1.082868   0.001000
 -0.179226  -0.117907  -0.562250   0.798655  -0.640219  -1.082868   0.001000
 -0.179226  -0.117907  -0.562250   0.798655  -0.640219  -1.082868   0.001000
 -0.179226  -0.117907  -0.562250   0.798655  -0.640219  -1.082868   0.001000
 -0.179226  -0.117907  -0.562250   0.798655  -0.640219  -1.082868   0.001000
 -0.179226  -0.117907  -0.562250   0.798655  -0.640219  -1.082868   0.001000
 -0.179226  -0.117907  -0.562250   0.798655  -0.640219  -1.082868   0.001000
 -0.179226  -0.117907  -0.562250   0.798655  -0.640219  -1.082868   0.001000
 -0.179226  -0.117907  -0.562250   0.798655  -0.640219  -1.082868   0.001000
 -0.179226  -0.117907  -0.562250   0.798655  -0.640219  -1.082868   0.001000
 -0.179226  -0.117907  -0.562250   0.798655  -0.640219  -1.082868   0.001000
 -0.179226  -0.117907  -0.562250   0.798655  -0.640219  -1.082868   0.001000
 -0.179226  -0.117907  -0.562250   0.798655  -0.640219  -1.082868   0.001000
 -0.179226  -0.117907  -0.562250   0.798655  -0.640219  -1.082868   0.001000
 -0.179226  -0.117907  -0.562250   0.798655  -0.640219  -1.082868   0.001000
 -0.179226  -0.117907  -0.562250   0.798655  -0.640219  -1.082868   0.001000
 -0.179226  -0.117907  -0.562250   0.798655  -0.640219  -1.082868   0.001000
 -0.179226  -0.117907  -0.562250   0.798655  -0.640219  -1.082868   0.001000
 -0.179226  -0.117907  -0.562250   0.798655  -0.640219  -1.082868   0.001000
 -0.179226  -0.117907  -0.562250   0.798655  -0.640219  -1.082868   0.001000
 -0.179226  -0.117907  -0.562250   0.798655  -0.640219  -1.082868   0.001000
 -0.179226  -0.117907  -0.562250   0.798655  -0.640219  -1.082868   0.001000
 -0.179226  -0.117907  -0.562250   0.798655  -0.640219  -1.082868   0.001000
 -0.179226  -0.117907  -0.562250   0.798655  -0.640219  -1.082868   0.001000
 -0.179226  -0.117907  -0.562250   0.798655  -0.640219  -1.082868   0.001000
 -0.179226  -0.117907  -0.562250   0.798655  -0.640219  -1.082868   0.001000
 -0.179226  -0.117907  -0.562250   0.798655  -0.640219  -1.082868   0.001000
 -0.179226  -0.117907  -0.562250   0.798655  -0.640219  -1.082868   0.001000
 -0.179226  -0.117907  -0.562250   0.798655  -0.640219  -1.082868   0.001000
 -0.179226  -0.117907  -0.562250   0.798655  -0.640219  -1.082868   0.001000
 -0.179226  -0.117907  -0.562250   0.798655  -0.640219  -1.082868   0.001000
 -0.179226  -0.117907  -0.562250   0.798655  -0.640219  -1.082868   0.001000
 -0.179226  -0.117907  -0.562250   0.798655  -0.640219  -1.082868   0.001000
 -0.179226  -0.117907  -0.562250   0.798655  -0.640219  -1.082868   0.001000
 -0.179226  -0.117907  -0.562250   0.798655  -0.640219  -1.082868   0.001000
 -0.179226  -0.117907  -0.562250   0.798655  -0.640219  -1.082868   0.001000
 -0.179226  -0.117907  -0.562250   0.798655  -0.640219  -1.082868   0.001000
 -0.215001  -0.099852  -0.571366   0.785713  -0.766965  -0.793012   0.001000
 -0.199871  -0.095373  -0.563053   0.796195  -0.920353  -0.812496   0.001000
 -0.199871  -0.095373  -0.563053   0.796195  -0.920353  -0.812496   0.001000
 -0.199871  -0.095373  -0.563053   0.796195  -0.920353  -0.812496   0.001000
 -0.199871  -0.095373  -0.563053   0.796195  -0.920353  -0.812496   0.001000
 -0.199871  -0.095373  -0.563053   0.796195  -0.920353  -0.812496   0.001000
 -0.199871  -0.095373  -0.563053   0.796195  -0.920353  -0.812496   0.001000
 -0.199871  -0.095373  -0.563053   0.796195  -0.920353  -0.812496   0.001000
 -0.199871  -0.095373  -0.563053   0.796195  -0.920353  -0.812496   0.001000
 -0.208346  -0.106550  -0.563305   0.792418  -0.869980  -0.858541   0.001000
 -0.208346  -0.106550  -0.563305   0.792418  -0.869980  -0.858541   0.001000
 -0.208346  -0.106550  -0.563305   0.792418  -0.869980  -0.858541   0.001000
 -0.208346  -0.106550  -0.563305   0.792418  -0.869980  -0.858541   0.001000
 -0.208346  -0.106550  -0.563305   0.792418  -0.869980  -0.858541   0.001000
 -0.208346  -0.106550  -0.563305   0.792418  -0.869980  -0.858541   0.001000
 -0.208346  -0.106550  -0.563305   0.792418  -0.869980  -0.858541   0.001000
 -0.208346  -0.106550  -0.563305   0.792418  -0.869980  -0.858541   0.001000
 -0.208346  -0.106550  -0.563305   0.792418  -0.869980  -0.858541   0.001000
 -0.208346  -0.106550  -0.563305   0.792418  -0.869980  -0.858541   0.001000
 -0.198294  -0.111053  -0.587854   0.776385  -0.644128  -0.827570   0.001000
 -0.198294  -0.111053  -0.587854   0.776385  -0.644128  -0.827570   0.001000
 -0.191244  -0.104399  -0.586567   0.780042  -0.729858  -0.918325   0.001000
 -0.193594  -0.105464  -0.577862   0.785795  -0.855991  -0.816454   0.001000
 -0.193594  -0.105464  -0.577862   0.785795  -0.855991  -0.816454   0.001000
 -0.193594  -0.105464  -0.577862   0.785795  -0.855991  -0.816454   0.001000
 -0.193594  -0.105464  -0.577862   0.785795  -0.855991  -0.816454   0.001000
 -0.193594  -0.105464  -0.577862   0.785795  -0.855991  -0.816454   0.001000
 -0.193594  -0.105464  -0.577862   0.785795  -0.855991  -0.816454   0.001000
 -0.193594  -0.105464  -0.577862   0.785795  -0.855991  -0.816454   0.001000
 -0.193594  -0.105464  -0.577862   0.785795  -0.855991  -0.816454   0.001000
 -0.193594  -0.105464  -0.577862   0.785795  -0.855991  -0.816454   0.001000
 -0.193594  -0.105464  -0.577862   0.785795  -0.855991  -0.816454   0.001000
 -0.193594  -0.105464  -0.577862   0.785795  -0.855991  -0.816454   0.001000
 -0.185064  -0.104954  -0.568698   0.794556  -0.457969  -0.958419   0.001000
 -0.185064  -0.104954  -0.568698   0.794556  -0.457969  -0.958419   0.001000
 -0.193288  -0.106167  -0.578121   0.785586  -0.621735  -0.982419   0.001000
 -0.193288  -0.106167  -0.578121   0.785586  -0.621735  -0.982419   0.001000
 -0.193288  -0.106167  -0.578121   0.785586  -0.621735  -0.982419   0.001000
 -0.193288  -0.106167  -0.578121   0.785586  -0.621735  -0.982419   0.001000
 -0.193288  -0.106167  -0.578121   0.785586  -0.621735  -0.982419   0.001000
 -0.193288  -0.106167  -0.578121   0.785586  -0.621735  -0.982419   0.001000
 -0.193288  -0.106167  -0.578121   0.785586  -0.621735  -0.982419   0.001000
 -0.193288  -0.106167  -0.578121   0.785586  -0.621735  -0.982419   0.001000
 -0.193288  -0.106167  -0.578121   0.785586  -0.621735  -0.982419   0.001000
 -0.193288  -0.106167  -0.578121   0.785586  -0.621735  -0.982419   0.001000
 -0.193288  -0.106167  -0.578121   0.785586  -0.621735  -0.982419   0.001000
 -0.193288  -0.106167  -0.578121   0.785586  -0.621735  -0.982419   0.001000
 -0.193288  -0.106167  -0.578121   0.785586  -0.621735  -0.982419   0.001000
 -0.193288  -0.106167  -0.578121   0.785586  -0.621735  -0.982419   0.001000
 -0.193288  -0.106167  -0.578121   0.785586  -0.621735  -0.982419   0.001000
 -0.299777  -0.050093  -0.570042   0.763332  -0.634052  -0.758358   0.001000
 -0.197983  -0.097002  -0.577615   0.785974  -0.651474  -0.976417   0.001000
 -0.197983  -0.097002  -0.577615   0.785974  -0.651474  -0.976417   0.001000
 -0.197983  -0.097002  -0.577615   0.785974  -0.651474  -0.976417   0.001000
 -0.197983  -0.097002  -0.577615   0.785974  -0.651474  -0.976417   0.001000
 -0.193133  -0.097427  -0.570414   0.792361  -0.519238  -0.994993   0.001000
 -0.193133  -0.097427  -0.570414   0.792361  -0.519238  -0.994993   0.001000
 -0.230771  -0.090659  -0.591249   0.767431  -0.541283  -0.949556   0.001000
 -0.178390  -0.116615  -0.580573   0.785820  -0.652775  -0.832470   0.001000
 -0.178390  -0.116615  -0.580573   0.785820  -0.652775  -0.832470   0.001000
 -0.178390  -0.116615  -0.580573   0.785820  -0.652775  -0.832470   0.001000
 -0.178390  -0.116615  -0.580573   0.785820  -0.652775  -0.832470   0.001000
 -0.178390  -0.116615  -0.580573   0.785820  -0.652775  -0.832470   0.001000
 -0.178390  -0.116615  -0.580573   0.785820  -0.652775  -0.832470   0.001000
 -0.178390  -0.116615  -0.580573   0.785820  -0.652775  -0.832470   0.001000
 -0.178390  -0.116615  -0.580573   0.785820  -0.652775  -0.832470   0.001000
 -0.178390  -0.116615  -0.580573   0.785820  -0.652775  -0.832470   0.001000
 -0.243994  -0.054559  -0.536328   0.806128  -0.562047  -0.935778   0.001000
 -0.334900  -0.106506  -0.524943   0.775199  -0.440411  -0.929167   0.001000
 -0.185642  -0.108572  -0.571209   0.792130  -0.628526  -1.006496   0.001000
 -0.185642  -0.108572  -0.571209   0.792130  -0.628526  -1.006496   0.001000
 -0.185642  -0.108572  -0.571209   0.792130  -0.628526  -1.006496   0.001000
 -0.185642  -0.108572  -0.571209   0.792130  -0.628526  -1.006496   0.001000
 -0.185642  -0.108572  -0.571209   0.792130  -0.628526  -1.006496   0.001000
 -0.205296  -0.113408  -0.556645   0.796956  -0.533638  -1.045990   0.001000
 -0.186465  -0.104072  -0.582459   0.784309  -0.851534  -0.925755   0.001000
 -0.255690  -0.079571  -0.557869   0.785540  -0.706590  -0.825559   0.001000
 -0.220897  -0.103444  -0.573686   0.781913  -0.383387  -0.908835   0.001000
 -0.220897  -0.103444  -0.573686   0.781913  -0.383387  -0.908835   0.001000
 -0.220897  -0.103444  -0.573686   0.781913  -0.383387  -0.908835   0.001000
 -0.220897  -0.103444  -0.573686   0.781913  -0.383387  -0.908835   0.001000
 -0.220897  -0.103444  -0.573686   0.781913  -0.383387  -0.908835   0.001000
 -0.220897  -0.103444  -0.573686   0.781913  -0.383387  -0.908835   0.001000
 -0.220897  -0.103444  -0.573686   0.781913  -0.383387  -0.908835   0.001000
 -0.220897  -0.103444  -0.573686   0.781913  -0.383387  -0.908835   0.001000
 -0.220897  -0.103444  -0.573686   0.781913  -0.383387  -0.908835   0.001000
 -0.220897  -0.103444  -0.573686   0.781913  -0.383387  -0.908835   0.001000
 -0.220897  -0.103444  -0.573686   0.781913  -0.383387  -0.908835   0.001000
 -0.220897  -0.103444  -0.573686   0.781913  -0.383387  -0.908835   0.001000
 -0.220897  -0.103444  -0.573686   0.781913  -0.383387  -0.908835   0.001000
 -0.185271  -0.116607  -0.570791   0.791376  -0.719183  -0.578240   0.001000
 -0.185271  -0.116607  -0.570791   0.791376  -0.719183  -0.578240   0.001000
 -0.185271  -0.116607  -0.570791   0.791376  -0.719183  -0.578240   0.001000
 -0.185271  -0.116607  -0.570791   0.791376  -0.719183  -0.578240   0.001000
 -0.185271  -0.116607  -0.570791   0.791376  -0.719183  -0.578240   0.001000
 -0.185271  -0.116607  -0.570791   0.791376  -0.719183  -0.578240   0.001000
 -0.185271  -0.116607  -0.570791   0.791376  -0.719183  -0.578240   0.001000
 -0.185271  -0.116607  -0.570791   0.791376  -0.719183  -0.578240   0.001000
 -0.185271  -0.116607  -0.570791   0.791376  -0.719183  -0.578240   0.001000
 -0.185271  -0.116607  -0.570791   0.791376  -0.719183  -0.578240   0.001000
 -0.185271  -0.116607  -0.570791   0.791376  -0.719183  -0.578240   0.001000
 -0.185271  -0.116607  -0.570791   0.791376  -0.719183  -0.578240   0.001000
 -0.185271  -0.116607  -0.570791   0.791376  -0.719183  -0.578240   0.001000
 -0.185271  -0.116607  -0.570791   0.791376  -0.719183  -0.578240   0.001000
 -0.185271  -0.116607  -0.570791   0.791376  -0.719183  -0.578240   0.001000
 -0.185271  -0.116607  -0.570791   0.791376  -0.719183  -0.578240   0.001000
 -0.185271  -0.116607  -0.570791   0.791376  -0.719183  -0.578240   0.001000
 -0.185271  -0.116607  -0.570791   0.791376  -0.719183  -0.578240   0.001000
 -0.185271  -0.116607  -0.570791   0.791376  -0.719183  -0.578240   0.001000
 -0.185271  -0.116607  -0.570791   0.791376  -0.719183  -0.578240   0.001000
 -0.185271  -0.116607  -0.570791   0.791376  -0.719183  -0.578240   0.001000
 -0.185271  -0.116607  -0.570791   0.791376  -0.719183  -0.578240   0.001000
 -0.175304  -0.116905  -0.586167   0.782311  -0.614397  -0.642445   0.001000
 -0.198304  -0.098344  -0.579089   0.784640  -0.879237  -0.855391   0.001000
 -0.198304  -0.098344  -0.579089   0.784640  -0.879237  -0.855391   0.001000
 -0.198304  -0.098344  -0.579089   0.784640  -0.879237  -0.855391   0.001000
 -0.198304  -0.098344  -0.579089   0.784640  -0.879237  -0.855391   0.001000
 -0.198304  -0.098344  -0.579089   0.784640  -0.879237  -0.855391   0.001000
 -0.198304  -0.098344  -0.579089   0.784640  -0.879237  -0.855391   0.001000
 -0.198304  -0.098344  -0.579089   0.784640  -0.879237  -0.855391   0.001000
 -0.191420  -0.127594  -0.561743   0.794684  -0.874877  -0.634737   0.001000
 -0.187664  -0.110568  -0.573322   0.789847  -0.635346  -0.710676   0.001000
 -0.187664  -0.110568  -0.573322   0.789847  -0.635346  -0.710676   0.001000
 -0.187664  -0.110568  -0.573322   0.789847  -0.635346  -0.710676   0.001000
 -0.187664  -0.110568  -0.573322   0.789847  -0.635346  -0.710676   0.001000
 -0.187664  -0.110568  -0.573322   0.789847  -0.635346  -0.710676   0.001000
 -0.187664  -0.110568  -0.573322   0.789847  -0.635346  -0.710676   0.001000
 -0.187664  -0.110568  -0.573322   0.789847  -0.635346  -0.710676   0.001000
 -0.187664  -0.110568  -0.573322   0.789847  -0.635346  -0.710676   0.001000
 -0.187664  -0.110568  -0.573322   0.789847  -0.635346  -0.710676   0.001000
 -0.187664  -0.110568  -0.573322   0.789847  -0.635346  -0.710676   0.001000
 -0.187664  -0.110568  -0.573322   0.789847  -0.635346  -0.710676   0.001000
 -0.187664  -0.110568  -0.573322   0.789847  -0.635346  -0.710676   0.001000
 -0.187664  -0.110568  -0.573322   0.789847  -0.635346  -0.710676   0.001000
 -0.187664  -0.110568  -0.573322   0.789847  -0.635346  -0.710676   0.001000
 -0.187664  -0.110568  -0.573322   0.789847  -0.635346  -0.710676   0.001000
 -0.187664  -0.110568  -0.573322   0.789847  -0.635346  -0.710676   0.001000
 -0.187664  -0.110568  -0.573322   0.789847  -0.635346  -0.710676   0.001000
 -0.187664  -0.110568  -0.573322   0.789847  -0.635346  -0.710676   0.001000
 -0.187664  -0.110568  -0.573322   0.789847  -0.635346  -0.710676   0.001000
 -0.187664  -0.110568  -0.573322   0.789847  -0.635346  -0.710676   0.001000
 -0.188469  -0.117416  -0.575050   0.787408  -0.553678  -0.639779   0.001000
 -0.188469  -0.117416  -0.575050   0.787408  -0.553678  -0.639779   0.001000
 -0.188469  -0.117416  -0.575050   0.787408  -0.553678  -0.639779   0.001000
 -0.188469  -0.117416  -0.575050   0.787408  -0.553678  -0.639779   0.001000
 -0.188469  -0.117416  -0.575050   0.787408  -0.553678  -0.639779   0.001000
 -0.188469  -0.117416  -0.575050   0.787408  -0.553678  -0.639779   0.001000
 -0.188469  -0.117416  -0.575050   0.787408  -0.553678  -0.639779   0.001000
 -0.185640  -0.111164  -0.566135   0.795406  -0.678603  -0.567531   0.001000
 -0.185640  -0.111164  -0.566135   0.795406  -0.678603  -0.567531   0.001000
 -0.185640  -0.111164  -0.566135   0.795406  -0.678603  -0.567531   0.001000
 -0.185640  -0.111164  -0.566135   0.795406  -0.678603  -0.567531   0.001000
 -0.185640  -0.111164  -0.566135   0.795406  -0.678603  -0.567531   0.001000
 -0.185640  -0.111164  -0.566135   0.795406  -0.678603  -0.567531   0.001000
 -0.185640  -0.111164  -0.566135   0.795406  -0.678603  -0.567531   0.001000
 -0.185640  -0.111164  -0.566135   0.795406  -0.678603  -0.567531   0.001000
 -0.185778  -0.118064  -0.559072   0.799366  -0.631231  -0.756612   0.001000
 -0.185778  -0.118064  -0.559072   0.799366  -0.631231  -0.756612   0.001000
 -0.165934  -0.107450  -0.574807   0.794051  -0.228982  -0.590502   0.001000
 -0.176142  -0.111576  -0.576703   0.789897  -1.061584  -0.647426   0.001000
 -0.173823  -0.113871  -0.565575   0.798088  -0.738731  -0.287831   0.001000
 -0.198921  -0.114612  -0.579772   0.781767  -0.569883  -0.736861   0.001000
 -0.198521  -0.106774  -0.558797   0.798082  -0.578382  -0.634166   0.001000
 -0.193599  -0.100225  -0.563042   0.797156  -0.952455  -0.897492   0.001000
 -0.193599  -0.100225  -0.563042   0.797156  -0.952455  -0.897492   0.001000
 -0.193599  -0.100225  -0.563042   0.797156  -0.952455  -0.897492   0.001000
 -0.193599  -0.100225  -0.563042   0.797156  -0.952455  -0.897492   0.001000
 -0.194714  -0.091374  -0.568216   0.794272  -0.618912  -0.496779   0.001000
 -0.199795  -0.109660  -0.569348   0.789873  -0.208836  -0.816716   0.001000
 -0.179435  -0.117688  -0.561503   0.799167  -0.457839  -1.071035   0.001000
 -0.179435  -0.117688  -0.561503   0.799167  -0.457839  -1.071035   0.001000
 -0.179435  -0.117688  -0.561503   0.799167  -0.457839  -1.071035   0.001000
 -0.179435  -0.117688  -0.561503   0.799167  -0.457839  -1.071035   0.001000
 -0.206880  -0.102652  -0.569153   0.789131  -0.623409  -0.814491   0.001000
 -0.206880  -0.102652  -0.569153   0.789131  -0.623409  -0.814491   0.001000
 -0.206880  -0.102652  -0.569153   0.789131  -0.623409  -0.814491   0.001000
 -0.206880  -0.102652  -0.569153   0.789131  -0.623409  -0.814491   0.001000
 -0.206880  -0.102652  -0.569153   0.789131  -0.623409  -0.814491   0.001000
 -0.206880  -0.102652  -0.569153   0.789131  -0.623409  -0.814491   0.001000
 -0.206880  -0.102652  -0.569153   0.789131  -0.623409  -0.814491   0.001000
 -0.206880  -0.102652  -0.569153   0.789131  -0.623409  -0.814491   0.001000
 -0.206880  -0.102652  -0.569153   0.789131  -0.623409  -0.814491   0.001000
 -0.206880  -0.102652  -0.569153   0.789131  -0.623409  -0.814491   0.001000
 -0.206880  -0.102652  -0.569153   0.789131  -0.623409  -0.814491   0.001000
 -0.206880  -0.102652  -0.569153   0.789131  -0.623409  -0.814491   0.001000
 -0.206880  -0.102652  -0.569153   0.789131  -0.623409  -0.814491   0.001000
 -0.206880  -0.102652  -0.569153   0.789131  -0.623409  -0.814491   0.001000
 -0.206880  -0.102652  -0.569153   0.789131  -0.623409  -0.814491   0.001000
 -0.206880  -0.102652  -0.569153   0.789131  -0.623409  -0.814491   0.001000
 -0.206880  -0.102652  -0.569153   0.789131  -0.623409  -0.814491   0.001000
 -0.206880  -0.102652  -0.569153   0.789131  -0.623409  -0.814491   0.001000
 -0.206880  -0.102652  -0.569153   0.789131  -0.623409  -0.814491   0.001000
 -0.206880  -0.102652  -0.569153   0.789131  -0.623409  -0.814491   0.001000
 -0.206880  -0.102652  -0.569153   0.789131  -0.623409  -0.814491   0.001000
 -0.206880  -0.102652  -0.569153   0.789131  -0.623409  -0.814491   0.001000
 -0.206880  -0.102652  -0.569153   0.789131  -0.623409  -0.814491   0.001000
 -0.206880  -0.102652  -0.569153   0.789131  -0.623409  -0.814491   0.001000
 -0.206880  -0.102652  -0.569153   0.789131  -0.623409  -0.814491   0.001000
 -0.206880  -0.102652  -0.569153   0.789131  -0.623409  -0.814491   0.001000
 -0.206880  -0.102652  -0.569153   0.789131  -0.623409  -0.814491   0.001000
 -0.206880  -0.102652  -0.569153   0.789131  -0.623409  -0.814491   0.001000
 -0.192702  -0.115527  -0.561292   0.796537  -0.392188  -0.686543   0.001000
 -0.192702  -0.115527  -0.561292   0.796537  -0.392188  -0.686543   0.001000
 -0.192702  -0.115527  -0.561292   0.796537  -0.392188  -0.686543   0.001000
 -0.215913  -0.109519  -0.575074   0.781458  -0.389038  -0.780663   0.001000
 -0.199191  -0.094806  -0.562442   0.796865  -0.477199  -0.691157   0.001000
 -0.199191  -0.094806  -0.562442   0.796865  -0.477199  -0.691157   0.001000
 -0.200650  -0.101966  -0.564466   0.794179  -0.477084  -0.621778   0.001000
 -0.200650  -0.101966  -0.564466   0.794179  -0.477084  -0.621778   0.001000
 -0.200650  -0.101966  -0.564466   0.794179  -0.477084  -0.621778   0.001000
 -0.200650  -0.101966  -0.564466   0.794179  -0.477084  -0.621778   0.001000
 -0.200650  -0.101966  -0.564466   0.794179  -0.477084  -0.621778   0.001000
 -0.206733  -0.102242  -0.561099   0.794969  -0.640471  -0.530941   0.001000
 -0.206733  -0.102242  -0.561099   0.794969  -0.640471  -0.530941   0.001000
 -0.207714  -0.095808  -0.569967   0.789185  -0.580599  -0.669348   0.001000
 -0.207714  -0.095808  -0.569967   0.789185  -0.580599  -0.669348   0.001000
 -0.207714  -0.095808  -0.569967   0.789185  -0.580599  -0.669348   0.001000
 -0.207714  -0.095808  -0.569967   0.789185  -0.580599  -0.669348   0.001000
 -0.207714  -0.095808  -0.569967   0.789185  -0.580599  -0.669348   0.001000
 -0.207714  -0.095808  -0.569967   0.789185  -0.580599  -0.669348   0.001000
 -0.207714  -0.095808  -0.569967   0.789185  -0.580599  -0.669348   0.001000
 -0.207714  -0.095808  -0.569967   0.789185  -0.580599  -0.669348   0.001000
 -0.205240  -0.100982  -0.570999   0.788441  -0.539952  -0.556736   0.001000
 -0.205240  -0.100982  -0.570999   0.788441  -0.539952  -0.556736   0.001000
 -0.190404  -0.116630  -0.579191   0.784016  -0.372352  -0.670272   0.001000
 -0.190404  -0.116630  -0.579191   0.784016  -0.372352  -0.670272   0.001000
 -0.179976  -0.105180  -0.572464   0.792989  -0.398262  -0.711972   0.001000
 -0.179976  -0.105180  -0.572464   0.792989  -0.398262  -0.711972   0.001000
 -0.179976  -0.105180  -0.572464   0.792989  -0.398262  -0.711972   0.001000
 -0.179976  -0.105180  -0.572464   0.792989  -0.398262  -0.711972   0.001000
 -0.179976  -0.105180  -0.572464   0.792989  -0.398262  -0.711972   0.001000
 -0.179976  -0.105180  -0.572464   0.792989  -0.398262  -0.711972   0.001000
 -0.179976  -0.105180  -0.572464   0.792989  -0.398262  -0.711972   0.001000
 -0.194577  -0.111930  -0.570974   0.789683  -0.523453  -0.803338   0.001000
 -0.194577  -0.111930  -0.570974   0.789683  -0.523453  -0.803338   0.001000
 -0.194577  -0.111930  -0.570974   0.789683  -0.523453  -0.803338   0.001000
 -0.194577  -0.111930  -0.570974   0.789683  -0.523453  -0.803338   0.001000
 -0.194577  -0.111930  -0.570974   0.789683  -0.523453  -0.803338   0.001000
 -0.194577  -0.111930  -0.570974   0.789683  -0.523453  -0.803338   0.001000
 -0.194577  -0.111930  -0.570974   0.789683  -0.523453  -0.803338   0.001000
 -0.194577  -0.111930  -0.570974   0.789683  -0.523453  -0.803338   0.001000
 -0.194577  -0.111930  -0.570974   0.789683  -0.523453  -0.803338   0.001000
 -0.194577  -0.111930  -0.570974   0.789683  -0.523453  -0.803338   0.001000
 -0.194577  -0.111930  -0.570974   0.789683  -0.523453  -0.803338   0.001000
 -0.194577  -0.111930  -0.570974   0.789683  -0.523453  -0.803338   0.001000
 -0.194577  -0.111930  -0.570974   0.789683  -0.523453  -0.803338   0.001000
 -0.194577  -0.111930  -0.570974   0.789683  -0.523453  -0.803338   0.001000
 -0.194577  -0.111930  -0.570974   0.789683  -0.523453  -0.803338   0.001000
 -0.194577  -0.111930  -0.570974   0.789683  -0.523453  -0.803338   0.001000
 -0.194577  -0.111930  -0.570974   0.789683  -0.523453  -0.803338   0.001000
 -0.194577  -0.111930  -0.570974   0.789683  -0.523453  -0.803338   0.001000
 -0.194577  -0.111930  -0.570974   0.789683  -0.523453  -0.803338   0.001000
 -0.194577  -0.111930  -0.570974   0.789683  -0.523453  -0.803338   0.001000
 -0.194577  -0.111930  -0.570974   0.789683  -0.523453  -0.803338   0.001000
 -0.194577  -0.111930  -0.570974   0.789683  -0.523453  -0.803338   0.001000
 -0.194577  -0.111930  -0.570974   0.789683  -0.523453  -0.803338   0.001000
 -0.300900  -0.023193  -0.574992   0.760464  -0.368286  -0.759359   0.001000
 -0.300900  -0.023193  -0.574992   0.760464  -0.368286  -0.759359   0.001000
 -0.300900  -0.023193  -0.574992   0.760464  -0.368286  -0.759359   0.001000
 -0.300900  -0.023193  -0.574992   0.760464  -0.368286  -0.759359   0.001000
 -0.185843  -0.102840  -0.565444   0.796969  -0.450392  -0.740625   0.001000
 -0.185843  -0.102840  -0.565444   0.796969  -0.450392  -0.740625   0.001000
 -0.209745  -0.122713  -0.554028   0.796242  -0.702567  -0.412380   0.001000
 -0.196105  -0.105833  -0.574069   0.787900  -0.572718  -0.461385   0.001000
 -0.196105  -0.105833  -0.574069   0.787900  -0.572718  -0.461385   0.001000
 -0.196105  -0.105833  -0.574069   0.787900  -0.572718  -0.461385   0.001000
 -0.196105  -0.105833  -0.574069   0.787900  -0.572718  -0.461385   0.001000
 -0.184175  -0.115127  -0.565849   0.795387  -0.663387  -0.538659   0.001000
 -0.184175  -0.115127  -0.565849   0.795387  -0.663387  -0.538659   0.001000
 -0.217411  -0.070229  -0.586193   0.777289  -0.694553  -0.803386   0.001000
 -0.322587  -0.002645  -0.602338   0.730150  -0.011289  -0.734037   0.001000
 -0.327119  -0.006710  -0.580603   0.745552  -0.373230  -0.763739   0.001000
 -0.327119  -0.006710  -0.580603   0.745552  -0.373230  -0.763739   0.001000
 -0.327119  -0.006710  -0.580603   0.745552  -0.373230  -0.763739   0.001000
 -0.327119  -0.006710  -0.580603   0.745552  -0.373230  -0.763739   0.001000
 -0.327119  -0.006710  -0.580603   0.745552  -0.373230  -0.763739   0.001000
 -0.327119  -0.006710  -0.580603   0.745552  -0.373230  -0.763739   0.001000
 -0.200050  -0.114143  -0.569766   0.788871  -0.163636  -0.773428   0.001000
 -0.201387  -0.109923  -0.579121   0.782291  -0.419947  -0.575558   0.001000
 -0.200167  -0.097547  -0.575143   0.787165  -0.575263  -0.889900   0.001000
 -0.200167  -0.097547  -0.575143   0.787165  -0.575263  -0.889900   0.001000
 -0.200167  -0.097547  -0.575143   0.787165  -0.575263  -0.889900   0.001000
 -0.200167  -0.097547  -0.575143   0.787165  -0.575263  -0.889900   0.001000
 -0.200167  -0.097547  -0.575143   0.787165  -0.575263  -0.889900   0.001000
 -0.200167  -0.097547  -0.575143   0.787165  -0.575263  -0.889900   0.001000
 -0.200167  -0.097547  -0.575143   0.787165  -0.575263  -0.889900   0.001000
 -0.200167  -0.097547  -0.575143   0.787165  -0.575263  -0.889900   0.001000
 -0.200167  -0.097547  -0.575143   0.787165  -0.575263  -0.889900   0.001000
 -0.200167  -0.097547  -0.575143   0.787165  -0.575263  -0.889900   0.001000
 -0.200167  -0.097547  -0.575143   0.787165  -0.575263  -0.889900   0.001000
 -0.200167  -0.097547  -0.575143   0.787165  -0.575263  -0.889900   0.001000
 -0.200167  -0.097547  -0.575143   0.787165  -0.575263  -0.889900   0.001000
 -0.200167  -0.097547  -0.575143   0.787165  -0.575263  -0.889900   0.001000
 -0.200167  -0.097547  -0.575143   0.787165  -0.575263  -0.889900   0.001000
 -0.200167  -0.097547  -0.575143   0.787165  -0.575263  -0.889900   0.001000
 -0.200167  -0.097547  -0.575143   0.787165  -0.575263  -0.889900   0.001000
 -0.183158  -0.116867  -0.582556   0.783214  -0.471567  -0.825790   0.001000
 -0.176285  -0.109695  -0.574572   0.791681  -0.310874  -0.967956   0.001000
 -0.176285  -0.109695  -0.574572   0.791681  -0.310874  -0.967956   0.001000
 -0.186350  -0.112734  -0.576601   0.787462  -0.312806  -1.254178   0.001000
 -0.186350  -0.112734  -0.576601   0.787462  -0.312806  -1.254178   0.001000
 -0.330349  -0.011681  -0.593278   0.733999  -0.377455  -1.079536   0.001000
 -0.182836  -0.118517  -0.567925   0.793716  -0.561933  -1.145865   0.001000
 -0.182836  -0.118517  -0.567925   0.793716  -0.561933  -1.145865   0.001000
 -0.182836  -0.118517  -0.567925   0.793716  -0.561933  -1.145865   0.001000
 -0.182836  -0.118517  -0.567925   0.793716  -0.561933  -1.145865   0.001000
 -0.182836  -0.118517  -0.567925   0.793716  -0.561933  -1.145865   0.001000
 -0.329945  -0.026976  -0.577095   0.746572  -0.308174  -1.100162   0.001000
 -0.184074  -0.110867  -0.568482   0.794137  -0.148425  -1.064117   0.001000
 -0.184074  -0.110867  -0.568482   0.794137  -0.148425  -1.064117   0.001000
 -0.197239  -0.107685  -0.574928   0.786740  -0.478065  -1.034664   0.001000
 -0.192617  -0.102854  -0.568591   0.793110  -0.182227  -0.902708   0.001000
 -0.185286  -0.111527  -0.569310   0.793169  -0.579380  -0.683286   0.001000
 -0.195191  -0.120359  -0.582468   0.779837  -0.420734  -0.896474   0.001000
 -0.184446  -0.097217  -0.572636   0.792854  -0.760092  -0.852424   0.001000
 -0.181690  -0.093046  -0.573755   0.793182  -0.851842  -1.136625   0.001000
 -0.188928  -0.109546  -0.556932   0.801332  -0.544989  -0.901075   0.001000
 -0.188928  -0.109546  -0.556932   0.801332  -0.544989  -0.901075   0.001000
 -0.188928  -0.109546  -0.556932   0.801332  -0.544989  -0.901075   0.001000
 -0.188928  -0.109546  -0.556932   0.801332  -0.544989  -0.901075   0.001000
 -0.188928  -0.109546  -0.556932   0.801332  -0.544989  -0.901075   0.001000
 -0.196284  -0.100258  -0.580375   0.783955  -0.652949  -0.957644   0.001000
 -0.189002  -0.100545  -0.562341   0.798712  -0.501683  -1.134820   0.001000
 -0.189002  -0.100545  -0.562341   0.798712  -0.501683  -1.134820   0.001000
 -0.189002  -0.100545  -0.562341   0.798712  -0.501683  -1.134820   0.001000
 -0.189002  -0.100545  -0.562341   0.798712  -0.501683  -1.134820   0.001000
 -0.191924  -0.099970  -0.564071   0.796866  -0.493686  -0.995219   0.001000
 -0.178518  -0.108185  -0.559760   0.801933  -0.414253  -1.094582   0.001000
 -0.178518  -0.108185  -0.559760   0.801933  -0.414253  -1.094582   0.001000
 -0.341286  -0.004818  -0.553670   0.759572  -0.291075  -1.186163   0.001000
 -0.186853  -0.115476  -0.564123   0.795938  -0.633627  -1.173733   0.001000
 -0.186853  -0.115476  -0.564123   0.795938  -0.633627  -1.173733   0.001000
 -0.186853  -0.115476  -0.564123   0.795938  -0.633627  -1.173733   0.001000
 -0.186853  -0.115476  -0.564123   0.795938  -0.633627  -1.173733   0.001000
 -0.186853  -0.115476  -0.564123   0.795938  -0.633627  -1.173733   0.001000
 -0.186853  -0.115476  -0.564123   0.795938  -0.633627  -1.173733   0.001000
 -0.186853  -0.115476  -0.564123   0.795938  -0.633627  -1.173733   0.001000
 -0.186853  -0.115476  -0.564123   0.795938  -0.633627  -1.173733   0.001000
 -0.186853  -0.115476  -0.564123   0.795938  -0.633627  -1.173733   0.001000
 -0.186853  -0.115476  -0.564123   0.795938  -0.633627  -1.173733   0.001000
 -0.186853  -0.115476  -0.564123   0.795938  -0.633627  -1.173733   0.001000
 -0.203548  -0.103923  -0.577102   0.784042  -0.663113  -1.118425   0.001000
 -0.203548  -0.103923  -0.577102   0.784042  -0.663113  -1.118425   0.001000
 -0.203548  -0.103923  -0.577102   0.784042  -0.663113  -1.118425   0.001000
 -0.203548  -0.103923  -0.577102   0.784042  -0.663113  -1.118425   0.001000
 -0.203548  -0.103923  -0.577102   0.784042  -0.663113  -1.118425   0.001000
 -0.192025  -0.105579  -0.558409   0.800100  -0.469229  -1.278210   0.001000
 -0.211366  -0.097766  -0.576494   0.783212  -0.563258  -1.131208   0.001000
 -0.211366  -0.097766  -0.576494   0.783212  -0.563258  -1.131208   0.001000
 -0.200212  -0.098323  -0.578295   0.784743  -0.428095  -0.874593   0.001000
 -0.198595  -0.103644  -0.563359   0.795264  -0.509350  -0.873308   0.001000
 -0.198595  -0.103644  -0.563359   0.795264  -0.509350  -0.873308   0.001000
 -0.198595  -0.103644  -0.563359   0.795264  -0.509350  -0.873308   0.001000
 -0.198595  -0.103644  -0.563359   0.795264  -0.509350  -0.873308   0.001000
 -0.198595  -0.103644  -0.563359   0.795264  -0.509350  -0.873308   0.001000
 -0.198595  -0.103644  -0.563359   0.795264  -0.509350  -0.873308   0.001000
 -0.198595  -0.103644  -0.563359   0.795264  -0.509350  -0.873308   0.001000
 -0.198595  -0.103644  -0.563359   0.795264  -0.509350  -0.873308   0.001000
 -0.198595  -0.103644  -0.563359   0.795264  -0.509350  -0.873308   0.001000
 -0.198595  -0.103644  -0.563359   0.795264  -0.509350  -0.873308   0.001000
 -0.198595  -0.103644  -0.563359   0.795264  -0.509350  -0.873308   0.001000
 -0.198595  -0.103644  -0.563359   0.795264  -0.509350  -0.873308   0.001000
 -0.198595  -0.103644  -0.563359   0.795264  -0.509350  -0.873308   0.001000
 -0.198595  -0.103644  -0.563359   0.795264  -0.509350  -0.873308   0.001000
 -0.198595  -0.103644  -0.563359   0.795264  -0.509350  -0.873308   0.001000
 -0.198595  -0.103644  -0.563359   0.795264  -0.509350  -0.873308   0.001000
 -0.198595  -0.103644  -0.563359   0.795264  -0.509350  -0.873308   0.001000
 -0.198595  -0.103644  -0.563359   0.795264  -0.509350  -0.873308   0.001000
 -0.198595  -0.103644  -0.563359   0.795264  -0.509350  -0.873308   0.001000
 -0.198595  -0.103644  -0.563359   0.795264  -0.509350  -0.873308   0.001000
 -0.198595  -0.103644  -0.563359   0.795264  -0.509350  -0.873308   0.001000
 -0.198595  -0.103644  -0.563359   0.795264  -0.509350  -0.873308   0.001000
 -0.198595  -0.103644  -0.563359   0.795264  -0.509350  -0.873308   0.001000
 -0.198595  -0.103644  -0.563359   0.795264  -0.509350  -0.873308   0.001000
 -0.198595  -0.103644  -0.563359   0.795264  -0.509350  -0.873308   0.001000
 -0.198595  -0.103644  -0.563359   0.795264  -0.509350  -0.873308   0.001000
 -0.198595  -0.103644  -0.563359   0.795264  -0.509350  -0.873308   0.001000
 -0.201362  -0.094819  -0.574927   0.787351  -0.448292  -0.795673   0.001000
 -0.220664  -0.092050  -0.597933   0.765056  -0.375388  -0.906153   0.001000
 -0.207783  -0.107454  -0.575440   0.783677  -0.440318  -0.821141   0.001000
 -0.207783  -0.107454  -0.575440   0.783677  -0.440318  -0.821141   0.001000
 -0.207783  -0.107454  -0.575440   0.783677  -0.440318  -0.821141   0.001000
 -0.207783  -0.107454  -0.575440   0.783677  -0.440318  -0.821141   0.001000
 -0.207783  -0.107454  -0.575440   0.783677  -0.440318  -0.821141   0.001000
 -0.207783  -0.107454  -0.575440   0.783677  -0.440318  -0.821141   0.001000
 -0.207783  -0.107454  -0.575440   0.783677  -0.440318  -0.821141   0.001000
 -0.207783  -0.107454  -0.575440   0.783677  -0.440318  -0.821141   0.001000
 -0.207783  -0.107454  -0.575440   0.783677  -0.440318  -0.821141   0.001000
 -0.207783  -0.107454  -0.575440   0.783677  -0.440318  -0.821141   0.001000
 -0.207783  -0.107454  -0.575440   0.783677  -0.440318  -0.821141   0.001000
 -0.207783  -0.107454  -0.575440   0.783677  -0.440318  -0.821141   0.001000
 -0.207783  -0.107454  -0.575440   0.783677  -0.440318  -0.821141   0.001000
 -0.207783  -0.107454  -0.575440   0.783677  -0.440318  -0.821141   0.001000
 -0.207783  -0.107454  -0.575440   0.783677  -0.440318  -0.821141   0.001000
 -0.207783  -0.107454  -0.575440   0.783677  -0.440318  -0.821141   0.001000
 -0.207783  -0.107454  -0.575440   0.783677  -0.440318  -0.821141   0.001000
 -0.207783  -0.107454  -0.575440   0.783677  -0.440318  -0.821141   0.001000
 -0.207783  -0.107454  -0.575440   0.783677  -0.440318  -0.821141   0.001000
 -0.207783  -0.107454  -0.575440   0.783677  -0.440318  -0.821141   0.001000
 -0.192434  -0.096779  -0.578107   0.787017  -0.256061  -0.927282   0.001000
 -0.192434  -0.096779  -0.578107   0.787017  -0.256061  -0.927282   0.001000
 -0.192434  -0.096779  -0.578107   0.787017  -0.256061  -0.927282   0.001000
 -0.192434  -0.096779  -0.578107   0.787017  -0.256061  -0.927282   0.001000
 -0.192434  -0.096779  -0.578107   0.787017  -0.256061  -0.927282   0.001000
 -0.192434  -0.096779  -0.578107   0.787017  -0.256061  -0.927282   0.001000
 -0.192434  -0.096779  -0.578107   0.787017  -0.256061  -0.927282   0.001000
 -0.236811  -0.091824  -0.579531   0.774359  -0.360571  -0.827771   0.001000
 -0.192781  -0.095534  -0.574944   0.789397  -0.389333  -0.782241   0.001000
 -0.204528  -0.102219  -0.561216   0.795460  -0.544206  -0.792706   0.001000
 -0.204528  -0.102219  -0.561216   0.795460  -0.544206  -0.792706   0.001000
 -0.204528  -0.102219  -0.561216   0.795460  -0.544206  -0.792706   0.001000
 -0.204528  -0.102219  -0.561216   0.795460  -0.544206  -0.792706   0.001000
 -0.204528  -0.102219  -0.561216   0.795460  -0.544206  -0.792706   0.001000
 -0.204528  -0.102219  -0.561216   0.795460  -0.544206  -0.792706   0.001000
 -0.204528  -0.102219  -0.561216   0.795460  -0.544206  -0.792706   0.001000
 -0.204528  -0.102219  -0.561216   0.795460  -0.544206  -0.792706   0.001000
 -0.204528  -0.102219  -0.561216   0.795460  -0.544206  -0.792706   0.001000
 -0.204528  -0.102219  -0.561216   0.795460  -0.544206  -0.792706   0.001000
 -0.204528  -0.102219  -0.561216   0.795460  -0.544206  -0.792706   0.001000
 -0.204528  -0.102219  -0.561216   0.795460  -0.544206  -0.792706   0.001000
 -0.341233  -0.025365  -0.541742   0.767744  -0.856481  -1.043758   0.001000
 -0.196430  -0.125613  -0.565853   0.790852  -0.542820  -1.005960   0.001000
 -0.196430  -0.125613  -0.565853   0.790852  -0.542820  -1.005960   0.001000
 -0.196430  -0.125613  -0.565853   0.790852  -0.542820  -1.005960   0.001000
 -0.196430  -0.125613  -0.565853   0.790852  -0.542820  -1.005960   0.001000
 -0.185395  -0.120863  -0.579506   0.784343  -0.771147  -1.029366   0.001000
 -0.185395  -0.120863  -0.579506   0.784343  -0.771147  -1.029366   0.001000
 -0.185395  -0.120863  -0.579506   0.784343  -0.771147  -1.029366   0.001000
 -0.185395  -0.120863  -0.579506   0.784343  -0.771147  -1.029366   0.001000
 -0.185395  -0.120863  -0.579506   0.784343  -0.771147  -1.029366   0.001000
 -0.185395  -0.120863  -0.579506   0.784343  -0.771147  -1.029366   0.001000
 -0.185395  -0.120863  -0.579506   0.784343  -0.771147  -1.029366   0.001000
 -0.185395  -0.120863  -0.579506   0.784343  -0.771147  -1.029366   0.001000
 -0.205236  -0.130405  -0.576268   0.780248  -0.630673  -1.124599   0.001000
 -0.205236  -0.130405  -0.576268   0.780248  -0.630673  -1.124599   0.001000
 -0.205236  -0.130405  -0.576268   0.780248  -0.630673  -1.124599   0.001000
 -0.205236  -0.130405  -0.576268   0.780248  -0.630673  -1.124599   0.001000
 -0.205236  -0.130405  -0.576268   0.780248  -0.630673  -1.124599   0.001000
 -0.205236  -0.130405  -0.576268   0.780248  -0.630673  -1.124599   0.001000
 -0.180363  -0.115995  -0.557490   0.802010  -0.251998  -0.920016   0.001000
 -0.206001  -0.094998  -0.568012   0.791139  -0.677178  -0.537527   0.001000
 -0.206001  -0.094998  -0.568012   0.791139  -0.677178  -0.537527   0.001000
 -0.206001  -0.094998  -0.568012   0.791139  -0.677178  -0.537527   0.001000
 -0.212489  -0.096418  -0.585897   0.776065  -0.646358  -0.572665   0.001000
 -0.209267  -0.095183  -0.573154   0.786538  -0.742938  -0.710076   0.001000
 -0.209267  -0.095183  -0.573154   0.786538  -0.742938  -0.710076   0.001000
 -0.209267  -0.095183  -0.573154   0.786538  -0.742938  -0.710076   0.001000
 -0.209267  -0.095183  -0.573154   0.786538  -0.742938  -0.710076   0.001000
 -0.209267  -0.095183  -0.573154   0.786538  -0.742938  -0.710076   0.001000
 -0.209267  -0.095183  -0.573154   0.786538  -0.742938  -0.710076   0.001000
 -0.209267  -0.095183  -0.573154   0.786538  -0.742938  -0.710076   0.001000
 -0.209267  -0.095183  -0.573154   0.786538  -0.742938  -0.710076   0.001000
 -0.209267  -0.095183  -0.573154   0.786538  -0.742938  -0.710076   0.001000
 -0.204179  -0.093175  -0.553622   0.801955  -0.480457  -0.685445   0.001000
 -0.204179  -0.093175  -0.553622   0.801955  -0.480457  -0.685445   0.001000
 -0.138386  -0.161413  -0.795716   0.567126  -0.240794  -0.874962   0.001000
 -0.138386  -0.161413  -0.795716   0.567126  -0.240794  -0.874962   0.001000
 -0.138386  -0.161413  -0.795716   0.567126  -0.240794  -0.874962   0.001000
 -0.162537  -0.145684  -0.804282   0.552711  -0.401835  -0.943890   0.001000
 -0.148615  -0.125548  -0.796447   0.572558  -0.245700  -1.198534   0.001000
 -0.148615  -0.125548  -0.796447   0.572558  -0.245700  -1.198534   0.001000
 -0.145380  -0.143521  -0.805501   0.556268  -0.321243  -1.235924   0.001000
 -0.145380  -0.143521  -0.805501   0.556268  -0.321243  -1.235924   0.001000
 -0.145380  -0.143521  -0.805501   0.556268  -0.321243  -1.235924   0.001000
 -0.145380  -0.143521  -0.805501   0.556268  -0.321243  -1.235924   0.001000
 -0.145380  -0.143521  -0.805501   0.556268  -0.321243  -1.235924   0.001000
 -0.145380  -0.143521  -0.805501   0.556268  -0.321243  -1.235924   0.001000
 -0.145380  -0.143521  -0.805501   0.556268  -0.321243  -1.235924   0.001000
 -0.145380  -0.143521  -0.805501   0.556268  -0.321243  -1.235924   0.001000
 -0.145380  -0.143521  -0.805501   0.556268  -0.321243  -1.235924   0.001000
 -0.145380  -0.143521  -0.805501   0.556268  -0.321243  -1.235924   0.001000
 -0.145380  -0.143521  -0.805501   0.556268  -0.321243  -1.235924   0.001000
 -0.145380  -0.143521  -0.805501   0.556268  -0.321243  -1.235924   0.001000
 -0.145380  -0.143521  -0.805501   0.556268  -0.321243  -1.235924   0.001000
 -0.145380  -0.143521  -0.805501   0.556268  -0.321243  -1.235924   0.001000
 -0.145380  -0.143521  -0.805501   0.556268  -0.321243  -1.235924   0.001000
 -0.163879  -0.126813  -0.807131   0.552812  -0.184981  -1.188888   0.001000
 -0.163879  -0.126813  -0.807131   0.552812  -0.184981  -1.188888   0.001000
 -0.163879  -0.126813  -0.807131   0.552812  -0.184981  -1.188888   0.001000
 -0.163879  -0.126813  -0.807131   0.552812  -0.184981  -1.188888   0.001000
 -0.163879  -0.126813  -0.807131   0.552812  -0.184981  -1.188888   0.001000
 -0.157181  -0.123237  -0.798853   0.567399  -0.172901  -1.259105   0.001000
 -0.157181  -0.123237  -0.798853   0.567399  -0.172901  -1.259105   0.001000
 -0.157181  -0.123237  -0.798853   0.567399  -0.172901  -1.259105   0.001000
 -0.150348  -0.140311  -0.803261   0.559000  -0.157314  -1.171569   0.001000
 -0.150348  -0.140311  -0.803261   0.559000  -0.157314  -1.171569   0.001000
 -0.150348  -0.140311  -0.803261   0.559000  -0.157314  -1.171569   0.001000
 -0.150348  -0.140311  -0.803261   0.559000  -0.157314  -1.171569   0.001000
 -0.150348  -0.140311  -0.803261   0.559000  -0.157314  -1.171569   0.001000
 -0.150348  -0.140311  -0.803261   0.559000  -0.157314  -1.171569   0.001000
 -0.150348  -0.140311  -0.803261   0.559000  -0.157314  -1.171569   0.001000
 -0.150348  -0.140311  -0.803261   0.559000  -0.157314  -1.171569   0.001000
 -0.150348  -0.140311  -0.803261   0.559000  -0.157314  -1.171569   0.001000
 -0.149607  -0.133735  -0.806046   0.556797  -0.094020  -1.115856   0.001000
 -0.149607  -0.133735  -0.806046   0.556797  -0.094020  -1.115856   0.001000
 -0.149408  -0.140874  -0.798559   0.565806  -0.336899  -1.061997   0.001000
 -0.149408  -0.140874  -0.798559   0.565806  -0.336899  -1.061997   0.001000
 -0.149408  -0.140874  -0.798559   0.565806  -0.336899  -1.061997   0.001000
 -0.149408  -0.140874  -0.798559   0.565806  -0.336899  -1.061997   0.001000
 -0.168089  -0.121481  -0.802474   0.559486  -0.486433  -1.262184   0.001000
 -0.168089  -0.121481  -0.802474   0.559486  -0.486433  -1.262184   0.001000
 -0.168089  -0.121481  -0.802474   0.559486  -0.486433  -1.262184   0.001000
 -0.168089  -0.121481  -0.802474   0.559486  -0.486433  -1.262184   0.001000
 -0.168089  -0.121481  -0.802474   0.559486  -0.486433  -1.262184   0.001000
 -0.168089  -0.121481  -0.802474   0.559486  -0.486433  -1.262184   0.001000
 -0.168089  -0.121481  -0.802474   0.559486  -0.486433  -1.262184   0.001000
 -0.168089  -0.121481  -0.802474   0.559486  -0.486433  -1.262184   0.001000
 -0.168089  -0.121481  -0.802474   0.559486  -0.486433  -1.262184   0.001000
 -0.168089  -0.121481  -0.802474   0.559486  -0.486433  -1.262184   0.001000
 -0.168089  -0.121481  -0.802474   0.559486  -0.486433  -1.262184   0.001000
 -0.168089  -0.121481  -0.802474   0.559486  -0.486433  -1.262184   0.001000
 -0.168089  -0.121481  -0.802474   0.559486  -0.486433  -1.262184   0.001000
 -0.168089  -0.121481  -0.802474   0.559486  -0.486433  -1.262184   0.001000
 -0.168089  -0.121481  -0.802474   0.559486  -0.486433  -1.262184   0.001000
 -0.168089  -0.121481  -0.802474   0.559486  -0.486433  -1.262184   0.001000
 -0.168089  -0.121481  -0.802474   0.559486  -0.486433  -1.262184   0.001000
 -0.168089  -0.121481  -0.802474   0.559486  -0.486433  -1.262184   0.001000
 -0.168089  -0.121481  -0.802474   0.559486  -0.486433  -1.262184   0.001000
 -0.168089  -0.121481  -0.802474   0.559486  -0.486433  -1.262184   0.001000
 -0.168089  -0.121481  -0.802474   0.559486  -0.486433  -1.262184   0.001000
 -0.160525  -0.140913  -0.799156   0.561894  -0.395947  -1.211589   0.001000
 -0.160525  -0.140913  -0.799156   0.561894  -0.395947  -1.211589   0.001000
 -0.160525  -0.140913  -0.799156   0.561894  -0.395947  -1.211589   0.001000
 -0.175718  -0.105949  -0.807355   0.553241  -0.578387  -1.273106   0.001000
 -0.175718  -0.105949  -0.807355   0.553241  -0.578387  -1.273106   0.001000
 -0.175718  -0.105949  -0.807355   0.553241  -0.578387  -1.273106   0.001000
 -0.175718  -0.105949  -0.807355   0.553241  -0.578387  -1.273106   0.001000
 -0.175718  -0.105949  -0.807355   0.553241  -0.578387  -1.273106   0.001000
 -0.175718  -0.105949  -0.807355   0.553241  -0.578387  -1.273106   0.001000
 -0.175718  -0.105949  -0.807355   0.553241  -0.578387  -1.273106   0.001000
 -0.175718  -0.105949  -0.807355   0.553241  -0.578387  -1.273106   0.001000
 -0.175718  -0.105949  -0.807355   0.553241  -0.578387  -1.273106   0.001000
 -0.175718  -0.105949  -0.807355   0.553241  -0.578387  -1.273106   0.001000
 -0.175718  -0.105949  -0.807355   0.553241  -0.578387  -1.273106   0.001000
 -0.175718  -0.105949  -0.807355   0.553241  -0.578387  -1.273106   0.001000
 -0.175718  -0.105949  -0.807355   0.553241  -0.578387  -1.273106   0.001000
 -0.175718  -0.105949  -0.807355   0.553241  -0.578387  -1.273106   0.001000
 -0.175718  -0.105949  -0.807355   0.553241  -0.578387  -1.273106   0.001000
 -0.175718  -0.105949  -0.807355   0.553241  -0.578387  -1.273106   0.001000
 -0.175718  -0.105949  -0.807355   0.553241  -0.578387  -1.273106   0.001000
 -0.175718  -0.105949  -0.807355   0.553241  -0.578387  -1.273106   0.001000
 -0.175718  -0.105949  -0.807355   0.553241  -0.578387  -1.273106   0.001000
 -0.175718  -0.105949  -0.807355   0.553241  -0.578387  -1.273106   0.001000
 -0.175718  -0.105949  -0.807355   0.553241  -0.578387  -1.273106   0.001000
 -0.153216  -0.133468  -0.812797   0.545960  -0.518760  -1.196179   0.001000
 -0.153216  -0.133468  -0.812797   0.545960  -0.518760  -1.196179   0.001000
 -0.153216  -0.133468  -0.812797   0.545960  -0.518760  -1.196179   0.001000
 -0.153216  -0.133468  -0.812797   0.545960  -0.518760  -1.196179   0.001000
 -0.153216  -0.133468  -0.812797   0.545960  -0.518760  -1.196179   0.001000
 -0.153216  -0.133468  -0.812797   0.545960  -0.518760  -1.196179   0.001000
 -0.153216  -0.133468  -0.812797   0.545960  -0.518760  -1.196179   0.001000
 -0.153216  -0.133468  -0.812797   0.545960  -0.518760  -1.196179   0.001000
 -0.153216  -0.133468  -0.812797   0.545960  -0.518760  -1.196179   0.001000
 -0.153216  -0.133468  -0.812797   0.545960  -0.518760  -1.196179   0.001000
 -0.153216  -0.133468  -0.812797   0.545960  -0.518760  -1.196179   0.001000
 -0.153216  -0.133468  -0.812797   0.545960  -0.518760  -1.196179   0.001000
 -0.153216  -0.133468  -0.812797   0.545960  -0.518760  -1.196179   0.001000
 -0.153216  -0.133468  -0.812797   0.545960  -0.518760  -1.196179   0.001000
 -0.153216  -0.133468  -0.812797   0.545960  -0.518760  -1.196179   0.001000
 -0.170806  -0.092231  -0.813490   0.548228  -0.530410  -1.209288   0.001000
 -0.162205  -0.126867  -0.817149   0.538388  -0.566466  -1.304923   0.001000
 -0.162205  -0.126867  -0.817149   0.538388  -0.566466  -1.304923   0.001000
 -0.162205  -0.126867  -0.817149   0.538388  -0.566466  -1.304923   0.001000
 -0.162205  -0.126867  -0.817149   0.538388  -0.566466  -1.304923   0.001000
 -0.162205  -0.126867  -0.817149   0.538388  -0.566466  -1.304923   0.001000
 -0.162205  -0.126867  -0.817149   0.538388  -0.566466  -1.304923   0.001000
 -0.162205  -0.126867  -0.817149   0.538388  -0.566466  -1.304923   0.001000
 -0.162205  -0.126867  -0.817149   0.538388  -0.566466  -1.304923   0.001000
 -0.162205  -0.126867  -0.817149   0.538388  -0.566466  -1.304923   0.001000
 -0.162205  -0.126867  -0.817149   0.538388  -0.566466  -1.304923   0.001000
 -0.164043  -0.102662  -0.806975   0.557980  -0.469852  -1.265376   0.001000
 -0.164043  -0.102662  -0.806975   0.557980  -0.469852  -1.265376   0.001000
 -0.164043  -0.102662  -0.806975   0.557980  -0.469852  -1.265376   0.001000
 -0.164043  -0.102662  -0.806975   0.557980  -0.469852  -1.265376   0.001000
 -0.164043  -0.102662  -0.806975   0.557980  -0.469852  -1.265376   0.001000
 -0.166107  -0.110214  -0.801347   0.564008  -0.667306  -1.309251   0.001000
 -0.157472  -0.136536  -0.807773   0.551419  -0.421017  -1.291703   0.001000
 -0.157472  -0.136536  -0.807773   0.551419  -0.421017  -1.291703   0.001000
 -0.157472  -0.136536  -0.807773   0.551419  -0.421017  -1.291703   0.001000
 -0.157472  -0.136536  -0.807773   0.551419  -0.421017  -1.291703   0.001000
 -0.157472  -0.136536  -0.807773   0.551419  -0.421017  -1.291703   0.001000
 -0.157472  -0.136536  -0.807773   0.551419  -0.421017  -1.291703   0.001000
 -0.157472  -0.136536  -0.807773   0.551419  -0.421017  -1.291703   0.001000
 -0.157472  -0.136536  -0.807773   0.551419  -0.421017  -1.291703   0.001000
 -0.157472  -0.136536  -0.807773   0.551419  -0.421017  -1.291703   0.001000
 -0.157472  -0.136536  -0.807773   0.551419  -0.421017  -1.291703   0.001000
 -0.157472  -0.136536  -0.807773   0.551419  -0.421017  -1.291703   0.001000
 -0.157472  -0.136536  -0.807773   0.551419  -0.421017  -1.291703   0.001000
 -0.157472  -0.136536  -0.807773   0.551419  -0.421017  -1.291703   0.001000
 -0.157472  -0.136536  -0.807773   0.551419  -0.421017  -1.291703   0.001000
 -0.157472  -0.136536  -0.807773   0.551419  -0.421017  -1.291703   0.001000
 -0.157472  -0.136536  -0.807773   0.551419  -0.421017  -1.291703   0.001000
 -0.157472  -0.136536  -0.807773   0.551419  -0.421017  -1.291703   0.001000
 -0.157472  -0.136536  -0.807773   0.551419  -0.421017  -1.291703   0.001000
 -0.157472  -0.136536  -0.807773   0.551419  -0.421017  -1.291703   0.001000
 -0.157472  -0.136536  -0.807773   0.551419  -0.421017  -1.291703   0.001000
 -0.157472  -0.136536  -0.807773   0.551419  -0.421017  -1.291703   0.001000
 -0.157472  -0.136536  -0.807773   0.551419  -0.421017  -1.291703   0.001000
 -0.160464  -0.139512  -0.801485   0.558936  -0.399044  -1.224383   0.001000
 -0.160464  -0.139512  -0.801485   0.558936  -0.399044  -1.224383   0.001000
 -0.160464  -0.139512  -0.801485   0.558936  -0.399044  -1.224383   0.001000
 -0.160464  -0.139512  -0.801485   0.558936  -0.399044  -1.224383   0.001000
 -0.160464  -0.139512  -0.801485   0.558936  -0.399044  -1.224383   0.001000
 -0.160464  -0.139512  -0.801485   0.558936  -0.399044  -1.224383   0.001000
 -0.160464  -0.139512  -0.801485   0.558936  -0.399044  -1.224383   0.001000
 -0.160464  -0.139512  -0.801485   0.558936  -0.399044  -1.224383   0.001000
 -0.160464  -0.139512  -0.801485   0.558936  -0.399044  -1.224383   0.001000
 -0.160464  -0.139512  -0.801485   0.558936  -0.399044  -1.224383   0.001000
 -0.140737  -0.141308  -0.806575   0.556472  -0.508602  -1.306302   0.001000
 -0.140737  -0.141308  -0.806575   0.556472  -0.508602  -1.306302   0.001000
 -0.140737  -0.141308  -0.806575   0.556472  -0.508602  -1.306302   0.001000
 -0.161308  -0.138192  -0.807402   0.550441  -0.282399  -0.958941   0.001000
 -0.138358  -0.154727  -0.811490   0.546261  -0.485955  -0.818912   0.001000
 -0.155642  -0.144369  -0.800014   0.561170  -0.211899  -0.957622   0.001000
 -0.157633  -0.118277  -0.806917   0.556818  -0.353746  -0.706998   0.001000
 -0.157318  -0.106491  -0.829170   0.525726  -0.200479  -1.068417   0.001000
 -0.157318  -0.106491  -0.829170   0.525726  -0.200479  -1.068417   0.001000
 -0.153269  -0.125575  -0.799130   0.567566  -0.273780  -1.038756   0.001000
 -0.158598  -0.123583  -0.799700   0.565733  -0.341409  -1.065276   0.001000
 -0.158598  -0.123583  -0.799700   0.565733  -0.341409  -1.065276   0.001000
 -0.158598  -0.123583  -0.799700   0.565733  -0.341409  -1.065276   0.001000
 -0.158598  -0.123583  -0.799700   0.565733  -0.341409  -1.065276   0.001000
 -0.158598  -0.123583  -0.799700   0.565733  -0.341409  -1.065276   0.001000
 -0.158598  -0.123583  -0.799700   0.565733  -0.341409  -1.065276   0.001000
 -0.158598  -0.123583  -0.799700   0.565733  -0.341409  -1.065276   0.001000
 -0.158598  -0.123583  -0.799700   0.565733  -0.341409  -1.065276   0.001000
 -0.158598  -0.123583  -0.799700   0.565733  -0.341409  -1.065276   0.001000
 -0.158598  -0.123583  -0.799700   0.565733  -0.341409  -1.065276   0.001000
 -0.158598  -0.123583  -0.799700   0.565733  -0.341409  -1.065276   0.001000
 -0.158598  -0.123583  -0.799700   0.565733  -0.341409  -1.065276   0.001000
 -0.158598  -0.123583  -0.799700   0.565733  -0.341409  -1.065276   0.001000
 -0.158598  -0.123583  -0.799700   0.565733  -0.341409  -1.065276   0.001000
 -0.176478  -0.131221  -0.794987   0.565361  -0.437644  -1.111452   0.001000
 -0.146549  -0.141127  -0.798067   0.567181  -0.318706  -1.004715   0.001000
 -0.146549  -0.141127  -0.798067   0.567181  -0.318706  -1.004715   0.001000
 -0.146549  -0.141127  -0.798067   0.567181  -0.318706  -1.004715   0.001000
 -0.146549  -0.141127  -0.798067   0.567181  -0.318706  -1.004715   0.001000
 -0.146549  -0.141127  -0.798067   0.567181  -0.318706  -1.004715   0.001000
 -0.146549  -0.141127  -0.798067   0.567181  -0.318706  -1.004715   0.001000
 -0.146549  -0.141127  -0.798067   0.567181  -0.318706  -1.004715   0.001000
 -0.146549  -0.141127  -0.798067   0.567181  -0.318706  -1.004715   0.001000
 -0.146549  -0.141127  -0.798067   0.567181  -0.318706  -1.004715   0.001000
 -0.146549  -0.141127  -0.798067   0.567181  -0.318706  -1.004715   0.001000
 -0.146549  -0.141127  -0.798067   0.567181  -0.318706  -1.004715   0.001000
 -0.146549  -0.141127  -0.798067   0.567181  -0.318706  -1.004715   0.001000
 -0.146549  -0.141127  -0.798067   0.567181  -0.318706  -1.004715   0.001000
 -0.146549  -0.141127  -0.798067   0.567181  -0.318706  -1.004715   0.001000
 -0.146549  -0.141127  -0.798067   0.567181  -0.318706  -1.004715   0.001000
 -0.146549  -0.141127  -0.798067   0.567181  -0.318706  -1.004715   0.001000
 -0.146549  -0.141127  -0.798067   0.567181  -0.318706  -1.004715   0.001000
 -0.190674  -0.135452  -0.799055   0.553902  -0.295910  -1.046292   0.001000
 -0.160625  -0.128543  -0.800400   0.563059  -0.455536  -0.993194   0.001000
 -0.160625  -0.128543  -0.800400   0.563059  -0.455536  -0.993194   0.001000
 -0.160625  -0.128543  -0.800400   0.563059  -0.455536  -0.993194   0.001000
 -0.160625  -0.128543  -0.800400   0.563059  -0.455536  -0.993194   0.001000
 -0.160625  -0.128543  -0.800400   0.563059  -0.455536  -0.993194   0.001000
 -0.160625  -0.128543  -0.800400   0.563059  -0.455536  -0.993194   0.001000
 -0.160625  -0.128543  -0.800400   0.563059  -0.455536  -0.993194   0.001000
 -0.160625  -0.128543  -0.800400   0.563059  -0.455536  -0.993194   0.001000
 -0.160625  -0.128543  -0.800400   0.563059  -0.455536  -0.993194   0.001000
 -0.160625  -0.128543  -0.800400   0.563059  -0.455536  -0.993194   0.001000
 -0.147449  -0.130151  -0.795178   0.573595  -0.375997  -0.990327   0.001000
 -0.147449  -0.130151  -0.795178   0.573595  -0.375997  -0.990327   0.001000
 -0.147449  -0.130151  -0.795178   0.573595  -0.375997  -0.990327   0.001000
 -0.147449  -0.130151  -0.795178   0.573595  -0.375997  -0.990327   0.001000
 -0.147449  -0.130151  -0.795178   0.573595  -0.375997  -0.990327   0.001000
 -0.147449  -0.130151  -0.795178   0.573595  -0.375997  -0.990327   0.001000
 -0.147449  -0.130151  -0.795178   0.573595  -0.375997  -0.990327   0.001000
 -0.147449  -0.130151  -0.795178   0.573595  -0.375997  -0.990327   0.001000
 -0.147449  -0.130151  -0.795178   0.573595  -0.375997  -0.990327   0.001000
 -0.147449  -0.130151  -0.795178   0.573595  -0.375997  -0.990327   0.001000
 -0.147449  -0.130151  -0.795178   0.573595  -0.375997  -0.990327   0.001000
 -0.150586  -0.128091  -0.805330   0.558893  -0.344927  -0.929682   0.001000
 -0.150586  -0.128091  -0.805330   0.558893  -0.344927  -0.929682   0.001000
 -0.150586  -0.128091  -0.805330   0.558893  -0.344927  -0.929682   0.001000
 -0.150586  -0.128091  -0.805330   0.558893  -0.344927  -0.929682   0.001000
 -0.150586  -0.128091  -0.805330   0.558893  -0.344927  -0.929682   0.001000
 -0.150586  -0.128091  -0.805330   0.558893  -0.344927  -0.929682   0.001000
 -0.150586  -0.128091  -0.805330   0.558893  -0.344927  -0.929682   0.001000
 -0.150586  -0.128091  -0.805330   0.558893  -0.344927  -0.929682   0.001000
 -0.150586  -0.128091  -0.805330   0.558893  -0.344927  -0.929682   0.001000
 -0.150586  -0.128091  -0.805330   0.558893  -0.344927  -0.929682   0.001000
 -0.150586  -0.128091  -0.805330   0.558893  -0.344927  -0.929682   0.001000
 -0.150586  -0.128091  -0.805330   0.558893  -0.344927  -0.929682   0.001000
 -0.150586  -0.128091  -0.805330   0.558893  -0.344927  -0.929682   0.001000
 -0.150586  -0.128091  -0.805330   0.558893  -0.344927  -0.929682   0.001000
 -0.150586  -0.128091  -0.805330   0.558893  -0.344927  -0.929682   0.001000
 -0.150586  -0.128091  -0.805330   0.558893  -0.344927  -0.929682   0.001000
 -0.150586  -0.128091  -0.805330   0.558893  -0.344927  -0.929682   0.001000
 -0.150586  -0.128091  -0.805330   0.558893  -0.344927  -0.929682   0.001000
 -0.150586  -0.128091  -0.805330   0.558893  -0.344927  -0.929682   0.001000
 -0.150586  -0.128091  -0.805330   0.558893  -0.344927  -0.929682   0.001000
 -0.150586  -0.128091  -0.805330   0.558893  -0.344927  -0.929682   0.001000
 -0.150586  -0.128091  -0.805330   0.558893  -0.344927  -0.929682   0.001000
 -0.150586  -0.128091  -0.805330   0.558893  -0.344927  -0.929682   0.001000
 -0.150586  -0.128091  -0.805330   0.558893  -0.344927  -0.929682   0.001000
 -0.150586  -0.128091  -0.805330   0.558893  -0.344927  -0.929682   0.001000
 -0.150586  -0.128091  -0.805330   0.558893  -0.344927  -0.929682   0.001000
 -0.150586  -0.128091  -0.805330   0.558893  -0.344927  -0.929682   0.001000
 -0.150586  -0.128091  -0.805330   0.558893  -0.344927  -0.929682   0.001000
 -0.150586  -0.128091  -0.805330   0.558893  -0.344927  -0.929682   0.001000
 -0.150586  -0.128091  -0.805330   0.558893  -0.344927  -0.929682   0.001000
 -0.150586  -0.128091  -0.805330   0.558893  -0.344927  -0.929682   0.001000
 -0.150586  -0.128091  -0.805330   0.558893  -0.344927  -0.929682   0.001000
 -0.150586  -0.128091  -0.805330   0.558893  -0.344927  -0.929682   0.001000
 -0.150586  -0.128091  -0.805330   0.558893  -0.344927  -0.929682   0.001000
 -0.150586  -0.128091  -0.805330   0.558893  -0.344927  -0.929682   0.001000
 -0.150586  -0.128091  -0.805330   0.558893  -0.344927  -0.929682   0.001000
 -0.150586  -0.128091  -0.805330   0.558893  -0.344927  -0.929682   0.001000
 -0.150586  -0.128091  -0.805330   0.558893  -0.344927  -0.929682   0.001000
 -0.150586  -0.128091  -0.805330   0.558893  -0.344927  -0.929682   0.001000
