 -0.690902  -0.257370  -0.448165   0.505533   0.956704  -0.200928   0.001000
 -0.686386  -0.256453  -0.449328   0.511088   1.076685  -0.574739   0.001000
 -0.683574  -0.264979  -0.451431   0.508648   0.842161  -0.534091   0.001000
 -0.681391  -0.264182  -0.419644   0.538342   0.971026  -0.519613   0.001000
 -0.685117  -0.264253  -0.444803   0.512773   1.095583  -0.683269   0.001000
 -0.685117  -0.264253  -0.444803   0.512773   1.095583  -0.683269   0.001000
 -0.686914  -0.268232  -0.444547   0.508507   1.096105  -0.751964   0.001000
 -0.601086  -0.341221  -0.395008   0.605171   1.035674  -0.566948   0.001000
 -0.692364  -0.260057  -0.436971   0.511917   1.211620  -0.798057   0.001000
 -0.686325  -0.267252  -0.442706   0.511415   1.199430  -0.423510   0.001000
 -0.686325  -0.267252  -0.442706   0.511415   1.199430  -0.423510   0.001000
 -0.686325  -0.267252  -0.442706   0.511415   1.199430  -0.423510   0.001000
 -0.686325  -0.267252  -0.442706   0.511415   1.199430  -0.423510   0.001000
 -0.686325  -0.267252  -0.442706   0.511415   1.199430  -0.423510   0.001000
 -0.686325  -0.267252  -0.442706   0.511415   1.199430  -0.423510   0.001000
 -0.686325  -0.267252  -0.442706   0.511415   1.199430  -0.423510   0.001000
 -0.686325  -0.267252  -0.442706   0.511415   1.199430  -0.423510   0.001000
 -0.686325  -0.267252  -0.442706   0.511415   1.199430  -0.423510   0.001000
 -0.686325  -0.267252  -0.442706   0.511415   1.199430  -0.423510   0.001000
 -0.686325  -0.267252  -0.442706   0.511415   1.199430  -0.423510   0.001000
 -0.686325  -0.267252  -0.442706   0.511415   1.199430  -0.423510   0.001000
 -0.686325  -0.267252  -0.442706   0.511415   1.199430  -0.423510   0.001000
 -0.686325  -0.267252  -0.442706   0.511415   1.199430  -0.423510   0.001000
 -0.686325  -0.267252  -0.442706   0.511415   1.199430  -0.423510   0.001000
 -0.686325  -0.267252  -0.442706   0.511415   1.199430  -0.423510   0.001000
 -0.686325  -0.267252  -0.442706   0.511415   1.199430  -0.423510   0.001000
 -0.686325  -0.267252  -0.442706   0.511415   1.199430  -0.423510   0.001000
 -0.686325  -0.267252  -0.442706   0.511415   1.199430  -0.423510   0.001000
 -0.686325  -0.267252  -0.442706   0.511415   1.199430  -0.423510   0.001000
 -0.686325  -0.267252  -0.442706   0.511415   1.199430  -0.423510   0.001000
 -0.682431  -0.269960  -0.450367   0.508507   1.171134  -0.602276   0.001000
 -0.682431  -0.269960  -0.450367   0.508507   1.171134  -0.602276   0.001000
 -0.682431  -0.269960  -0.450367   0.508507   1.171134  -0.602276   0.001000
 -0.682431  -0.269960  -0.450367   0.508507   1.171134  -0.602276   0.001000
 -0.687526  -0.264293  -0.445792   0.508652   1.150983  -0.869188   0.001000
 -0.577895  -0.340232  -0.393282   0.628974   1.393220  -0.469187   0.001000
 -0.579099  -0.341212  -0.377160   0.637157   1.301288  -0.716621   0.001000
 -0.693271  -0.258121  -0.443309   0.506188   1.490750  -1.114302   0.001000
 -0.570885  -0.346916  -0.387391   0.635349   0.906163  -0.638240   0.001000
 -0.694936  -0.264740  -0.445126   0.498838   1.238069  -0.398558   0.001000
 -0.694936  -0.264740  -0.445126   0.498838   1.238069  -0.398558   0.001000
 -0.566102  -0.337360  -0.392136   0.641830   1.285019  -0.389443   0.001000
 -0.566102  -0.337360  -0.392136   0.641830   1.285019  -0.389443   0.001000
 -0.684837  -0.262648  -0.452726   0.507004   1.292257  -0.604800   0.001000
 -0.684837  -0.262648  -0.452726   0.507004   1.292257  -0.604800   0.001000
 -0.684837  -0.262648  -0.452726   0.507004   1.292257  -0.604800   0.001000
 -0.684837  -0.262648  -0.452726   0.507004   1.292257  -0.604800   0.001000
 -0.684837  -0.262648  -0.452726   0.507004   1.292257  -0.604800   0.001000
 -0.684837  -0.262648  -0.452726   0.507004   1.292257  -0.604800   0.001000
 -0.684837  -0.262648  -0.452726   0.507004   1.292257  -0.604800   0.001000
 -0.570405  -0.341350  -0.395349   0.633891   1.157146  -0.375186   0.001000
 -0.693487  -0.258715  -0.433688   0.513865   1.303840  -0.536253   0.001000
 -0.693487  -0.258715  -0.433688   0.513865   1.303840  -0.536253   0.001000
 -0.693487  -0.258715  -0.433688   0.513865   1.303840  -0.536253   0.001000
 -0.690489  -0.257237  -0.449067   0.505363   1.246977  -0.338565   0.001000
 -0.690489  -0.257237  -0.449067   0.505363   1.246977  -0.338565   0.001000
 -0.690489  -0.257237  -0.449067   0.505363   1.246977  -0.338565   0.001000
 -0.690489  -0.257237  -0.449067   0.505363   1.246977  -0.338565   0.001000
 -0.690489  -0.257237  -0.449067   0.505363   1.246977  -0.338565   0.001000
 -0.690489  -0.257237  -0.449067   0.505363   1.246977  -0.338565   0.001000
 -0.690489  -0.257237  -0.449067   0.505363   1.246977  -0.338565   0.001000
 -0.690489  -0.257237  -0.449067   0.505363   1.246977  -0.338565   0.001000
 -0.690489  -0.257237  -0.449067   0.505363   1.246977  -0.338565   0.001000
 -0.690489  -0.257237  -0.449067   0.505363   1.246977  -0.338565   0.001000
 -0.690489  -0.257237  -0.449067   0.505363   1.246977  -0.338565   0.001000
 -0.690489  -0.257237  -0.449067   0.505363   1.246977  -0.338565   0.001000
 -0.690489  -0.257237  -0.449067   0.505363   1.246977  -0.338565   0.001000
 -0.690489  -0.257237  -0.449067   0.505363   1.246977  -0.338565   0.001000
 -0.690489  -0.257237  -0.449067   0.505363   1.246977  -0.338565   0.001000
 -0.690489  -0.257237  -0.449067   0.505363   1.246977  -0.338565   0.001000
 -0.690489  -0.257237  -0.449067   0.505363   1.246977  -0.338565   0.001000
 -0.690489  -0.257237  -0.449067   0.505363   1.246977  -0.338565   0.001000
 -0.690489  -0.257237  -0.449067   0.505363   1.246977  -0.338565   0.001000
 -0.690489  -0.257237  -0.449067   0.505363   1.246977  -0.338565   0.001000
 -0.690489  -0.257237  -0.449067   0.505363   1.246977  -0.338565   0.001000
 -0.690489  -0.257237  -0.449067   0.505363   1.246977  -0.338565   0.001000
 -0.689100  -0.267788  -0.435150   0.513883   1.390054  -0.887645   0.001000
 -0.689100  -0.267788  -0.435150   0.513883   1.390054  -0.887645   0.001000
 -0.685450  -0.262112  -0.449626   0.509208   1.415688  -0.806897   0.001000
 -0.689400  -0.265528  -0.443545   0.507436   1.301173  -0.850181   0.001000
 -0.689400  -0.265528  -0.443545   0.507436   1.301173  -0.850181   0.001000
 -0.689400  -0.265528  -0.443545   0.507436   1.301173  -0.850181   0.001000
 -0.689400  -0.265528  -0.443545   0.507436   1.301173  -0.850181   0.001000
 -0.689400  -0.265528  -0.443545   0.507436   1.301173  -0.850181   0.001000
 -0.697342  -0.261062  -0.443030   0.499284   1.325850  -0.810781   0.001000
 -0.578838  -0.344035  -0.383338   0.632169   1.040281  -0.945855   0.001000
 -0.576120  -0.343120  -0.380861   0.636631   1.319176  -0.746067   0.001000
 -0.576120  -0.343120  -0.380861   0.636631   1.319176  -0.746067   0.001000
 -0.576120  -0.343120  -0.380861   0.636631   1.319176  -0.746067   0.001000
 -0.576120  -0.343120  -0.380861   0.636631   1.319176  -0.746067   0.001000
 -0.576120  -0.343120  -0.380861   0.636631   1.319176  -0.746067   0.001000
 -0.576120  -0.343120  -0.380861   0.636631   1.319176  -0.746067   0.001000
 -0.576120  -0.343120  -0.380861   0.636631   1.319176  -0.746067   0.001000
 -0.576120  -0.343120  -0.380861   0.636631   1.319176  -0.746067   0.001000
 -0.689186  -0.258251  -0.439883   0.514618   1.218122  -1.043071   0.001000
 -0.577280  -0.342935  -0.379686   0.636382   1.257942  -1.003167   0.001000
 -0.679589  -0.265126  -0.454059   0.511563   1.173377  -0.777947   0.001000
 -0.692013  -0.263787  -0.442854   0.505386   1.162028  -0.752187   0.001000
 -0.696027  -0.260842  -0.440715   0.503267   1.185390  -0.953163   0.001000
 -0.696027  -0.260842  -0.440715   0.503267   1.185390  -0.953163   0.001000
 -0.572623  -0.344282  -0.387648   0.635061   1.144179  -0.761313   0.001000
 -0.572623  -0.344282  -0.387648   0.635061   1.144179  -0.761313   0.001000
 -0.572623  -0.344282  -0.387648   0.635061   1.144179  -0.761313   0.001000
 -0.572623  -0.344282  -0.387648   0.635061   1.144179  -0.761313   0.001000
 -0.572623  -0.344282  -0.387648   0.635061   1.144179  -0.761313   0.001000
 -0.690923  -0.265474  -0.449307   0.500272   1.153743  -0.991099   0.001000
 -0.690853  -0.264192  -0.448267   0.501978   1.124503  -0.894062   0.001000
 -0.690853  -0.264192  -0.448267   0.501978   1.124503  -0.894062   0.001000
 -0.569814  -0.337919  -0.389975   0.639564   1.165717  -0.746451   0.001000
 -0.569814  -0.337919  -0.389975   0.639564   1.165717  -0.746451   0.001000
 -0.569814  -0.337919  -0.389975   0.639564   1.165717  -0.746451   0.001000
 -0.569814  -0.337919  -0.389975   0.639564   1.165717  -0.746451   0.001000
 -0.591504  -0.328958  -0.412095   0.609989   1.212537  -0.370739   0.001000
 -0.591504  -0.328958  -0.412095   0.609989   1.212537  -0.370739   0.001000
 -0.695278  -0.261781  -0.432103   0.511221   0.963062  -0.551761   0.001000
 -0.695278  -0.261781  -0.432103   0.511221   0.963062  -0.551761   0.001000
 -0.695278  -0.261781  -0.432103   0.511221   0.963062  -0.551761   0.001000
 -0.695278  -0.261781  -0.432103   0.511221   0.963062  -0.551761   0.001000
 -0.695278  -0.261781  -0.432103   0.511221   0.963062  -0.551761   0.001000
 -0.695278  -0.261781  -0.432103   0.511221   0.963062  -0.551761   0.001000
 -0.588144  -0.340837  -0.373859   0.630988   1.190795  -0.508966   0.001000
 -0.588144  -0.340837  -0.373859   0.630988   1.190795  -0.508966   0.001000
 -0.588144  -0.340837  -0.373859   0.630988   1.190795  -0.508966   0.001000
 -0.589592  -0.335202  -0.377555   0.630455   1.276895  -0.492249   0.001000
 -0.692080  -0.256431  -0.445305   0.506924   1.160124  -0.554745   0.001000
 -0.692080  -0.256431  -0.445305   0.506924   1.160124  -0.554745   0.001000
 -0.692080  -0.256431  -0.445305   0.506924   1.160124  -0.554745   0.001000
 -0.692080  -0.256431  -0.445305   0.506924   1.160124  -0.554745   0.001000
 -0.692080  -0.256431  -0.445305   0.506924   1.160124  -0.554745   0.001000
 -0.692080  -0.256431  -0.445305   0.506924   1.160124  -0.554745   0.001000
 -0.692080  -0.256431  -0.445305   0.506924   1.160124  -0.554745   0.001000
 -0.692080  -0.256431  -0.445305   0.506924   1.160124  -0.554745   0.001000
 -0.692080  -0.256431  -0.445305   0.506924   1.160124  -0.554745   0.001000
 -0.692080  -0.256431  -0.445305   0.506924   1.160124  -0.554745   0.001000
 -0.692080  -0.256431  -0.445305   0.506924   1.160124  -0.554745   0.001000
 -0.692080  -0.256431  -0.445305   0.506924   1.160124  -0.554745   0.001000
 -0.692080  -0.256431  -0.445305   0.506924   1.160124  -0.554745   0.001000
 -0.692080  -0.256431  -0.445305   0.506924   1.160124  -0.554745   0.001000
 -0.692080  -0.256431  -0.445305   0.506924   1.160124  -0.554745   0.001000
 -0.692080  -0.256431  -0.445305   0.506924   1.160124  -0.554745   0.001000
 -0.692080  -0.256431  -0.445305   0.506924   1.160124  -0.554745   0.001000
 -0.572315  -0.338846  -0.380799   0.642363   1.142002  -0.680490   0.001000
 -0.572315  -0.338846  -0.380799   0.642363   1.142002  -0.680490   0.001000
 -0.572315  -0.338846  -0.380799   0.642363   1.142002  -0.680490   0.001000
 -0.572315  -0.338846  -0.380799   0.642363   1.142002  -0.680490   0.001000
 -0.572315  -0.338846  -0.380799   0.642363   1.142002  -0.680490   0.001000
 -0.572315  -0.338846  -0.380799   0.642363   1.142002  -0.680490   0.001000
 -0.685893  -0.257421  -0.448479   0.512008   1.224553  -0.752238   0.001000
 -0.685893  -0.257421  -0.448479   0.512008   1.224553  -0.752238   0.001000
 -0.685893  -0.257421  -0.448479   0.512008   1.224553  -0.752238   0.001000
 -0.685893  -0.257421  -0.448479   0.512008   1.224553  -0.752238   0.001000
 -0.685893  -0.257421  -0.448479   0.512008   1.224553  -0.752238   0.001000
 -0.685893  -0.257421  -0.448479   0.512008   1.224553  -0.752238   0.001000
 -0.685893  -0.257421  -0.448479   0.512008   1.224553  -0.752238   0.001000
 -0.685893  -0.257421  -0.448479   0.512008   1.224553  -0.752238   0.001000
 -0.685893  -0.257421  -0.448479   0.512008   1.224553  -0.752238   0.001000
 -0.685893  -0.257421  -0.448479   0.512008   1.224553  -0.752238   0.001000
 -0.685893  -0.257421  -0.448479   0.512008   1.224553  -0.752238   0.001000
 -0.685893  -0.257421  -0.448479   0.512008   1.224553  -0.752238   0.001000
 -0.685893  -0.257421  -0.448479   0.512008   1.224553  -0.752238   0.001000
 -0.685893  -0.257421  -0.448479   0.512008   1.224553  -0.752238   0.001000
 -0.685893  -0.257421  -0.448479   0.512008   1.224553  -0.752238   0.001000
 -0.563286  -0.351891  -0.396964   0.633484   1.069251  -0.462141   0.001000
 -0.563286  -0.351891  -0.396964   0.633484   1.069251  -0.462141   0.001000
 -0.563286  -0.351891  -0.396964   0.633484   1.069251  -0.462141   0.001000
 -0.563286  -0.351891  -0.396964   0.633484   1.069251  -0.462141   0.001000
 -0.563286  -0.351891  -0.396964   0.633484   1.069251  -0.462141   0.001000
 -0.563286  -0.351891  -0.396964   0.633484   1.069251  -0.462141   0.001000
 -0.685234  -0.256782  -0.439996   0.520501   1.429361  -0.697770   0.001000
 -0.694430  -0.270793  -0.435041   0.505151   1.457206  -0.765573   0.001000
 -0.687244  -0.257070  -0.451361   0.507823   1.052879  -1.014835   0.001000
 -0.562489  -0.335748  -0.400120   0.640924   1.138331  -0.422660   0.001000
 -0.562489  -0.335748  -0.400120   0.640924   1.138331  -0.422660   0.001000
 -0.578176  -0.342067  -0.381293   0.635073   1.263209  -0.599548   0.001000
 -0.578176  -0.342067  -0.381293   0.635073   1.263209  -0.599548   0.001000
 -0.578176  -0.342067  -0.381293   0.635073   1.263209  -0.599548   0.001000
 -0.578176  -0.342067  -0.381293   0.635073   1.263209  -0.599548   0.001000
 -0.578176  -0.342067  -0.381293   0.635073   1.263209  -0.599548   0.001000
 -0.578176  -0.342067  -0.381293   0.635073   1.263209  -0.599548   0.001000
 -0.578176  -0.342067  -0.381293   0.635073   1.263209  -0.599548   0.001000
 -0.578176  -0.342067  -0.381293   0.635073   1.263209  -0.599548   0.001000
 -0.578176  -0.342067  -0.381293   0.635073   1.263209  -0.599548   0.001000
 -0.578176  -0.342067  -0.381293   0.635073   1.263209  -0.599548   0.001000
 -0.578176  -0.342067  -0.381293   0.635073   1.263209  -0.599548   0.001000
 -0.578176  -0.342067  -0.381293   0.635073   1.263209  -0.599548   0.001000
 -0.695182  -0.257844  -0.440900   0.505813   1.133547  -0.629594   0.001000
 -0.695182  -0.257844  -0.440900   0.505813   1.133547  -0.629594   0.001000
 -0.695182  -0.257844  -0.440900   0.505813   1.133547  -0.629594   0.001000
 -0.695182  -0.257844  -0.440900   0.505813   1.133547  -0.629594   0.001000
 -0.695182  -0.257844  -0.440900   0.505813   1.133547  -0.629594   0.001000
 -0.695182  -0.257844  -0.440900   0.505813   1.133547  -0.629594   0.001000
 -0.695182  -0.257844  -0.440900   0.505813   1.133547  -0.629594   0.001000
 -0.695182  -0.257844  -0.440900   0.505813   1.133547  -0.629594   0.001000
 -0.695182  -0.257844  -0.440900   0.505813   1.133547  -0.629594   0.001000
 -0.695182  -0.257844  -0.440900   0.505813   1.133547  -0.629594   0.001000
 -0.695182  -0.257844  -0.440900   0.505813   1.133547  -0.629594   0.001000
 -0.695182  -0.257844  -0.440900   0.505813   1.133547  -0.629594   0.001000
 -0.687780  -0.258136  -0.437628   0.518465   1.159266  -0.373633   0.001000
 -0.687780  -0.258136  -0.437628   0.518465   1.159266  -0.373633   0.001000
 -0.687780  -0.258136  -0.437628   0.518465   1.159266  -0.373633   0.001000
 -0.687780  -0.258136  -0.437628   0.518465   1.159266  -0.373633   0.001000
 -0.687780  -0.258136  -0.437628   0.518465   1.159266  -0.373633   0.001000
 -0.687780  -0.258136  -0.437628   0.518465   1.159266  -0.373633   0.001000
 -0.687780  -0.258136  -0.437628   0.518465   1.159266  -0.373633   0.001000
 -0.687780  -0.258136  -0.437628   0.518465   1.159266  -0.373633   0.001000
 -0.687780  -0.258136  -0.437628   0.518465   1.159266  -0.373633   0.001000
 -0.687780  -0.258136  -0.437628   0.518465   1.159266  -0.373633   0.001000
 -0.687780  -0.258136  -0.437628   0.518465   1.159266  -0.373633   0.001000
 -0.687780  -0.258136  -0.437628   0.518465   1.159266  -0.373633   0.001000
 -0.687780  -0.258136  -0.437628   0.518465   1.159266  -0.373633   0.001000
 -0.687780  -0.258136  -0.437628   0.518465   1.159266  -0.373633   0.001000
 -0.687780  -0.258136  -0.437628   0.518465   1.159266  -0.373633   0.001000
 -0.687780  -0.258136  -0.437628   0.518465   1.159266  -0.373633   0.001000
 -0.687780  -0.258136  -0.437628   0.518465   1.159266  -0.373633   0.001000
 -0.687780  -0.258136  -0.437628   0.518465   1.159266  -0.373633   0.001000
 -0.687780  -0.258136  -0.437628   0.518465   1.159266  -0.373633   0.001000
 -0.687780  -0.258136  -0.437628   0.518465   1.159266  -0.373633   0.001000
 -0.687780  -0.258136  -0.437628   0.518465   1.159266  -0.373633   0.001000
 -0.687780  -0.258136  -0.437628   0.518465   1.159266  -0.373633   0.001000
 -0.687780  -0.258136  -0.437628   0.518465   1.159266  -0.373633   0.001000
 -0.579410  -0.355857  -0.385880   0.623496   1.148614  -0.665297   0.001000
 -0.570675  -0.338193  -0.382235   0.643313   1.224974  -0.634930   0.001000
 -0.570675  -0.338193  -0.382235   0.643313   1.224974  -0.634930   0.001000
 -0.570675  -0.338193  -0.382235   0.643313   1.224974  -0.634930   0.001000
 -0.570675  -0.338193  -0.382235   0.643313   1.224974  -0.634930   0.001000
 -0.570675  -0.338193  -0.382235   0.643313   1.224974  -0.634930   0.001000
 -0.572659  -0.345017  -0.383970   0.636861   1.274516  -0.360357   0.001000
 -0.572659  -0.345017  -0.383970   0.636861   1.274516  -0.360357   0.001000
 -0.572659  -0.345017  -0.383970   0.636861   1.274516  -0.360357   0.001000
 -0.572659  -0.345017  -0.383970   0.636861   1.274516  -0.360357   0.001000
 -0.572659  -0.345017  -0.383970   0.636861   1.274516  -0.360357   0.001000
 -0.572659  -0.345017  -0.383970   0.636861   1.274516  -0.360357   0.001000
 -0.572659  -0.345017  -0.383970   0.636861   1.274516  -0.360357   0.001000
 -0.572659  -0.345017  -0.383970   0.636861   1.274516  -0.360357   0.001000
 -0.572659  -0.345017  -0.383970   0.636861   1.274516  -0.360357   0.001000
 -0.572659  -0.345017  -0.383970   0.636861   1.274516  -0.360357   0.001000
 -0.572659  -0.345017  -0.383970   0.636861   1.274516  -0.360357   0.001000
 -0.572659  -0.345017  -0.383970   0.636861   1.274516  -0.360357   0.001000
 -0.572659  -0.345017  -0.383970   0.636861   1.274516  -0.360357   0.001000
 -0.572659  -0.345017  -0.383970   0.636861   1.274516  -0.360357   0.001000
 -0.572659  -0.345017  -0.383970   0.636861   1.274516  -0.360357   0.001000
 -0.572659  -0.345017  -0.383970   0.636861   1.274516  -0.360357   0.001000
 -0.572659  -0.345017  -0.383970   0.636861   1.274516  -0.360357   0.001000
 -0.572659  -0.345017  -0.383970   0.636861   1.274516  -0.360357   0.001000
 -0.572659  -0.345017  -0.383970   0.636861   1.274516  -0.360357   0.001000
 -0.572659  -0.345017  -0.383970   0.636861   1.274516  -0.360357   0.001000
 -0.572659  -0.345017  -0.383970   0.636861   1.274516  -0.360357   0.001000
 -0.689204  -0.255001  -0.445250   0.511590   1.016963  -0.218197   0.001000
 -0.689204  -0.255001  -0.445250   0.511590   1.016963  -0.218197   0.001000
 -0.689204  -0.255001  -0.445250   0.511590   1.016963  -0.218197   0.001000
 -0.689204  -0.255001  -0.445250   0.511590   1.016963  -0.218197   0.001000
 -0.689204  -0.255001  -0.445250   0.511590   1.016963  -0.218197   0.001000
 -0.689204  -0.255001  -0.445250   0.511590   1.016963  -0.218197   0.001000
 -0.689204  -0.255001  -0.445250   0.511590   1.016963  -0.218197   0.001000
 -0.689204  -0.255001  -0.445250   0.511590   1.016963  -0.218197   0.001000
 -0.689204  -0.255001  -0.445250   0.511590   1.016963  -0.218197   0.001000
 -0.689204  -0.255001  -0.445250   0.511590   1.016963  -0.218197   0.001000
 -0.689204  -0.255001  -0.445250   0.511590   1.016963  -0.218197   0.001000
 -0.689204  -0.255001  -0.445250   0.511590   1.016963  -0.218197   0.001000
 -0.689204  -0.255001  -0.445250   0.511590   1.016963  -0.218197   0.001000
 -0.689204  -0.255001  -0.445250   0.511590   1.016963  -0.218197   0.001000
 -0.689204  -0.255001  -0.445250   0.511590   1.016963  -0.218197   0.001000
 -0.689204  -0.255001  -0.445250   0.511590   1.016963  -0.218197   0.001000
 -0.689204  -0.255001  -0.445250   0.511590   1.016963  -0.218197   0.001000
 -0.689204  -0.255001  -0.445250   0.511590   1.016963  -0.218197   0.001000
 -0.689204  -0.255001  -0.445250   0.511590   1.016963  -0.218197   0.001000
 -0.689204  -0.255001  -0.445250   0.511590   1.016963  -0.218197   0.001000
 -0.689204  -0.255001  -0.445250   0.511590   1.016963  -0.218197   0.001000
 -0.689204  -0.255001  -0.445250   0.511590   1.016963  -0.218197   0.001000
 -0.689204  -0.255001  -0.445250   0.511590   1.016963  -0.218197   0.001000
 -0.689204  -0.255001  -0.445250   0.511590   1.016963  -0.218197   0.001000
 -0.689204  -0.255001  -0.445250   0.511590   1.016963  -0.218197   0.001000
 -0.689204  -0.255001  -0.445250   0.511590   1.016963  -0.218197   0.001000
 -0.689204  -0.255001  -0.445250   0.511590   1.016963  -0.218197   0.001000
 -0.571262  -0.330200  -0.381249   0.647516   1.180744  -0.497845   0.001000
 -0.571262  -0.330200  -0.381249   0.647516   1.180744  -0.497845   0.001000
 -0.571262  -0.330200  -0.381249   0.647516   1.180744  -0.497845   0.001000
 -0.571262  -0.330200  -0.381249   0.647516   1.180744  -0.497845   0.001000
 -0.571262  -0.330200  -0.381249   0.647516   1.180744  -0.497845   0.001000
 -0.571262  -0.330200  -0.381249   0.647516   1.180744  -0.497845   0.001000
 -0.583103  -0.329780  -0.376863   0.639695   1.230036  -0.631882   0.001000
 -0.692663  -0.272317  -0.442715   0.500065   1.137238  -0.561091   0.001000
 -0.692663  -0.272317  -0.442715   0.500065   1.137238  -0.561091   0.001000
 -0.692663  -0.272317  -0.442715   0.500065   1.137238  -0.561091   0.001000
 -0.691967  -0.254769  -0.445258   0.507957   1.090465  -0.498847   0.001000
 -0.691967  -0.254769  -0.445258   0.507957   1.090465  -0.498847   0.001000
 -0.691967  -0.254769  -0.445258   0.507957   1.090465  -0.498847   0.001000
 -0.691967  -0.254769  -0.445258   0.507957   1.090465  -0.498847   0.001000
 -0.691967  -0.254769  -0.445258   0.507957   1.090465  -0.498847   0.001000
 -0.691967  -0.254769  -0.445258   0.507957   1.090465  -0.498847   0.001000
 -0.691967  -0.254769  -0.445258   0.507957   1.090465  -0.498847   0.001000
 -0.691967  -0.254769  -0.445258   0.507957   1.090465  -0.498847   0.001000
 -0.691967  -0.254769  -0.445258   0.507957   1.090465  -0.498847   0.001000
 -0.691967  -0.254769  -0.445258   0.507957   1.090465  -0.498847   0.001000
 -0.691967  -0.254769  -0.445258   0.507957   1.090465  -0.498847   0.001000
 -0.691967  -0.254769  -0.445258   0.507957   1.090465  -0.498847   0.001000
 -0.691967  -0.254769  -0.445258   0.507957   1.090465  -0.498847   0.001000
 -0.691967  -0.254769  -0.445258   0.507957   1.090465  -0.498847   0.001000
 -0.691967  -0.254769  -0.445258   0.507957   1.090465  -0.498847   0.001000
 -0.691967  -0.254769  -0.445258   0.507957   1.090465  -0.498847   0.001000
 -0.691967  -0.254769  -0.445258   0.507957   1.090465  -0.498847   0.001000
 -0.691967  -0.254769  -0.445258   0.507957   1.090465  -0.498847   0.001000
 -0.691967  -0.254769  -0.445258   0.507957   1.090465  -0.498847   0.001000
 -0.691967  -0.254769  -0.445258   0.507957   1.090465  -0.498847   0.001000
 -0.691967  -0.254769  -0.445258   0.507957   1.090465  -0.498847   0.001000
 -0.691967  -0.254769  -0.445258   0.507957   1.090465  -0.498847   0.001000
 -0.691967  -0.254769  -0.445258   0.507957   1.090465  -0.498847   0.001000
 -0.691967  -0.254769  -0.445258   0.507957   1.090465  -0.498847   0.001000
 -0.692025  -0.260762  -0.432897   0.515466   1.384228  -0.720439   0.001000
 -0.692025  -0.260762  -0.432897   0.515466   1.384228  -0.720439   0.001000
 -0.692025  -0.260762  -0.432897   0.515466   1.384228  -0.720439   0.001000
 -0.692025  -0.260762  -0.432897   0.515466   1.384228  -0.720439   0.001000
 -0.692025  -0.260762  -0.432897   0.515466   1.384228  -0.720439   0.001000
 -0.692025  -0.260762  -0.432897   0.515466   1.384228  -0.720439   0.001000
 -0.692025  -0.260762  -0.432897   0.515466   1.384228  -0.720439   0.001000
 -0.692025  -0.260762  -0.432897   0.515466   1.384228  -0.720439   0.001000
 -0.692025  -0.260762  -0.432897   0.515466   1.384228  -0.720439   0.001000
 -0.692025  -0.260762  -0.432897   0.515466   1.384228  -0.720439   0.001000
 -0.682103  -0.273412  -0.439594   0.516467   1.222073  -0.586736   0.001000
 -0.682103  -0.273412  -0.439594   0.516467   1.222073  -0.586736   0.001000
 -0.682103  -0.273412  -0.439594   0.516467   1.222073  -0.586736   0.001000
 -0.682103  -0.273412  -0.439594   0.516467   1.222073  -0.586736   0.001000
 -0.682103  -0.273412  -0.439594   0.516467   1.222073  -0.586736   0.001000
 -0.682103  -0.273412  -0.439594   0.516467   1.222073  -0.586736   0.001000
 -0.682103  -0.273412  -0.439594   0.516467   1.222073  -0.586736   0.001000
 -0.682103  -0.273412  -0.439594   0.516467   1.222073  -0.586736   0.001000
 -0.693996  -0.263204  -0.434328   0.510346   1.285152  -0.583891   0.001000
 -0.693996  -0.263204  -0.434328   0.510346   1.285152  -0.583891   0.001000
 -0.693996  -0.263204  -0.434328   0.510346   1.285152  -0.583891   0.001000
 -0.693996  -0.263204  -0.434328   0.510346   1.285152  -0.583891   0.001000
 -0.570733  -0.345195  -0.385698   0.637449   1.219812  -0.592058   0.001000
 -0.570733  -0.345195  -0.385698   0.637449   1.219812  -0.592058   0.001000
 -0.570733  -0.345195  -0.385698   0.637449   1.219812  -0.592058   0.001000
 -0.570733  -0.345195  -0.385698   0.637449   1.219812  -0.592058   0.001000
 -0.570733  -0.345195  -0.385698   0.637449   1.219812  -0.592058   0.001000
 -0.570733  -0.345195  -0.385698   0.637449   1.219812  -0.592058   0.001000
 -0.570733  -0.345195  -0.385698   0.637449   1.219812  -0.592058   0.001000
 -0.570733  -0.345195  -0.385698   0.637449   1.219812  -0.592058   0.001000
 -0.570733  -0.345195  -0.385698   0.637449   1.219812  -0.592058   0.001000
 -0.570733  -0.345195  -0.385698   0.637449   1.219812  -0.592058   0.001000
 -0.570733  -0.345195  -0.385698   0.637449   1.219812  -0.592058   0.001000
 -0.570733  -0.345195  -0.385698   0.637449   1.219812  -0.592058   0.001000
 -0.570733  -0.345195  -0.385698   0.637449   1.219812  -0.592058   0.001000
 -0.570733  -0.345195  -0.385698   0.637449   1.219812  -0.592058   0.001000
 -0.570733  -0.345195  -0.385698   0.637449   1.219812  -0.592058   0.001000
 -0.570733  -0.345195  -0.385698   0.637449   1.219812  -0.592058   0.001000
 -0.570733  -0.345195  -0.385698   0.637449   1.219812  -0.592058   0.001000
 -0.570733  -0.345195  -0.385698   0.637449   1.219812  -0.592058   0.001000
 -0.570733  -0.345195  -0.385698   0.637449   1.219812  -0.592058   0.001000
 -0.570733  -0.345195  -0.385698   0.637449   1.219812  -0.592058   0.001000
 -0.570733  -0.345195  -0.385698   0.637449   1.219812  -0.592058   0.001000
 -0.570733  -0.345195  -0.385698   0.637449   1.219812  -0.592058   0.001000
 -0.570733  -0.345195  -0.385698   0.637449   1.219812  -0.592058   0.001000
 -0.570733  -0.345195  -0.385698   0.637449   1.219812  -0.592058   0.001000
 -0.570733  -0.345195  -0.385698   0.637449   1.219812  -0.592058   0.001000
 -0.570733  -0.345195  -0.385698   0.637449   1.219812  -0.592058   0.001000
 -0.570733  -0.345195  -0.385698   0.637449   1.219812  -0.592058   0.001000
 -0.570733  -0.345195  -0.385698   0.637449   1.219812  -0.592058   0.001000
 -0.570733  -0.345195  -0.385698   0.637449   1.219812  -0.592058   0.001000
 -0.570733  -0.345195  -0.385698   0.637449   1.219812  -0.592058   0.001000
 -0.570733  -0.345195  -0.385698   0.637449   1.219812  -0.592058   0.001000
 -0.570733  -0.345195  -0.385698   0.637449   1.219812  -0.592058   0.001000
 -0.570733  -0.345195  -0.385698   0.637449   1.219812  -0.592058   0.001000
 -0.570733  -0.345195  -0.385698   0.637449   1.219812  -0.592058   0.001000
 -0.570733  -0.345195  -0.385698   0.637449   1.219812  -0.592058   0.001000
 -0.570733  -0.345195  -0.385698   0.637449   1.219812  -0.592058   0.001000
 -0.570733  -0.345195  -0.385698   0.637449   1.219812  -0.592058   0.001000
 -0.570733  -0.345195  -0.385698   0.637449   1.219812  -0.592058   0.001000
 -0.570733  -0.345195  -0.385698   0.637449   1.219812  -0.592058   0.001000
 -0.570733  -0.345195  -0.385698   0.637449   1.219812  -0.592058   0.001000
 -0.570733  -0.345195  -0.385698   0.637449   1.219812  -0.592058   0.001000
 -0.570733  -0.345195  -0.385698   0.637449   1.219812  -0.592058   0.001000
 -0.570733  -0.345195  -0.385698   0.637449   1.219812  -0.592058   0.001000
 -0.570733  -0.345195  -0.385698   0.637449   1.219812  -0.592058   0.001000
 -0.570733  -0.345195  -0.385698   0.637449   1.219812  -0.592058   0.001000
 -0.570733  -0.345195  -0.385698   0.637449   1.219812  -0.592058   0.001000
 -0.563861  -0.367132  -0.445792   0.590376   1.241205  -0.492397   0.001000
 -0.683984  -0.265734  -0.443232   0.514875   1.229220  -0.796038   0.001000
 -0.720551  -0.341423  -0.301943   0.522558   1.245873  -0.590615   0.001000
 -0.690559  -0.256428  -0.444399   0.509787   1.321172  -0.706428   0.001000
 -0.709271  -0.269644  -0.435431   0.484382   1.259008  -0.640998   0.001000
 -0.694740  -0.262226  -0.444406   0.501076   1.405321  -1.015676   0.001000
 -0.694740  -0.262226  -0.444406   0.501076   1.405321  -1.015676   0.001000
 -0.690071  -0.262767  -0.449430   0.502760   1.079705  -0.870480   0.001000
 -0.690071  -0.262767  -0.449430   0.502760   1.079705  -0.870480   0.001000
 -0.696311  -0.272496  -0.431798   0.504428   1.073777  -0.847036   0.001000
 -0.684535  -0.272780  -0.448144   0.506132   0.884612  -0.286588   0.001000
 -0.684535  -0.272780  -0.448144   0.506132   0.884612  -0.286588   0.001000
 -0.684535  -0.272780  -0.448144   0.506132   0.884612  -0.286588   0.001000
 -0.575387  -0.339978  -0.378529   0.640360   0.789704  -0.199953   0.001000
 -0.675357  -0.260675  -0.448621   0.524100   1.061825  -0.180877   0.001000
 -0.696394  -0.256170  -0.429639   0.514609   1.163384  -0.270875   0.001000
 -0.692218  -0.267099  -0.442355   0.503800   1.299463  -0.382134   0.001000
 -0.692218  -0.267099  -0.442355   0.503800   1.299463  -0.382134   0.001000
 -0.692218  -0.267099  -0.442355   0.503800   1.299463  -0.382134   0.001000
 -0.557861  -0.329068  -0.390073   0.654483   1.106728  -0.312136   0.001000
 -0.686220  -0.263415  -0.452368   0.505052   1.338463  -0.212330   0.001000
 -0.686220  -0.263415  -0.452368   0.505052   1.338463  -0.212330   0.001000
 -0.683298  -0.264137  -0.445453   0.514691   1.424185  -0.203336   0.001000
 -0.687508  -0.262109  -0.453679   0.502799   1.340279  -0.400464   0.001000
 -0.687508  -0.262109  -0.453679   0.502799   1.340279  -0.400464   0.001000
 -0.687508  -0.262109  -0.453679   0.502799   1.340279  -0.400464   0.001000
 -0.687508  -0.262109  -0.453679   0.502799   1.340279  -0.400464   0.001000
 -0.687508  -0.262109  -0.453679   0.502799   1.340279  -0.400464   0.001000
 -0.687508  -0.262109  -0.453679   0.502799   1.340279  -0.400464   0.001000
 -0.687508  -0.262109  -0.453679   0.502799   1.340279  -0.400464   0.001000
 -0.687508  -0.262109  -0.453679   0.502799   1.340279  -0.400464   0.001000
 -0.687508  -0.262109  -0.453679   0.502799   1.340279  -0.400464   0.001000
 -0.687508  -0.262109  -0.453679   0.502799   1.340279  -0.400464   0.001000
 -0.687508  -0.262109  -0.453679   0.502799   1.340279  -0.400464   0.001000
 -0.687508  -0.262109  -0.453679   0.502799   1.340279  -0.400464   0.001000
 -0.687508  -0.262109  -0.453679   0.502799   1.340279  -0.400464   0.001000
 -0.687508  -0.262109  -0.453679   0.502799   1.340279  -0.400464   0.001000
 -0.687508  -0.262109  -0.453679   0.502799   1.340279  -0.400464   0.001000
 -0.687508  -0.262109  -0.453679   0.502799   1.340279  -0.400464   0.001000
 -0.681538  -0.264115  -0.450609   0.512542   1.295745  -0.250027   0.001000
 -0.571732  -0.337154  -0.391787   0.637144   1.346145  -0.716432   0.001000
 -0.575462  -0.345327  -0.381840   0.635446   1.319207  -0.805724   0.001000
 -0.575462  -0.345327  -0.381840   0.635446   1.319207  -0.805724   0.001000
 -0.575462  -0.345327  -0.381840   0.635446   1.319207  -0.805724   0.001000
 -0.687301  -0.263612  -0.442940   0.511791   0.566399  -0.482354   0.001000
 -0.686091  -0.265620  -0.440133   0.514790   0.652133  -0.163113   0.001000
 -0.686091  -0.265620  -0.440133   0.514790   0.652133  -0.163113   0.001000
 -0.572776  -0.329609  -0.382197   0.645918   0.730866   0.025412   0.001000
 -0.691411  -0.257407  -0.436176   0.515211   0.747276  -0.326958   0.001000
 -0.578430  -0.349654  -0.391349   0.624505   1.283479  -0.446285   0.001000
 -0.683342  -0.271727  -0.447859   0.508557   1.090734  -0.510287   0.001000
 -0.587962  -0.331249  -0.380653   0.632201   1.069685  -0.568088   0.001000
 -0.587962  -0.331249  -0.380653   0.632201   1.069685  -0.568088   0.001000
 -0.569612  -0.340045  -0.385940   0.641063   1.225774  -0.384699   0.001000
 -0.691259  -0.264009  -0.446984   0.502659   1.122904  -0.576903   0.001000
 -0.575220  -0.328787  -0.379553   0.645725   1.209646  -0.513876   0.001000
 -0.690224  -0.258319  -0.449481   0.504806   1.262091  -0.597194   0.001000
 -0.694537  -0.266315  -0.437023   0.505673   1.110091  -0.375250   0.001000
 -0.573556  -0.344911  -0.383589   0.636341   1.016816  -0.580047   0.001000
 -0.695810  -0.259193  -0.435680   0.508773   0.995560  -0.670355   0.001000
 -0.695810  -0.259193  -0.435680   0.508773   0.995560  -0.670355   0.001000
 -0.695810  -0.259193  -0.435680   0.508773   0.995560  -0.670355   0.001000
 -0.695810  -0.259193  -0.435680   0.508773   0.995560  -0.670355   0.001000
 -0.695810  -0.259193  -0.435680   0.508773   0.995560  -0.670355   0.001000
 -0.567434  -0.333873  -0.392968   0.641969   1.143233  -0.493664   0.001000
 -0.581457  -0.339467  -0.378087   0.635390   1.203718  -0.460421   0.001000
 -0.578291  -0.335819  -0.390528   0.632688   1.045150  -0.534774   0.001000
 -0.569594  -0.333445  -0.383829   0.645796   1.201419  -0.546224   0.001000
 -0.691908  -0.257489  -0.443590   0.508125   1.257920  -0.654608   0.001000
 -0.691908  -0.257489  -0.443590   0.508125   1.257920  -0.654608   0.001000
 -0.691908  -0.257489  -0.443590   0.508125   1.257920  -0.654608   0.001000
 -0.691908  -0.257489  -0.443590   0.508125   1.257920  -0.654608   0.001000
 -0.691908  -0.257489  -0.443590   0.508125   1.257920  -0.654608   0.001000
 -0.688023  -0.270576  -0.446645   0.503906   1.153311  -0.654592   0.001000
 -0.690683  -0.265579  -0.447259   0.502379   1.061037  -0.605883   0.001000
 -0.690683  -0.265579  -0.447259   0.502379   1.061037  -0.605883   0.001000
 -0.690683  -0.265579  -0.447259   0.502379   1.061037  -0.605883   0.001000
 -0.690683  -0.265579  -0.447259   0.502379   1.061037  -0.605883   0.001000
 -0.690683  -0.265579  -0.447259   0.502379   1.061037  -0.605883   0.001000
 -0.690683  -0.265579  -0.447259   0.502379   1.061037  -0.605883   0.001000
 -0.690683  -0.265579  -0.447259   0.502379   1.061037  -0.605883   0.001000
 -0.690683  -0.265579  -0.447259   0.502379   1.061037  -0.605883   0.001000
 -0.690683  -0.265579  -0.447259   0.502379   1.061037  -0.605883   0.001000
 -0.690683  -0.265579  -0.447259   0.502379   1.061037  -0.605883   0.001000
 -0.690683  -0.265579  -0.447259   0.502379   1.061037  -0.605883   0.001000
 -0.690683  -0.265579  -0.447259   0.502379   1.061037  -0.605883   0.001000
 -0.690683  -0.265579  -0.447259   0.502379   1.061037  -0.605883   0.001000
 -0.580686  -0.332382  -0.385960   0.635107   0.980276  -0.485484   0.001000
 -0.571285  -0.335304  -0.395838   0.636016   1.108028  -0.574048   0.001000
 -0.696701  -0.259966  -0.427007   0.514480   0.984958  -0.674379   0.001000
 -0.696108  -0.254640  -0.437195   0.509365   0.958708  -0.605682   0.001000
 -0.696108  -0.254640  -0.437195   0.509365   0.958708  -0.605682   0.001000
 -0.696108  -0.254640  -0.437195   0.509365   0.958708  -0.605682   0.001000
 -0.696108  -0.254640  -0.437195   0.509365   0.958708  -0.605682   0.001000
 -0.692852  -0.265227  -0.442773   0.503550   0.996879  -0.258997   0.001000
 -0.562140  -0.343047  -0.393094   0.641712   1.135800  -0.286372   0.001000
 -0.562140  -0.343047  -0.393094   0.641712   1.135800  -0.286372   0.001000
 -0.562140  -0.343047  -0.393094   0.641712   1.135800  -0.286372   0.001000
 -0.562140  -0.343047  -0.393094   0.641712   1.135800  -0.286372   0.001000
 -0.562140  -0.343047  -0.393094   0.641712   1.135800  -0.286372   0.001000
 -0.677833  -0.267972  -0.450929   0.515167   1.276490  -0.255201   0.001000
 -0.677833  -0.267972  -0.450929   0.515167   1.276490  -0.255201   0.001000
 -0.677833  -0.267972  -0.450929   0.515167   1.276490  -0.255201   0.001000
 -0.677833  -0.267972  -0.450929   0.515167   1.276490  -0.255201   0.001000
 -0.677833  -0.267972  -0.450929   0.515167   1.276490  -0.255201   0.001000
 -0.677833  -0.267972  -0.450929   0.515167   1.276490  -0.255201   0.001000
 -0.677833  -0.267972  -0.450929   0.515167   1.276490  -0.255201   0.001000
 -0.677833  -0.267972  -0.450929   0.515167   1.276490  -0.255201   0.001000
 -0.677833  -0.267972  -0.450929   0.515167   1.276490  -0.255201   0.001000
 -0.677833  -0.267972  -0.450929   0.515167   1.276490  -0.255201   0.001000
 -0.677833  -0.267972  -0.450929   0.515167   1.276490  -0.255201   0.001000
 -0.677833  -0.267972  -0.450929   0.515167   1.276490  -0.255201   0.001000
 -0.677833  -0.267972  -0.450929   0.515167   1.276490  -0.255201   0.001000
 -0.695741  -0.262383  -0.425794   0.515558   1.250651  -0.541350   0.001000
 -0.695741  -0.262383  -0.425794   0.515558   1.250651  -0.541350   0.001000
 -0.690000  -0.260554  -0.439582   0.512620   0.916445  -0.432398   0.001000
 -0.690000  -0.260554  -0.439582   0.512620   0.916445  -0.432398   0.001000
 -0.690000  -0.260554  -0.439582   0.512620   0.916445  -0.432398   0.001000
 -0.690000  -0.260554  -0.439582   0.512620   0.916445  -0.432398   0.001000
 -0.690000  -0.260554  -0.439582   0.512620   0.916445  -0.432398   0.001000
 -0.690000  -0.260554  -0.439582   0.512620   0.916445  -0.432398   0.001000
 -0.690000  -0.260554  -0.439582   0.512620   0.916445  -0.432398   0.001000
 -0.690000  -0.260554  -0.439582   0.512620   0.916445  -0.432398   0.001000
 -0.690000  -0.260554  -0.439582   0.512620   0.916445  -0.432398   0.001000
 -0.690000  -0.260554  -0.439582   0.512620   0.916445  -0.432398   0.001000
 -0.690000  -0.260554  -0.439582   0.512620   0.916445  -0.432398   0.001000
 -0.690000  -0.260554  -0.439582   0.512620   0.916445  -0.432398   0.001000
 -0.690000  -0.260554  -0.439582   0.512620   0.916445  -0.432398   0.001000
 -0.690000  -0.260554  -0.439582   0.512620   0.916445  -0.432398   0.001000
 -0.690000  -0.260554  -0.439582   0.512620   0.916445  -0.432398   0.001000
 -0.690000  -0.260554  -0.439582   0.512620   0.916445  -0.432398   0.001000
 -0.690000  -0.260554  -0.439582   0.512620   0.916445  -0.432398   0.001000
 -0.690000  -0.260554  -0.439582   0.512620   0.916445  -0.432398   0.001000
 -0.690000  -0.260554  -0.439582   0.512620   0.916445  -0.432398   0.001000
 -0.690000  -0.260554  -0.439582   0.512620   0.916445  -0.432398   0.001000
 -0.690000  -0.260554  -0.439582   0.512620   0.916445  -0.432398   0.001000
 -0.690000  -0.260554  -0.439582   0.512620   0.916445  -0.432398   0.001000
 -0.690000  -0.260554  -0.439582   0.512620   0.916445  -0.432398   0.001000
 -0.690000  -0.260554  -0.439582   0.512620   0.916445  -0.432398   0.001000
 -0.690000  -0.260554  -0.439582   0.512620   0.916445  -0.432398   0.001000
 -0.690000  -0.260554  -0.439582   0.512620   0.916445  -0.432398   0.001000
 -0.690000  -0.260554  -0.439582   0.512620   0.916445  -0.432398   0.001000
 -0.690000  -0.260554  -0.439582   0.512620   0.916445  -0.432398   0.001000
 -0.690000  -0.260554  -0.439582   0.512620   0.916445  -0.432398   0.001000
 -0.690000  -0.260554  -0.439582   0.512620   0.916445  -0.432398   0.001000
 -0.690000  -0.260554  -0.439582   0.512620   0.916445  -0.432398   0.001000
 -0.690000  -0.260554  -0.439582   0.512620   0.916445  -0.432398   0.001000
 -0.690000  -0.260554  -0.439582   0.512620   0.916445  -0.432398   0.001000
 -0.690000  -0.260554  -0.439582   0.512620   0.916445  -0.432398   0.001000
 -0.690000  -0.260554  -0.439582   0.512620   0.916445  -0.432398   0.001000
 -0.690000  -0.260554  -0.439582   0.512620   0.916445  -0.432398   0.001000
 -0.690000  -0.260554  -0.439582   0.512620   0.916445  -0.432398   0.001000
 -0.690000  -0.260554  -0.439582   0.512620   0.916445  -0.432398   0.001000
 -0.690000  -0.260554  -0.439582   0.512620   0.916445  -0.432398   0.001000
 -0.690000  -0.260554  -0.439582   0.512620   0.916445  -0.432398   0.001000
 -0.690000  -0.260554  -0.439582   0.512620   0.916445  -0.432398   0.001000
 -0.690000  -0.260554  -0.439582   0.512620   0.916445  -0.432398   0.001000
 -0.690000  -0.260554  -0.439582   0.512620   0.916445  -0.432398   0.001000
 -0.690000  -0.260554  -0.439582   0.512620   0.916445  -0.432398   0.001000
 -0.679856  -0.248477  -0.450260   0.522802   0.956711  -0.437199   0.001000
 -0.685233  -0.277445  -0.454055   0.497306   0.964426  -0.539690   0.001000
 -0.687764  -0.258933  -0.450522   0.506915   1.000506  -0.509207   0.001000
 -0.687764  -0.258933  -0.450522   0.506915   1.000506  -0.509207   0.001000
 -0.687764  -0.258933  -0.450522   0.506915   1.000506  -0.509207   0.001000
 -0.687764  -0.258933  -0.450522   0.506915   1.000506  -0.509207   0.001000
 -0.683202  -0.279610  -0.445031   0.506953   1.027030  -0.602264   0.001000
 -0.683202  -0.279610  -0.445031   0.506953   1.027030  -0.602264   0.001000
 -0.683202  -0.279610  -0.445031   0.506953   1.027030  -0.602264   0.001000
 -0.582042  -0.333657  -0.377438   0.638311   1.085663  -0.638804   0.001000
 -0.582042  -0.333657  -0.377438   0.638311   1.085663  -0.638804   0.001000
 -0.582042  -0.333657  -0.377438   0.638311   1.085663  -0.638804   0.001000
 -0.582042  -0.333657  -0.377438   0.638311   1.085663  -0.638804   0.001000
 -0.582042  -0.333657  -0.377438   0.638311   1.085663  -0.638804   0.001000
 -0.686458  -0.259155  -0.447326   0.511384   0.887975  -0.465586   0.001000
 -0.677651  -0.279294  -0.419844   0.535271   0.908335  -0.316693   0.001000
 -0.691613  -0.260282  -0.443034   0.507587   1.020072  -0.073567   0.001000
 -0.691613  -0.260282  -0.443034   0.507587   1.020072  -0.073567   0.001000
 -0.691613  -0.260282  -0.443034   0.507587   1.020072  -0.073567   0.001000
 -0.691613  -0.260282  -0.443034   0.507587   1.020072  -0.073567   0.001000
 -0.691613  -0.260282  -0.443034   0.507587   1.020072  -0.073567   0.001000
 -0.691613  -0.260282  -0.443034   0.507587   1.020072  -0.073567   0.001000
 -0.691613  -0.260282  -0.443034   0.507587   1.020072  -0.073567   0.001000
 -0.670288  -0.299611  -0.466239   0.493526   0.801717  -0.477569   0.001000
 -0.562618  -0.353497  -0.402603   0.629613   0.951356  -0.291348   0.001000
 -0.675425  -0.248422  -0.449784   0.528944   0.991467  -0.529589   0.001000
 -0.697567  -0.273163  -0.436019   0.498669   1.088115  -0.608419   0.001000
 -0.692578  -0.255636  -0.436126   0.514568   1.093234  -0.498305   0.001000
 -0.692578  -0.255636  -0.436126   0.514568   1.093234  -0.498305   0.001000
 -0.685728  -0.261673  -0.437644   0.519396   1.142544  -0.541928   0.001000
 -0.611399  -0.301331  -0.362856   0.635394   1.158361  -0.526958   0.001000
 -0.579611  -0.341923  -0.386013   0.630978   1.171430  -0.733681   0.001000
 -0.579611  -0.341923  -0.386013   0.630978   1.171430  -0.733681   0.001000
 -0.588707  -0.345326  -0.383647   0.622085   1.085394  -0.670628   0.001000
 -0.583717  -0.333832  -0.396586   0.624941   0.933651  -0.459324   0.001000
 -0.573550  -0.328461  -0.386798   0.643072   1.069541  -0.317042   0.001000
 -0.573550  -0.328461  -0.386798   0.643072   1.069541  -0.317042   0.001000
 -0.573550  -0.328461  -0.386798   0.643072   1.069541  -0.317042   0.001000
 -0.573550  -0.328461  -0.386798   0.643072   1.069541  -0.317042   0.001000
 -0.679341  -0.268919  -0.433566   0.527445   0.997607  -0.256913   0.001000
 -0.679341  -0.268919  -0.433566   0.527445   0.997607  -0.256913   0.001000
 -0.679341  -0.268919  -0.433566   0.527445   0.997607  -0.256913   0.001000
 -0.679341  -0.268919  -0.433566   0.527445   0.997607  -0.256913   0.001000
 -0.679341  -0.268919  -0.433566   0.527445   0.997607  -0.256913   0.001000
 -0.576474  -0.351867  -0.440097   0.591762   1.346909  -0.462192   0.001000
 -0.579968  -0.346111  -0.386504   0.628060   1.074288  -0.222273   0.001000
 -0.684532  -0.257879  -0.450651   0.511692   0.961381  -0.020652   0.001000
 -0.684532  -0.257879  -0.450651   0.511692   0.961381  -0.020652   0.001000
 -0.684532  -0.257879  -0.450651   0.511692   0.961381  -0.020652   0.001000
 -0.684532  -0.257879  -0.450651   0.511692   0.961381  -0.020652   0.001000
 -0.684532  -0.257879  -0.450651   0.511692   0.961381  -0.020652   0.001000
 -0.684532  -0.257879  -0.450651   0.511692   0.961381  -0.020652   0.001000
 -0.683497  -0.269220  -0.451248   0.506683   1.240255  -0.313741   0.001000
 -0.683497  -0.269220  -0.451248   0.506683   1.240255  -0.313741   0.001000
 -0.683497  -0.269220  -0.451248   0.506683   1.240255  -0.313741   0.001000
 -0.683497  -0.269220  -0.451248   0.506683   1.240255  -0.313741   0.001000
 -0.683497  -0.269220  -0.451248   0.506683   1.240255  -0.313741   0.001000
 -0.683497  -0.269220  -0.451248   0.506683   1.240255  -0.313741   0.001000
 -0.683497  -0.269220  -0.451248   0.506683   1.240255  -0.313741   0.001000
 -0.692222  -0.264114  -0.434837   0.511849   1.189686  -0.370435   0.001000
 -0.577262  -0.343235  -0.384269   0.633479   1.282001  -0.495349   0.001000
 -0.577262  -0.343235  -0.384269   0.633479   1.282001  -0.495349   0.001000
 -0.577262  -0.343235  -0.384269   0.633479   1.282001  -0.495349   0.001000
 -0.577262  -0.343235  -0.384269   0.633479   1.282001  -0.495349   0.001000
 -0.577262  -0.343235  -0.384269   0.633479   1.282001  -0.495349   0.001000
 -0.577262  -0.343235  -0.384269   0.633479   1.282001  -0.495349   0.001000
 -0.577262  -0.343235  -0.384269   0.633479   1.282001  -0.495349   0.001000
 -0.577262  -0.343235  -0.384269   0.633479   1.282001  -0.495349   0.001000
 -0.577262  -0.343235  -0.384269   0.633479   1.282001  -0.495349   0.001000
 -0.577262  -0.343235  -0.384269   0.633479   1.282001  -0.495349   0.001000
 -0.577262  -0.343235  -0.384269   0.633479   1.282001  -0.495349   0.001000
 -0.577262  -0.343235  -0.384269   0.633479   1.282001  -0.495349   0.001000
 -0.577262  -0.343235  -0.384269   0.633479   1.282001  -0.495349   0.001000
 -0.577262  -0.343235  -0.384269   0.633479   1.282001  -0.495349   0.001000
 -0.577262  -0.343235  -0.384269   0.633479   1.282001  -0.495349   0.001000
 -0.577262  -0.343235  -0.384269   0.633479   1.282001  -0.495349   0.001000
 -0.577262  -0.343235  -0.384269   0.633479   1.282001  -0.495349   0.001000
 -0.577262  -0.343235  -0.384269   0.633479   1.282001  -0.495349   0.001000
 -0.577262  -0.343235  -0.384269   0.633479   1.282001  -0.495349   0.001000
 -0.577262  -0.343235  -0.384269   0.633479   1.282001  -0.495349   0.001000
 -0.577262  -0.343235  -0.384269   0.633479   1.282001  -0.495349   0.001000
 -0.577262  -0.343235  -0.384269   0.633479   1.282001  -0.495349   0.001000
 -0.577262  -0.343235  -0.384269   0.633479   1.282001  -0.495349   0.001000
 -0.577262  -0.343235  -0.384269   0.633479   1.282001  -0.495349   0.001000
 -0.577262  -0.343235  -0.384269   0.633479   1.282001  -0.495349   0.001000
 -0.577262  -0.343235  -0.384269   0.633479   1.282001  -0.495349   0.001000
 -0.577262  -0.343235  -0.384269   0.633479   1.282001  -0.495349   0.001000
 -0.568210  -0.340288  -0.386818   0.641649   1.236126  -0.338031   0.001000
 -0.568210  -0.340288  -0.386818   0.641649   1.236126  -0.338031   0.001000
 -0.568210  -0.340288  -0.386818   0.641649   1.236126  -0.338031   0.001000
 -0.568210  -0.340288  -0.386818   0.641649   1.236126  -0.338031   0.001000
 -0.568210  -0.340288  -0.386818   0.641649   1.236126  -0.338031   0.001000
 -0.568210  -0.340288  -0.386818   0.641649   1.236126  -0.338031   0.001000
 -0.693520  -0.250012  -0.437665   0.514755   1.080695  -0.380097   0.001000
 -0.694494  -0.253369  -0.440301   0.509527   1.239828  -0.585164   0.001000
 -0.694494  -0.253369  -0.440301   0.509527   1.239828  -0.585164   0.001000
 -0.694494  -0.253369  -0.440301   0.509527   1.239828  -0.585164   0.001000
 -0.694494  -0.253369  -0.440301   0.509527   1.239828  -0.585164   0.001000
 -0.694494  -0.253369  -0.440301   0.509527   1.239828  -0.585164   0.001000
 -0.694494  -0.253369  -0.440301   0.509527   1.239828  -0.585164   0.001000
 -0.694494  -0.253369  -0.440301   0.509527   1.239828  -0.585164   0.001000
 -0.694494  -0.253369  -0.440301   0.509527   1.239828  -0.585164   0.001000
 -0.694494  -0.253369  -0.440301   0.509527   1.239828  -0.585164   0.001000
 -0.694494  -0.253369  -0.440301   0.509527   1.239828  -0.585164   0.001000
 -0.705754  -0.254063  -0.425518   0.506259   1.168554  -0.612671   0.001000
 -0.577804  -0.341467  -0.385694   0.633074   1.004621  -0.334567   0.001000
 -0.577804  -0.341467  -0.385694   0.633074   1.004621  -0.334567   0.001000
 -0.577804  -0.341467  -0.385694   0.633074   1.004621  -0.334567   0.001000
 -0.577804  -0.341467  -0.385694   0.633074   1.004621  -0.334567   0.001000
 -0.577804  -0.341467  -0.385694   0.633074   1.004621  -0.334567   0.001000
 -0.577804  -0.341467  -0.385694   0.633074   1.004621  -0.334567   0.001000
 -0.577804  -0.341467  -0.385694   0.633074   1.004621  -0.334567   0.001000
 -0.577804  -0.341467  -0.385694   0.633074   1.004621  -0.334567   0.001000
 -0.577804  -0.341467  -0.385694   0.633074   1.004621  -0.334567   0.001000
 -0.577804  -0.341467  -0.385694   0.633074   1.004621  -0.334567   0.001000
 -0.577804  -0.341467  -0.385694   0.633074   1.004621  -0.334567   0.001000
 -0.577804  -0.341467  -0.385694   0.633074   1.004621  -0.334567   0.001000
 -0.577804  -0.341467  -0.385694   0.633074   1.004621  -0.334567   0.001000
 -0.577804  -0.341467  -0.385694   0.633074   1.004621  -0.334567   0.001000
 -0.577804  -0.341467  -0.385694   0.633074   1.004621  -0.334567   0.001000
 -0.577804  -0.341467  -0.385694   0.633074   1.004621  -0.334567   0.001000
 -0.577804  -0.341467  -0.385694   0.633074   1.004621  -0.334567   0.001000
 -0.577804  -0.341467  -0.385694   0.633074   1.004621  -0.334567   0.001000
 -0.577804  -0.341467  -0.385694   0.633074   1.004621  -0.334567   0.001000
 -0.577515  -0.339005  -0.382797   0.636410   1.025801  -0.014595   0.001000
 -0.577515  -0.339005  -0.382797   0.636410   1.025801  -0.014595   0.001000
 -0.678832  -0.268056  -0.451420   0.513374   1.036261  -0.090635   0.001000
 -0.572947  -0.334927  -0.383897   0.642012   0.658375  -0.427361   0.001000
 -0.576647  -0.338491  -0.389590   0.633342   0.872785  -0.350099   0.001000
 -0.576647  -0.338491  -0.389590   0.633342   0.872785  -0.350099   0.001000
 -0.576647  -0.338491  -0.389590   0.633342   0.872785  -0.350099   0.001000
 -0.576647  -0.338491  -0.389590   0.633342   0.872785  -0.350099   0.001000
 -0.576647  -0.338491  -0.389590   0.633342   0.872785  -0.350099   0.001000
 -0.576647  -0.338491  -0.389590   0.633342   0.872785  -0.350099   0.001000
 -0.576647  -0.338491  -0.389590   0.633342   0.872785  -0.350099   0.001000
 -0.576647  -0.338491  -0.389590   0.633342   0.872785  -0.350099   0.001000
 -0.576647  -0.338491  -0.389590   0.633342   0.872785  -0.350099   0.001000
 -0.576647  -0.338491  -0.389590   0.633342   0.872785  -0.350099   0.001000
 -0.576647  -0.338491  -0.389590   0.633342   0.872785  -0.350099   0.001000
 -0.576647  -0.338491  -0.389590   0.633342   0.872785  -0.350099   0.001000
 -0.576647  -0.338491  -0.389590   0.633342   0.872785  -0.350099   0.001000
 -0.576647  -0.338491  -0.389590   0.633342   0.872785  -0.350099   0.001000
 -0.576647  -0.338491  -0.389590   0.633342   0.872785  -0.350099   0.001000
 -0.576647  -0.338491  -0.389590   0.633342   0.872785  -0.350099   0.001000
 -0.576647  -0.338491  -0.389590   0.633342   0.872785  -0.350099   0.001000
 -0.576647  -0.338491  -0.389590   0.633342   0.872785  -0.350099   0.001000
 -0.679548  -0.258821  -0.457118   0.512122   0.839482  -0.261586   0.001000
 -0.679548  -0.258821  -0.457118   0.512122   0.839482  -0.261586   0.001000
 -0.679548  -0.258821  -0.457118   0.512122   0.839482  -0.261586   0.001000
 -0.679548  -0.258821  -0.457118   0.512122   0.839482  -0.261586   0.001000
 -0.679548  -0.258821  -0.457118   0.512122   0.839482  -0.261586   0.001000
 -0.687877  -0.254416  -0.438887   0.519111   0.937072  -0.134725   0.001000
 -0.687877  -0.254416  -0.438887   0.519111   0.937072  -0.134725   0.001000
 -0.687877  -0.254416  -0.438887   0.519111   0.937072  -0.134725   0.001000
 -0.687877  -0.254416  -0.438887   0.519111   0.937072  -0.134725   0.001000
 -0.687877  -0.254416  -0.438887   0.519111   0.937072  -0.134725   0.001000
 -0.687877  -0.254416  -0.438887   0.519111   0.937072  -0.134725   0.001000
 -0.687877  -0.254416  -0.438887   0.519111   0.937072  -0.134725   0.001000
 -0.687877  -0.254416  -0.438887   0.519111   0.937072  -0.134725   0.001000
 -0.687877  -0.254416  -0.438887   0.519111   0.937072  -0.134725   0.001000
 -0.687877  -0.254416  -0.438887   0.519111   0.937072  -0.134725   0.001000
 -0.687877  -0.254416  -0.438887   0.519111   0.937072  -0.134725   0.001000
 -0.687877  -0.254416  -0.438887   0.519111   0.937072  -0.134725   0.001000
 -0.575992  -0.328770  -0.379892   0.644845   0.800294  -0.405495   0.001000
 -0.575992  -0.328770  -0.379892   0.644845   0.800294  -0.405495   0.001000
 -0.575992  -0.328770  -0.379892   0.644845   0.800294  -0.405495   0.001000
 -0.575992  -0.328770  -0.379892   0.644845   0.800294  -0.405495   0.001000
 -0.575992  -0.328770  -0.379892   0.644845   0.800294  -0.405495   0.001000
 -0.575992  -0.328770  -0.379892   0.644845   0.800294  -0.405495   0.001000
 -0.690417  -0.247297  -0.441049   0.517344   0.778432  -0.181831   0.001000
 -0.578337  -0.338902  -0.385026   0.634371   0.760503  -0.051196   0.001000
 -0.691595  -0.252091  -0.442582   0.512120   0.733504  -0.352490   0.001000
 -0.691595  -0.252091  -0.442582   0.512120   0.733504  -0.352490   0.001000
 -0.691595  -0.252091  -0.442582   0.512120   0.733504  -0.352490   0.001000
 -0.691595  -0.252091  -0.442582   0.512120   0.733504  -0.352490   0.001000
 -0.573778  -0.338609  -0.389762   0.635774   0.713644  -0.646198   0.001000
 -0.573778  -0.338609  -0.389762   0.635774   0.713644  -0.646198   0.001000
 -0.661877  -0.277616  -0.438410   0.540967   0.912422   0.001498   0.001000
 -0.690229  -0.258156  -0.442732   0.510810   1.016268  -0.186838   0.001000
 -0.690229  -0.258156  -0.442732   0.510810   1.016268  -0.186838   0.001000
 -0.690229  -0.258156  -0.442732   0.510810   1.016268  -0.186838   0.001000
 -0.690229  -0.258156  -0.442732   0.510810   1.016268  -0.186838   0.001000
 -0.690229  -0.258156  -0.442732   0.510810   1.016268  -0.186838   0.001000
 -0.690229  -0.258156  -0.442732   0.510810   1.016268  -0.186838   0.001000
 -0.690229  -0.258156  -0.442732   0.510810   1.016268  -0.186838   0.001000
 -0.690229  -0.258156  -0.442732   0.510810   1.016268  -0.186838   0.001000
 -0.690229  -0.258156  -0.442732   0.510810   1.016268  -0.186838   0.001000
 -0.690229  -0.258156  -0.442732   0.510810   1.016268  -0.186838   0.001000
 -0.690229  -0.258156  -0.442732   0.510810   1.016268  -0.186838   0.001000
 -0.690229  -0.258156  -0.442732   0.510810   1.016268  -0.186838   0.001000
 -0.690229  -0.258156  -0.442732   0.510810   1.016268  -0.186838   0.001000
 -0.690229  -0.258156  -0.442732   0.510810   1.016268  -0.186838   0.001000
 -0.690229  -0.258156  -0.442732   0.510810   1.016268  -0.186838   0.001000
 -0.690229  -0.258156  -0.442732   0.510810   1.016268  -0.186838   0.001000
 -0.690229  -0.258156  -0.442732   0.510810   1.016268  -0.186838   0.001000
 -0.690229  -0.258156  -0.442732   0.510810   1.016268  -0.186838   0.001000
 -0.690229  -0.258156  -0.442732   0.510810   1.016268  -0.186838   0.001000
 -0.690229  -0.258156  -0.442732   0.510810   1.016268  -0.186838   0.001000
 -0.690229  -0.258156  -0.442732   0.510810   1.016268  -0.186838   0.001000
 -0.690229  -0.258156  -0.442732   0.510810   1.016268  -0.186838   0.001000
 -0.690229  -0.258156  -0.442732   0.510810   1.016268  -0.186838   0.001000
 -0.689589  -0.255096  -0.446629   0.509819   0.812550  -0.203526   0.001000
 -0.682281  -0.261065  -0.458842   0.505768   1.175591  -0.396753   0.001000
 -0.682281  -0.261065  -0.458842   0.505768   1.175591  -0.396753   0.001000
 -0.590880  -0.323512  -0.389173   0.628287   0.633117  -0.611779   0.001000
 -0.688812  -0.269306  -0.439380   0.509861   0.949964  -0.358684   0.001000
 -0.702665  -0.254718  -0.431241   0.505383   0.974185  -0.243861   0.001000
 -0.569879  -0.343694  -0.390591   0.636044   0.861389  -0.214803   0.001000
 -0.685790  -0.264431  -0.451556   0.505831   0.960576  -0.327067   0.001000
 -0.685790  -0.264431  -0.451556   0.505831   0.960576  -0.327067   0.001000
 -0.571241  -0.342038  -0.386788   0.638035   0.875286  -0.339366   0.001000
 -0.571241  -0.342038  -0.386788   0.638035   0.875286  -0.339366   0.001000
 -0.571241  -0.342038  -0.386788   0.638035   0.875286  -0.339366   0.001000
 -0.571241  -0.342038  -0.386788   0.638035   0.875286  -0.339366   0.001000
 -0.571241  -0.342038  -0.386788   0.638035   0.875286  -0.339366   0.001000
 -0.571241  -0.342038  -0.386788   0.638035   0.875286  -0.339366   0.001000
 -0.571241  -0.342038  -0.386788   0.638035   0.875286  -0.339366   0.001000
 -0.571241  -0.342038  -0.386788   0.638035   0.875286  -0.339366   0.001000
 -0.679824  -0.247381  -0.442029   0.530332   1.050602  -0.653812   0.001000
 -0.577684  -0.340109  -0.383900   0.635002   0.887395  -0.580601   0.001000
 -0.577684  -0.340109  -0.383900   0.635002   0.887395  -0.580601   0.001000
 -0.577684  -0.340109  -0.383900   0.635002   0.887395  -0.580601   0.001000
 -0.577684  -0.340109  -0.383900   0.635002   0.887395  -0.580601   0.001000
 -0.577684  -0.340109  -0.383900   0.635002   0.887395  -0.580601   0.001000
 -0.577684  -0.340109  -0.383900   0.635002   0.887395  -0.580601   0.001000
 -0.577684  -0.340109  -0.383900   0.635002   0.887395  -0.580601   0.001000
 -0.577684  -0.340109  -0.383900   0.635002   0.887395  -0.580601   0.001000
 -0.577684  -0.340109  -0.383900   0.635002   0.887395  -0.580601   0.001000
 -0.577684  -0.340109  -0.383900   0.635002   0.887395  -0.580601   0.001000
 -0.577684  -0.340109  -0.383900   0.635002   0.887395  -0.580601   0.001000
 -0.577684  -0.340109  -0.383900   0.635002   0.887395  -0.580601   0.001000
 -0.577684  -0.340109  -0.383900   0.635002   0.887395  -0.580601   0.001000
 -0.577684  -0.340109  -0.383900   0.635002   0.887395  -0.580601   0.001000
 -0.577684  -0.340109  -0.383900   0.635002   0.887395  -0.580601   0.001000
 -0.577684  -0.340109  -0.383900   0.635002   0.887395  -0.580601   0.001000
 -0.577684  -0.340109  -0.383900   0.635002   0.887395  -0.580601   0.001000
 -0.577684  -0.340109  -0.383900   0.635002   0.887395  -0.580601   0.001000
 -0.563599  -0.331606  -0.387558   0.649763   1.087828  -0.646120   0.001000
 -0.688800  -0.265024  -0.444725   0.507481   0.955330  -0.344352   0.001000
 -0.688800  -0.265024  -0.444725   0.507481   0.955330  -0.344352   0.001000
 -0.688800  -0.265024  -0.444725   0.507481   0.955330  -0.344352   0.001000
 -0.688800  -0.265024  -0.444725   0.507481   0.955330  -0.344352   0.001000
 -0.688800  -0.265024  -0.444725   0.507481   0.955330  -0.344352   0.001000
 -0.688800  -0.265024  -0.444725   0.507481   0.955330  -0.344352   0.001000
 -0.691618  -0.260819  -0.440190   0.509775   0.946127  -0.472958   0.001000
 -0.691618  -0.260819  -0.440190   0.509775   0.946127  -0.472958   0.001000
 -0.691618  -0.260819  -0.440190   0.509775   0.946127  -0.472958   0.001000
 -0.691618  -0.260819  -0.440190   0.509775   0.946127  -0.472958   0.001000
 -0.691618  -0.260819  -0.440190   0.509775   0.946127  -0.472958   0.001000
 -0.691618  -0.260819  -0.440190   0.509775   0.946127  -0.472958   0.001000
 -0.691618  -0.260819  -0.440190   0.509775   0.946127  -0.472958   0.001000
 -0.691618  -0.260819  -0.440190   0.509775   0.946127  -0.472958   0.001000
 -0.691618  -0.260819  -0.440190   0.509775   0.946127  -0.472958   0.001000
 -0.691618  -0.260819  -0.440190   0.509775   0.946127  -0.472958   0.001000
 -0.691618  -0.260819  -0.440190   0.509775   0.946127  -0.472958   0.001000
 -0.691618  -0.260819  -0.440190   0.509775   0.946127  -0.472958   0.001000
 -0.691618  -0.260819  -0.440190   0.509775   0.946127  -0.472958   0.001000
 -0.691618  -0.260819  -0.440190   0.509775   0.946127  -0.472958   0.001000
 -0.691618  -0.260819  -0.440190   0.509775   0.946127  -0.472958   0.001000
 -0.691618  -0.260819  -0.440190   0.509775   0.946127  -0.472958   0.001000
 -0.691618  -0.260819  -0.440190   0.509775   0.946127  -0.472958   0.001000
 -0.691618  -0.260819  -0.440190   0.509775   0.946127  -0.472958   0.001000
 -0.691618  -0.260819  -0.440190   0.509775   0.946127  -0.472958   0.001000
 -0.691618  -0.260819  -0.440190   0.509775   0.946127  -0.472958   0.001000
 -0.691618  -0.260819  -0.440190   0.509775   0.946127  -0.472958   0.001000
 -0.691618  -0.260819  -0.440190   0.509775   0.946127  -0.472958   0.001000
 -0.691618  -0.260819  -0.440190   0.509775   0.946127  -0.472958   0.001000
 -0.691618  -0.260819  -0.440190   0.509775   0.946127  -0.472958   0.001000
 -0.691618  -0.260819  -0.440190   0.509775   0.946127  -0.472958   0.001000
 -0.691618  -0.260819  -0.440190   0.509775   0.946127  -0.472958   0.001000
 -0.691618  -0.260819  -0.440190   0.509775   0.946127  -0.472958   0.001000
 -0.691618  -0.260819  -0.440190   0.509775   0.946127  -0.472958   0.001000
 -0.691618  -0.260819  -0.440190   0.509775   0.946127  -0.472958   0.001000
 -0.691618  -0.260819  -0.440190   0.509775   0.946127  -0.472958   0.001000
 -0.691618  -0.260819  -0.440190   0.509775   0.946127  -0.472958   0.001000
 -0.691618  -0.260819  -0.440190   0.509775   0.946127  -0.472958   0.001000
 -0.691618  -0.260819  -0.440190   0.509775   0.946127  -0.472958   0.001000
 -0.691618  -0.260819  -0.440190   0.509775   0.946127  -0.472958   0.001000
 -0.691618  -0.260819  -0.440190   0.509775   0.946127  -0.472958   0.001000
 -0.691618  -0.260819  -0.440190   0.509775   0.946127  -0.472958   0.001000
 -0.691618  -0.260819  -0.440190   0.509775   0.946127  -0.472958   0.001000
 -0.691618  -0.260819  -0.440190   0.509775   0.946127  -0.472958   0.001000
 -0.691618  -0.260819  -0.440190   0.509775   0.946127  -0.472958   0.001000
 -0.584573  -0.337744  -0.386421   0.628396   0.984035  -0.504937   0.001000
 -0.584573  -0.337744  -0.386421   0.628396   0.984035  -0.504937   0.001000
 -0.584573  -0.337744  -0.386421   0.628396   0.984035  -0.504937   0.001000
 -0.700077  -0.257812  -0.435150   0.504053   0.881036  -0.473516   0.001000
 -0.700077  -0.257812  -0.435150   0.504053   0.881036  -0.473516   0.001000
 -0.692440  -0.261407  -0.428997   0.517837   1.040557  -0.324813   0.001000
 -0.692440  -0.261407  -0.428997   0.517837   1.040557  -0.324813   0.001000
 -0.692440  -0.261407  -0.428997   0.517837   1.040557  -0.324813   0.001000
 -0.692440  -0.261407  -0.428997   0.517837   1.040557  -0.324813   0.001000
 -0.678696  -0.249645  -0.446386   0.527057   0.939145  -0.397559   0.001000
 -0.582164  -0.346141  -0.379320   0.630387   1.038317  -0.532554   0.001000
 -0.582164  -0.346141  -0.379320   0.630387   1.038317  -0.532554   0.001000
 -0.582164  -0.346141  -0.379320   0.630387   1.038317  -0.532554   0.001000
 -0.582164  -0.346141  -0.379320   0.630387   1.038317  -0.532554   0.001000
 -0.586381  -0.334942  -0.370929   0.637482   0.884694  -0.485041   0.001000
 -0.586381  -0.334942  -0.370929   0.637482   0.884694  -0.485041   0.001000
 -0.577850  -0.336394  -0.389496   0.633421   0.944626  -0.546632   0.001000
 -0.577850  -0.336394  -0.389496   0.633421   0.944626  -0.546632   0.001000
 -0.577850  -0.336394  -0.389496   0.633421   0.944626  -0.546632   0.001000
 -0.577850  -0.336394  -0.389496   0.633421   0.944626  -0.546632   0.001000
 -0.577850  -0.336394  -0.389496   0.633421   0.944626  -0.546632   0.001000
 -0.577850  -0.336394  -0.389496   0.633421   0.944626  -0.546632   0.001000
 -0.577850  -0.336394  -0.389496   0.633421   0.944626  -0.546632   0.001000
 -0.577850  -0.336394  -0.389496   0.633421   0.944626  -0.546632   0.001000
 -0.577850  -0.336394  -0.389496   0.633421   0.944626  -0.546632   0.001000
 -0.577850  -0.336394  -0.389496   0.633421   0.944626  -0.546632   0.001000
 -0.577850  -0.336394  -0.389496   0.633421   0.944626  -0.546632   0.001000
 -0.577850  -0.336394  -0.389496   0.633421   0.944626  -0.546632   0.001000
 -0.577850  -0.336394  -0.389496   0.633421   0.944626  -0.546632   0.001000
 -0.577850  -0.336394  -0.389496   0.633421   0.944626  -0.546632   0.001000
 -0.577850  -0.336394  -0.389496   0.633421   0.944626  -0.546632   0.001000
 -0.577850  -0.336394  -0.389496   0.633421   0.944626  -0.546632   0.001000
 -0.577850  -0.336394  -0.389496   0.633421   0.944626  -0.546632   0.001000
 -0.577850  -0.336394  -0.389496   0.633421   0.944626  -0.546632   0.001000
 -0.577850  -0.336394  -0.389496   0.633421   0.944626  -0.546632   0.001000
 -0.577850  -0.336394  -0.389496   0.633421   0.944626  -0.546632   0.001000
 -0.692649  -0.262664  -0.445835   0.502470   0.907348  -0.623415   0.001000
 -0.692649  -0.262664  -0.445835   0.502470   0.907348  -0.623415   0.001000
 -0.692649  -0.262664  -0.445835   0.502470   0.907348  -0.623415   0.001000
 -0.692649  -0.262664  -0.445835   0.502470   0.907348  -0.623415   0.001000
 -0.692649  -0.262664  -0.445835   0.502470   0.907348  -0.623415   0.001000
 -0.692649  -0.262664  -0.445835   0.502470   0.907348  -0.623415   0.001000
 -0.568121  -0.347456  -0.392298   0.634519   1.142169  -0.656067   0.001000
 -0.568121  -0.347456  -0.392298   0.634519   1.142169  -0.656067   0.001000
 -0.568121  -0.347456  -0.392298   0.634519   1.142169  -0.656067   0.001000
 -0.568121  -0.347456  -0.392298   0.634519   1.142169  -0.656067   0.001000
 -0.568121  -0.347456  -0.392298   0.634519   1.142169  -0.656067   0.001000
 -0.568121  -0.347456  -0.392298   0.634519   1.142169  -0.656067   0.001000
 -0.568121  -0.347456  -0.392298   0.634519   1.142169  -0.656067   0.001000
 -0.568121  -0.347456  -0.392298   0.634519   1.142169  -0.656067   0.001000
 -0.568121  -0.347456  -0.392298   0.634519   1.142169  -0.656067   0.001000
 -0.568121  -0.347456  -0.392298   0.634519   1.142169  -0.656067   0.001000
 -0.568121  -0.347456  -0.392298   0.634519   1.142169  -0.656067   0.001000
 -0.568121  -0.347456  -0.392298   0.634519   1.142169  -0.656067   0.001000
 -0.692826  -0.255478  -0.438787   0.512044   1.047245  -0.552473   0.001000
 -0.692826  -0.255478  -0.438787   0.512044   1.047245  -0.552473   0.001000
 -0.692826  -0.255478  -0.438787   0.512044   1.047245  -0.552473   0.001000
 -0.692826  -0.255478  -0.438787   0.512044   1.047245  -0.552473   0.001000
 -0.692826  -0.255478  -0.438787   0.512044   1.047245  -0.552473   0.001000
 -0.692826  -0.255478  -0.438787   0.512044   1.047245  -0.552473   0.001000
 -0.692826  -0.255478  -0.438787   0.512044   1.047245  -0.552473   0.001000
 -0.692826  -0.255478  -0.438787   0.512044   1.047245  -0.552473   0.001000
 -0.692826  -0.255478  -0.438787   0.512044   1.047245  -0.552473   0.001000
 -0.692826  -0.255478  -0.438787   0.512044   1.047245  -0.552473   0.001000
 -0.692826  -0.255478  -0.438787   0.512044   1.047245  -0.552473   0.001000
 -0.692826  -0.255478  -0.438787   0.512044   1.047245  -0.552473   0.001000
 -0.692826  -0.255478  -0.438787   0.512044   1.047245  -0.552473   0.001000
 -0.692826  -0.255478  -0.438787   0.512044   1.047245  -0.552473   0.001000
 -0.692826  -0.255478  -0.438787   0.512044   1.047245  -0.552473   0.001000
 -0.692826  -0.255478  -0.438787   0.512044   1.047245  -0.552473   0.001000
 -0.692826  -0.255478  -0.438787   0.512044   1.047245  -0.552473   0.001000
 -0.692826  -0.255478  -0.438787   0.512044   1.047245  -0.552473   0.001000
 -0.692826  -0.255478  -0.438787   0.512044   1.047245  -0.552473   0.001000
 -0.692826  -0.255478  -0.438787   0.512044   1.047245  -0.552473   0.001000
 -0.692826  -0.255478  -0.438787   0.512044   1.047245  -0.552473   0.001000
 -0.692826  -0.255478  -0.438787   0.512044   1.047245  -0.552473   0.001000
 -0.573089  -0.336330  -0.389764   0.637601   1.017727  -0.656977   0.001000
 -0.690967  -0.258521  -0.444976   0.507668   0.919743  -0.471118   0.001000
 -0.690967  -0.258521  -0.444976   0.507668   0.919743  -0.471118   0.001000
 -0.690967  -0.258521  -0.444976   0.507668   0.919743  -0.471118   0.001000
 -0.690967  -0.258521  -0.444976   0.507668   0.919743  -0.471118   0.001000
 -0.690967  -0.258521  -0.444976   0.507668   0.919743  -0.471118   0.001000
 -0.690967  -0.258521  -0.444976   0.507668   0.919743  -0.471118   0.001000
 -0.690967  -0.258521  -0.444976   0.507668   0.919743  -0.471118   0.001000
 -0.693091  -0.262250  -0.442995   0.504585   0.920942  -0.584056   0.001000
 -0.693091  -0.262250  -0.442995   0.504585   0.920942  -0.584056   0.001000
 -0.693091  -0.262250  -0.442995   0.504585   0.920942  -0.584056   0.001000
 -0.693091  -0.262250  -0.442995   0.504585   0.920942  -0.584056   0.001000
 -0.693091  -0.262250  -0.442995   0.504585   0.920942  -0.584056   0.001000
 -0.693091  -0.262250  -0.442995   0.504585   0.920942  -0.584056   0.001000
 -0.693091  -0.262250  -0.442995   0.504585   0.920942  -0.584056   0.001000
 -0.693091  -0.262250  -0.442995   0.504585   0.920942  -0.584056   0.001000
 -0.693091  -0.262250  -0.442995   0.504585   0.920942  -0.584056   0.001000
 -0.693091  -0.262250  -0.442995   0.504585   0.920942  -0.584056   0.001000
 -0.693091  -0.262250  -0.442995   0.504585   0.920942  -0.584056   0.001000
 -0.693091  -0.262250  -0.442995   0.504585   0.920942  -0.584056   0.001000
 -0.693091  -0.262250  -0.442995   0.504585   0.920942  -0.584056   0.001000
 -0.693091  -0.262250  -0.442995   0.504585   0.920942  -0.584056   0.001000
 -0.693091  -0.262250  -0.442995   0.504585   0.920942  -0.584056   0.001000
 -0.693091  -0.262250  -0.442995   0.504585   0.920942  -0.584056   0.001000
 -0.693091  -0.262250  -0.442995   0.504585   0.920942  -0.584056   0.001000
 -0.693091  -0.262250  -0.442995   0.504585   0.920942  -0.584056   0.001000
 -0.693091  -0.262250  -0.442995   0.504585   0.920942  -0.584056   0.001000
 -0.693091  -0.262250  -0.442995   0.504585   0.920942  -0.584056   0.001000
 -0.693091  -0.262250  -0.442995   0.504585   0.920942  -0.584056   0.001000
 -0.693091  -0.262250  -0.442995   0.504585   0.920942  -0.584056   0.001000
 -0.693091  -0.262250  -0.442995   0.504585   0.920942  -0.584056   0.001000
 -0.693091  -0.262250  -0.442995   0.504585   0.920942  -0.584056   0.001000
 -0.693091  -0.262250  -0.442995   0.504585   0.920942  -0.584056   0.001000
 -0.693091  -0.262250  -0.442995   0.504585   0.920942  -0.584056   0.001000
 -0.693091  -0.262250  -0.442995   0.504585   0.920942  -0.584056   0.001000
 -0.693091  -0.262250  -0.442995   0.504585   0.920942  -0.584056   0.001000
 -0.693091  -0.262250  -0.442995   0.504585   0.920942  -0.584056   0.001000
 -0.693091  -0.262250  -0.442995   0.504585   0.920942  -0.584056   0.001000
 -0.693091  -0.262250  -0.442995   0.504585   0.920942  -0.584056   0.001000
 -0.693091  -0.262250  -0.442995   0.504585   0.920942  -0.584056   0.001000
 -0.693091  -0.262250  -0.442995   0.504585   0.920942  -0.584056   0.001000
 -0.693091  -0.262250  -0.442995   0.504585   0.920942  -0.584056   0.001000
 -0.693091  -0.262250  -0.442995   0.504585   0.920942  -0.584056   0.001000
 -0.693091  -0.262250  -0.442995   0.504585   0.920942  -0.584056   0.001000
 -0.572971  -0.349288  -0.390377   0.630323   0.948449  -0.665022   0.001000
 -0.572971  -0.349288  -0.390377   0.630323   0.948449  -0.665022   0.001000
 -0.572971  -0.349288  -0.390377   0.630323   0.948449  -0.665022   0.001000
 -0.572971  -0.349288  -0.390377   0.630323   0.948449  -0.665022   0.001000
 -0.572971  -0.349288  -0.390377   0.630323   0.948449  -0.665022   0.001000
 -0.572971  -0.349288  -0.390377   0.630323   0.948449  -0.665022   0.001000
 -0.572971  -0.349288  -0.390377   0.630323   0.948449  -0.665022   0.001000
 -0.572971  -0.349288  -0.390377   0.630323   0.948449  -0.665022   0.001000
 -0.572971  -0.349288  -0.390377   0.630323   0.948449  -0.665022   0.001000
 -0.572971  -0.349288  -0.390377   0.630323   0.948449  -0.665022   0.001000
 -0.572971  -0.349288  -0.390377   0.630323   0.948449  -0.665022   0.001000
 -0.572971  -0.349288  -0.390377   0.630323   0.948449  -0.665022   0.001000
 -0.572971  -0.349288  -0.390377   0.630323   0.948449  -0.665022   0.001000
 -0.572971  -0.349288  -0.390377   0.630323   0.948449  -0.665022   0.001000
 -0.572971  -0.349288  -0.390377   0.630323   0.948449  -0.665022   0.001000
 -0.572971  -0.349288  -0.390377   0.630323   0.948449  -0.665022   0.001000
 -0.572971  -0.349288  -0.390377   0.630323   0.948449  -0.665022   0.001000
 -0.572971  -0.349288  -0.390377   0.630323   0.948449  -0.665022   0.001000
 -0.572971  -0.349288  -0.390377   0.630323   0.948449  -0.665022   0.001000
 -0.572971  -0.349288  -0.390377   0.630323   0.948449  -0.665022   0.001000
 -0.572971  -0.349288  -0.390377   0.630323   0.948449  -0.665022   0.001000
 -0.572971  -0.349288  -0.390377   0.630323   0.948449  -0.665022   0.001000
 -0.572971  -0.349288  -0.390377   0.630323   0.948449  -0.665022   0.001000
 -0.572971  -0.349288  -0.390377   0.630323   0.948449  -0.665022   0.001000
 -0.572971  -0.349288  -0.390377   0.630323   0.948449  -0.665022   0.001000
 -0.572971  -0.349288  -0.390377   0.630323   0.948449  -0.665022   0.001000
 -0.572971  -0.349288  -0.390377   0.630323   0.948449  -0.665022   0.001000
 -0.696624  -0.253850  -0.429765   0.515342   0.957040  -0.628790   0.001000
 -0.688040  -0.268848  -0.445015   0.506245   0.972832  -0.694333   0.001000
 -0.688040  -0.268848  -0.445015   0.506245   0.972832  -0.694333   0.001000
 -0.688040  -0.268848  -0.445015   0.506245   0.972832  -0.694333   0.001000
 -0.592065  -0.349963  -0.386696   0.614370   0.841811  -0.572634   0.001000
 -0.592065  -0.349963  -0.386696   0.614370   0.841811  -0.572634   0.001000
 -0.691727  -0.258249  -0.436866   0.513779   1.091551  -0.627119   0.001000
 -0.691727  -0.258249  -0.436866   0.513779   1.091551  -0.627119   0.001000
 -0.685993  -0.274959  -0.462882   0.489441   0.985884  -0.589341   0.001000
 -0.685993  -0.274959  -0.462882   0.489441   0.985884  -0.589341   0.001000
 -0.685087  -0.275810  -0.456025   0.496614   0.881456  -0.466279   0.001000
 -0.685087  -0.275810  -0.456025   0.496614   0.881456  -0.466279   0.001000
 -0.685087  -0.275810  -0.456025   0.496614   0.881456  -0.466279   0.001000
 -0.685087  -0.275810  -0.456025   0.496614   0.881456  -0.466279   0.001000
 -0.685289  -0.271977  -0.438896   0.513593   0.898823  -0.684992   0.001000
 -0.685289  -0.271977  -0.438896   0.513593   0.898823  -0.684992   0.001000
 -0.685289  -0.271977  -0.438896   0.513593   0.898823  -0.684992   0.001000
 -0.685289  -0.271977  -0.438896   0.513593   0.898823  -0.684992   0.001000
 -0.695812  -0.265989  -0.436687   0.504380   1.023251  -0.499389   0.001000
 -0.695812  -0.265989  -0.436687   0.504380   1.023251  -0.499389   0.001000
 -0.695812  -0.265989  -0.436687   0.504380   1.023251  -0.499389   0.001000
 -0.675577  -0.260998  -0.450362   0.522159   1.066835  -0.621965   0.001000
 -0.685813  -0.256501  -0.444283   0.516218   0.983859   0.014802   0.001000
 -0.685813  -0.256501  -0.444283   0.516218   0.983859   0.014802   0.001000
 -0.685813  -0.256501  -0.444283   0.516218   0.983859   0.014802   0.001000
 -0.680759  -0.282134  -0.443282   0.510361   1.137652  -0.255386   0.001000
 -0.680759  -0.282134  -0.443282   0.510361   1.137652  -0.255386   0.001000
 -0.680759  -0.282134  -0.443282   0.510361   1.137652  -0.255386   0.001000
 -0.581020  -0.347715  -0.381374   0.629336   1.110384  -0.088648   0.001000
 -0.684227  -0.254736  -0.447542   0.516380   1.221878  -0.206003   0.001000
 -0.684227  -0.254736  -0.447542   0.516380   1.221878  -0.206003   0.001000
 -0.684227  -0.254736  -0.447542   0.516380   1.221878  -0.206003   0.001000
 -0.682065  -0.266828  -0.441470   0.518358   1.031413  -0.241323   0.001000
 -0.682065  -0.266828  -0.441470   0.518358   1.031413  -0.241323   0.001000
 -0.580070  -0.340390  -0.375313   0.637804   1.118168  -0.167689   0.001000
