 -0.169325  -0.043836  -0.920751   0.348747   1.055754   0.786923   0.001000
 -0.306442  -0.043888  -0.408550   0.858635   0.855786   1.247640   0.001000
 -0.317828  -0.069784  -0.400150   0.856736   1.050726   1.334335   0.001000
 -0.317828  -0.069784  -0.400150   0.856736   1.050726   1.334335   0.001000
 -0.284086  -0.074012  -0.381960   0.876313   0.602083   0.943194   0.001000
 -0.284086  -0.074012  -0.381960   0.876313   0.602083   0.943194   0.001000
 -0.284086  -0.074012  -0.381960   0.876313   0.602083   0.943194   0.001000
 -0.284086  -0.074012  -0.381960   0.876313   0.602083   0.943194   0.001000
 -0.284086  -0.074012  -0.381960   0.876313   0.602083   0.943194   0.001000
 -0.267516  -0.078212  -0.379772   0.882095   0.835615   1.176550   0.001000
 -0.298193  -0.052882  -0.387184   0.870846   0.847482   1.170984   0.001000
 -0.303711  -0.066282  -0.381381   0.870583   0.699167   1.480962   0.001000
 -0.303711  -0.066282  -0.381381   0.870583   0.699167   1.480962   0.001000
 -0.303711  -0.066282  -0.381381   0.870583   0.699167   1.480962   0.001000
 -0.303711  -0.066282  -0.381381   0.870583   0.699167   1.480962   0.001000
 -0.303711  -0.066282  -0.381381   0.870583   0.699167   1.480962   0.001000
 -0.275145  -0.062928  -0.368473   0.885755   0.970633   0.924360   0.001000
 -0.285331  -0.076107  -0.385716   0.874081   0.770590   1.400803   0.001000
 -0.271061  -0.074781  -0.382167   0.880274   0.865694   0.984855   0.001000
 -0.271061  -0.074781  -0.382167   0.880274   0.865694   0.984855   0.001000
 -0.298115  -0.067875  -0.372805   0.876092   0.879643   1.157598   0.001000
 -0.298115  -0.067875  -0.372805   0.876092   0.879643   1.157598   0.001000
 -0.298115  -0.067875  -0.372805   0.876092   0.879643   1.157598   0.001000
 -0.298115  -0.067875  -0.372805   0.876092   0.879643   1.157598   0.001000
 -0.298115  -0.067875  -0.372805   0.876092   0.879643   1.157598   0.001000
 -0.298115  -0.067875  -0.372805   0.876092   0.879643   1.157598   0.001000
 -0.298115  -0.067875  -0.372805   0.876092   0.879643   1.157598   0.001000
 -0.298115  -0.067875  -0.372805   0.876092   0.879643   1.157598   0.001000
 -0.298115  -0.067875  -0.372805   0.876092   0.879643   1.157598   0.001000
 -0.301381  -0.067801  -0.393800   0.865734   0.840348   1.030807   0.001000
 -0.301381  -0.067801  -0.393800   0.865734   0.840348   1.030807   0.001000
 -0.301381  -0.067801  -0.393800   0.865734   0.840348   1.030807   0.001000
 -0.301381  -0.067801  -0.393800   0.865734   0.840348   1.030807   0.001000
 -0.301381  -0.067801  -0.393800   0.865734   0.840348   1.030807   0.001000
 -0.281003  -0.059811  -0.395647   0.872309   0.869936   1.127308   0.001000
 -0.265300  -0.085432  -0.384276   0.880142   0.844104   0.930011   0.001000
 -0.265300  -0.085432  -0.384276   0.880142   0.844104   0.930011   0.001000
 -0.323895  -0.070617  -0.372511   0.866799   0.669482   0.793536   0.001000
 -0.323895  -0.070617  -0.372511   0.866799   0.669482   0.793536   0.001000
 -0.299236  -0.065397  -0.376188   0.874451   0.733194   0.800057   0.001000
 -0.299236  -0.065397  -0.376188   0.874451   0.733194   0.800057   0.001000
 -0.299236  -0.065397  -0.376188   0.874451   0.733194   0.800057   0.001000
 -0.299236  -0.065397  -0.376188   0.874451   0.733194   0.800057   0.001000
 -0.299236  -0.065397  -0.376188   0.874451   0.733194   0.800057   0.001000
 -0.299236  -0.065397  -0.376188   0.874451   0.733194   0.800057   0.001000
 -0.299236  -0.065397  -0.376188   0.874451   0.733194   0.800057   0.001000
 -0.299236  -0.065397  -0.376188   0.874451   0.733194   0.800057   0.001000
 -0.299236  -0.065397  -0.376188   0.874451   0.733194   0.800057   0.001000
 -0.299236  -0.065397  -0.376188   0.874451   0.733194   0.800057   0.001000
 -0.299236  -0.065397  -0.376188   0.874451   0.733194   0.800057   0.001000
 -0.299236  -0.065397  -0.376188   0.874451   0.733194   0.800057   0.001000
 -0.299236  -0.065397  -0.376188   0.874451   0.733194   0.800057   0.001000
 -0.299236  -0.065397  -0.376188   0.874451   0.733194   0.800057   0.001000
 -0.299236  -0.065397  -0.376188   0.874451   0.733194   0.800057   0.001000
 -0.297277  -0.068979  -0.378468   0.873859   0.877192   1.290344   0.001000
 -0.317306  -0.046351  -0.375437   0.869607   0.871850   1.292406   0.001000
 -0.290743  -0.042116  -0.372871   0.880149   0.897584   1.200010   0.001000
 -0.272718  -0.076814  -0.387457   0.877270   0.980451   1.241057   0.001000
 -0.272718  -0.076814  -0.387457   0.877270   0.980451   1.241057   0.001000
 -0.272718  -0.076814  -0.387457   0.877270   0.980451   1.241057   0.001000
 -0.272718  -0.076814  -0.387457   0.877270   0.980451   1.241057   0.001000
 -0.298324  -0.052659  -0.399831   0.865081   0.840401   1.303181   0.001000
 -0.315559  -0.066689  -0.377403   0.868068   0.642984   1.055839   0.001000
 -0.302737  -0.059212  -0.381312   0.871462   0.836092   1.352345   0.001000
 -0.302737  -0.059212  -0.381312   0.871462   0.836092   1.352345   0.001000
 -0.302737  -0.059212  -0.381312   0.871462   0.836092   1.352345   0.001000
 -0.302737  -0.059212  -0.381312   0.871462   0.836092   1.352345   0.001000
 -0.311316  -0.053533  -0.388379   0.865666   0.663438   1.231227   0.001000
 -0.306931  -0.080983  -0.406811   0.856586   0.737290   1.309771   0.001000
 -0.306931  -0.080983  -0.406811   0.856586   0.737290   1.309771   0.001000
 -0.314115  -0.051036  -0.376950   0.869848   0.640936   1.336512   0.001000
 -0.293924  -0.062066  -0.352692   0.886208   0.720729   1.386965   0.001000
 -0.303253  -0.063615  -0.368623   0.876418   0.824219   1.182315   0.001000
 -0.303253  -0.063615  -0.368623   0.876418   0.824219   1.182315   0.001000
 -0.303253  -0.063615  -0.368623   0.876418   0.824219   1.182315   0.001000
 -0.303253  -0.063615  -0.368623   0.876418   0.824219   1.182315   0.001000
 -0.304456  -0.066194  -0.369511   0.875435   0.717305   1.224887   0.001000
 -0.303569  -0.051742  -0.383730   0.870586   0.568756   1.034007   0.001000
 -0.303569  -0.051742  -0.383730   0.870586   0.568756   1.034007   0.001000
 -0.301853  -0.061297  -0.378127   0.873011   1.018326   1.058061   0.001000
 -0.301853  -0.061297  -0.378127   0.873011   1.018326   1.058061   0.001000
 -0.301853  -0.061297  -0.378127   0.873011   1.018326   1.058061   0.001000
 -0.301853  -0.061297  -0.378127   0.873011   1.018326   1.058061   0.001000
 -0.301853  -0.061297  -0.378127   0.873011   1.018326   1.058061   0.001000
 -0.301853  -0.061297  -0.378127   0.873011   1.018326   1.058061   0.001000
 -0.291770  -0.067289  -0.384112   0.873384   1.085829   1.067568   0.001000
 -0.291770  -0.067289  -0.384112   0.873384   1.085829   1.067568   0.001000
 -0.291770  -0.067289  -0.384112   0.873384   1.085829   1.067568   0.001000
 -0.291770  -0.067289  -0.384112   0.873384   1.085829   1.067568   0.001000
 -0.291770  -0.067289  -0.384112   0.873384   1.085829   1.067568   0.001000
 -0.291770  -0.067289  -0.384112   0.873384   1.085829   1.067568   0.001000
 -0.307581  -0.060682  -0.387845   0.866769   1.181887   1.175668   0.001000
 -0.304798  -0.084263  -0.408012   0.856461   1.068433   1.245395   0.001000
 -0.298603  -0.062296  -0.388197   0.869631   0.986783   1.121786   0.001000
 -0.298603  -0.062296  -0.388197   0.869631   0.986783   1.121786   0.001000
 -0.298603  -0.062296  -0.388197   0.869631   0.986783   1.121786   0.001000
 -0.328414  -0.061424  -0.384096   0.860722   0.926682   1.410596   0.001000
 -0.294280  -0.075727  -0.389293   0.869549   1.043585   1.285601   0.001000
 -0.294280  -0.075727  -0.389293   0.869549   1.043585   1.285601   0.001000
 -0.294280  -0.075727  -0.389293   0.869549   1.043585   1.285601   0.001000
 -0.294280  -0.075727  -0.389293   0.869549   1.043585   1.285601   0.001000
 -0.294280  -0.075727  -0.389293   0.869549   1.043585   1.285601   0.001000
 -0.294280  -0.075727  -0.389293   0.869549   1.043585   1.285601   0.001000
 -0.294280  -0.075727  -0.389293   0.869549   1.043585   1.285601   0.001000
 -0.294280  -0.075727  -0.389293   0.869549   1.043585   1.285601   0.001000
 -0.294280  -0.075727  -0.389293   0.869549   1.043585   1.285601   0.001000
 -0.294280  -0.075727  -0.389293   0.869549   1.043585   1.285601   0.001000
 -0.294280  -0.075727  -0.389293   0.869549   1.043585   1.285601   0.001000
 -0.256248  -0.070210  -0.384883   0.883896   0.970364   1.019977   0.001000
 -0.291721  -0.060577  -0.364254   0.882354   1.107602   1.128043   0.001000
 -0.309337  -0.074461  -0.396973   0.860917   0.928202   1.317300   0.001000
 -0.279923  -0.079741  -0.386778   0.875036   1.086632   1.478449   0.001000
 -0.307378  -0.072675  -0.385112   0.867137   0.982362   1.481548   0.001000
 -0.241484  -0.092129  -0.377233   0.889322   1.013714   1.127046   0.001000
 -0.276670  -0.068090  -0.383024   0.878698   1.130043   1.311233   0.001000
 -0.305602  -0.075171  -0.381009   0.869361   1.007695   0.969798   0.001000
 -0.275644  -0.079240  -0.391016   0.874556   0.871657   0.893212   0.001000
 -0.275644  -0.079240  -0.391016   0.874556   0.871657   0.893212   0.001000
 -0.275644  -0.079240  -0.391016   0.874556   0.871657   0.893212   0.001000
 -0.303922  -0.082926  -0.376699   0.871122   1.009350   0.871337   0.001000
 -0.357973  -0.057654  -0.405733   0.838995   0.958303   1.192752   0.001000
 -0.357973  -0.057654  -0.405733   0.838995   0.958303   1.192752   0.001000
 -0.319925  -0.047952  -0.372232   0.869938   0.889201   0.992748   0.001000
 -0.316395  -0.054487  -0.381140   0.866982   0.884252   1.269612   0.001000
 -0.316395  -0.054487  -0.381140   0.866982   0.884252   1.269612   0.001000
 -0.315579  -0.076323  -0.362038   0.873793   0.904974   1.197552   0.001000
 -0.293500  -0.072195  -0.384062   0.872435   0.833597   1.075677   0.001000
 -0.289256  -0.085109  -0.375530   0.876393   0.808992   1.139745   0.001000
 -0.314796  -0.061342  -0.397666   0.859653   0.904102   1.178057   0.001000
 -0.322823  -0.062902  -0.379006   0.864976   0.913255   1.400645   0.001000
 -0.322670  -0.056389  -0.371095   0.868903   0.903288   1.298178   0.001000
 -0.322670  -0.056389  -0.371095   0.868903   0.903288   1.298178   0.001000
 -0.322670  -0.056389  -0.371095   0.868903   0.903288   1.298178   0.001000
 -0.316722  -0.063095  -0.388941   0.862804   0.880327   1.091444   0.001000
 -0.284017  -0.076445  -0.385025   0.874784   0.767420   0.903270   0.001000
 -0.284017  -0.076445  -0.385025   0.874784   0.767420   0.903270   0.001000
 -0.284017  -0.076445  -0.385025   0.874784   0.767420   0.903270   0.001000
 -0.295952  -0.074595  -0.392938   0.867437   0.789640   1.107793   0.001000
 -0.304806  -0.068128  -0.392168   0.865249   0.816650   1.600089   0.001000
 -0.282003  -0.058403  -0.421238   0.860013   1.088573   1.539389   0.001000
 -0.277800  -0.080548  -0.384501   0.876640   1.010050   0.980509   0.001000
 -0.297165  -0.079115  -0.380525   0.872143   0.968279   1.162063   0.001000
 -0.307206  -0.061638  -0.394009   0.864050   1.053316   1.526432   0.001000
 -0.307206  -0.061638  -0.394009   0.864050   1.053316   1.526432   0.001000
 -0.307206  -0.061638  -0.394009   0.864050   1.053316   1.526432   0.001000
 -0.307206  -0.061638  -0.394009   0.864050   1.053316   1.526432   0.001000
 -0.333980  -0.057498  -0.398641   0.852195   0.967758   0.993805   0.001000
 -0.309684  -0.061552  -0.392010   0.864080   1.042593   1.332936   0.001000
 -0.309684  -0.061552  -0.392010   0.864080   1.042593   1.332936   0.001000
 -0.309684  -0.061552  -0.392010   0.864080   1.042593   1.332936   0.001000
 -0.309684  -0.061552  -0.392010   0.864080   1.042593   1.332936   0.001000
 -0.354990  -0.064585  -0.400457   0.842286   0.964931   0.990231   0.001000
 -0.308594  -0.062656  -0.383304   0.868287   0.693339   1.216478   0.001000
 -0.273877  -0.071534  -0.382869   0.879367   0.895326   0.800490   0.001000
 -0.273877  -0.071534  -0.382869   0.879367   0.895326   0.800490   0.001000
 -0.324583  -0.046993  -0.368774   0.869738   0.766152   1.216077   0.001000
 -0.294898  -0.063148  -0.390377   0.869858   0.609778   1.320071   0.001000
 -0.294898  -0.063148  -0.390377   0.869858   0.609778   1.320071   0.001000
 -0.318901  -0.065220  -0.382890   0.864548   1.003711   0.737200   0.001000
 -0.305056  -0.062139  -0.391726   0.865812   0.828306   0.778997   0.001000
 -0.326128  -0.087521  -0.406224   0.849095   0.772488   0.877481   0.001000
 -0.310945  -0.071822  -0.382406   0.867134   0.840353   0.827957   0.001000
 -0.310945  -0.071822  -0.382406   0.867134   0.840353   0.827957   0.001000
 -0.310945  -0.071822  -0.382406   0.867134   0.840353   0.827957   0.001000
 -0.319642  -0.079086  -0.377795   0.865358   0.824837   0.928262   0.001000
 -0.319642  -0.079086  -0.377795   0.865358   0.824837   0.928262   0.001000
 -0.319642  -0.079086  -0.377795   0.865358   0.824837   0.928262   0.001000
 -0.319642  -0.079086  -0.377795   0.865358   0.824837   0.928262   0.001000
 -0.319642  -0.079086  -0.377795   0.865358   0.824837   0.928262   0.001000
 -0.305792  -0.068392  -0.376775   0.871696   0.752846   0.784793   0.001000
 -0.305792  -0.068392  -0.376775   0.871696   0.752846   0.784793   0.001000
 -0.305792  -0.068392  -0.376775   0.871696   0.752846   0.784793   0.001000
 -0.305792  -0.068392  -0.376775   0.871696   0.752846   0.784793   0.001000
 -0.305792  -0.068392  -0.376775   0.871696   0.752846   0.784793   0.001000
 -0.305792  -0.068392  -0.376775   0.871696   0.752846   0.784793   0.001000
 -0.305792  -0.068392  -0.376775   0.871696   0.752846   0.784793   0.001000
 -0.305792  -0.068392  -0.376775   0.871696   0.752846   0.784793   0.001000
 -0.305792  -0.068392  -0.376775   0.871696   0.752846   0.784793   0.001000
 -0.308066  -0.066294  -0.360093   0.878085   0.856477   0.738707   0.001000
 -0.308066  -0.066294  -0.360093   0.878085   0.856477   0.738707   0.001000
 -0.319618  -0.058983  -0.380152   0.865939   0.882169   0.893962   0.001000
 -0.319618  -0.058983  -0.380152   0.865939   0.882169   0.893962   0.001000
 -0.319618  -0.058983  -0.380152   0.865939   0.882169   0.893962   0.001000
 -0.319618  -0.058983  -0.380152   0.865939   0.882169   0.893962   0.001000
 -0.319618  -0.058983  -0.380152   0.865939   0.882169   0.893962   0.001000
 -0.319618  -0.058983  -0.380152   0.865939   0.882169   0.893962   0.001000
 -0.319618  -0.058983  -0.380152   0.865939   0.882169   0.893962   0.001000
 -0.319618  -0.058983  -0.380152   0.865939   0.882169   0.893962   0.001000
 -0.319618  -0.058983  -0.380152   0.865939   0.882169   0.893962   0.001000
 -0.319618  -0.058983  -0.380152   0.865939   0.882169   0.893962   0.001000
 -0.319618  -0.058983  -0.380152   0.865939   0.882169   0.893962   0.001000
 -0.319618  -0.058983  -0.380152   0.865939   0.882169   0.893962   0.001000
 -0.319618  -0.058983  -0.380152   0.865939   0.882169   0.893962   0.001000
 -0.319618  -0.058983  -0.380152   0.865939   0.882169   0.893962   0.001000
 -0.319618  -0.058983  -0.380152   0.865939   0.882169   0.893962   0.001000
 -0.319618  -0.058983  -0.380152   0.865939   0.882169   0.893962   0.001000
 -0.319618  -0.058983  -0.380152   0.865939   0.882169   0.893962   0.001000
 -0.319618  -0.058983  -0.380152   0.865939   0.882169   0.893962   0.001000
 -0.319618  -0.058983  -0.380152   0.865939   0.882169   0.893962   0.001000
 -0.319618  -0.058983  -0.380152   0.865939   0.882169   0.893962   0.001000
 -0.319618  -0.058983  -0.380152   0.865939   0.882169   0.893962   0.001000
 -0.319618  -0.058983  -0.380152   0.865939   0.882169   0.893962   0.001000
 -0.319618  -0.058983  -0.380152   0.865939   0.882169   0.893962   0.001000
 -0.319618  -0.058983  -0.380152   0.865939   0.882169   0.893962   0.001000
 -0.319618  -0.058983  -0.380152   0.865939   0.882169   0.893962   0.001000
 -0.319618  -0.058983  -0.380152   0.865939   0.882169   0.893962   0.001000
 -0.319618  -0.058983  -0.380152   0.865939   0.882169   0.893962   0.001000
 -0.319618  -0.058983  -0.380152   0.865939   0.882169   0.893962   0.001000
 -0.319618  -0.058983  -0.380152   0.865939   0.882169   0.893962   0.001000
 -0.319618  -0.058983  -0.380152   0.865939   0.882169   0.893962   0.001000
 -0.319618  -0.058983  -0.380152   0.865939   0.882169   0.893962   0.001000
 -0.285974  -0.054382  -0.340325   0.894114   0.899746   0.863137   0.001000
 -0.285974  -0.054382  -0.340325   0.894114   0.899746   0.863137   0.001000
 -0.302103  -0.056775  -0.390481   0.867776   0.791851   0.763988   0.001000
 -0.302103  -0.056775  -0.390481   0.867776   0.791851   0.763988   0.001000
 -0.294714  -0.067826  -0.373569   0.876920   0.809174   0.852463   0.001000
 -0.294714  -0.067826  -0.373569   0.876920   0.809174   0.852463   0.001000
 -0.294714  -0.067826  -0.373569   0.876920   0.809174   0.852463   0.001000
 -0.294714  -0.067826  -0.373569   0.876920   0.809174   0.852463   0.001000
 -0.294714  -0.067826  -0.373569   0.876920   0.809174   0.852463   0.001000
 -0.294714  -0.067826  -0.373569   0.876920   0.809174   0.852463   0.001000
 -0.294714  -0.067826  -0.373569   0.876920   0.809174   0.852463   0.001000
 -0.294714  -0.067826  -0.373569   0.876920   0.809174   0.852463   0.001000
 -0.294714  -0.067826  -0.373569   0.876920   0.809174   0.852463   0.001000
 -0.294714  -0.067826  -0.373569   0.876920   0.809174   0.852463   0.001000
 -0.294714  -0.067826  -0.373569   0.876920   0.809174   0.852463   0.001000
 -0.294714  -0.067826  -0.373569   0.876920   0.809174   0.852463   0.001000
 -0.294714  -0.067826  -0.373569   0.876920   0.809174   0.852463   0.001000
 -0.294714  -0.067826  -0.373569   0.876920   0.809174   0.852463   0.001000
 -0.294714  -0.067826  -0.373569   0.876920   0.809174   0.852463   0.001000
 -0.294714  -0.067826  -0.373569   0.876920   0.809174   0.852463   0.001000
 -0.294714  -0.067826  -0.373569   0.876920   0.809174   0.852463   0.001000
 -0.294714  -0.067826  -0.373569   0.876920   0.809174   0.852463   0.001000
 -0.294714  -0.067826  -0.373569   0.876920   0.809174   0.852463   0.001000
 -0.294714  -0.067826  -0.373569   0.876920   0.809174   0.852463   0.001000
 -0.294714  -0.067826  -0.373569   0.876920   0.809174   0.852463   0.001000
 -0.306746  -0.054767  -0.371890   0.874417   0.817459   0.682015   0.001000
 -0.306746  -0.054767  -0.371890   0.874417   0.817459   0.682015   0.001000
 -0.306746  -0.054767  -0.371890   0.874417   0.817459   0.682015   0.001000
 -0.306746  -0.054767  -0.371890   0.874417   0.817459   0.682015   0.001000
 -0.319379  -0.058325  -0.387681   0.862727   0.653874   0.652694   0.001000
 -0.319379  -0.058325  -0.387681   0.862727   0.653874   0.652694   0.001000
 -0.303261  -0.071027  -0.371590   0.874591   0.727120   0.815125   0.001000
 -0.303261  -0.071027  -0.371590   0.874591   0.727120   0.815125   0.001000
 -0.303261  -0.071027  -0.371590   0.874591   0.727120   0.815125   0.001000
 -0.303261  -0.071027  -0.371590   0.874591   0.727120   0.815125   0.001000
 -0.303261  -0.071027  -0.371590   0.874591   0.727120   0.815125   0.001000
 -0.303261  -0.071027  -0.371590   0.874591   0.727120   0.815125   0.001000
 -0.303261  -0.071027  -0.371590   0.874591   0.727120   0.815125   0.001000
 -0.303261  -0.071027  -0.371590   0.874591   0.727120   0.815125   0.001000
 -0.303261  -0.071027  -0.371590   0.874591   0.727120   0.815125   0.001000
 -0.303261  -0.071027  -0.371590   0.874591   0.727120   0.815125   0.001000
 -0.303261  -0.071027  -0.371590   0.874591   0.727120   0.815125   0.001000
 -0.303261  -0.071027  -0.371590   0.874591   0.727120   0.815125   0.001000
 -0.303261  -0.071027  -0.371590   0.874591   0.727120   0.815125   0.001000
 -0.303261  -0.071027  -0.371590   0.874591   0.727120   0.815125   0.001000
 -0.303261  -0.071027  -0.371590   0.874591   0.727120   0.815125   0.001000
 -0.298832  -0.057208  -0.394179   0.867208   0.730371   0.780290   0.001000
 -0.298832  -0.057208  -0.394179   0.867208   0.730371   0.780290   0.001000
 -0.298832  -0.057208  -0.394179   0.867208   0.730371   0.780290   0.001000
 -0.298832  -0.057208  -0.394179   0.867208   0.730371   0.780290   0.001000
 -0.298832  -0.057208  -0.394179   0.867208   0.730371   0.780290   0.001000
 -0.298832  -0.057208  -0.394179   0.867208   0.730371   0.780290   0.001000
 -0.298832  -0.057208  -0.394179   0.867208   0.730371   0.780290   0.001000
 -0.280701  -0.046608  -0.374878   0.882327   0.712472   0.865653   0.001000
 -0.301513  -0.065760  -0.368874   0.876754   0.573007   0.780207   0.001000
 -0.301513  -0.065760  -0.368874   0.876754   0.573007   0.780207   0.001000
 -0.301513  -0.065760  -0.368874   0.876754   0.573007   0.780207   0.001000
 -0.301513  -0.065760  -0.368874   0.876754   0.573007   0.780207   0.001000
 -0.301513  -0.065760  -0.368874   0.876754   0.573007   0.780207   0.001000
 -0.301513  -0.065760  -0.368874   0.876754   0.573007   0.780207   0.001000
 -0.301513  -0.065760  -0.368874   0.876754   0.573007   0.780207   0.001000
 -0.301513  -0.065760  -0.368874   0.876754   0.573007   0.780207   0.001000
 -0.301513  -0.065760  -0.368874   0.876754   0.573007   0.780207   0.001000
 -0.301513  -0.065760  -0.368874   0.876754   0.573007   0.780207   0.001000
 -0.301513  -0.065760  -0.368874   0.876754   0.573007   0.780207   0.001000
 -0.301513  -0.065760  -0.368874   0.876754   0.573007   0.780207   0.001000
 -0.306394  -0.059859  -0.387062   0.867596   0.668273   0.919241   0.001000
 -0.306394  -0.059859  -0.387062   0.867596   0.668273   0.919241   0.001000
 -0.306394  -0.059859  -0.387062   0.867596   0.668273   0.919241   0.001000
 -0.306394  -0.059859  -0.387062   0.867596   0.668273   0.919241   0.001000
 -0.306394  -0.059859  -0.387062   0.867596   0.668273   0.919241   0.001000
 -0.306394  -0.059859  -0.387062   0.867596   0.668273   0.919241   0.001000
 -0.306394  -0.059859  -0.387062   0.867596   0.668273   0.919241   0.001000
 -0.292672  -0.064358  -0.382707   0.873920   0.686040   0.835120   0.001000
 -0.292672  -0.064358  -0.382707   0.873920   0.686040   0.835120   0.001000
 -0.292672  -0.064358  -0.382707   0.873920   0.686040   0.835120   0.001000
 -0.307371  -0.055523  -0.371642   0.874256   0.715303   0.985025   0.001000
 -0.307371  -0.055523  -0.371642   0.874256   0.715303   0.985025   0.001000
 -0.307371  -0.055523  -0.371642   0.874256   0.715303   0.985025   0.001000
 -0.307371  -0.055523  -0.371642   0.874256   0.715303   0.985025   0.001000
 -0.307371  -0.055523  -0.371642   0.874256   0.715303   0.985025   0.001000
 -0.307371  -0.055523  -0.371642   0.874256   0.715303   0.985025   0.001000
 -0.307371  -0.055523  -0.371642   0.874256   0.715303   0.985025   0.001000
 -0.307371  -0.055523  -0.371642   0.874256   0.715303   0.985025   0.001000
 -0.307371  -0.055523  -0.371642   0.874256   0.715303   0.985025   0.001000
 -0.313957  -0.069831  -0.387527   0.863931   0.780385   0.714816   0.001000
 -0.313957  -0.069831  -0.387527   0.863931   0.780385   0.714816   0.001000
 -0.313957  -0.069831  -0.387527   0.863931   0.780385   0.714816   0.001000
 -0.313957  -0.069831  -0.387527   0.863931   0.780385   0.714816   0.001000
 -0.313957  -0.069831  -0.387527   0.863931   0.780385   0.714816   0.001000
 -0.302919  -0.092509  -0.373257   0.871987   0.685370   0.728933   0.001000
 -0.306966  -0.065251  -0.362496   0.877560   0.656453   0.880613   0.001000
 -0.299091  -0.057145  -0.401470   0.863771   0.651176   1.342689   0.001000
 -0.291800  -0.079194  -0.379687   0.874311   0.911632   1.409021   0.001000
 -0.291800  -0.079194  -0.379687   0.874311   0.911632   1.409021   0.001000
 -0.295115  -0.061541  -0.385802   0.871939   1.140684   1.240025   0.001000
 -0.295115  -0.061541  -0.385802   0.871939   1.140684   1.240025   0.001000
 -0.287322  -0.066417  -0.389705   0.872448   1.056524   1.262060   0.001000
 -0.310734  -0.089850  -0.391078   0.861643   1.020247   1.216408   0.001000
 -0.343978  -0.033992  -0.389678   0.853624   1.052003   1.362452   0.001000
 -0.298046  -0.072452  -0.388350   0.868967   1.016965   1.301860   0.001000
 -0.298046  -0.072452  -0.388350   0.868967   1.016965   1.301860   0.001000
 -0.298046  -0.072452  -0.388350   0.868967   1.016965   1.301860   0.001000
 -0.298046  -0.072452  -0.388350   0.868967   1.016965   1.301860   0.001000
 -0.298046  -0.072452  -0.388350   0.868967   1.016965   1.301860   0.001000
 -0.298046  -0.072452  -0.388350   0.868967   1.016965   1.301860   0.001000
 -0.298046  -0.072452  -0.388350   0.868967   1.016965   1.301860   0.001000
 -0.298046  -0.072452  -0.388350   0.868967   1.016965   1.301860   0.001000
 -0.298046  -0.072452  -0.388350   0.868967   1.016965   1.301860   0.001000
 -0.298046  -0.072452  -0.388350   0.868967   1.016965   1.301860   0.001000
 -0.298046  -0.072452  -0.388350   0.868967   1.016965   1.301860   0.001000
 -0.298046  -0.072452  -0.388350   0.868967   1.016965   1.301860   0.001000
 -0.298046  -0.072452  -0.388350   0.868967   1.016965   1.301860   0.001000
 -0.298046  -0.072452  -0.388350   0.868967   1.016965   1.301860   0.001000
 -0.298046  -0.072452  -0.388350   0.868967   1.016965   1.301860   0.001000
 -0.298046  -0.072452  -0.388350   0.868967   1.016965   1.301860   0.001000
 -0.298046  -0.072452  -0.388350   0.868967   1.016965   1.301860   0.001000
 -0.295680  -0.076227  -0.386557   0.870251   1.103628   1.256491   0.001000
 -0.295680  -0.076227  -0.386557   0.870251   1.103628   1.256491   0.001000
 -0.295680  -0.076227  -0.386557   0.870251   1.103628   1.256491   0.001000
 -0.295680  -0.076227  -0.386557   0.870251   1.103628   1.256491   0.001000
 -0.295680  -0.076227  -0.386557   0.870251   1.103628   1.256491   0.001000
 -0.295680  -0.076227  -0.386557   0.870251   1.103628   1.256491   0.001000
 -0.295680  -0.076227  -0.386557   0.870251   1.103628   1.256491   0.001000
 -0.295680  -0.076227  -0.386557   0.870251   1.103628   1.256491   0.001000
 -0.303868  -0.068432  -0.382336   0.869943   0.880001   0.906298   0.001000
 -0.303868  -0.068432  -0.382336   0.869943   0.880001   0.906298   0.001000
 -0.303868  -0.068432  -0.382336   0.869943   0.880001   0.906298   0.001000
 -0.303868  -0.068432  -0.382336   0.869943   0.880001   0.906298   0.001000
 -0.303868  -0.068432  -0.382336   0.869943   0.880001   0.906298   0.001000
 -0.303868  -0.068432  -0.382336   0.869943   0.880001   0.906298   0.001000
 -0.303868  -0.068432  -0.382336   0.869943   0.880001   0.906298   0.001000
 -0.303868  -0.068432  -0.382336   0.869943   0.880001   0.906298   0.001000
 -0.303868  -0.068432  -0.382336   0.869943   0.880001   0.906298   0.001000
 -0.303868  -0.068432  -0.382336   0.869943   0.880001   0.906298   0.001000
 -0.303868  -0.068432  -0.382336   0.869943   0.880001   0.906298   0.001000
 -0.303868  -0.068432  -0.382336   0.869943   0.880001   0.906298   0.001000
 -0.303868  -0.068432  -0.382336   0.869943   0.880001   0.906298   0.001000
 -0.303868  -0.068432  -0.382336   0.869943   0.880001   0.906298   0.001000
 -0.303868  -0.068432  -0.382336   0.869943   0.880001   0.906298   0.001000
 -0.303868  -0.068432  -0.382336   0.869943   0.880001   0.906298   0.001000
 -0.303868  -0.068432  -0.382336   0.869943   0.880001   0.906298   0.001000
 -0.303868  -0.068432  -0.382336   0.869943   0.880001   0.906298   0.001000
 -0.303868  -0.068432  -0.382336   0.869943   0.880001   0.906298   0.001000
 -0.303868  -0.068432  -0.382336   0.869943   0.880001   0.906298   0.001000
 -0.303868  -0.068432  -0.382336   0.869943   0.880001   0.906298   0.001000
 -0.303868  -0.068432  -0.382336   0.869943   0.880001   0.906298   0.001000
 -0.303868  -0.068432  -0.382336   0.869943   0.880001   0.906298   0.001000
 -0.303868  -0.068432  -0.382336   0.869943   0.880001   0.906298   0.001000
 -0.303868  -0.068432  -0.382336   0.869943   0.880001   0.906298   0.001000
 -0.303868  -0.068432  -0.382336   0.869943   0.880001   0.906298   0.001000
 -0.303868  -0.068432  -0.382336   0.869943   0.880001   0.906298   0.001000
 -0.303868  -0.068432  -0.382336   0.869943   0.880001   0.906298   0.001000
 -0.303868  -0.068432  -0.382336   0.869943   0.880001   0.906298   0.001000
 -0.303868  -0.068432  -0.382336   0.869943   0.880001   0.906298   0.001000
 -0.303868  -0.068432  -0.382336   0.869943   0.880001   0.906298   0.001000
 -0.303868  -0.068432  -0.382336   0.869943   0.880001   0.906298   0.001000
 -0.303868  -0.068432  -0.382336   0.869943   0.880001   0.906298   0.001000
 -0.303868  -0.068432  -0.382336   0.869943   0.880001   0.906298   0.001000
 -0.303868  -0.068432  -0.382336   0.869943   0.880001   0.906298   0.001000
 -0.303868  -0.068432  -0.382336   0.869943   0.880001   0.906298   0.001000
 -0.303868  -0.068432  -0.382336   0.869943   0.880001   0.906298   0.001000
 -0.303868  -0.068432  -0.382336   0.869943   0.880001   0.906298   0.001000
 -0.303868  -0.068432  -0.382336   0.869943   0.880001   0.906298   0.001000
 -0.303868  -0.068432  -0.382336   0.869943   0.880001   0.906298   0.001000
 -0.303868  -0.068432  -0.382336   0.869943   0.880001   0.906298   0.001000
 -0.303868  -0.068432  -0.382336   0.869943   0.880001   0.906298   0.001000
 -0.303868  -0.068432  -0.382336   0.869943   0.880001   0.906298   0.001000
 -0.303868  -0.068432  -0.382336   0.869943   0.880001   0.906298   0.001000
 -0.303868  -0.068432  -0.382336   0.869943   0.880001   0.906298   0.001000
 -0.303868  -0.068432  -0.382336   0.869943   0.880001   0.906298   0.001000
 -0.303868  -0.068432  -0.382336   0.869943   0.880001   0.906298   0.001000
 -0.303868  -0.068432  -0.382336   0.869943   0.880001   0.906298   0.001000
 -0.303868  -0.068432  -0.382336   0.869943   0.880001   0.906298   0.001000
 -0.303868  -0.068432  -0.382336   0.869943   0.880001   0.906298   0.001000
 -0.303868  -0.068432  -0.382336   0.869943   0.880001   0.906298   0.001000
 -0.303868  -0.068432  -0.382336   0.869943   0.880001   0.906298   0.001000
 -0.303868  -0.068432  -0.382336   0.869943   0.880001   0.906298   0.001000
 -0.303868  -0.068432  -0.382336   0.869943   0.880001   0.906298   0.001000
 -0.303868  -0.068432  -0.382336   0.869943   0.880001   0.906298   0.001000
 -0.303868  -0.068432  -0.382336   0.869943   0.880001   0.906298   0.001000
 -0.303868  -0.068432  -0.382336   0.869943   0.880001   0.906298   0.001000
 -0.303868  -0.068432  -0.382336   0.869943   0.880001   0.906298   0.001000
 -0.303868  -0.068432  -0.382336   0.869943   0.880001   0.906298   0.001000
 -0.303868  -0.068432  -0.382336   0.869943   0.880001   0.906298   0.001000
 -0.303868  -0.068432  -0.382336   0.869943   0.880001   0.906298   0.001000
 -0.303868  -0.068432  -0.382336   0.869943   0.880001   0.906298   0.001000
 -0.303868  -0.068432  -0.382336   0.869943   0.880001   0.906298   0.001000
 -0.303868  -0.068432  -0.382336   0.869943   0.880001   0.906298   0.001000
 -0.303868  -0.068432  -0.382336   0.869943   0.880001   0.906298   0.001000
 -0.303868  -0.068432  -0.382336   0.869943   0.880001   0.906298   0.001000
 -0.303868  -0.068432  -0.382336   0.869943   0.880001   0.906298   0.001000
 -0.303868  -0.068432  -0.382336   0.869943   0.880001   0.906298   0.001000
 -0.303868  -0.068432  -0.382336   0.869943   0.880001   0.906298   0.001000
 -0.303868  -0.068432  -0.382336   0.869943   0.880001   0.906298   0.001000
 -0.303868  -0.068432  -0.382336   0.869943   0.880001   0.906298   0.001000
 -0.303868  -0.068432  -0.382336   0.869943   0.880001   0.906298   0.001000
 -0.303868  -0.068432  -0.382336   0.869943   0.880001   0.906298   0.001000
 -0.303868  -0.068432  -0.382336   0.869943   0.880001   0.906298   0.001000
 -0.303868  -0.068432  -0.382336   0.869943   0.880001   0.906298   0.001000
 -0.303868  -0.068432  -0.382336   0.869943   0.880001   0.906298   0.001000
 -0.303868  -0.068432  -0.382336   0.869943   0.880001   0.906298   0.001000
 -0.303868  -0.068432  -0.382336   0.869943   0.880001   0.906298   0.001000
 -0.303868  -0.068432  -0.382336   0.869943   0.880001   0.906298   0.001000
 -0.303868  -0.068432  -0.382336   0.869943   0.880001   0.906298   0.001000
 -0.303868  -0.068432  -0.382336   0.869943   0.880001   0.906298   0.001000
 -0.303868  -0.068432  -0.382336   0.869943   0.880001   0.906298   0.001000
 -0.303868  -0.068432  -0.382336   0.869943   0.880001   0.906298   0.001000
 -0.311520  -0.058272  -0.368169   0.874077   0.930551   0.959760   0.001000
 -0.311520  -0.058272  -0.368169   0.874077   0.930551   0.959760   0.001000
 -0.311520  -0.058272  -0.368169   0.874077   0.930551   0.959760   0.001000
 -0.311520  -0.058272  -0.368169   0.874077   0.930551   0.959760   0.001000
 -0.311520  -0.058272  -0.368169   0.874077   0.930551   0.959760   0.001000
 -0.298961  -0.072424  -0.391076   0.867431   0.886576   0.959917   0.001000
 -0.298961  -0.072424  -0.391076   0.867431   0.886576   0.959917   0.001000
 -0.298961  -0.072424  -0.391076   0.867431   0.886576   0.959917   0.001000
 -0.312774  -0.049038  -0.381623   0.868408   0.764628   0.874566   0.001000
 -0.265354  -0.077942  -0.337649   0.899725   0.878764   0.980106   0.001000
 -0.306634  -0.056022  -0.372828   0.873977   0.807938   0.852815   0.001000
 -0.315837  -0.070917  -0.388991   0.862499   0.722696   1.146682   0.001000
 -0.291885  -0.065546  -0.409991   0.861634   0.832675   1.123517   0.001000
 -0.326730  -0.095071  -0.385243   0.857786   0.917269   1.093251   0.001000
 -0.302588  -0.066527  -0.384446   0.869607   0.925852   0.971374   0.001000
 -0.302588  -0.066527  -0.384446   0.869607   0.925852   0.971374   0.001000
 -0.302588  -0.066527  -0.384446   0.869607   0.925852   0.971374   0.001000
 -0.302588  -0.066527  -0.384446   0.869607   0.925852   0.971374   0.001000
 -0.302588  -0.066527  -0.384446   0.869607   0.925852   0.971374   0.001000
 -0.302588  -0.066527  -0.384446   0.869607   0.925852   0.971374   0.001000
 -0.302588  -0.066527  -0.384446   0.869607   0.925852   0.971374   0.001000
 -0.302588  -0.066527  -0.384446   0.869607   0.925852   0.971374   0.001000
 -0.302588  -0.066527  -0.384446   0.869607   0.925852   0.971374   0.001000
 -0.302588  -0.066527  -0.384446   0.869607   0.925852   0.971374   0.001000
 -0.302588  -0.066527  -0.384446   0.869607   0.925852   0.971374   0.001000
 -0.302588  -0.066527  -0.384446   0.869607   0.925852   0.971374   0.001000
 -0.302588  -0.066527  -0.384446   0.869607   0.925852   0.971374   0.001000
 -0.302588  -0.066527  -0.384446   0.869607   0.925852   0.971374   0.001000
 -0.302588  -0.066527  -0.384446   0.869607   0.925852   0.971374   0.001000
 -0.302588  -0.066527  -0.384446   0.869607   0.925852   0.971374   0.001000
 -0.302588  -0.066527  -0.384446   0.869607   0.925852   0.971374   0.001000
 -0.302588  -0.066527  -0.384446   0.869607   0.925852   0.971374   0.001000
 -0.302588  -0.066527  -0.384446   0.869607   0.925852   0.971374   0.001000
 -0.302588  -0.066527  -0.384446   0.869607   0.925852   0.971374   0.001000
 -0.302588  -0.066527  -0.384446   0.869607   0.925852   0.971374   0.001000
 -0.302588  -0.066527  -0.384446   0.869607   0.925852   0.971374   0.001000
 -0.302588  -0.066527  -0.384446   0.869607   0.925852   0.971374   0.001000
 -0.302588  -0.066527  -0.384446   0.869607   0.925852   0.971374   0.001000
 -0.302588  -0.066527  -0.384446   0.869607   0.925852   0.971374   0.001000
 -0.302588  -0.066527  -0.384446   0.869607   0.925852   0.971374   0.001000
 -0.302588  -0.066527  -0.384446   0.869607   0.925852   0.971374   0.001000
 -0.302588  -0.066527  -0.384446   0.869607   0.925852   0.971374   0.001000
 -0.302588  -0.066527  -0.384446   0.869607   0.925852   0.971374   0.001000
 -0.302588  -0.066527  -0.384446   0.869607   0.925852   0.971374   0.001000
 -0.302588  -0.066527  -0.384446   0.869607   0.925852   0.971374   0.001000
 -0.302588  -0.066527  -0.384446   0.869607   0.925852   0.971374   0.001000
 -0.302588  -0.066527  -0.384446   0.869607   0.925852   0.971374   0.001000
 -0.302588  -0.066527  -0.384446   0.869607   0.925852   0.971374   0.001000
 -0.302588  -0.066527  -0.384446   0.869607   0.925852   0.971374   0.001000
 -0.302588  -0.066527  -0.384446   0.869607   0.925852   0.971374   0.001000
 -0.302588  -0.066527  -0.384446   0.869607   0.925852   0.971374   0.001000
 -0.302588  -0.066527  -0.384446   0.869607   0.925852   0.971374   0.001000
 -0.302588  -0.066527  -0.384446   0.869607   0.925852   0.971374   0.001000
 -0.302588  -0.066527  -0.384446   0.869607   0.925852   0.971374   0.001000
 -0.302588  -0.066527  -0.384446   0.869607   0.925852   0.971374   0.001000
 -0.302588  -0.066527  -0.384446   0.869607   0.925852   0.971374   0.001000
 -0.302588  -0.066527  -0.384446   0.869607   0.925852   0.971374   0.001000
 -0.302588  -0.066527  -0.384446   0.869607   0.925852   0.971374   0.001000
 -0.302588  -0.066527  -0.384446   0.869607   0.925852   0.971374   0.001000
 -0.302588  -0.066527  -0.384446   0.869607   0.925852   0.971374   0.001000
 -0.302588  -0.066527  -0.384446   0.869607   0.925852   0.971374   0.001000
 -0.302588  -0.066527  -0.384446   0.869607   0.925852   0.971374   0.001000
 -0.302588  -0.066527  -0.384446   0.869607   0.925852   0.971374   0.001000
 -0.302588  -0.066527  -0.384446   0.869607   0.925852   0.971374   0.001000
 -0.302588  -0.066527  -0.384446   0.869607   0.925852   0.971374   0.001000
 -0.302588  -0.066527  -0.384446   0.869607   0.925852   0.971374   0.001000
 -0.302588  -0.066527  -0.384446   0.869607   0.925852   0.971374   0.001000
 -0.302588  -0.066527  -0.384446   0.869607   0.925852   0.971374   0.001000
 -0.302588  -0.066527  -0.384446   0.869607   0.925852   0.971374   0.001000
 -0.302588  -0.066527  -0.384446   0.869607   0.925852   0.971374   0.001000
 -0.302588  -0.066527  -0.384446   0.869607   0.925852   0.971374   0.001000
 -0.302588  -0.066527  -0.384446   0.869607   0.925852   0.971374   0.001000
 -0.302588  -0.066527  -0.384446   0.869607   0.925852   0.971374   0.001000
 -0.302588  -0.066527  -0.384446   0.869607   0.925852   0.971374   0.001000
 -0.302588  -0.066527  -0.384446   0.869607   0.925852   0.971374   0.001000
 -0.302588  -0.066527  -0.384446   0.869607   0.925852   0.971374   0.001000
 -0.302588  -0.066527  -0.384446   0.869607   0.925852   0.971374   0.001000
 -0.302588  -0.066527  -0.384446   0.869607   0.925852   0.971374   0.001000
 -0.302588  -0.066527  -0.384446   0.869607   0.925852   0.971374   0.001000
 -0.302588  -0.066527  -0.384446   0.869607   0.925852   0.971374   0.001000
 -0.302588  -0.066527  -0.384446   0.869607   0.925852   0.971374   0.001000
 -0.302588  -0.066527  -0.384446   0.869607   0.925852   0.971374   0.001000
 -0.302588  -0.066527  -0.384446   0.869607   0.925852   0.971374   0.001000
 -0.302588  -0.066527  -0.384446   0.869607   0.925852   0.971374   0.001000
 -0.302588  -0.066527  -0.384446   0.869607   0.925852   0.971374   0.001000
 -0.295626  -0.060122  -0.371041   0.878248   0.952901   1.043444   0.001000
 -0.295626  -0.060122  -0.371041   0.878248   0.952901   1.043444   0.001000
 -0.270151  -0.074522  -0.393360   0.875633   1.049890   1.208130   0.001000
 -0.270151  -0.074522  -0.393360   0.875633   1.049890   1.208130   0.001000
 -0.270151  -0.074522  -0.393360   0.875633   1.049890   1.208130   0.001000
 -0.270151  -0.074522  -0.393360   0.875633   1.049890   1.208130   0.001000
 -0.270151  -0.074522  -0.393360   0.875633   1.049890   1.208130   0.001000
 -0.270151  -0.074522  -0.393360   0.875633   1.049890   1.208130   0.001000
 -0.270151  -0.074522  -0.393360   0.875633   1.049890   1.208130   0.001000
 -0.286805  -0.069219  -0.390484   0.872051   0.978266   1.167146   0.001000
 -0.286805  -0.069219  -0.390484   0.872051   0.978266   1.167146   0.001000
 -0.286805  -0.069219  -0.390484   0.872051   0.978266   1.167146   0.001000
 -0.286805  -0.069219  -0.390484   0.872051   0.978266   1.167146   0.001000
 -0.286805  -0.069219  -0.390484   0.872051   0.978266   1.167146   0.001000
 -0.286805  -0.069219  -0.390484   0.872051   0.978266   1.167146   0.001000
 -0.286805  -0.069219  -0.390484   0.872051   0.978266   1.167146   0.001000
 -0.286805  -0.069219  -0.390484   0.872051   0.978266   1.167146   0.001000
 -0.310781  -0.057917  -0.400782   0.859904   1.014412   1.255244   0.001000
 -0.313279  -0.079222  -0.382030   0.865814   0.851339   0.810679   0.001000
 -0.313279  -0.079222  -0.382030   0.865814   0.851339   0.810679   0.001000
 -0.313279  -0.079222  -0.382030   0.865814   0.851339   0.810679   0.001000
 -0.309032  -0.067508  -0.390101   0.864733   0.760604   1.010907   0.001000
 -0.309032  -0.067508  -0.390101   0.864733   0.760604   1.010907   0.001000
 -0.309032  -0.067508  -0.390101   0.864733   0.760604   1.010907   0.001000
 -0.309032  -0.067508  -0.390101   0.864733   0.760604   1.010907   0.001000
 -0.309032  -0.067508  -0.390101   0.864733   0.760604   1.010907   0.001000
 -0.309032  -0.067508  -0.390101   0.864733   0.760604   1.010907   0.001000
 -0.309032  -0.067508  -0.390101   0.864733   0.760604   1.010907   0.001000
 -0.309032  -0.067508  -0.390101   0.864733   0.760604   1.010907   0.001000
 -0.309032  -0.067508  -0.390101   0.864733   0.760604   1.010907   0.001000
 -0.310775  -0.064898  -0.379708   0.868924   0.919787   0.989184   0.001000
 -0.310775  -0.064898  -0.379708   0.868924   0.919787   0.989184   0.001000
 -0.310775  -0.064898  -0.379708   0.868924   0.919787   0.989184   0.001000
 -0.310775  -0.064898  -0.379708   0.868924   0.919787   0.989184   0.001000
 -0.310775  -0.064898  -0.379708   0.868924   0.919787   0.989184   0.001000
 -0.310775  -0.064898  -0.379708   0.868924   0.919787   0.989184   0.001000
 -0.310775  -0.064898  -0.379708   0.868924   0.919787   0.989184   0.001000
 -0.310775  -0.064898  -0.379708   0.868924   0.919787   0.989184   0.001000
 -0.310775  -0.064898  -0.379708   0.868924   0.919787   0.989184   0.001000
 -0.310775  -0.064898  -0.379708   0.868924   0.919787   0.989184   0.001000
 -0.310775  -0.064898  -0.379708   0.868924   0.919787   0.989184   0.001000
 -0.310775  -0.064898  -0.379708   0.868924   0.919787   0.989184   0.001000
 -0.310775  -0.064898  -0.379708   0.868924   0.919787   0.989184   0.001000
 -0.310775  -0.064898  -0.379708   0.868924   0.919787   0.989184   0.001000
 -0.310775  -0.064898  -0.379708   0.868924   0.919787   0.989184   0.001000
 -0.310775  -0.064898  -0.379708   0.868924   0.919787   0.989184   0.001000
 -0.310775  -0.064898  -0.379708   0.868924   0.919787   0.989184   0.001000
 -0.310775  -0.064898  -0.379708   0.868924   0.919787   0.989184   0.001000
 -0.310775  -0.064898  -0.379708   0.868924   0.919787   0.989184   0.001000
 -0.310775  -0.064898  -0.379708   0.868924   0.919787   0.989184   0.001000
 -0.310775  -0.064898  -0.379708   0.868924   0.919787   0.989184   0.001000
 -0.310775  -0.064898  -0.379708   0.868924   0.919787   0.989184   0.001000
 -0.310775  -0.064898  -0.379708   0.868924   0.919787   0.989184   0.001000
 -0.310775  -0.064898  -0.379708   0.868924   0.919787   0.989184   0.001000
 -0.310775  -0.064898  -0.379708   0.868924   0.919787   0.989184   0.001000
 -0.310775  -0.064898  -0.379708   0.868924   0.919787   0.989184   0.001000
 -0.310775  -0.064898  -0.379708   0.868924   0.919787   0.989184   0.001000
 -0.310775  -0.064898  -0.379708   0.868924   0.919787   0.989184   0.001000
 -0.310775  -0.064898  -0.379708   0.868924   0.919787   0.989184   0.001000
 -0.310775  -0.064898  -0.379708   0.868924   0.919787   0.989184   0.001000
 -0.310775  -0.064898  -0.379708   0.868924   0.919787   0.989184   0.001000
 -0.310775  -0.064898  -0.379708   0.868924   0.919787   0.989184   0.001000
 -0.310775  -0.064898  -0.379708   0.868924   0.919787   0.989184   0.001000
 -0.310775  -0.064898  -0.379708   0.868924   0.919787   0.989184   0.001000
 -0.310775  -0.064898  -0.379708   0.868924   0.919787   0.989184   0.001000
 -0.310775  -0.064898  -0.379708   0.868924   0.919787   0.989184   0.001000
 -0.310775  -0.064898  -0.379708   0.868924   0.919787   0.989184   0.001000
 -0.310775  -0.064898  -0.379708   0.868924   0.919787   0.989184   0.001000
 -0.310775  -0.064898  -0.379708   0.868924   0.919787   0.989184   0.001000
 -0.310775  -0.064898  -0.379708   0.868924   0.919787   0.989184   0.001000
 -0.310775  -0.064898  -0.379708   0.868924   0.919787   0.989184   0.001000
 -0.310775  -0.064898  -0.379708   0.868924   0.919787   0.989184   0.001000
 -0.310775  -0.064898  -0.379708   0.868924   0.919787   0.989184   0.001000
 -0.310775  -0.064898  -0.379708   0.868924   0.919787   0.989184   0.001000
 -0.310775  -0.064898  -0.379708   0.868924   0.919787   0.989184   0.001000
 -0.310775  -0.064898  -0.379708   0.868924   0.919787   0.989184   0.001000
 -0.310775  -0.064898  -0.379708   0.868924   0.919787   0.989184   0.001000
 -0.310775  -0.064898  -0.379708   0.868924   0.919787   0.989184   0.001000
 -0.310775  -0.064898  -0.379708   0.868924   0.919787   0.989184   0.001000
 -0.299627  -0.080044  -0.369893   0.875783   0.801403   1.090626   0.001000
 -0.303174  -0.084005  -0.378992   0.870284   0.908632   0.987675   0.001000
 -0.298701  -0.059704  -0.392455   0.867866   0.743592   1.085042   0.001000
 -0.306072  -0.090330  -0.386675   0.865241   0.892762   1.133746   0.001000
 -0.306218  -0.074240  -0.386273   0.866898   0.711172   1.062929   0.001000
 -0.306218  -0.074240  -0.386273   0.866898   0.711172   1.062929   0.001000
 -0.306218  -0.074240  -0.386273   0.866898   0.711172   1.062929   0.001000
 -0.306218  -0.074240  -0.386273   0.866898   0.711172   1.062929   0.001000
 -0.306218  -0.074240  -0.386273   0.866898   0.711172   1.062929   0.001000
 -0.306218  -0.074240  -0.386273   0.866898   0.711172   1.062929   0.001000
 -0.306218  -0.074240  -0.386273   0.866898   0.711172   1.062929   0.001000
 -0.306218  -0.074240  -0.386273   0.866898   0.711172   1.062929   0.001000
 -0.306218  -0.074240  -0.386273   0.866898   0.711172   1.062929   0.001000
 -0.306218  -0.074240  -0.386273   0.866898   0.711172   1.062929   0.001000
 -0.306218  -0.074240  -0.386273   0.866898   0.711172   1.062929   0.001000
 -0.306218  -0.074240  -0.386273   0.866898   0.711172   1.062929   0.001000
 -0.164659  -0.069808  -0.401193   0.898364   0.887912   1.133835   0.001000
 -0.292803  -0.088074  -0.377653   0.874007   0.826644   1.109658   0.001000
 -0.306636  -0.068543  -0.379049   0.870401   0.851500   1.064895   0.001000
 -0.306636  -0.068543  -0.379049   0.870401   0.851500   1.064895   0.001000
 -0.306636  -0.068543  -0.379049   0.870401   0.851500   1.064895   0.001000
 -0.306636  -0.068543  -0.379049   0.870401   0.851500   1.064895   0.001000
 -0.306636  -0.068543  -0.379049   0.870401   0.851500   1.064895   0.001000
 -0.306636  -0.068543  -0.379049   0.870401   0.851500   1.064895   0.001000
 -0.306636  -0.068543  -0.379049   0.870401   0.851500   1.064895   0.001000
 -0.306636  -0.068543  -0.379049   0.870401   0.851500   1.064895   0.001000
 -0.306636  -0.068543  -0.379049   0.870401   0.851500   1.064895   0.001000
 -0.306636  -0.068543  -0.379049   0.870401   0.851500   1.064895   0.001000
 -0.306636  -0.068543  -0.379049   0.870401   0.851500   1.064895   0.001000
 -0.306636  -0.068543  -0.379049   0.870401   0.851500   1.064895   0.001000
 -0.306636  -0.068543  -0.379049   0.870401   0.851500   1.064895   0.001000
 -0.306636  -0.068543  -0.379049   0.870401   0.851500   1.064895   0.001000
 -0.306636  -0.068543  -0.379049   0.870401   0.851500   1.064895   0.001000
 -0.306636  -0.068543  -0.379049   0.870401   0.851500   1.064895   0.001000
 -0.306636  -0.068543  -0.379049   0.870401   0.851500   1.064895   0.001000
 -0.306636  -0.068543  -0.379049   0.870401   0.851500   1.064895   0.001000
 -0.306636  -0.068543  -0.379049   0.870401   0.851500   1.064895   0.001000
 -0.306636  -0.068543  -0.379049   0.870401   0.851500   1.064895   0.001000
 -0.306636  -0.068543  -0.379049   0.870401   0.851500   1.064895   0.001000
 -0.306636  -0.068543  -0.379049   0.870401   0.851500   1.064895   0.001000
 -0.306636  -0.068543  -0.379049   0.870401   0.851500   1.064895   0.001000
 -0.306636  -0.068543  -0.379049   0.870401   0.851500   1.064895   0.001000
 -0.306636  -0.068543  -0.379049   0.870401   0.851500   1.064895   0.001000
 -0.306636  -0.068543  -0.379049   0.870401   0.851500   1.064895   0.001000
 -0.306636  -0.068543  -0.379049   0.870401   0.851500   1.064895   0.001000
 -0.306636  -0.068543  -0.379049   0.870401   0.851500   1.064895   0.001000
 -0.306636  -0.068543  -0.379049   0.870401   0.851500   1.064895   0.001000
 -0.306636  -0.068543  -0.379049   0.870401   0.851500   1.064895   0.001000
 -0.304209  -0.041622  -0.377610   0.873576   0.851247   1.107471   0.001000
 -0.303068  -0.079536  -0.374614   0.872633   0.904070   1.047383   0.001000
 -0.307179  -0.066074  -0.379871   0.870042   0.805135   1.142164   0.001000
 -0.307179  -0.066074  -0.379871   0.870042   0.805135   1.142164   0.001000
 -0.307179  -0.066074  -0.379871   0.870042   0.805135   1.142164   0.001000
 -0.307179  -0.066074  -0.379871   0.870042   0.805135   1.142164   0.001000
 -0.307179  -0.066074  -0.379871   0.870042   0.805135   1.142164   0.001000
 -0.307179  -0.066074  -0.379871   0.870042   0.805135   1.142164   0.001000
 -0.307179  -0.066074  -0.379871   0.870042   0.805135   1.142164   0.001000
 -0.307179  -0.066074  -0.379871   0.870042   0.805135   1.142164   0.001000
 -0.307179  -0.066074  -0.379871   0.870042   0.805135   1.142164   0.001000
 -0.307179  -0.066074  -0.379871   0.870042   0.805135   1.142164   0.001000
 -0.307179  -0.066074  -0.379871   0.870042   0.805135   1.142164   0.001000
 -0.307179  -0.066074  -0.379871   0.870042   0.805135   1.142164   0.001000
 -0.307179  -0.066074  -0.379871   0.870042   0.805135   1.142164   0.001000
 -0.307179  -0.066074  -0.379871   0.870042   0.805135   1.142164   0.001000
 -0.307179  -0.066074  -0.379871   0.870042   0.805135   1.142164   0.001000
 -0.307179  -0.066074  -0.379871   0.870042   0.805135   1.142164   0.001000
 -0.307179  -0.066074  -0.379871   0.870042   0.805135   1.142164   0.001000
 -0.307179  -0.066074  -0.379871   0.870042   0.805135   1.142164   0.001000
 -0.307179  -0.066074  -0.379871   0.870042   0.805135   1.142164   0.001000
 -0.307179  -0.066074  -0.379871   0.870042   0.805135   1.142164   0.001000
 -0.299687  -0.091209  -0.396151   0.863095   0.798177   1.122735   0.001000
 -0.320145  -0.061391  -0.388457   0.861882   1.178996   1.154821   0.001000
 -0.300879  -0.059547  -0.379019   0.873081   1.091650   1.101353   0.001000
 -0.299363  -0.054473  -0.387537   0.870189   1.226577   1.308667   0.001000
 -0.311380  -0.068775  -0.396090   0.861060   1.153263   1.128313   0.001000
 -0.311380  -0.068775  -0.396090   0.861060   1.153263   1.128313   0.001000
 -0.311380  -0.068775  -0.396090   0.861060   1.153263   1.128313   0.001000
 -0.311380  -0.068775  -0.396090   0.861060   1.153263   1.128313   0.001000
 -0.304515  -0.087101  -0.421368   0.849784   1.013212   1.270578   0.001000
 -0.290159  -0.065977  -0.370332   0.879948   1.142242   1.282233   0.001000
 -0.290159  -0.065977  -0.370332   0.879948   1.142242   1.282233   0.001000
 -0.290159  -0.065977  -0.370332   0.879948   1.142242   1.282233   0.001000
 -0.314729  -0.059425  -0.378632   0.868362   0.965832   1.295554   0.001000
 -0.314729  -0.059425  -0.378632   0.868362   0.965832   1.295554   0.001000
 -0.310952  -0.073826  -0.382885   0.866751   1.244579   1.135978   0.001000
 -0.310952  -0.073826  -0.382885   0.866751   1.244579   1.135978   0.001000
 -0.285863  -0.072311  -0.394740   0.870192   0.995431   1.229632   0.001000
 -0.305791  -0.072742  -0.375701   0.871808   1.062936   1.302378   0.001000
 -0.305791  -0.072742  -0.375701   0.871808   1.062936   1.302378   0.001000
 -0.305791  -0.072742  -0.375701   0.871808   1.062936   1.302378   0.001000
 -0.300652  -0.080490  -0.355771   0.881225   1.150553   1.039610   0.001000
 -0.311256  -0.062722  -0.379312   0.869084   1.200547   0.990482   0.001000
 -0.311256  -0.062722  -0.379312   0.869084   1.200547   0.990482   0.001000
 -0.311256  -0.062722  -0.379312   0.869084   1.200547   0.990482   0.001000
 -0.311256  -0.062722  -0.379312   0.869084   1.200547   0.990482   0.001000
 -0.305706  -0.064153  -0.398450   0.862361   0.912275   1.196053   0.001000
 -0.305706  -0.064153  -0.398450   0.862361   0.912275   1.196053   0.001000
 -0.305706  -0.064153  -0.398450   0.862361   0.912275   1.196053   0.001000
 -0.305706  -0.064153  -0.398450   0.862361   0.912275   1.196053   0.001000
 -0.305706  -0.064153  -0.398450   0.862361   0.912275   1.196053   0.001000
 -0.305706  -0.064153  -0.398450   0.862361   0.912275   1.196053   0.001000
 -0.303631  -0.058755  -0.383366   0.870280   0.872198   1.307486   0.001000
 -0.287464  -0.068121  -0.371758   0.880068   1.046008   1.247508   0.001000
 -0.302356  -0.064436  -0.389154   0.867749   0.927352   1.224796   0.001000
 -0.302356  -0.064436  -0.389154   0.867749   0.927352   1.224796   0.001000
 -0.302356  -0.064436  -0.389154   0.867749   0.927352   1.224796   0.001000
 -0.302356  -0.064436  -0.389154   0.867749   0.927352   1.224796   0.001000
 -0.302356  -0.064436  -0.389154   0.867749   0.927352   1.224796   0.001000
 -0.302356  -0.064436  -0.389154   0.867749   0.927352   1.224796   0.001000
 -0.302356  -0.064436  -0.389154   0.867749   0.927352   1.224796   0.001000
 -0.338456  -0.042051  -0.382746   0.858595   1.006072   1.165544   0.001000
 -0.338456  -0.042051  -0.382746   0.858595   1.006072   1.165544   0.001000
 -0.338456  -0.042051  -0.382746   0.858595   1.006072   1.165544   0.001000
 -0.338456  -0.042051  -0.382746   0.858595   1.006072   1.165544   0.001000
 -0.338456  -0.042051  -0.382746   0.858595   1.006072   1.165544   0.001000
 -0.338456  -0.042051  -0.382746   0.858595   1.006072   1.165544   0.001000
 -0.329572  -0.073759  -0.370395   0.865303   0.963630   1.302816   0.001000
 -0.312493  -0.065983  -0.381960   0.867238   0.902350   1.192138   0.001000
 -0.312493  -0.065983  -0.381960   0.867238   0.902350   1.192138   0.001000
 -0.312493  -0.065983  -0.381960   0.867238   0.902350   1.192138   0.001000
 -0.312493  -0.065983  -0.381960   0.867238   0.902350   1.192138   0.001000
 -0.272038  -0.072224  -0.379183   0.881476   0.716661   1.292596   0.001000
 -0.268051  -0.088108  -0.385991   0.878292   0.751678   1.185888   0.001000
 -0.283496  -0.075907  -0.370108   0.881413   0.824396   1.027060   0.001000
 -0.283496  -0.075907  -0.370108   0.881413   0.824396   1.027060   0.001000
 -0.283496  -0.075907  -0.370108   0.881413   0.824396   1.027060   0.001000
 -0.283496  -0.075907  -0.370108   0.881413   0.824396   1.027060   0.001000
 -0.286629  -0.062659  -0.384435   0.875287   0.887940   0.926815   0.001000
 -0.312876  -0.057859  -0.386507   0.865664   0.841053   1.112153   0.001000
 -0.312876  -0.057859  -0.386507   0.865664   0.841053   1.112153   0.001000
 -0.312876  -0.057859  -0.386507   0.865664   0.841053   1.112153   0.001000
 -0.312876  -0.057859  -0.386507   0.865664   0.841053   1.112153   0.001000
 -0.312876  -0.057859  -0.386507   0.865664   0.841053   1.112153   0.001000
 -0.312876  -0.057859  -0.386507   0.865664   0.841053   1.112153   0.001000
 -0.312876  -0.057859  -0.386507   0.865664   0.841053   1.112153   0.001000
 -0.312876  -0.057859  -0.386507   0.865664   0.841053   1.112153   0.001000
 -0.312876  -0.057859  -0.386507   0.865664   0.841053   1.112153   0.001000
 -0.312876  -0.057859  -0.386507   0.865664   0.841053   1.112153   0.001000
 -0.312876  -0.057859  -0.386507   0.865664   0.841053   1.112153   0.001000
 -0.312876  -0.057859  -0.386507   0.865664   0.841053   1.112153   0.001000
 -0.312876  -0.057859  -0.386507   0.865664   0.841053   1.112153   0.001000
 -0.312876  -0.057859  -0.386507   0.865664   0.841053   1.112153   0.001000
 -0.312876  -0.057859  -0.386507   0.865664   0.841053   1.112153   0.001000
 -0.312876  -0.057859  -0.386507   0.865664   0.841053   1.112153   0.001000
 -0.312876  -0.057859  -0.386507   0.865664   0.841053   1.112153   0.001000
 -0.312876  -0.057859  -0.386507   0.865664   0.841053   1.112153   0.001000
 -0.312876  -0.057859  -0.386507   0.865664   0.841053   1.112153   0.001000
 -0.312876  -0.057859  -0.386507   0.865664   0.841053   1.112153   0.001000
 -0.312876  -0.057859  -0.386507   0.865664   0.841053   1.112153   0.001000
 -0.312876  -0.057859  -0.386507   0.865664   0.841053   1.112153   0.001000
 -0.312876  -0.057859  -0.386507   0.865664   0.841053   1.112153   0.001000
 -0.312876  -0.057859  -0.386507   0.865664   0.841053   1.112153   0.001000
 -0.312876  -0.057859  -0.386507   0.865664   0.841053   1.112153   0.001000
 -0.312876  -0.057859  -0.386507   0.865664   0.841053   1.112153   0.001000
 -0.312876  -0.057859  -0.386507   0.865664   0.841053   1.112153   0.001000
 -0.312876  -0.057859  -0.386507   0.865664   0.841053   1.112153   0.001000
 -0.312876  -0.057859  -0.386507   0.865664   0.841053   1.112153   0.001000
 -0.312876  -0.057859  -0.386507   0.865664   0.841053   1.112153   0.001000
 -0.312876  -0.057859  -0.386507   0.865664   0.841053   1.112153   0.001000
 -0.312876  -0.057859  -0.386507   0.865664   0.841053   1.112153   0.001000
 -0.312876  -0.057859  -0.386507   0.865664   0.841053   1.112153   0.001000
 -0.312876  -0.057859  -0.386507   0.865664   0.841053   1.112153   0.001000
 -0.312876  -0.057859  -0.386507   0.865664   0.841053   1.112153   0.001000
 -0.312876  -0.057859  -0.386507   0.865664   0.841053   1.112153   0.001000
 -0.312876  -0.057859  -0.386507   0.865664   0.841053   1.112153   0.001000
 -0.312876  -0.057859  -0.386507   0.865664   0.841053   1.112153   0.001000
 -0.312876  -0.057859  -0.386507   0.865664   0.841053   1.112153   0.001000
 -0.312876  -0.057859  -0.386507   0.865664   0.841053   1.112153   0.001000
 -0.312876  -0.057859  -0.386507   0.865664   0.841053   1.112153   0.001000
 -0.312876  -0.057859  -0.386507   0.865664   0.841053   1.112153   0.001000
 -0.312876  -0.057859  -0.386507   0.865664   0.841053   1.112153   0.001000
 -0.312876  -0.057859  -0.386507   0.865664   0.841053   1.112153   0.001000
 -0.312876  -0.057859  -0.386507   0.865664   0.841053   1.112153   0.001000
 -0.312876  -0.057859  -0.386507   0.865664   0.841053   1.112153   0.001000
 -0.312876  -0.057859  -0.386507   0.865664   0.841053   1.112153   0.001000
 -0.312876  -0.057859  -0.386507   0.865664   0.841053   1.112153   0.001000
 -0.312876  -0.057859  -0.386507   0.865664   0.841053   1.112153   0.001000
 -0.306229  -0.070339  -0.395839   0.862895   0.934676   1.208190   0.001000
 -0.283429  -0.069017  -0.399727   0.868978   0.591636   1.110911   0.001000
 -0.313116  -0.087462  -0.376889   0.867331   0.746824   0.995640   0.001000
 -0.314568  -0.074645  -0.374227   0.869154   0.626757   1.187309   0.001000
 -0.297313  -0.081341  -0.385434   0.869729   0.712861   1.080602   0.001000
 -0.310048  -0.062766  -0.374472   0.871608   0.645289   1.339868   0.001000
 -0.310048  -0.062766  -0.374472   0.871608   0.645289   1.339868   0.001000
 -0.310048  -0.062766  -0.374472   0.871608   0.645289   1.339868   0.001000
 -0.246999  -0.087537  -0.371232   0.890795   0.731760   1.192472   0.001000
 -0.246999  -0.087537  -0.371232   0.890795   0.731760   1.192472   0.001000
 -0.287248  -0.069854  -0.377961   0.877356   0.636002   0.998616   0.001000
 -0.287248  -0.069854  -0.377961   0.877356   0.636002   0.998616   0.001000
 -0.287248  -0.069854  -0.377961   0.877356   0.636002   0.998616   0.001000
 -0.287248  -0.069854  -0.377961   0.877356   0.636002   0.998616   0.001000
 -0.287248  -0.069854  -0.377961   0.877356   0.636002   0.998616   0.001000
 -0.287248  -0.069854  -0.377961   0.877356   0.636002   0.998616   0.001000
 -0.287248  -0.069854  -0.377961   0.877356   0.636002   0.998616   0.001000
 -0.287248  -0.069854  -0.377961   0.877356   0.636002   0.998616   0.001000
 -0.287248  -0.069854  -0.377961   0.877356   0.636002   0.998616   0.001000
 -0.287248  -0.069854  -0.377961   0.877356   0.636002   0.998616   0.001000
 -0.287248  -0.069854  -0.377961   0.877356   0.636002   0.998616   0.001000
 -0.287248  -0.069854  -0.377961   0.877356   0.636002   0.998616   0.001000
 -0.287248  -0.069854  -0.377961   0.877356   0.636002   0.998616   0.001000
 -0.287248  -0.069854  -0.377961   0.877356   0.636002   0.998616   0.001000
 -0.287248  -0.069854  -0.377961   0.877356   0.636002   0.998616   0.001000
 -0.287248  -0.069854  -0.377961   0.877356   0.636002   0.998616   0.001000
 -0.287248  -0.069854  -0.377961   0.877356   0.636002   0.998616   0.001000
 -0.287248  -0.069854  -0.377961   0.877356   0.636002   0.998616   0.001000
 -0.287248  -0.069854  -0.377961   0.877356   0.636002   0.998616   0.001000
 -0.292500  -0.062745  -0.413212   0.860094   0.863342   0.935986   0.001000
 -0.304211  -0.070685  -0.375437   0.872643   0.654333   0.795032   0.001000
 -0.304211  -0.070685  -0.375437   0.872643   0.654333   0.795032   0.001000
 -0.304211  -0.070685  -0.375437   0.872643   0.654333   0.795032   0.001000
 -0.304211  -0.070685  -0.375437   0.872643   0.654333   0.795032   0.001000
 -0.304211  -0.070685  -0.375437   0.872643   0.654333   0.795032   0.001000
 -0.304211  -0.070685  -0.375437   0.872643   0.654333   0.795032   0.001000
 -0.304211  -0.070685  -0.375437   0.872643   0.654333   0.795032   0.001000
 -0.311160  -0.070067  -0.369321   0.872853   0.684054   0.946588   0.001000
 -0.311160  -0.070067  -0.369321   0.872853   0.684054   0.946588   0.001000
 -0.303051  -0.064494  -0.371760   0.875097   0.751660   0.749225   0.001000
 -0.303051  -0.064494  -0.371760   0.875097   0.751660   0.749225   0.001000
 -0.303051  -0.064494  -0.371760   0.875097   0.751660   0.749225   0.001000
 -0.303051  -0.064494  -0.371760   0.875097   0.751660   0.749225   0.001000
 -0.303051  -0.064494  -0.371760   0.875097   0.751660   0.749225   0.001000
 -0.303051  -0.064494  -0.371760   0.875097   0.751660   0.749225   0.001000
 -0.303051  -0.064494  -0.371760   0.875097   0.751660   0.749225   0.001000
 -0.303051  -0.064494  -0.371760   0.875097   0.751660   0.749225   0.001000
 -0.303051  -0.064494  -0.371760   0.875097   0.751660   0.749225   0.001000
 -0.303051  -0.064494  -0.371760   0.875097   0.751660   0.749225   0.001000
 -0.303051  -0.064494  -0.371760   0.875097   0.751660   0.749225   0.001000
 -0.300746  -0.095852  -0.339655   0.886001   0.794667   0.987919   0.001000
 -0.290275  -0.054072  -0.373966   0.879185   0.717087   0.847777   0.001000
 -0.301610  -0.064836  -0.380422   0.871841   0.784758   0.872354   0.001000
 -0.327470  -0.038000  -0.385889   0.861632   0.943986   1.298925   0.001000
 -0.286849  -0.062269  -0.377037   0.878455   0.889548   1.028500   0.001000
 -0.287327  -0.060297  -0.383803   0.875501   1.053105   1.119849   0.001000
 -0.287327  -0.060297  -0.383803   0.875501   1.053105   1.119849   0.001000
 -0.287327  -0.060297  -0.383803   0.875501   1.053105   1.119849   0.001000
 -0.369660  -0.035178  -0.424164   0.825953   0.956855   1.049363   0.001000
 -0.296429  -0.060306  -0.386846   0.871116   0.924118   1.102800   0.001000
 -0.296429  -0.060306  -0.386846   0.871116   0.924118   1.102800   0.001000
 -0.296429  -0.060306  -0.386846   0.871116   0.924118   1.102800   0.001000
 -0.296429  -0.060306  -0.386846   0.871116   0.924118   1.102800   0.001000
 -0.298799  -0.049075  -0.385680   0.871529   0.773874   0.878322   0.001000
 -0.277185  -0.070361  -0.382257   0.878691   0.561074   0.791603   0.001000
 -0.284790  -0.070532  -0.382232   0.876252   0.612697   0.999594   0.001000
 -0.284790  -0.070532  -0.382232   0.876252   0.612697   0.999594   0.001000
 -0.284790  -0.070532  -0.382232   0.876252   0.612697   0.999594   0.001000
 -0.298163  -0.073719  -0.386027   0.869855   0.980888   1.052741   0.001000
 -0.298163  -0.073719  -0.386027   0.869855   0.980888   1.052741   0.001000
 -0.298163  -0.073719  -0.386027   0.869855   0.980888   1.052741   0.001000
 -0.298163  -0.073719  -0.386027   0.869855   0.980888   1.052741   0.001000
 -0.298163  -0.073719  -0.386027   0.869855   0.980888   1.052741   0.001000
 -0.298163  -0.073719  -0.386027   0.869855   0.980888   1.052741   0.001000
 -0.298163  -0.073719  -0.386027   0.869855   0.980888   1.052741   0.001000
 -0.298163  -0.073719  -0.386027   0.869855   0.980888   1.052741   0.001000
 -0.298163  -0.073719  -0.386027   0.869855   0.980888   1.052741   0.001000
 -0.298163  -0.073719  -0.386027   0.869855   0.980888   1.052741   0.001000
 -0.298163  -0.073719  -0.386027   0.869855   0.980888   1.052741   0.001000
 -0.298163  -0.073719  -0.386027   0.869855   0.980888   1.052741   0.001000
 -0.298163  -0.073719  -0.386027   0.869855   0.980888   1.052741   0.001000
 -0.298163  -0.073719  -0.386027   0.869855   0.980888   1.052741   0.001000
 -0.298163  -0.073719  -0.386027   0.869855   0.980888   1.052741   0.001000
 -0.298163  -0.073719  -0.386027   0.869855   0.980888   1.052741   0.001000
 -0.298163  -0.073719  -0.386027   0.869855   0.980888   1.052741   0.001000
 -0.298163  -0.073719  -0.386027   0.869855   0.980888   1.052741   0.001000
 -0.298163  -0.073719  -0.386027   0.869855   0.980888   1.052741   0.001000
 -0.298163  -0.073719  -0.386027   0.869855   0.980888   1.052741   0.001000
 -0.298163  -0.073719  -0.386027   0.869855   0.980888   1.052741   0.001000
 -0.298163  -0.073719  -0.386027   0.869855   0.980888   1.052741   0.001000
 -0.298163  -0.073719  -0.386027   0.869855   0.980888   1.052741   0.001000
 -0.298163  -0.073719  -0.386027   0.869855   0.980888   1.052741   0.001000
 -0.298163  -0.073719  -0.386027   0.869855   0.980888   1.052741   0.001000
 -0.298163  -0.073719  -0.386027   0.869855   0.980888   1.052741   0.001000
 -0.303272  -0.059273  -0.378617   0.872446   0.837314   1.167820   0.001000
 -0.303272  -0.059273  -0.378617   0.872446   0.837314   1.167820   0.001000
 -0.303272  -0.059273  -0.378617   0.872446   0.837314   1.167820   0.001000
 -0.303272  -0.059273  -0.378617   0.872446   0.837314   1.167820   0.001000
 -0.303272  -0.059273  -0.378617   0.872446   0.837314   1.167820   0.001000
 -0.303272  -0.059273  -0.378617   0.872446   0.837314   1.167820   0.001000
 -0.303272  -0.059273  -0.378617   0.872446   0.837314   1.167820   0.001000
 -0.303272  -0.059273  -0.378617   0.872446   0.837314   1.167820   0.001000
 -0.303272  -0.059273  -0.378617   0.872446   0.837314   1.167820   0.001000
 -0.303272  -0.059273  -0.378617   0.872446   0.837314   1.167820   0.001000
 -0.303272  -0.059273  -0.378617   0.872446   0.837314   1.167820   0.001000
 -0.303272  -0.059273  -0.378617   0.872446   0.837314   1.167820   0.001000
 -0.303272  -0.059273  -0.378617   0.872446   0.837314   1.167820   0.001000
 -0.303272  -0.059273  -0.378617   0.872446   0.837314   1.167820   0.001000
 -0.307880  -0.068011  -0.376517   0.871103   0.861483   1.060998   0.001000
 -0.307880  -0.068011  -0.376517   0.871103   0.861483   1.060998   0.001000
 -0.307880  -0.068011  -0.376517   0.871103   0.861483   1.060998   0.001000
 -0.307880  -0.068011  -0.376517   0.871103   0.861483   1.060998   0.001000
 -0.307880  -0.068011  -0.376517   0.871103   0.861483   1.060998   0.001000
 -0.297197  -0.061645  -0.390634   0.869068   0.693473   1.124035   0.001000
 -0.312000  -0.080760  -0.389045   0.863005   0.849799   1.171911   0.001000
 -0.312000  -0.080760  -0.389045   0.863005   0.849799   1.171911   0.001000
 -0.312000  -0.080760  -0.389045   0.863005   0.849799   1.171911   0.001000
 -0.312000  -0.080760  -0.389045   0.863005   0.849799   1.171911   0.001000
 -0.291686  -0.053470  -0.400086   0.867174   0.804137   1.104423   0.001000
 -0.296716  -0.073224  -0.384316   0.871148   0.657525   1.234581   0.001000
 -0.296716  -0.073224  -0.384316   0.871148   0.657525   1.234581   0.001000
 -0.296716  -0.073224  -0.384316   0.871148   0.657525   1.234581   0.001000
 -0.296716  -0.073224  -0.384316   0.871148   0.657525   1.234581   0.001000
 -0.296716  -0.073224  -0.384316   0.871148   0.657525   1.234581   0.001000
 -0.296716  -0.073224  -0.384316   0.871148   0.657525   1.234581   0.001000
 -0.296716  -0.073224  -0.384316   0.871148   0.657525   1.234581   0.001000
 -0.296716  -0.073224  -0.384316   0.871148   0.657525   1.234581   0.001000
 -0.281847  -0.061075  -0.415123   0.862847   0.898585   1.169188   0.001000
 -0.324554  -0.091259  -0.379174   0.861721   0.763811   1.139471   0.001000
 -0.289289  -0.072398  -0.378013   0.876457   0.875291   1.124576   0.001000
 -0.289289  -0.072398  -0.378013   0.876457   0.875291   1.124576   0.001000
 -0.289289  -0.072398  -0.378013   0.876457   0.875291   1.124576   0.001000
 -0.289289  -0.072398  -0.378013   0.876457   0.875291   1.124576   0.001000
 -0.289289  -0.072398  -0.378013   0.876457   0.875291   1.124576   0.001000
 -0.289289  -0.072398  -0.378013   0.876457   0.875291   1.124576   0.001000
 -0.289289  -0.072398  -0.378013   0.876457   0.875291   1.124576   0.001000
 -0.292493  -0.079609  -0.382049   0.873011   0.775947   1.277072   0.001000
 -0.292493  -0.079609  -0.382049   0.873011   0.775947   1.277072   0.001000
 -0.307724  -0.070153  -0.368680   0.874334   0.722197   1.090283   0.001000
 -0.295592  -0.055157  -0.384155   0.872930   0.574454   1.159209   0.001000
 -0.291186  -0.067893  -0.380384   0.875162   0.594549   1.278415   0.001000
 -0.291186  -0.067893  -0.380384   0.875162   0.594549   1.278415   0.001000
 -0.291186  -0.067893  -0.380384   0.875162   0.594549   1.278415   0.001000
 -0.295173  -0.075996  -0.373937   0.875939   0.636602   1.249256   0.001000
 -0.295173  -0.075996  -0.373937   0.875939   0.636602   1.249256   0.001000
 -0.295173  -0.075996  -0.373937   0.875939   0.636602   1.249256   0.001000
 -0.303413  -0.054728  -0.390984   0.867224   0.659035   1.236403   0.001000
 -0.304709  -0.060640  -0.381249   0.870703   0.681104   0.938048   0.001000
 -0.304709  -0.060640  -0.381249   0.870703   0.681104   0.938048   0.001000
 -0.304709  -0.060640  -0.381249   0.870703   0.681104   0.938048   0.001000
 -0.304709  -0.060640  -0.381249   0.870703   0.681104   0.938048   0.001000
 -0.304709  -0.060640  -0.381249   0.870703   0.681104   0.938048   0.001000
 -0.304709  -0.060640  -0.381249   0.870703   0.681104   0.938048   0.001000
 -0.304709  -0.060640  -0.381249   0.870703   0.681104   0.938048   0.001000
 -0.304709  -0.060640  -0.381249   0.870703   0.681104   0.938048   0.001000
 -0.304709  -0.060640  -0.381249   0.870703   0.681104   0.938048   0.001000
 -0.304709  -0.060640  -0.381249   0.870703   0.681104   0.938048   0.001000
 -0.288920  -0.048433  -0.363071   0.884511   0.750874   1.111350   0.001000
 -0.303578  -0.070577  -0.386413   0.868069   0.873475   1.013297   0.001000
 -0.303578  -0.070577  -0.386413   0.868069   0.873475   1.013297   0.001000
 -0.303578  -0.070577  -0.386413   0.868069   0.873475   1.013297   0.001000
 -0.303578  -0.070577  -0.386413   0.868069   0.873475   1.013297   0.001000
 -0.303578  -0.070577  -0.386413   0.868069   0.873475   1.013297   0.001000
 -0.303578  -0.070577  -0.386413   0.868069   0.873475   1.013297   0.001000
 -0.303578  -0.070577  -0.386413   0.868069   0.873475   1.013297   0.001000
 -0.303578  -0.070577  -0.386413   0.868069   0.873475   1.013297   0.001000
 -0.303578  -0.070577  -0.386413   0.868069   0.873475   1.013297   0.001000
 -0.303578  -0.070577  -0.386413   0.868069   0.873475   1.013297   0.001000
 -0.303578  -0.070577  -0.386413   0.868069   0.873475   1.013297   0.001000
 -0.311589  -0.043026  -0.386248   0.867106   0.788323   1.125085   0.001000
 -0.307858  -0.070115  -0.390389   0.864815   0.700189   0.976821   0.001000
 -0.298315  -0.083029  -0.389731   0.867308   0.837072   1.103638   0.001000
 -0.304268  -0.109744  -0.375506   0.868546   0.765581   1.017519   0.001000
 -0.290417  -0.074819  -0.387145   0.871883   0.725806   1.046708   0.001000
 -0.290417  -0.074819  -0.387145   0.871883   0.725806   1.046708   0.001000
 -0.290417  -0.074819  -0.387145   0.871883   0.725806   1.046708   0.001000
 -0.290417  -0.074819  -0.387145   0.871883   0.725806   1.046708   0.001000
 -0.290417  -0.074819  -0.387145   0.871883   0.725806   1.046708   0.001000
 -0.290417  -0.074819  -0.387145   0.871883   0.725806   1.046708   0.001000
 -0.290417  -0.074819  -0.387145   0.871883   0.725806   1.046708   0.001000
 -0.290417  -0.074819  -0.387145   0.871883   0.725806   1.046708   0.001000
 -0.290417  -0.074819  -0.387145   0.871883   0.725806   1.046708   0.001000
 -0.280751  -0.078232  -0.376994   0.879167   0.766730   1.266699   0.001000
 -0.272859  -0.075825  -0.378300   0.881299   0.690703   1.251224   0.001000
 -0.263004  -0.082339  -0.391771   0.877818   0.719504   1.295148   0.001000
 -0.288853  -0.060638  -0.377299   0.877800   0.843965   0.961172   0.001000
 -0.291614  -0.066366  -0.368930   0.880027   0.711191   1.008795   0.001000
 -0.291437  -0.056233  -0.383280   0.874642   0.730693   1.027979   0.001000
 -0.291437  -0.056233  -0.383280   0.874642   0.730693   1.027979   0.001000
 -0.314107  -0.052767  -0.381760   0.867647   0.830603   1.014322   0.001000
 -0.314107  -0.052767  -0.381760   0.867647   0.830603   1.014322   0.001000
 -0.314107  -0.052767  -0.381760   0.867647   0.830603   1.014322   0.001000
 -0.314107  -0.052767  -0.381760   0.867647   0.830603   1.014322   0.001000
 -0.314107  -0.052767  -0.381760   0.867647   0.830603   1.014322   0.001000
 -0.314107  -0.052767  -0.381760   0.867647   0.830603   1.014322   0.001000
 -0.314107  -0.052767  -0.381760   0.867647   0.830603   1.014322   0.001000
 -0.288725  -0.094877  -0.396650   0.866202   0.830780   0.949857   0.001000
 -0.302040  -0.059903  -0.383679   0.870617   0.791643   0.957192   0.001000
 -0.288088  -0.067950  -0.391731   0.871169   0.695301   1.011263   0.001000
 -0.283456  -0.070727  -0.391569   0.872539   0.772068   1.073738   0.001000
 -0.304431  -0.044725  -0.366974   0.877868   0.711005   0.822848   0.001000
 -0.292744  -0.062827  -0.404226   0.864266   0.848208   1.070086   0.001000
 -0.300627  -0.073837  -0.377441   0.872760   0.903079   1.014577   0.001000
 -0.300627  -0.073837  -0.377441   0.872760   0.903079   1.014577   0.001000
 -0.300627  -0.073837  -0.377441   0.872760   0.903079   1.014577   0.001000
 -0.300627  -0.073837  -0.377441   0.872760   0.903079   1.014577   0.001000
 -0.300627  -0.073837  -0.377441   0.872760   0.903079   1.014577   0.001000
 -0.300235  -0.065162  -0.377997   0.873345   0.761277   1.012157   0.001000
 -0.300235  -0.065162  -0.377997   0.873345   0.761277   1.012157   0.001000
 -0.300235  -0.065162  -0.377997   0.873345   0.761277   1.012157   0.001000
 -0.300235  -0.065162  -0.377997   0.873345   0.761277   1.012157   0.001000
 -0.300235  -0.065162  -0.377997   0.873345   0.761277   1.012157   0.001000
 -0.300235  -0.065162  -0.377997   0.873345   0.761277   1.012157   0.001000
 -0.300235  -0.065162  -0.377997   0.873345   0.761277   1.012157   0.001000
 -0.300235  -0.065162  -0.377997   0.873345   0.761277   1.012157   0.001000
 -0.300235  -0.065162  -0.377997   0.873345   0.761277   1.012157   0.001000
 -0.300235  -0.065162  -0.377997   0.873345   0.761277   1.012157   0.001000
 -0.266102  -0.015626  -0.411598   0.871512   0.980203   1.005108   0.001000
 -0.289308  -0.069056  -0.384502   0.873894   0.790952   0.755491   0.001000
 -0.289308  -0.069056  -0.384502   0.873894   0.790952   0.755491   0.001000
 -0.289308  -0.069056  -0.384502   0.873894   0.790952   0.755491   0.001000
 -0.289308  -0.069056  -0.384502   0.873894   0.790952   0.755491   0.001000
 -0.289308  -0.069056  -0.384502   0.873894   0.790952   0.755491   0.001000
 -0.289308  -0.069056  -0.384502   0.873894   0.790952   0.755491   0.001000
 -0.289308  -0.069056  -0.384502   0.873894   0.790952   0.755491   0.001000
 -0.280170  -0.060627  -0.381094   0.878975   0.799986   0.853103   0.001000
 -0.290353  -0.082707  -0.369348   0.878884   0.822301   0.886166   0.001000
 -0.294045  -0.061635  -0.379632   0.874996   0.872554   1.129202   0.001000
 -0.294045  -0.061635  -0.379632   0.874996   0.872554   1.129202   0.001000
 -0.291348  -0.061493  -0.383384   0.874272   0.896040   1.144541   0.001000
 -0.289792  -0.074088  -0.379414   0.875544   0.644035   1.319775   0.001000
 -0.289792  -0.074088  -0.379414   0.875544   0.644035   1.319775   0.001000
 -0.284303  -0.080570  -0.386264   0.873774   0.781825   1.049586   0.001000
 -0.284303  -0.080570  -0.386264   0.873774   0.781825   1.049586   0.001000
 -0.284303  -0.080570  -0.386264   0.873774   0.781825   1.049586   0.001000
 -0.284303  -0.080570  -0.386264   0.873774   0.781825   1.049586   0.001000
 -0.284303  -0.080570  -0.386264   0.873774   0.781825   1.049586   0.001000
 -0.284303  -0.080570  -0.386264   0.873774   0.781825   1.049586   0.001000
 -0.284303  -0.080570  -0.386264   0.873774   0.781825   1.049586   0.001000
 -0.284303  -0.080570  -0.386264   0.873774   0.781825   1.049586   0.001000
