 -0.271856  -0.088099  -0.711136   0.642354  -0.122803  -0.766641   0.001000
 -0.258728  -0.090181  -0.712298   0.646188  -0.316251  -0.884324   0.001000
 -0.258728  -0.090181  -0.712298   0.646188  -0.316251  -0.884324   0.001000
 -0.258728  -0.090181  -0.712298   0.646188  -0.316251  -0.884324   0.001000
 -0.258728  -0.090181  -0.712298   0.646188  -0.316251  -0.884324   0.001000
 -0.258728  -0.090181  -0.712298   0.646188  -0.316251  -0.884324   0.001000
 -0.258728  -0.090181  -0.712298   0.646188  -0.316251  -0.884324   0.001000
 -0.258728  -0.090181  -0.712298   0.646188  -0.316251  -0.884324   0.001000
 -0.258728  -0.090181  -0.712298   0.646188  -0.316251  -0.884324   0.001000
 -0.271362  -0.079114  -0.721268   0.632358   0.156011  -0.824248   0.001000
 -0.249341  -0.117456  -0.677746   0.681684  -0.288877  -0.847221   0.001000
 -0.249341  -0.117456  -0.677746   0.681684  -0.288877  -0.847221   0.001000
 -0.249341  -0.117456  -0.677746   0.681684  -0.288877  -0.847221   0.001000
 -0.231864  -0.129539  -0.679300   0.684112   0.104373  -0.947213   0.001000
 -0.231864  -0.129539  -0.679300   0.684112   0.104373  -0.947213   0.001000
 -0.302134  -0.055000  -0.699169   0.645641   0.181710  -1.143008   0.001000
 -0.285812  -0.070558  -0.706895   0.643143   0.082435  -1.257449   0.001000
 -0.285812  -0.070558  -0.706895   0.643143   0.082435  -1.257449   0.001000
 -0.285812  -0.070558  -0.706895   0.643143   0.082435  -1.257449   0.001000
 -0.299419  -0.046783  -0.720766   0.623422   0.112763  -1.283264   0.001000
 -0.284026  -0.072572  -0.682208   0.669817   0.192077  -1.135607   0.001000
 -0.284026  -0.072572  -0.682208   0.669817   0.192077  -1.135607   0.001000
 -0.278859  -0.079337  -0.678997   0.674467   0.303971  -1.145473   0.001000
 -0.243475  -0.093854  -0.716696   0.646728   0.018407  -1.132764   0.001000
 -0.243475  -0.093854  -0.716696   0.646728   0.018407  -1.132764   0.001000
 -0.257754  -0.111494  -0.685819   0.671405  -0.105322  -1.051960   0.001000
 -0.234838  -0.127602  -0.703910   0.658088   0.092463  -0.971207   0.001000
 -0.234838  -0.127602  -0.703910   0.658088   0.092463  -0.971207   0.001000
 -0.234838  -0.127602  -0.703910   0.658088   0.092463  -0.971207   0.001000
 -0.234838  -0.127602  -0.703910   0.658088   0.092463  -0.971207   0.001000
 -0.234838  -0.127602  -0.703910   0.658088   0.092463  -0.971207   0.001000
 -0.225768  -0.138359  -0.701877   0.661252   0.045700  -0.852284   0.001000
 -0.225768  -0.138359  -0.701877   0.661252   0.045700  -0.852284   0.001000
 -0.225768  -0.138359  -0.701877   0.661252   0.045700  -0.852284   0.001000
 -0.235883  -0.130166  -0.700982   0.660333  -0.094546  -1.005814   0.001000
 -0.235883  -0.130166  -0.700982   0.660333  -0.094546  -1.005814   0.001000
 -0.235883  -0.130166  -0.700982   0.660333  -0.094546  -1.005814   0.001000
 -0.235883  -0.130166  -0.700982   0.660333  -0.094546  -1.005814   0.001000
 -0.231821  -0.132204  -0.703991   0.658163  -0.180005  -0.987267   0.001000
 -0.231821  -0.132204  -0.703991   0.658163  -0.180005  -0.987267   0.001000
 -0.231821  -0.132204  -0.703991   0.658163  -0.180005  -0.987267   0.001000
 -0.233272  -0.119249  -0.702098   0.662135  -0.106691  -1.051787   0.001000
 -0.233272  -0.119249  -0.702098   0.662135  -0.106691  -1.051787   0.001000
 -0.233272  -0.119249  -0.702098   0.662135  -0.106691  -1.051787   0.001000
 -0.233272  -0.119249  -0.702098   0.662135  -0.106691  -1.051787   0.001000
 -0.233272  -0.119249  -0.702098   0.662135  -0.106691  -1.051787   0.001000
 -0.233272  -0.119249  -0.702098   0.662135  -0.106691  -1.051787   0.001000
 -0.233272  -0.119249  -0.702098   0.662135  -0.106691  -1.051787   0.001000
 -0.233272  -0.119249  -0.702098   0.662135  -0.106691  -1.051787   0.001000
 -0.233272  -0.119249  -0.702098   0.662135  -0.106691  -1.051787   0.001000
 -0.233272  -0.119249  -0.702098   0.662135  -0.106691  -1.051787   0.001000
 -0.247201  -0.105719  -0.712180   0.648471  -0.001559  -1.056493   0.001000
 -0.247201  -0.105719  -0.712180   0.648471  -0.001559  -1.056493   0.001000
 -0.231436  -0.132098  -0.693500   0.669361   0.032202  -1.022142   0.001000
 -0.231436  -0.132098  -0.693500   0.669361   0.032202  -1.022142   0.001000
 -0.304579  -0.075794  -0.697090   0.644633  -0.041003  -0.938321   0.001000
 -0.233190  -0.114198  -0.707406   0.657387   0.017763  -1.028385   0.001000
 -0.233190  -0.114198  -0.707406   0.657387   0.017763  -1.028385   0.001000
 -0.233190  -0.114198  -0.707406   0.657387   0.017763  -1.028385   0.001000
 -0.233190  -0.114198  -0.707406   0.657387   0.017763  -1.028385   0.001000
 -0.233190  -0.114198  -0.707406   0.657387   0.017763  -1.028385   0.001000
 -0.230835  -0.096923  -0.791569   0.557440  -0.011706  -1.044720   0.001000
 -0.220389  -0.139580  -0.692530   0.672568  -0.038461  -0.966999   0.001000
 -0.220389  -0.139580  -0.692530   0.672568  -0.038461  -0.966999   0.001000
 -0.267444  -0.079347  -0.682895   0.675153  -0.062869  -0.883225   0.001000
 -0.267444  -0.079347  -0.682895   0.675153  -0.062869  -0.883225   0.001000
 -0.267444  -0.079347  -0.682895   0.675153  -0.062869  -0.883225   0.001000
 -0.267444  -0.079347  -0.682895   0.675153  -0.062869  -0.883225   0.001000
 -0.267444  -0.079347  -0.682895   0.675153  -0.062869  -0.883225   0.001000
 -0.267444  -0.079347  -0.682895   0.675153  -0.062869  -0.883225   0.001000
 -0.267444  -0.079347  -0.682895   0.675153  -0.062869  -0.883225   0.001000
 -0.267444  -0.079347  -0.682895   0.675153  -0.062869  -0.883225   0.001000
 -0.267444  -0.079347  -0.682895   0.675153  -0.062869  -0.883225   0.001000
 -0.267444  -0.079347  -0.682895   0.675153  -0.062869  -0.883225   0.001000
 -0.220366  -0.120863  -0.715057   0.652322   0.018039  -1.075708   0.001000
 -0.220366  -0.120863  -0.715057   0.652322   0.018039  -1.075708   0.001000
 -0.220366  -0.120863  -0.715057   0.652322   0.018039  -1.075708   0.001000
 -0.217036  -0.106185  -0.717332   0.653494   0.069708  -0.863508   0.001000
 -0.235488  -0.107439  -0.702695   0.662738   0.175773  -1.078409   0.001000
 -0.235488  -0.107439  -0.702695   0.662738   0.175773  -1.078409   0.001000
 -0.235488  -0.107439  -0.702695   0.662738   0.175773  -1.078409   0.001000
 -0.235488  -0.107439  -0.702695   0.662738   0.175773  -1.078409   0.001000
 -0.235488  -0.107439  -0.702695   0.662738   0.175773  -1.078409   0.001000
 -0.235488  -0.107439  -0.702695   0.662738   0.175773  -1.078409   0.001000
 -0.235488  -0.107439  -0.702695   0.662738   0.175773  -1.078409   0.001000
 -0.230508  -0.114662  -0.705716   0.660063  -0.058496  -0.880809   0.001000
 -0.237591  -0.115681  -0.708666   0.654187  -0.107256  -0.835434   0.001000
 -0.237591  -0.115681  -0.708666   0.654187  -0.107256  -0.835434   0.001000
 -0.237591  -0.115681  -0.708666   0.654187  -0.107256  -0.835434   0.001000
 -0.237591  -0.115681  -0.708666   0.654187  -0.107256  -0.835434   0.001000
 -0.232267  -0.127847  -0.714053   0.647947   0.088711  -0.936303   0.001000
 -0.232267  -0.127847  -0.714053   0.647947   0.088711  -0.936303   0.001000
 -0.232267  -0.127847  -0.714053   0.647947   0.088711  -0.936303   0.001000
 -0.232267  -0.127847  -0.714053   0.647947   0.088711  -0.936303   0.001000
 -0.231034  -0.107919  -0.711626   0.654648   0.087807  -1.039511   0.001000
 -0.239909  -0.119223  -0.710782   0.650399  -0.143781  -0.948634   0.001000
 -0.239909  -0.119223  -0.710782   0.650399  -0.143781  -0.948634   0.001000
 -0.231026  -0.099769  -0.704603   0.663482   0.020945  -0.974994   0.001000
 -0.229320  -0.126032  -0.715858   0.647361  -0.025747  -0.910322   0.001000
 -0.235603  -0.112064  -0.713881   0.649852  -0.074266  -0.924855   0.001000
 -0.235603  -0.112064  -0.713881   0.649852  -0.074266  -0.924855   0.001000
 -0.235603  -0.112064  -0.713881   0.649852  -0.074266  -0.924855   0.001000
 -0.235603  -0.112064  -0.713881   0.649852  -0.074266  -0.924855   0.001000
 -0.235603  -0.112064  -0.713881   0.649852  -0.074266  -0.924855   0.001000
 -0.235603  -0.112064  -0.713881   0.649852  -0.074266  -0.924855   0.001000
 -0.235603  -0.112064  -0.713881   0.649852  -0.074266  -0.924855   0.001000
 -0.235603  -0.112064  -0.713881   0.649852  -0.074266  -0.924855   0.001000
 -0.235603  -0.112064  -0.713881   0.649852  -0.074266  -0.924855   0.001000
 -0.235603  -0.112064  -0.713881   0.649852  -0.074266  -0.924855   0.001000
 -0.235603  -0.112064  -0.713881   0.649852  -0.074266  -0.924855   0.001000
 -0.235603  -0.112064  -0.713881   0.649852  -0.074266  -0.924855   0.001000
 -0.235603  -0.112064  -0.713881   0.649852  -0.074266  -0.924855   0.001000
 -0.235603  -0.112064  -0.713881   0.649852  -0.074266  -0.924855   0.001000
 -0.235603  -0.112064  -0.713881   0.649852  -0.074266  -0.924855   0.001000
 -0.235603  -0.112064  -0.713881   0.649852  -0.074266  -0.924855   0.001000
 -0.235603  -0.112064  -0.713881   0.649852  -0.074266  -0.924855   0.001000
 -0.235603  -0.112064  -0.713881   0.649852  -0.074266  -0.924855   0.001000
 -0.235603  -0.112064  -0.713881   0.649852  -0.074266  -0.924855   0.001000
 -0.235603  -0.112064  -0.713881   0.649852  -0.074266  -0.924855   0.001000
 -0.235603  -0.112064  -0.713881   0.649852  -0.074266  -0.924855   0.001000
 -0.235603  -0.112064  -0.713881   0.649852  -0.074266  -0.924855   0.001000
 -0.235603  -0.112064  -0.713881   0.649852  -0.074266  -0.924855   0.001000
 -0.235603  -0.112064  -0.713881   0.649852  -0.074266  -0.924855   0.001000
 -0.235603  -0.112064  -0.713881   0.649852  -0.074266  -0.924855   0.001000
 -0.235603  -0.112064  -0.713881   0.649852  -0.074266  -0.924855   0.001000
 -0.235603  -0.112064  -0.713881   0.649852  -0.074266  -0.924855   0.001000
 -0.235603  -0.112064  -0.713881   0.649852  -0.074266  -0.924855   0.001000
 -0.235603  -0.112064  -0.713881   0.649852  -0.074266  -0.924855   0.001000
 -0.235603  -0.112064  -0.713881   0.649852  -0.074266  -0.924855   0.001000
 -0.235603  -0.112064  -0.713881   0.649852  -0.074266  -0.924855   0.001000
 -0.235603  -0.112064  -0.713881   0.649852  -0.074266  -0.924855   0.001000
 -0.235603  -0.112064  -0.713881   0.649852  -0.074266  -0.924855   0.001000
 -0.235603  -0.112064  -0.713881   0.649852  -0.074266  -0.924855   0.001000
 -0.235603  -0.112064  -0.713881   0.649852  -0.074266  -0.924855   0.001000
 -0.235603  -0.112064  -0.713881   0.649852  -0.074266  -0.924855   0.001000
 -0.235603  -0.112064  -0.713881   0.649852  -0.074266  -0.924855   0.001000
 -0.235603  -0.112064  -0.713881   0.649852  -0.074266  -0.924855   0.001000
 -0.235603  -0.112064  -0.713881   0.649852  -0.074266  -0.924855   0.001000
 -0.235603  -0.112064  -0.713881   0.649852  -0.074266  -0.924855   0.001000
 -0.235603  -0.112064  -0.713881   0.649852  -0.074266  -0.924855   0.001000
 -0.235603  -0.112064  -0.713881   0.649852  -0.074266  -0.924855   0.001000
 -0.235603  -0.112064  -0.713881   0.649852  -0.074266  -0.924855   0.001000
 -0.235603  -0.112064  -0.713881   0.649852  -0.074266  -0.924855   0.001000
 -0.232640  -0.116855  -0.710482   0.653788   0.151294  -0.946666   0.001000
 -0.232640  -0.116855  -0.710482   0.653788   0.151294  -0.946666   0.001000
 -0.232640  -0.116855  -0.710482   0.653788   0.151294  -0.946666   0.001000
 -0.232640  -0.116855  -0.710482   0.653788   0.151294  -0.946666   0.001000
 -0.232640  -0.116855  -0.710482   0.653788   0.151294  -0.946666   0.001000
 -0.232640  -0.116855  -0.710482   0.653788   0.151294  -0.946666   0.001000
 -0.232640  -0.116855  -0.710482   0.653788   0.151294  -0.946666   0.001000
 -0.239139  -0.132833  -0.713402   0.645155  -0.013557  -0.950825   0.001000
 -0.246310  -0.142715  -0.579203   0.763864  -0.068653  -1.079780   0.001000
 -0.218631  -0.129822  -0.704779   0.662294  -0.077541  -1.081486   0.001000
 -0.218631  -0.129822  -0.704779   0.662294  -0.077541  -1.081486   0.001000
 -0.218631  -0.129822  -0.704779   0.662294  -0.077541  -1.081486   0.001000
 -0.218631  -0.129822  -0.704779   0.662294  -0.077541  -1.081486   0.001000
 -0.218631  -0.129822  -0.704779   0.662294  -0.077541  -1.081486   0.001000
 -0.218631  -0.129822  -0.704779   0.662294  -0.077541  -1.081486   0.001000
 -0.218631  -0.129822  -0.704779   0.662294  -0.077541  -1.081486   0.001000
 -0.220767  -0.124404  -0.716148   0.650321  -0.102567  -1.035357   0.001000
 -0.220767  -0.124404  -0.716148   0.650321  -0.102567  -1.035357   0.001000
 -0.220767  -0.124404  -0.716148   0.650321  -0.102567  -1.035357   0.001000
 -0.220767  -0.124404  -0.716148   0.650321  -0.102567  -1.035357   0.001000
 -0.203735  -0.091446  -0.739549   0.634978  -0.081422  -1.018572   0.001000
 -0.233233  -0.112264  -0.706941   0.658205  -0.024651  -1.137899   0.001000
 -0.233233  -0.112264  -0.706941   0.658205  -0.024651  -1.137899   0.001000
 -0.233233  -0.112264  -0.706941   0.658205  -0.024651  -1.137899   0.001000
 -0.233233  -0.112264  -0.706941   0.658205  -0.024651  -1.137899   0.001000
 -0.236662  -0.130914  -0.691742   0.669586  -0.142473  -1.027519   0.001000
 -0.225486  -0.121503  -0.717591   0.647655  -0.107572  -1.082626   0.001000
 -0.225486  -0.121503  -0.717591   0.647655  -0.107572  -1.082626   0.001000
 -0.225486  -0.121503  -0.717591   0.647655  -0.107572  -1.082626   0.001000
 -0.225486  -0.121503  -0.717591   0.647655  -0.107572  -1.082626   0.001000
 -0.225486  -0.121503  -0.717591   0.647655  -0.107572  -1.082626   0.001000
 -0.225486  -0.121503  -0.717591   0.647655  -0.107572  -1.082626   0.001000
 -0.225486  -0.121503  -0.717591   0.647655  -0.107572  -1.082626   0.001000
 -0.217483  -0.123087  -0.713478   0.654599   0.056203  -1.063009   0.001000
 -0.226960  -0.112658  -0.711500   0.655412   0.004311  -0.972744   0.001000
 -0.226960  -0.112658  -0.711500   0.655412   0.004311  -0.972744   0.001000
 -0.226960  -0.112658  -0.711500   0.655412   0.004311  -0.972744   0.001000
 -0.226960  -0.112658  -0.711500   0.655412   0.004311  -0.972744   0.001000
 -0.226960  -0.112658  -0.711500   0.655412   0.004311  -0.972744   0.001000
 -0.226960  -0.112658  -0.711500   0.655412   0.004311  -0.972744   0.001000
 -0.226960  -0.112658  -0.711500   0.655412   0.004311  -0.972744   0.001000
 -0.226960  -0.112658  -0.711500   0.655412   0.004311  -0.972744   0.001000
 -0.226960  -0.112658  -0.711500   0.655412   0.004311  -0.972744   0.001000
 -0.270444  -0.117117  -0.689687   0.661419  -0.042544  -1.032907   0.001000
 -0.227941  -0.125506  -0.707566   0.656994   0.056330  -1.134869   0.001000
 -0.227941  -0.125506  -0.707566   0.656994   0.056330  -1.134869   0.001000
 -0.227941  -0.125506  -0.707566   0.656994   0.056330  -1.134869   0.001000
 -0.227941  -0.125506  -0.707566   0.656994   0.056330  -1.134869   0.001000
 -0.227941  -0.125506  -0.707566   0.656994   0.056330  -1.134869   0.001000
 -0.227941  -0.125506  -0.707566   0.656994   0.056330  -1.134869   0.001000
 -0.227941  -0.125506  -0.707566   0.656994   0.056330  -1.134869   0.001000
 -0.227941  -0.125506  -0.707566   0.656994   0.056330  -1.134869   0.001000
 -0.227941  -0.125506  -0.707566   0.656994   0.056330  -1.134869   0.001000
 -0.227941  -0.125506  -0.707566   0.656994   0.056330  -1.134869   0.001000
 -0.227941  -0.125506  -0.707566   0.656994   0.056330  -1.134869   0.001000
 -0.227941  -0.125506  -0.707566   0.656994   0.056330  -1.134869   0.001000
 -0.227941  -0.125506  -0.707566   0.656994   0.056330  -1.134869   0.001000
 -0.227941  -0.125506  -0.707566   0.656994   0.056330  -1.134869   0.001000
 -0.227941  -0.125506  -0.707566   0.656994   0.056330  -1.134869   0.001000
 -0.227941  -0.125506  -0.707566   0.656994   0.056330  -1.134869   0.001000
 -0.227941  -0.125506  -0.707566   0.656994   0.056330  -1.134869   0.001000
 -0.227941  -0.125506  -0.707566   0.656994   0.056330  -1.134869   0.001000
 -0.227941  -0.125506  -0.707566   0.656994   0.056330  -1.134869   0.001000
 -0.227941  -0.125506  -0.707566   0.656994   0.056330  -1.134869   0.001000
 -0.227941  -0.125506  -0.707566   0.656994   0.056330  -1.134869   0.001000
 -0.227941  -0.125506  -0.707566   0.656994   0.056330  -1.134869   0.001000
 -0.227941  -0.125506  -0.707566   0.656994   0.056330  -1.134869   0.001000
 -0.235685  -0.123789  -0.723322   0.637130  -0.130453  -1.089309   0.001000
 -0.235685  -0.123789  -0.723322   0.637130  -0.130453  -1.089309   0.001000
 -0.235685  -0.123789  -0.723322   0.637130  -0.130453  -1.089309   0.001000
 -0.235685  -0.123789  -0.723322   0.637130  -0.130453  -1.089309   0.001000
 -0.235685  -0.123789  -0.723322   0.637130  -0.130453  -1.089309   0.001000
 -0.234811  -0.115925  -0.707645   0.656250  -0.209932  -1.016309   0.001000
 -0.234811  -0.115925  -0.707645   0.656250  -0.209932  -1.016309   0.001000
 -0.234811  -0.115925  -0.707645   0.656250  -0.209932  -1.016309   0.001000
 -0.234811  -0.115925  -0.707645   0.656250  -0.209932  -1.016309   0.001000
 -0.234811  -0.115925  -0.707645   0.656250  -0.209932  -1.016309   0.001000
 -0.234811  -0.115925  -0.707645   0.656250  -0.209932  -1.016309   0.001000
 -0.234811  -0.115925  -0.707645   0.656250  -0.209932  -1.016309   0.001000
 -0.234811  -0.115925  -0.707645   0.656250  -0.209932  -1.016309   0.001000
 -0.234811  -0.115925  -0.707645   0.656250  -0.209932  -1.016309   0.001000
 -0.234811  -0.115925  -0.707645   0.656250  -0.209932  -1.016309   0.001000
 -0.234811  -0.115925  -0.707645   0.656250  -0.209932  -1.016309   0.001000
 -0.234811  -0.115925  -0.707645   0.656250  -0.209932  -1.016309   0.001000
 -0.234811  -0.115925  -0.707645   0.656250  -0.209932  -1.016309   0.001000
 -0.234811  -0.115925  -0.707645   0.656250  -0.209932  -1.016309   0.001000
 -0.234811  -0.115925  -0.707645   0.656250  -0.209932  -1.016309   0.001000
 -0.234811  -0.115925  -0.707645   0.656250  -0.209932  -1.016309   0.001000
 -0.234811  -0.115925  -0.707645   0.656250  -0.209932  -1.016309   0.001000
 -0.234811  -0.115925  -0.707645   0.656250  -0.209932  -1.016309   0.001000
 -0.234811  -0.115925  -0.707645   0.656250  -0.209932  -1.016309   0.001000
 -0.234811  -0.115925  -0.707645   0.656250  -0.209932  -1.016309   0.001000
 -0.234811  -0.115925  -0.707645   0.656250  -0.209932  -1.016309   0.001000
 -0.234811  -0.115925  -0.707645   0.656250  -0.209932  -1.016309   0.001000
 -0.234811  -0.115925  -0.707645   0.656250  -0.209932  -1.016309   0.001000
 -0.234811  -0.115925  -0.707645   0.656250  -0.209932  -1.016309   0.001000
 -0.234811  -0.115925  -0.707645   0.656250  -0.209932  -1.016309   0.001000
 -0.234811  -0.115925  -0.707645   0.656250  -0.209932  -1.016309   0.001000
 -0.239548  -0.103222  -0.748164   0.610092  -0.203165  -1.140084   0.001000
 -0.203415  -0.172120  -0.693193   0.669687   0.033523  -1.035541   0.001000
 -0.236739  -0.117533  -0.688928   0.674921  -0.024517  -1.122121   0.001000
 -0.236739  -0.117533  -0.688928   0.674921  -0.024517  -1.122121   0.001000
 -0.236739  -0.117533  -0.688928   0.674921  -0.024517  -1.122121   0.001000
 -0.236739  -0.117533  -0.688928   0.674921  -0.024517  -1.122121   0.001000
 -0.236739  -0.117533  -0.688928   0.674921  -0.024517  -1.122121   0.001000
 -0.236739  -0.117533  -0.688928   0.674921  -0.024517  -1.122121   0.001000
 -0.236739  -0.117533  -0.688928   0.674921  -0.024517  -1.122121   0.001000
 -0.236739  -0.117533  -0.688928   0.674921  -0.024517  -1.122121   0.001000
 -0.236739  -0.117533  -0.688928   0.674921  -0.024517  -1.122121   0.001000
 -0.236739  -0.117533  -0.688928   0.674921  -0.024517  -1.122121   0.001000
 -0.236739  -0.117533  -0.688928   0.674921  -0.024517  -1.122121   0.001000
 -0.236739  -0.117533  -0.688928   0.674921  -0.024517  -1.122121   0.001000
 -0.236739  -0.117533  -0.688928   0.674921  -0.024517  -1.122121   0.001000
 -0.236739  -0.117533  -0.688928   0.674921  -0.024517  -1.122121   0.001000
 -0.236739  -0.117533  -0.688928   0.674921  -0.024517  -1.122121   0.001000
 -0.236739  -0.117533  -0.688928   0.674921  -0.024517  -1.122121   0.001000
 -0.236739  -0.117533  -0.688928   0.674921  -0.024517  -1.122121   0.001000
 -0.236739  -0.117533  -0.688928   0.674921  -0.024517  -1.122121   0.001000
 -0.236739  -0.117533  -0.688928   0.674921  -0.024517  -1.122121   0.001000
 -0.236739  -0.117533  -0.688928   0.674921  -0.024517  -1.122121   0.001000
 -0.236739  -0.117533  -0.688928   0.674921  -0.024517  -1.122121   0.001000
 -0.236739  -0.117533  -0.688928   0.674921  -0.024517  -1.122121   0.001000
 -0.236739  -0.117533  -0.688928   0.674921  -0.024517  -1.122121   0.001000
 -0.236739  -0.117533  -0.688928   0.674921  -0.024517  -1.122121   0.001000
 -0.236739  -0.117533  -0.688928   0.674921  -0.024517  -1.122121   0.001000
 -0.236739  -0.117533  -0.688928   0.674921  -0.024517  -1.122121   0.001000
 -0.236739  -0.117533  -0.688928   0.674921  -0.024517  -1.122121   0.001000
 -0.236739  -0.117533  -0.688928   0.674921  -0.024517  -1.122121   0.001000
 -0.236739  -0.117533  -0.688928   0.674921  -0.024517  -1.122121   0.001000
 -0.236739  -0.117533  -0.688928   0.674921  -0.024517  -1.122121   0.001000
 -0.236739  -0.117533  -0.688928   0.674921  -0.024517  -1.122121   0.001000
 -0.227223  -0.111578  -0.691544   0.676526  -0.006697  -1.104847   0.001000
 -0.241327  -0.110766  -0.716457   0.645121  -0.104764  -0.973878   0.001000
 -0.241327  -0.110766  -0.716457   0.645121  -0.104764  -0.973878   0.001000
 -0.241327  -0.110766  -0.716457   0.645121  -0.104764  -0.973878   0.001000
 -0.241327  -0.110766  -0.716457   0.645121  -0.104764  -0.973878   0.001000
 -0.241327  -0.110766  -0.716457   0.645121  -0.104764  -0.973878   0.001000
 -0.241327  -0.110766  -0.716457   0.645121  -0.104764  -0.973878   0.001000
 -0.241327  -0.110766  -0.716457   0.645121  -0.104764  -0.973878   0.001000
 -0.241327  -0.110766  -0.716457   0.645121  -0.104764  -0.973878   0.001000
 -0.241327  -0.110766  -0.716457   0.645121  -0.104764  -0.973878   0.001000
 -0.241327  -0.110766  -0.716457   0.645121  -0.104764  -0.973878   0.001000
 -0.241327  -0.110766  -0.716457   0.645121  -0.104764  -0.973878   0.001000
 -0.241327  -0.110766  -0.716457   0.645121  -0.104764  -0.973878   0.001000
 -0.241327  -0.110766  -0.716457   0.645121  -0.104764  -0.973878   0.001000
 -0.241327  -0.110766  -0.716457   0.645121  -0.104764  -0.973878   0.001000
 -0.241327  -0.110766  -0.716457   0.645121  -0.104764  -0.973878   0.001000
 -0.241327  -0.110766  -0.716457   0.645121  -0.104764  -0.973878   0.001000
 -0.241327  -0.110766  -0.716457   0.645121  -0.104764  -0.973878   0.001000
 -0.241327  -0.110766  -0.716457   0.645121  -0.104764  -0.973878   0.001000
 -0.241327  -0.110766  -0.716457   0.645121  -0.104764  -0.973878   0.001000
 -0.229083  -0.103522  -0.702526   0.665779   0.037241  -1.181976   0.001000
 -0.235576  -0.099971  -0.691665   0.675358  -0.146947  -1.066933   0.001000
 -0.218537  -0.113653  -0.705169   0.664877  -0.214447  -1.019721   0.001000
 -0.276550  -0.092199  -0.695801   0.656414  -0.199093  -0.898046   0.001000
 -0.226360  -0.130914  -0.696725   0.667979  -0.181295  -0.863291   0.001000
 -0.243592  -0.112323  -0.719337   0.640781  -0.108664  -0.991134   0.001000
 -0.243592  -0.112323  -0.719337   0.640781  -0.108664  -0.991134   0.001000
 -0.243592  -0.112323  -0.719337   0.640781  -0.108664  -0.991134   0.001000
 -0.243592  -0.112323  -0.719337   0.640781  -0.108664  -0.991134   0.001000
 -0.243592  -0.112323  -0.719337   0.640781  -0.108664  -0.991134   0.001000
 -0.243592  -0.112323  -0.719337   0.640781  -0.108664  -0.991134   0.001000
 -0.212990  -0.141153  -0.711430   0.654659  -0.010851  -1.049096   0.001000
 -0.235499  -0.105840  -0.703935   0.661675   0.087736  -1.053929   0.001000
 -0.235499  -0.105840  -0.703935   0.661675   0.087736  -1.053929   0.001000
 -0.235499  -0.105840  -0.703935   0.661675   0.087736  -1.053929   0.001000
 -0.235499  -0.105840  -0.703935   0.661675   0.087736  -1.053929   0.001000
 -0.235499  -0.105840  -0.703935   0.661675   0.087736  -1.053929   0.001000
 -0.235182  -0.118437  -0.719499   0.642637   0.077224  -1.020439   0.001000
 -0.235182  -0.118437  -0.719499   0.642637   0.077224  -1.020439   0.001000
 -0.239921  -0.108385  -0.721614   0.640284  -0.027325  -1.038910   0.001000
 -0.272352  -0.095993  -0.706602   0.646006  -0.001639  -1.072580   0.001000
 -0.233765  -0.109543  -0.717624   0.646815  -0.109961  -1.046310   0.001000
 -0.233765  -0.109543  -0.717624   0.646815  -0.109961  -1.046310   0.001000
 -0.233765  -0.109543  -0.717624   0.646815  -0.109961  -1.046310   0.001000
 -0.233765  -0.109543  -0.717624   0.646815  -0.109961  -1.046310   0.001000
 -0.224152  -0.101521  -0.701054   0.669308   0.081073  -1.035658   0.001000
 -0.227293  -0.101775  -0.699838   0.669482  -0.089837  -1.000704   0.001000
 -0.222166  -0.122350  -0.705020   0.662283  -0.108445  -1.091607   0.001000
 -0.222166  -0.122350  -0.705020   0.662283  -0.108445  -1.091607   0.001000
 -0.263812  -0.095932  -0.683622   0.673692  -0.043314  -1.032347   0.001000
 -0.263812  -0.095932  -0.683622   0.673692  -0.043314  -1.032347   0.001000
 -0.263812  -0.095932  -0.683622   0.673692  -0.043314  -1.032347   0.001000
 -0.263812  -0.095932  -0.683622   0.673692  -0.043314  -1.032347   0.001000
 -0.263812  -0.095932  -0.683622   0.673692  -0.043314  -1.032347   0.001000
 -0.263812  -0.095932  -0.683622   0.673692  -0.043314  -1.032347   0.001000
 -0.263812  -0.095932  -0.683622   0.673692  -0.043314  -1.032347   0.001000
 -0.263812  -0.095932  -0.683622   0.673692  -0.043314  -1.032347   0.001000
 -0.237448  -0.102547  -0.705614   0.659705  -0.177679  -1.045184   0.001000
 -0.242559  -0.120611  -0.701404   0.659281  -0.302081  -1.150064   0.001000
 -0.244936  -0.099295  -0.711741   0.650824  -0.144997  -0.955945   0.001000
 -0.255880  -0.104410  -0.703644   0.654606  -0.428701  -0.851908   0.001000
 -0.240377  -0.104584  -0.707972   0.655787  -0.196443  -0.765292   0.001000
 -0.240377  -0.104584  -0.707972   0.655787  -0.196443  -0.765292   0.001000
 -0.240377  -0.104584  -0.707972   0.655787  -0.196443  -0.765292   0.001000
 -0.228698  -0.090273  -0.702871   0.667473  -0.085237  -1.217066   0.001000
 -0.234075  -0.118013  -0.718472   0.644267  -0.024534  -1.055061   0.001000
 -0.234075  -0.118013  -0.718472   0.644267  -0.024534  -1.055061   0.001000
 -0.234075  -0.118013  -0.718472   0.644267  -0.024534  -1.055061   0.001000
 -0.227667  -0.126559  -0.706455   0.658082  -0.103038  -0.896651   0.001000
 -0.227667  -0.126559  -0.706455   0.658082  -0.103038  -0.896651   0.001000
 -0.227667  -0.126559  -0.706455   0.658082  -0.103038  -0.896651   0.001000
 -0.227667  -0.126559  -0.706455   0.658082  -0.103038  -0.896651   0.001000
 -0.227667  -0.126559  -0.706455   0.658082  -0.103038  -0.896651   0.001000
 -0.227667  -0.126559  -0.706455   0.658082  -0.103038  -0.896651   0.001000
 -0.227667  -0.126559  -0.706455   0.658082  -0.103038  -0.896651   0.001000
 -0.227667  -0.126559  -0.706455   0.658082  -0.103038  -0.896651   0.001000
 -0.253684  -0.094205  -0.707523   0.652825  -0.076032  -0.975256   0.001000
 -0.241232  -0.110398  -0.671037   0.692335  -0.212554  -1.158455   0.001000
 -0.248464  -0.107199  -0.694955   0.666192  -0.358698  -0.910501   0.001000
 -0.265335  -0.106506  -0.705010   0.649011  -0.291622  -0.844289   0.001000
 -0.230067  -0.124919  -0.700241   0.664174  -0.236590  -1.133827   0.001000
 -0.230067  -0.124919  -0.700241   0.664174  -0.236590  -1.133827   0.001000
 -0.255576  -0.098134  -0.715461   0.642780  -0.172017  -1.004111   0.001000
 -0.255576  -0.098134  -0.715461   0.642780  -0.172017  -1.004111   0.001000
 -0.255576  -0.098134  -0.715461   0.642780  -0.172017  -1.004111   0.001000
 -0.261949  -0.090246  -0.710287   0.647094  -0.151523  -1.057656   0.001000
 -0.261949  -0.090246  -0.710287   0.647094  -0.151523  -1.057656   0.001000
 -0.261949  -0.090246  -0.710287   0.647094  -0.151523  -1.057656   0.001000
 -0.261949  -0.090246  -0.710287   0.647094  -0.151523  -1.057656   0.001000
 -0.242860  -0.114112  -0.710274   0.650775   0.038240  -1.027498   0.001000
 -0.242860  -0.114112  -0.710274   0.650775   0.038240  -1.027498   0.001000
 -0.242860  -0.114112  -0.710274   0.650775   0.038240  -1.027498   0.001000
 -0.242860  -0.114112  -0.710274   0.650775   0.038240  -1.027498   0.001000
 -0.242860  -0.114112  -0.710274   0.650775   0.038240  -1.027498   0.001000
 -0.242860  -0.114112  -0.710274   0.650775   0.038240  -1.027498   0.001000
 -0.242860  -0.114112  -0.710274   0.650775   0.038240  -1.027498   0.001000
 -0.242860  -0.114112  -0.710274   0.650775   0.038240  -1.027498   0.001000
 -0.242860  -0.114112  -0.710274   0.650775   0.038240  -1.027498   0.001000
 -0.242860  -0.114112  -0.710274   0.650775   0.038240  -1.027498   0.001000
 -0.242860  -0.114112  -0.710274   0.650775   0.038240  -1.027498   0.001000
 -0.242860  -0.114112  -0.710274   0.650775   0.038240  -1.027498   0.001000
 -0.242860  -0.114112  -0.710274   0.650775   0.038240  -1.027498   0.001000
 -0.242860  -0.114112  -0.710274   0.650775   0.038240  -1.027498   0.001000
 -0.242860  -0.114112  -0.710274   0.650775   0.038240  -1.027498   0.001000
 -0.242860  -0.114112  -0.710274   0.650775   0.038240  -1.027498   0.001000
 -0.242860  -0.114112  -0.710274   0.650775   0.038240  -1.027498   0.001000
 -0.251809  -0.102763  -0.701835   0.658377  -0.045123  -1.044480   0.001000
 -0.251809  -0.102763  -0.701835   0.658377  -0.045123  -1.044480   0.001000
 -0.251809  -0.102763  -0.701835   0.658377  -0.045123  -1.044480   0.001000
 -0.251809  -0.102763  -0.701835   0.658377  -0.045123  -1.044480   0.001000
 -0.251809  -0.102763  -0.701835   0.658377  -0.045123  -1.044480   0.001000
 -0.251809  -0.102763  -0.701835   0.658377  -0.045123  -1.044480   0.001000
 -0.251809  -0.102763  -0.701835   0.658377  -0.045123  -1.044480   0.001000
 -0.251809  -0.102763  -0.701835   0.658377  -0.045123  -1.044480   0.001000
 -0.251809  -0.102763  -0.701835   0.658377  -0.045123  -1.044480   0.001000
 -0.251809  -0.102763  -0.701835   0.658377  -0.045123  -1.044480   0.001000
 -0.251809  -0.102763  -0.701835   0.658377  -0.045123  -1.044480   0.001000
 -0.251809  -0.102763  -0.701835   0.658377  -0.045123  -1.044480   0.001000
 -0.251809  -0.102763  -0.701835   0.658377  -0.045123  -1.044480   0.001000
 -0.251809  -0.102763  -0.701835   0.658377  -0.045123  -1.044480   0.001000
 -0.251809  -0.102763  -0.701835   0.658377  -0.045123  -1.044480   0.001000
 -0.251809  -0.102763  -0.701835   0.658377  -0.045123  -1.044480   0.001000
 -0.251809  -0.102763  -0.701835   0.658377  -0.045123  -1.044480   0.001000
 -0.251809  -0.102763  -0.701835   0.658377  -0.045123  -1.044480   0.001000
 -0.251809  -0.102763  -0.701835   0.658377  -0.045123  -1.044480   0.001000
 -0.251809  -0.102763  -0.701835   0.658377  -0.045123  -1.044480   0.001000
 -0.251809  -0.102763  -0.701835   0.658377  -0.045123  -1.044480   0.001000
 -0.253084  -0.108900  -0.719120   0.637931  -0.028627  -1.015436   0.001000
 -0.247507  -0.116587  -0.707244   0.651885  -0.002612  -0.990654   0.001000
 -0.247507  -0.116587  -0.707244   0.651885  -0.002612  -0.990654   0.001000
 -0.247507  -0.116587  -0.707244   0.651885  -0.002612  -0.990654   0.001000
 -0.247507  -0.116587  -0.707244   0.651885  -0.002612  -0.990654   0.001000
 -0.268058  -0.098466  -0.690498   0.664577  -0.136520  -1.063520   0.001000
 -0.309489  -0.036416  -0.710413   0.631034   0.044273  -1.125162   0.001000
 -0.253312  -0.096137  -0.709552   0.650482   0.090995  -1.215658   0.001000
 -0.253312  -0.096137  -0.709552   0.650482   0.090995  -1.215658   0.001000
 -0.253312  -0.096137  -0.709552   0.650482   0.090995  -1.215658   0.001000
 -0.253312  -0.096137  -0.709552   0.650482   0.090995  -1.215658   0.001000
 -0.253312  -0.096137  -0.709552   0.650482   0.090995  -1.215658   0.001000
 -0.253312  -0.096137  -0.709552   0.650482   0.090995  -1.215658   0.001000
 -0.244513  -0.098337  -0.708825   0.654302  -0.014350  -1.243204   0.001000
 -0.254684  -0.102049  -0.713446   0.644761   0.088139  -1.117748   0.001000
 -0.254684  -0.102049  -0.713446   0.644761   0.088139  -1.117748   0.001000
 -0.254684  -0.102049  -0.713446   0.644761   0.088139  -1.117748   0.001000
 -0.254684  -0.102049  -0.713446   0.644761   0.088139  -1.117748   0.001000
 -0.299921  -0.047248  -0.692886   0.654006  -0.067850  -1.175458   0.001000
 -0.257023  -0.112328  -0.705987   0.650310   0.014353  -1.100369   0.001000
 -0.247793  -0.102406  -0.694432   0.667740   0.123401  -1.156956   0.001000
 -0.247793  -0.102406  -0.694432   0.667740   0.123401  -1.156956   0.001000
 -0.247793  -0.102406  -0.694432   0.667740   0.123401  -1.156956   0.001000
 -0.247793  -0.102406  -0.694432   0.667740   0.123401  -1.156956   0.001000
 -0.247793  -0.102406  -0.694432   0.667740   0.123401  -1.156956   0.001000
 -0.258807  -0.097318  -0.706174   0.651818   0.030221  -1.019237   0.001000
 -0.258807  -0.097318  -0.706174   0.651818   0.030221  -1.019237   0.001000
 -0.258807  -0.097318  -0.706174   0.651818   0.030221  -1.019237   0.001000
 -0.258807  -0.097318  -0.706174   0.651818   0.030221  -1.019237   0.001000
 -0.258807  -0.097318  -0.706174   0.651818   0.030221  -1.019237   0.001000
 -0.258807  -0.097318  -0.706174   0.651818   0.030221  -1.019237   0.001000
 -0.258807  -0.097318  -0.706174   0.651818   0.030221  -1.019237   0.001000
 -0.258807  -0.097318  -0.706174   0.651818   0.030221  -1.019237   0.001000
 -0.258807  -0.097318  -0.706174   0.651818   0.030221  -1.019237   0.001000
 -0.258807  -0.097318  -0.706174   0.651818   0.030221  -1.019237   0.001000
 -0.258807  -0.097318  -0.706174   0.651818   0.030221  -1.019237   0.001000
 -0.258807  -0.097318  -0.706174   0.651818   0.030221  -1.019237   0.001000
 -0.258807  -0.097318  -0.706174   0.651818   0.030221  -1.019237   0.001000
 -0.258807  -0.097318  -0.706174   0.651818   0.030221  -1.019237   0.001000
 -0.258807  -0.097318  -0.706174   0.651818   0.030221  -1.019237   0.001000
 -0.245418  -0.111088  -0.701214   0.660097   0.123577  -1.062133   0.001000
 -0.245418  -0.111088  -0.701214   0.660097   0.123577  -1.062133   0.001000
 -0.245418  -0.111088  -0.701214   0.660097   0.123577  -1.062133   0.001000
 -0.245418  -0.111088  -0.701214   0.660097   0.123577  -1.062133   0.001000
 -0.245418  -0.111088  -0.701214   0.660097   0.123577  -1.062133   0.001000
 -0.245418  -0.111088  -0.701214   0.660097   0.123577  -1.062133   0.001000
 -0.245418  -0.111088  -0.701214   0.660097   0.123577  -1.062133   0.001000
 -0.245418  -0.111088  -0.701214   0.660097   0.123577  -1.062133   0.001000
 -0.245418  -0.111088  -0.701214   0.660097   0.123577  -1.062133   0.001000
 -0.245418  -0.111088  -0.701214   0.660097   0.123577  -1.062133   0.001000
 -0.245418  -0.111088  -0.701214   0.660097   0.123577  -1.062133   0.001000
 -0.245418  -0.111088  -0.701214   0.660097   0.123577  -1.062133   0.001000
 -0.245418  -0.111088  -0.701214   0.660097   0.123577  -1.062133   0.001000
 -0.245418  -0.111088  -0.701214   0.660097   0.123577  -1.062133   0.001000
 -0.245418  -0.111088  -0.701214   0.660097   0.123577  -1.062133   0.001000
 -0.245418  -0.111088  -0.701214   0.660097   0.123577  -1.062133   0.001000
 -0.245418  -0.111088  -0.701214   0.660097   0.123577  -1.062133   0.001000
 -0.245418  -0.111088  -0.701214   0.660097   0.123577  -1.062133   0.001000
 -0.245418  -0.111088  -0.701214   0.660097   0.123577  -1.062133   0.001000
 -0.245418  -0.111088  -0.701214   0.660097   0.123577  -1.062133   0.001000
 -0.245418  -0.111088  -0.701214   0.660097   0.123577  -1.062133   0.001000
 -0.245418  -0.111088  -0.701214   0.660097   0.123577  -1.062133   0.001000
 -0.245418  -0.111088  -0.701214   0.660097   0.123577  -1.062133   0.001000
 -0.245418  -0.111088  -0.701214   0.660097   0.123577  -1.062133   0.001000
 -0.245418  -0.111088  -0.701214   0.660097   0.123577  -1.062133   0.001000
 -0.250834  -0.068011  -0.739392   0.621093   0.017621  -1.014777   0.001000
 -0.250834  -0.068011  -0.739392   0.621093   0.017621  -1.014777   0.001000
 -0.250834  -0.068011  -0.739392   0.621093   0.017621  -1.014777   0.001000
 -0.250834  -0.068011  -0.739392   0.621093   0.017621  -1.014777   0.001000
 -0.250834  -0.068011  -0.739392   0.621093   0.017621  -1.014777   0.001000
 -0.250834  -0.068011  -0.739392   0.621093   0.017621  -1.014777   0.001000
 -0.250768  -0.095007  -0.702661   0.659058   0.247789  -1.048125   0.001000
 -0.241046  -0.106935  -0.696229   0.667628   0.206570  -1.031428   0.001000
 -0.240694  -0.115002  -0.698585   0.663943   0.164484  -1.075086   0.001000
 -0.240694  -0.115002  -0.698585   0.663943   0.164484  -1.075086   0.001000
 -0.240694  -0.115002  -0.698585   0.663943   0.164484  -1.075086   0.001000
 -0.240694  -0.115002  -0.698585   0.663943   0.164484  -1.075086   0.001000
 -0.240694  -0.115002  -0.698585   0.663943   0.164484  -1.075086   0.001000
 -0.236433  -0.112418  -0.697417   0.667136   0.212296  -1.106468   0.001000
 -0.236433  -0.112418  -0.697417   0.667136   0.212296  -1.106468   0.001000
 -0.236433  -0.112418  -0.697417   0.667136   0.212296  -1.106468   0.001000
 -0.236433  -0.112418  -0.697417   0.667136   0.212296  -1.106468   0.001000
 -0.222268  -0.138837  -0.681552   0.683234   0.303663  -1.140570   0.001000
 -0.222268  -0.138837  -0.681552   0.683234   0.303663  -1.140570   0.001000
 -0.222268  -0.138837  -0.681552   0.683234   0.303663  -1.140570   0.001000
 -0.245842  -0.111570  -0.698478   0.662753   0.146776  -1.083808   0.001000
 -0.245842  -0.111570  -0.698478   0.662753   0.146776  -1.083808   0.001000
 -0.245842  -0.111570  -0.698478   0.662753   0.146776  -1.083808   0.001000
 -0.245842  -0.111570  -0.698478   0.662753   0.146776  -1.083808   0.001000
 -0.245842  -0.111570  -0.698478   0.662753   0.146776  -1.083808   0.001000
 -0.245842  -0.111570  -0.698478   0.662753   0.146776  -1.083808   0.001000
 -0.245842  -0.111570  -0.698478   0.662753   0.146776  -1.083808   0.001000
 -0.245842  -0.111570  -0.698478   0.662753   0.146776  -1.083808   0.001000
 -0.245842  -0.111570  -0.698478   0.662753   0.146776  -1.083808   0.001000
 -0.245842  -0.111570  -0.698478   0.662753   0.146776  -1.083808   0.001000
 -0.245842  -0.111570  -0.698478   0.662753   0.146776  -1.083808   0.001000
 -0.245842  -0.111570  -0.698478   0.662753   0.146776  -1.083808   0.001000
 -0.245842  -0.111570  -0.698478   0.662753   0.146776  -1.083808   0.001000
 -0.245842  -0.111570  -0.698478   0.662753   0.146776  -1.083808   0.001000
 -0.245842  -0.111570  -0.698478   0.662753   0.146776  -1.083808   0.001000
 -0.245842  -0.111570  -0.698478   0.662753   0.146776  -1.083808   0.001000
 -0.239697  -0.102725  -0.722166   0.640679   0.025430  -1.172136   0.001000
 -0.255716  -0.099147  -0.700603   0.658737   0.148099  -1.129620   0.001000
 -0.255716  -0.099147  -0.700603   0.658737   0.148099  -1.129620   0.001000
 -0.248845  -0.099582  -0.697302   0.664778   0.312938  -1.087819   0.001000
 -0.248845  -0.099582  -0.697302   0.664778   0.312938  -1.087819   0.001000
 -0.248845  -0.099582  -0.697302   0.664778   0.312938  -1.087819   0.001000
 -0.246446  -0.102633  -0.703110   0.659066   0.294355  -1.118568   0.001000
 -0.246446  -0.102633  -0.703110   0.659066   0.294355  -1.118568   0.001000
 -0.242872  -0.100028  -0.711889   0.651322   0.256293  -1.019452   0.001000
 -0.242872  -0.100028  -0.711889   0.651322   0.256293  -1.019452   0.001000
 -0.242872  -0.100028  -0.711889   0.651322   0.256293  -1.019452   0.001000
 -0.242872  -0.100028  -0.711889   0.651322   0.256293  -1.019452   0.001000
 -0.242872  -0.100028  -0.711889   0.651322   0.256293  -1.019452   0.001000
 -0.246897  -0.103393  -0.707565   0.653990  -0.031560  -1.168177   0.001000
 -0.246897  -0.103393  -0.707565   0.653990  -0.031560  -1.168177   0.001000
 -0.259316  -0.095158  -0.710054   0.647706   0.106575  -1.202278   0.001000
 -0.259316  -0.095158  -0.710054   0.647706   0.106575  -1.202278   0.001000
 -0.259316  -0.095158  -0.710054   0.647706   0.106575  -1.202278   0.001000
 -0.259316  -0.095158  -0.710054   0.647706   0.106575  -1.202278   0.001000
 -0.259316  -0.095158  -0.710054   0.647706   0.106575  -1.202278   0.001000
 -0.259316  -0.095158  -0.710054   0.647706   0.106575  -1.202278   0.001000
 -0.259316  -0.095158  -0.710054   0.647706   0.106575  -1.202278   0.001000
 -0.259316  -0.095158  -0.710054   0.647706   0.106575  -1.202278   0.001000
 -0.252274  -0.091288  -0.704773   0.656749   0.122913  -1.212543   0.001000
 -0.231820  -0.092344  -0.721606   0.645768   0.230904  -1.077486   0.001000
 -0.247485  -0.104999  -0.706875   0.654258  -0.237282  -1.091279   0.001000
 -0.247485  -0.104999  -0.706875   0.654258  -0.237282  -1.091279   0.001000
 -0.260331  -0.115047  -0.713458   0.640289  -0.021105  -1.112632   0.001000
 -0.223884  -0.115889  -0.736485   0.627722  -0.197007  -1.155581   0.001000
 -0.252691  -0.110177  -0.690996   0.668231   0.069554  -1.070318   0.001000
 -0.252691  -0.110177  -0.690996   0.668231   0.069554  -1.070318   0.001000
 -0.236586  -0.110325  -0.703040   0.661506   0.238565  -1.022336   0.001000
 -0.236586  -0.110325  -0.703040   0.661506   0.238565  -1.022336   0.001000
 -0.249699  -0.104706  -0.705074   0.655406   0.229305  -1.291940   0.001000
 -0.249699  -0.104706  -0.705074   0.655406   0.229305  -1.291940   0.001000
 -0.249699  -0.104706  -0.705074   0.655406   0.229305  -1.291940   0.001000
 -0.249699  -0.104706  -0.705074   0.655406   0.229305  -1.291940   0.001000
 -0.251081  -0.099513  -0.704999   0.655768  -0.122632  -0.816088   0.001000
 -0.251081  -0.099513  -0.704999   0.655768  -0.122632  -0.816088   0.001000
 -0.251081  -0.099513  -0.704999   0.655768  -0.122632  -0.816088   0.001000
 -0.251081  -0.099513  -0.704999   0.655768  -0.122632  -0.816088   0.001000
 -0.251081  -0.099513  -0.704999   0.655768  -0.122632  -0.816088   0.001000
 -0.251081  -0.099513  -0.704999   0.655768  -0.122632  -0.816088   0.001000
 -0.251081  -0.099513  -0.704999   0.655768  -0.122632  -0.816088   0.001000
 -0.251081  -0.099513  -0.704999   0.655768  -0.122632  -0.816088   0.001000
 -0.251081  -0.099513  -0.704999   0.655768  -0.122632  -0.816088   0.001000
 -0.251081  -0.099513  -0.704999   0.655768  -0.122632  -0.816088   0.001000
 -0.251081  -0.099513  -0.704999   0.655768  -0.122632  -0.816088   0.001000
 -0.251081  -0.099513  -0.704999   0.655768  -0.122632  -0.816088   0.001000
 -0.251081  -0.099513  -0.704999   0.655768  -0.122632  -0.816088   0.001000
 -0.248995  -0.099422  -0.709017   0.652236  -0.256003  -0.910270   0.001000
 -0.248995  -0.099422  -0.709017   0.652236  -0.256003  -0.910270   0.001000
 -0.240695  -0.108844  -0.712975   0.649527  -0.166912  -0.945530   0.001000
 -0.240695  -0.108844  -0.712975   0.649527  -0.166912  -0.945530   0.001000
 -0.240695  -0.108844  -0.712975   0.649527  -0.166912  -0.945530   0.001000
 -0.240695  -0.108844  -0.712975   0.649527  -0.166912  -0.945530   0.001000
 -0.240695  -0.108844  -0.712975   0.649527  -0.166912  -0.945530   0.001000
 -0.240695  -0.108844  -0.712975   0.649527  -0.166912  -0.945530   0.001000
 -0.240695  -0.108844  -0.712975   0.649527  -0.166912  -0.945530   0.001000
 -0.240695  -0.108844  -0.712975   0.649527  -0.166912  -0.945530   0.001000
 -0.240695  -0.108844  -0.712975   0.649527  -0.166912  -0.945530   0.001000
 -0.240695  -0.108844  -0.712975   0.649527  -0.166912  -0.945530   0.001000
 -0.240695  -0.108844  -0.712975   0.649527  -0.166912  -0.945530   0.001000
 -0.240695  -0.108844  -0.712975   0.649527  -0.166912  -0.945530   0.001000
 -0.240695  -0.108844  -0.712975   0.649527  -0.166912  -0.945530   0.001000
 -0.241664  -0.099419  -0.699848   0.664776   0.086651  -0.941964   0.001000
 -0.241664  -0.099419  -0.699848   0.664776   0.086651  -0.941964   0.001000
 -0.241664  -0.099419  -0.699848   0.664776   0.086651  -0.941964   0.001000
 -0.263634  -0.086683  -0.699374   0.658680   0.162864  -1.078041   0.001000
 -0.263634  -0.086683  -0.699374   0.658680   0.162864  -1.078041   0.001000
 -0.263634  -0.086683  -0.699374   0.658680   0.162864  -1.078041   0.001000
 -0.263634  -0.086683  -0.699374   0.658680   0.162864  -1.078041   0.001000
 -0.263634  -0.086683  -0.699374   0.658680   0.162864  -1.078041   0.001000
 -0.263634  -0.086683  -0.699374   0.658680   0.162864  -1.078041   0.001000
 -0.263634  -0.086683  -0.699374   0.658680   0.162864  -1.078041   0.001000
 -0.263634  -0.086683  -0.699374   0.658680   0.162864  -1.078041   0.001000
 -0.263634  -0.086683  -0.699374   0.658680   0.162864  -1.078041   0.001000
 -0.263634  -0.086683  -0.699374   0.658680   0.162864  -1.078041   0.001000
 -0.263634  -0.086683  -0.699374   0.658680   0.162864  -1.078041   0.001000
 -0.263634  -0.086683  -0.699374   0.658680   0.162864  -1.078041   0.001000
 -0.263634  -0.086683  -0.699374   0.658680   0.162864  -1.078041   0.001000
 -0.263634  -0.086683  -0.699374   0.658680   0.162864  -1.078041   0.001000
 -0.263634  -0.086683  -0.699374   0.658680   0.162864  -1.078041   0.001000
 -0.257711  -0.079694  -0.705384   0.655490   0.087337  -1.104325   0.001000
 -0.243468  -0.112198  -0.699776   0.662155   0.267639  -1.143112   0.001000
 -0.243468  -0.112198  -0.699776   0.662155   0.267639  -1.143112   0.001000
 -0.243468  -0.112198  -0.699776   0.662155   0.267639  -1.143112   0.001000
 -0.243468  -0.112198  -0.699776   0.662155   0.267639  -1.143112   0.001000
 -0.243468  -0.112198  -0.699776   0.662155   0.267639  -1.143112   0.001000
 -0.243468  -0.112198  -0.699776   0.662155   0.267639  -1.143112   0.001000
 -0.243468  -0.112198  -0.699776   0.662155   0.267639  -1.143112   0.001000
 -0.243468  -0.112198  -0.699776   0.662155   0.267639  -1.143112   0.001000
 -0.243468  -0.112198  -0.699776   0.662155   0.267639  -1.143112   0.001000
 -0.243468  -0.112198  -0.699776   0.662155   0.267639  -1.143112   0.001000
 -0.243468  -0.112198  -0.699776   0.662155   0.267639  -1.143112   0.001000
 -0.243468  -0.112198  -0.699776   0.662155   0.267639  -1.143112   0.001000
 -0.243468  -0.112198  -0.699776   0.662155   0.267639  -1.143112   0.001000
 -0.243468  -0.112198  -0.699776   0.662155   0.267639  -1.143112   0.001000
 -0.243468  -0.112198  -0.699776   0.662155   0.267639  -1.143112   0.001000
 -0.243468  -0.112198  -0.699776   0.662155   0.267639  -1.143112   0.001000
 -0.243468  -0.112198  -0.699776   0.662155   0.267639  -1.143112   0.001000
 -0.243468  -0.112198  -0.699776   0.662155   0.267639  -1.143112   0.001000
 -0.236308  -0.121890  -0.688363   0.674876   0.108111  -1.138140   0.001000
 -0.236308  -0.121890  -0.688363   0.674876   0.108111  -1.138140   0.001000
 -0.267265  -0.085935  -0.705907   0.650292   0.324184  -1.064133   0.001000
 -0.267265  -0.085935  -0.705907   0.650292   0.324184  -1.064133   0.001000
 -0.267265  -0.085935  -0.705907   0.650292   0.324184  -1.064133   0.001000
 -0.267265  -0.085935  -0.705907   0.650292   0.324184  -1.064133   0.001000
 -0.267265  -0.085935  -0.705907   0.650292   0.324184  -1.064133   0.001000
 -0.267265  -0.085935  -0.705907   0.650292   0.324184  -1.064133   0.001000
 -0.267265  -0.085935  -0.705907   0.650292   0.324184  -1.064133   0.001000
 -0.267265  -0.085935  -0.705907   0.650292   0.324184  -1.064133   0.001000
 -0.267265  -0.085935  -0.705907   0.650292   0.324184  -1.064133   0.001000
 -0.267265  -0.085935  -0.705907   0.650292   0.324184  -1.064133   0.001000
 -0.267265  -0.085935  -0.705907   0.650292   0.324184  -1.064133   0.001000
 -0.267265  -0.085935  -0.705907   0.650292   0.324184  -1.064133   0.001000
 -0.267265  -0.085935  -0.705907   0.650292   0.324184  -1.064133   0.001000
 -0.267265  -0.085935  -0.705907   0.650292   0.324184  -1.064133   0.001000
 -0.267265  -0.085935  -0.705907   0.650292   0.324184  -1.064133   0.001000
 -0.267265  -0.085935  -0.705907   0.650292   0.324184  -1.064133   0.001000
 -0.267265  -0.085935  -0.705907   0.650292   0.324184  -1.064133   0.001000
 -0.267265  -0.085935  -0.705907   0.650292   0.324184  -1.064133   0.001000
 -0.267265  -0.085935  -0.705907   0.650292   0.324184  -1.064133   0.001000
 -0.267265  -0.085935  -0.705907   0.650292   0.324184  -1.064133   0.001000
 -0.267265  -0.085935  -0.705907   0.650292   0.324184  -1.064133   0.001000
 -0.255579  -0.097397  -0.698642   0.661130   0.028759  -0.995652   0.001000
 -0.255579  -0.097397  -0.698642   0.661130   0.028759  -0.995652   0.001000
 -0.255579  -0.097397  -0.698642   0.661130   0.028759  -0.995652   0.001000
 -0.255579  -0.097397  -0.698642   0.661130   0.028759  -0.995652   0.001000
 -0.255579  -0.097397  -0.698642   0.661130   0.028759  -0.995652   0.001000
 -0.255579  -0.097397  -0.698642   0.661130   0.028759  -0.995652   0.001000
 -0.255579  -0.097397  -0.698642   0.661130   0.028759  -0.995652   0.001000
 -0.255579  -0.097397  -0.698642   0.661130   0.028759  -0.995652   0.001000
 -0.255579  -0.097397  -0.698642   0.661130   0.028759  -0.995652   0.001000
 -0.255579  -0.097397  -0.698642   0.661130   0.028759  -0.995652   0.001000
 -0.255579  -0.097397  -0.698642   0.661130   0.028759  -0.995652   0.001000
 -0.255579  -0.097397  -0.698642   0.661130   0.028759  -0.995652   0.001000
 -0.255579  -0.097397  -0.698642   0.661130   0.028759  -0.995652   0.001000
 -0.255579  -0.097397  -0.698642   0.661130   0.028759  -0.995652   0.001000
 -0.247861  -0.109236  -0.697261   0.663671   0.271139  -1.036079   0.001000
 -0.247861  -0.109236  -0.697261   0.663671   0.271139  -1.036079   0.001000
 -0.247861  -0.109236  -0.697261   0.663671   0.271139  -1.036079   0.001000
 -0.247861  -0.109236  -0.697261   0.663671   0.271139  -1.036079   0.001000
 -0.247861  -0.109236  -0.697261   0.663671   0.271139  -1.036079   0.001000
 -0.247861  -0.109236  -0.697261   0.663671   0.271139  -1.036079   0.001000
 -0.247861  -0.109236  -0.697261   0.663671   0.271139  -1.036079   0.001000
 -0.247861  -0.109236  -0.697261   0.663671   0.271139  -1.036079   0.001000
 -0.247861  -0.109236  -0.697261   0.663671   0.271139  -1.036079   0.001000
 -0.247861  -0.109236  -0.697261   0.663671   0.271139  -1.036079   0.001000
 -0.247861  -0.109236  -0.697261   0.663671   0.271139  -1.036079   0.001000
 -0.247861  -0.109236  -0.697261   0.663671   0.271139  -1.036079   0.001000
 -0.247861  -0.109236  -0.697261   0.663671   0.271139  -1.036079   0.001000
 -0.247861  -0.109236  -0.697261   0.663671   0.271139  -1.036079   0.001000
 -0.238199  -0.107878  -0.707032   0.657061   0.090862  -1.052945   0.001000
 -0.238199  -0.107878  -0.707032   0.657061   0.090862  -1.052945   0.001000
 -0.238199  -0.107878  -0.707032   0.657061   0.090862  -1.052945   0.001000
 -0.238199  -0.107878  -0.707032   0.657061   0.090862  -1.052945   0.001000
 -0.238199  -0.107878  -0.707032   0.657061   0.090862  -1.052945   0.001000
 -0.238199  -0.107878  -0.707032   0.657061   0.090862  -1.052945   0.001000
 -0.241834  -0.106101  -0.719399   0.642436  -0.205211  -0.913298   0.001000
 -0.241834  -0.106101  -0.719399   0.642436  -0.205211  -0.913298   0.001000
 -0.237926  -0.112305  -0.733044   0.627237  -0.008269  -0.939416   0.001000
 -0.235790  -0.110006  -0.693184   0.672159  -0.097939  -0.946394   0.001000
 -0.234996  -0.110398  -0.708055   0.656694   0.144321  -0.894087   0.001000
 -0.234996  -0.110398  -0.708055   0.656694   0.144321  -0.894087   0.001000
 -0.234996  -0.110398  -0.708055   0.656694   0.144321  -0.894087   0.001000
 -0.234996  -0.110398  -0.708055   0.656694   0.144321  -0.894087   0.001000
 -0.234996  -0.110398  -0.708055   0.656694   0.144321  -0.894087   0.001000
 -0.242895  -0.120738  -0.708421   0.651585   0.070421  -0.873311   0.001000
 -0.205155  -0.101779  -0.697541   0.678961  -0.180303  -0.911712   0.001000
 -0.236843  -0.107271  -0.706260   0.658479  -0.204731  -0.883095   0.001000
 -0.236843  -0.107271  -0.706260   0.658479  -0.204731  -0.883095   0.001000
 -0.236843  -0.107271  -0.706260   0.658479  -0.204731  -0.883095   0.001000
 -0.241575  -0.115832  -0.697586   0.664528  -0.363816  -0.762477   0.001000
 -0.244019  -0.114639  -0.696710   0.664762  -0.375703  -0.858101   0.001000
 -0.251127  -0.091011  -0.697299   0.665151  -0.211783  -0.931821   0.001000
 -0.236581  -0.117076  -0.682443   0.681612  -0.158759  -0.746940   0.001000
 -0.236581  -0.117076  -0.682443   0.681612  -0.158759  -0.746940   0.001000
 -0.229274  -0.134566  -0.677220   0.686075  -0.115567  -0.797514   0.001000
 -0.246917  -0.121949  -0.700102   0.658800   0.086683  -0.937872   0.001000
 -0.242519  -0.105894  -0.703518   0.659571   0.003044  -0.994858   0.001000
 -0.242519  -0.105894  -0.703518   0.659571   0.003044  -0.994858   0.001000
 -0.242519  -0.105894  -0.703518   0.659571   0.003044  -0.994858   0.001000
 -0.242519  -0.105894  -0.703518   0.659571   0.003044  -0.994858   0.001000
 -0.242519  -0.105894  -0.703518   0.659571   0.003044  -0.994858   0.001000
 -0.242519  -0.105894  -0.703518   0.659571   0.003044  -0.994858   0.001000
 -0.242519  -0.105894  -0.703518   0.659571   0.003044  -0.994858   0.001000
 -0.242519  -0.105894  -0.703518   0.659571   0.003044  -0.994858   0.001000
 -0.242519  -0.105894  -0.703518   0.659571   0.003044  -0.994858   0.001000
 -0.242519  -0.105894  -0.703518   0.659571   0.003044  -0.994858   0.001000
 -0.242519  -0.105894  -0.703518   0.659571   0.003044  -0.994858   0.001000
 -0.227508  -0.127520  -0.691778   0.673366   0.066446  -0.962571   0.001000
 -0.227508  -0.127520  -0.691778   0.673366   0.066446  -0.962571   0.001000
 -0.227508  -0.127520  -0.691778   0.673366   0.066446  -0.962571   0.001000
 -0.227508  -0.127520  -0.691778   0.673366   0.066446  -0.962571   0.001000
 -0.227508  -0.127520  -0.691778   0.673366   0.066446  -0.962571   0.001000
 -0.227508  -0.127520  -0.691778   0.673366   0.066446  -0.962571   0.001000
 -0.227508  -0.127520  -0.691778   0.673366   0.066446  -0.962571   0.001000
 -0.227508  -0.127520  -0.691778   0.673366   0.066446  -0.962571   0.001000
 -0.227508  -0.127520  -0.691778   0.673366   0.066446  -0.962571   0.001000
 -0.227508  -0.127520  -0.691778   0.673366   0.066446  -0.962571   0.001000
 -0.227508  -0.127520  -0.691778   0.673366   0.066446  -0.962571   0.001000
 -0.227508  -0.127520  -0.691778   0.673366   0.066446  -0.962571   0.001000
 -0.227508  -0.127520  -0.691778   0.673366   0.066446  -0.962571   0.001000
 -0.227508  -0.127520  -0.691778   0.673366   0.066446  -0.962571   0.001000
 -0.227508  -0.127520  -0.691778   0.673366   0.066446  -0.962571   0.001000
 -0.227508  -0.127520  -0.691778   0.673366   0.066446  -0.962571   0.001000
 -0.227508  -0.127520  -0.691778   0.673366   0.066446  -0.962571   0.001000
 -0.227508  -0.127520  -0.691778   0.673366   0.066446  -0.962571   0.001000
 -0.227508  -0.127520  -0.691778   0.673366   0.066446  -0.962571   0.001000
 -0.227508  -0.127520  -0.691778   0.673366   0.066446  -0.962571   0.001000
 -0.227508  -0.127520  -0.691778   0.673366   0.066446  -0.962571   0.001000
 -0.227508  -0.127520  -0.691778   0.673366   0.066446  -0.962571   0.001000
 -0.227508  -0.127520  -0.691778   0.673366   0.066446  -0.962571   0.001000
 -0.227508  -0.127520  -0.691778   0.673366   0.066446  -0.962571   0.001000
 -0.227508  -0.127520  -0.691778   0.673366   0.066446  -0.962571   0.001000
 -0.227508  -0.127520  -0.691778   0.673366   0.066446  -0.962571   0.001000
 -0.227508  -0.127520  -0.691778   0.673366   0.066446  -0.962571   0.001000
 -0.227508  -0.127520  -0.691778   0.673366   0.066446  -0.962571   0.001000
 -0.227508  -0.127520  -0.691778   0.673366   0.066446  -0.962571   0.001000
 -0.241671  -0.120106  -0.684815   0.676903  -0.080213  -0.973130   0.001000
 -0.241671  -0.120106  -0.684815   0.676903  -0.080213  -0.973130   0.001000
 -0.241671  -0.120106  -0.684815   0.676903  -0.080213  -0.973130   0.001000
 -0.241671  -0.120106  -0.684815   0.676903  -0.080213  -0.973130   0.001000
 -0.241671  -0.120106  -0.684815   0.676903  -0.080213  -0.973130   0.001000
 -0.241671  -0.120106  -0.684815   0.676903  -0.080213  -0.973130   0.001000
 -0.241671  -0.120106  -0.684815   0.676903  -0.080213  -0.973130   0.001000
 -0.241671  -0.120106  -0.684815   0.676903  -0.080213  -0.973130   0.001000
 -0.241671  -0.120106  -0.684815   0.676903  -0.080213  -0.973130   0.001000
 -0.241671  -0.120106  -0.684815   0.676903  -0.080213  -0.973130   0.001000
 -0.241671  -0.120106  -0.684815   0.676903  -0.080213  -0.973130   0.001000
 -0.241671  -0.120106  -0.684815   0.676903  -0.080213  -0.973130   0.001000
 -0.241671  -0.120106  -0.684815   0.676903  -0.080213  -0.973130   0.001000
 -0.241671  -0.120106  -0.684815   0.676903  -0.080213  -0.973130   0.001000
 -0.241671  -0.120106  -0.684815   0.676903  -0.080213  -0.973130   0.001000
 -0.241671  -0.120106  -0.684815   0.676903  -0.080213  -0.973130   0.001000
 -0.241671  -0.120106  -0.684815   0.676903  -0.080213  -0.973130   0.001000
 -0.222526  -0.135429  -0.708826   0.655520   0.094790  -1.038794   0.001000
 -0.222526  -0.135429  -0.708826   0.655520   0.094790  -1.038794   0.001000
 -0.237366  -0.114257  -0.692478   0.671623   0.062262  -1.088163   0.001000
 -0.237366  -0.114257  -0.692478   0.671623   0.062262  -1.088163   0.001000
 -0.237366  -0.114257  -0.692478   0.671623   0.062262  -1.088163   0.001000
 -0.237366  -0.114257  -0.692478   0.671623   0.062262  -1.088163   0.001000
 -0.237366  -0.114257  -0.692478   0.671623   0.062262  -1.088163   0.001000
 -0.237366  -0.114257  -0.692478   0.671623   0.062262  -1.088163   0.001000
 -0.237366  -0.114257  -0.692478   0.671623   0.062262  -1.088163   0.001000
 -0.237366  -0.114257  -0.692478   0.671623   0.062262  -1.088163   0.001000
 -0.237366  -0.114257  -0.692478   0.671623   0.062262  -1.088163   0.001000
 -0.237366  -0.114257  -0.692478   0.671623   0.062262  -1.088163   0.001000
 -0.237366  -0.114257  -0.692478   0.671623   0.062262  -1.088163   0.001000
 -0.237366  -0.114257  -0.692478   0.671623   0.062262  -1.088163   0.001000
 -0.237366  -0.114257  -0.692478   0.671623   0.062262  -1.088163   0.001000
 -0.237366  -0.114257  -0.692478   0.671623   0.062262  -1.088163   0.001000
 -0.237366  -0.114257  -0.692478   0.671623   0.062262  -1.088163   0.001000
 -0.250997  -0.115470  -0.707578   0.650385  -0.013358  -0.990363   0.001000
 -0.250997  -0.115470  -0.707578   0.650385  -0.013358  -0.990363   0.001000
 -0.248217  -0.113979  -0.689380   0.670934  -0.045243  -1.006286   0.001000
 -0.248217  -0.113979  -0.689380   0.670934  -0.045243  -1.006286   0.001000
 -0.248217  -0.113979  -0.689380   0.670934  -0.045243  -1.006286   0.001000
 -0.248217  -0.113979  -0.689380   0.670934  -0.045243  -1.006286   0.001000
 -0.231541  -0.109392  -0.697156   0.669624   0.036480  -0.954886   0.001000
 -0.248290  -0.112232  -0.689284   0.671300   0.116967  -0.987002   0.001000
 -0.248290  -0.112232  -0.689284   0.671300   0.116967  -0.987002   0.001000
 -0.248290  -0.112232  -0.689284   0.671300   0.116967  -0.987002   0.001000
 -0.248290  -0.112232  -0.689284   0.671300   0.116967  -0.987002   0.001000
 -0.248290  -0.112232  -0.689284   0.671300   0.116967  -0.987002   0.001000
 -0.237536  -0.098633  -0.680735   0.685892  -0.096444  -0.999659   0.001000
 -0.212928  -0.145783  -0.723171   0.640650   0.377176  -1.185233   0.001000
 -0.212928  -0.145783  -0.723171   0.640650   0.377176  -1.185233   0.001000
 -0.253031  -0.097946  -0.701411   0.659093   0.178479  -0.927923   0.001000
 -0.253031  -0.097946  -0.701411   0.659093   0.178479  -0.927923   0.001000
 -0.253031  -0.097946  -0.701411   0.659093   0.178479  -0.927923   0.001000
 -0.253031  -0.097946  -0.701411   0.659093   0.178479  -0.927923   0.001000
 -0.253031  -0.097946  -0.701411   0.659093   0.178479  -0.927923   0.001000
 -0.253031  -0.097946  -0.701411   0.659093   0.178479  -0.927923   0.001000
 -0.253031  -0.097946  -0.701411   0.659093   0.178479  -0.927923   0.001000
 -0.253031  -0.097946  -0.701411   0.659093   0.178479  -0.927923   0.001000
 -0.253031  -0.097946  -0.701411   0.659093   0.178479  -0.927923   0.001000
 -0.237707  -0.099686  -0.693720   0.672541   0.264841  -0.858163   0.001000
 -0.264673  -0.094380  -0.706558   0.649474   0.353665  -1.001604   0.001000
 -0.264673  -0.094380  -0.706558   0.649474   0.353665  -1.001604   0.001000
 -0.202979  -0.150088  -0.689283   0.679089   0.031965  -1.095028   0.001000
 -0.262378  -0.084819  -0.696249   0.662722   0.168048  -0.846729   0.001000
 -0.241359  -0.117304  -0.698063   0.663848   0.149179  -0.991219   0.001000
 -0.241359  -0.117304  -0.698063   0.663848   0.149179  -0.991219   0.001000
 -0.265071  -0.094538  -0.685189   0.671801   0.259860  -0.880410   0.001000
 -0.265071  -0.094538  -0.685189   0.671801   0.259860  -0.880410   0.001000
 -0.232921  -0.124075  -0.692074   0.671853  -0.061319  -1.047189   0.001000
 -0.232921  -0.124075  -0.692074   0.671853  -0.061319  -1.047189   0.001000
 -0.232921  -0.124075  -0.692074   0.671853  -0.061319  -1.047189   0.001000
 -0.232921  -0.124075  -0.692074   0.671853  -0.061319  -1.047189   0.001000
 -0.232921  -0.124075  -0.692074   0.671853  -0.061319  -1.047189   0.001000
 -0.232921  -0.124075  -0.692074   0.671853  -0.061319  -1.047189   0.001000
 -0.232921  -0.124075  -0.692074   0.671853  -0.061319  -1.047189   0.001000
 -0.232921  -0.124075  -0.692074   0.671853  -0.061319  -1.047189   0.001000
 -0.233116  -0.121185  -0.691998   0.672391   0.066244  -1.008665   0.001000
 -0.233116  -0.121185  -0.691998   0.672391   0.066244  -1.008665   0.001000
 -0.233116  -0.121185  -0.691998   0.672391   0.066244  -1.008665   0.001000
 -0.233116  -0.121185  -0.691998   0.672391   0.066244  -1.008665   0.001000
 -0.233116  -0.121185  -0.691998   0.672391   0.066244  -1.008665   0.001000
 -0.233116  -0.121185  -0.691998   0.672391   0.066244  -1.008665   0.001000
 -0.233116  -0.121185  -0.691998   0.672391   0.066244  -1.008665   0.001000
 -0.233116  -0.121185  -0.691998   0.672391   0.066244  -1.008665   0.001000
 -0.225173  -0.125967  -0.687086   0.679222   0.149470  -0.887783   0.001000
 -0.225173  -0.125967  -0.687086   0.679222   0.149470  -0.887783   0.001000
 -0.225173  -0.125967  -0.687086   0.679222   0.149470  -0.887783   0.001000
 -0.225173  -0.125967  -0.687086   0.679222   0.149470  -0.887783   0.001000
 -0.246712  -0.114223  -0.689769   0.671048  -0.002713  -0.952037   0.001000
 -0.243543  -0.113458  -0.687486   0.674668  -0.279591  -0.907949   0.001000
 -0.243543  -0.113458  -0.687486   0.674668  -0.279591  -0.907949   0.001000
 -0.243543  -0.113458  -0.687486   0.674668  -0.279591  -0.907949   0.001000
 -0.233465  -0.118694  -0.703777   0.660382  -0.188920  -0.898710   0.001000
 -0.233465  -0.118694  -0.703777   0.660382  -0.188920  -0.898710   0.001000
 -0.243128  -0.114102  -0.695794   0.666138  -0.274288  -0.896453   0.001000
 -0.236087  -0.107408  -0.681431   0.684381  -0.085349  -1.064875   0.001000
 -0.233365  -0.114234  -0.693184   0.672300  -0.239718  -0.978377   0.001000
 -0.242719  -0.110877  -0.686849   0.676042  -0.155996  -0.818779   0.001000
 -0.242719  -0.110877  -0.686849   0.676042  -0.155996  -0.818779   0.001000
 -0.242719  -0.110877  -0.686849   0.676042  -0.155996  -0.818779   0.001000
 -0.244193  -0.114039  -0.701156   0.660109  -0.187795  -0.820332   0.001000
 -0.235942  -0.121129  -0.703466   0.659390  -0.365463  -0.784938   0.001000
 -0.235942  -0.121129  -0.703466   0.659390  -0.365463  -0.784938   0.001000
 -0.242553  -0.107675  -0.695826   0.667383  -0.234093  -0.912949   0.001000
 -0.242553  -0.107675  -0.695826   0.667383  -0.234093  -0.912949   0.001000
 -0.242553  -0.107675  -0.695826   0.667383  -0.234093  -0.912949   0.001000
 -0.241706  -0.105359  -0.689205   0.674888  -0.096990  -0.874921   0.001000
 -0.241706  -0.105359  -0.689205   0.674888  -0.096990  -0.874921   0.001000
 -0.241706  -0.105359  -0.689205   0.674888  -0.096990  -0.874921   0.001000
 -0.241706  -0.105359  -0.689205   0.674888  -0.096990  -0.874921   0.001000
 -0.241706  -0.105359  -0.689205   0.674888  -0.096990  -0.874921   0.001000
 -0.241706  -0.105359  -0.689205   0.674888  -0.096990  -0.874921   0.001000
 -0.256216  -0.095287  -0.694175   0.665879  -0.183792  -0.811784   0.001000
 -0.265081  -0.113555  -0.697292   0.656217  -0.233413  -0.816067   0.001000
 -0.265499  -0.101563  -0.707138   0.647419  -0.180054  -0.852036   0.001000
 -0.273614  -0.126769  -0.692965   0.654878   0.034220  -0.924156   0.001000
 -0.251090  -0.111462  -0.669914   0.689743   0.025542  -0.806140   0.001000
 -0.251090  -0.111462  -0.669914   0.689743   0.025542  -0.806140   0.001000
 -0.251090  -0.111462  -0.669914   0.689743   0.025542  -0.806140   0.001000
 -0.251090  -0.111462  -0.669914   0.689743   0.025542  -0.806140   0.001000
 -0.226609  -0.123005  -0.700849   0.665078   0.245476  -0.798334   0.001000
 -0.243953  -0.105756  -0.694914   0.668130   0.122137  -0.961689   0.001000
 -0.243953  -0.105756  -0.694914   0.668130   0.122137  -0.961689   0.001000
 -0.240913  -0.107837  -0.662226   0.701277   0.019110  -0.919595   0.001000
 -0.224619  -0.166843  -0.683136   0.674562   0.143092  -0.982524   0.001000
 -0.258680  -0.107226  -0.682059   0.675561   0.325231  -0.913056   0.001000
 -0.258680  -0.107226  -0.682059   0.675561   0.325231  -0.913056   0.001000
 -0.227291  -0.121114  -0.716356   0.648463   0.256981  -0.955513   0.001000
 -0.227291  -0.121114  -0.716356   0.648463   0.256981  -0.955513   0.001000
 -0.231234  -0.116812  -0.697691   0.667917   0.138381  -1.059675   0.001000
 -0.231234  -0.116812  -0.697691   0.667917   0.138381  -1.059675   0.001000
 -0.231234  -0.116812  -0.697691   0.667917   0.138381  -1.059675   0.001000
 -0.231234  -0.116812  -0.697691   0.667917   0.138381  -1.059675   0.001000
 -0.230387  -0.130052  -0.698126   0.665303   0.283499  -0.947891   0.001000
 -0.244221  -0.116147  -0.705827   0.654732   0.161039  -0.979709   0.001000
 -0.244844  -0.114122  -0.711345   0.648858   0.239348  -1.084896   0.001000
 -0.246628  -0.108930  -0.701745   0.659441   0.250657  -1.100205   0.001000
 -0.237729  -0.115528  -0.688415   0.675443   0.173330  -0.998917   0.001000
 -0.237729  -0.115528  -0.688415   0.675443   0.173330  -0.998917   0.001000
 -0.237729  -0.115528  -0.688415   0.675443   0.173330  -0.998917   0.001000
 -0.237729  -0.115528  -0.688415   0.675443   0.173330  -0.998917   0.001000
 -0.237729  -0.115528  -0.688415   0.675443   0.173330  -0.998917   0.001000
 -0.237729  -0.115528  -0.688415   0.675443   0.173330  -0.998917   0.001000
 -0.228879  -0.120043  -0.665147   0.700559   0.271240  -1.093494   0.001000
 -0.270482  -0.070225  -0.700011   0.657185   0.175961  -1.173710   0.001000
 -0.270482  -0.070225  -0.700011   0.657185   0.175961  -1.173710   0.001000
 -0.238718  -0.113228  -0.697591   0.666003   0.085657  -1.109226   0.001000
 -0.238718  -0.113228  -0.697591   0.666003   0.085657  -1.109226   0.001000
 -0.238718  -0.113228  -0.697591   0.666003   0.085657  -1.109226   0.001000
 -0.238718  -0.113228  -0.697591   0.666003   0.085657  -1.109226   0.001000
 -0.238718  -0.113228  -0.697591   0.666003   0.085657  -1.109226   0.001000
 -0.238718  -0.113228  -0.697591   0.666003   0.085657  -1.109226   0.001000
 -0.238718  -0.113228  -0.697591   0.666003   0.085657  -1.109226   0.001000
 -0.238718  -0.113228  -0.697591   0.666003   0.085657  -1.109226   0.001000
 -0.238718  -0.113228  -0.697591   0.666003   0.085657  -1.109226   0.001000
 -0.238718  -0.113228  -0.697591   0.666003   0.085657  -1.109226   0.001000
 -0.238718  -0.113228  -0.697591   0.666003   0.085657  -1.109226   0.001000
 -0.238718  -0.113228  -0.697591   0.666003   0.085657  -1.109226   0.001000
 -0.238718  -0.113228  -0.697591   0.666003   0.085657  -1.109226   0.001000
 -0.238718  -0.113228  -0.697591   0.666003   0.085657  -1.109226   0.001000
 -0.238718  -0.113228  -0.697591   0.666003   0.085657  -1.109226   0.001000
 -0.261914  -0.103587  -0.717927   0.636593   0.119516  -1.049256   0.001000
 -0.255917  -0.108333  -0.701518   0.656234   0.127448  -0.999620   0.001000
 -0.255917  -0.108333  -0.701518   0.656234   0.127448  -0.999620   0.001000
 -0.247676  -0.110265  -0.706431   0.653799   0.051577  -1.034897   0.001000
 -0.247676  -0.110265  -0.706431   0.653799   0.051577  -1.034897   0.001000
 -0.247676  -0.110265  -0.706431   0.653799   0.051577  -1.034897   0.001000
 -0.247676  -0.110265  -0.706431   0.653799   0.051577  -1.034897   0.001000
 -0.247676  -0.110265  -0.706431   0.653799   0.051577  -1.034897   0.001000
 -0.247676  -0.110265  -0.706431   0.653799   0.051577  -1.034897   0.001000
 -0.247676  -0.110265  -0.706431   0.653799   0.051577  -1.034897   0.001000
 -0.247676  -0.110265  -0.706431   0.653799   0.051577  -1.034897   0.001000
 -0.247676  -0.110265  -0.706431   0.653799   0.051577  -1.034897   0.001000
 -0.257451  -0.112432  -0.699333   0.657275   0.412653  -0.968935   0.001000
 -0.244862  -0.113506  -0.721207   0.637981   0.356353  -0.996329   0.001000
 -0.244862  -0.113506  -0.721207   0.637981   0.356353  -0.996329   0.001000
 -0.244862  -0.113506  -0.721207   0.637981   0.356353  -0.996329   0.001000
 -0.244862  -0.113506  -0.721207   0.637981   0.356353  -0.996329   0.001000
 -0.244862  -0.113506  -0.721207   0.637981   0.356353  -0.996329   0.001000
 -0.244862  -0.113506  -0.721207   0.637981   0.356353  -0.996329   0.001000
 -0.238835  -0.122951  -0.687145   0.675035   0.033598  -1.015719   0.001000
 -0.238835  -0.122951  -0.687145   0.675035   0.033598  -1.015719   0.001000
 -0.238835  -0.122951  -0.687145   0.675035   0.033598  -1.015719   0.001000
 -0.238835  -0.122951  -0.687145   0.675035   0.033598  -1.015719   0.001000
 -0.238835  -0.122951  -0.687145   0.675035   0.033598  -1.015719   0.001000
 -0.238835  -0.122951  -0.687145   0.675035   0.033598  -1.015719   0.001000
 -0.238835  -0.122951  -0.687145   0.675035   0.033598  -1.015719   0.001000
 -0.238835  -0.122951  -0.687145   0.675035   0.033598  -1.015719   0.001000
 -0.238835  -0.122951  -0.687145   0.675035   0.033598  -1.015719   0.001000
 -0.238835  -0.122951  -0.687145   0.675035   0.033598  -1.015719   0.001000
 -0.238835  -0.122951  -0.687145   0.675035   0.033598  -1.015719   0.001000
 -0.238835  -0.122951  -0.687145   0.675035   0.033598  -1.015719   0.001000
 -0.238835  -0.122951  -0.687145   0.675035   0.033598  -1.015719   0.001000
 -0.238835  -0.122951  -0.687145   0.675035   0.033598  -1.015719   0.001000
 -0.238835  -0.122951  -0.687145   0.675035   0.033598  -1.015719   0.001000
 -0.238835  -0.122951  -0.687145   0.675035   0.033598  -1.015719   0.001000
 -0.238835  -0.122951  -0.687145   0.675035   0.033598  -1.015719   0.001000
 -0.241256  -0.117898  -0.690641   0.671499   0.009368  -0.916469   0.001000
 -0.239212  -0.105424  -0.695735   0.669041  -0.029272  -1.014144   0.001000
 -0.236306  -0.111068  -0.691219   0.673824   0.149009  -0.971736   0.001000
 -0.236306  -0.111068  -0.691219   0.673824   0.149009  -0.971736   0.001000
 -0.229746  -0.141897  -0.679347   0.682326   0.061472  -1.025468   0.001000
 -0.229746  -0.141897  -0.679347   0.682326   0.061472  -1.025468   0.001000
 -0.243215  -0.111439  -0.693826   0.668605   0.004482  -0.892548   0.001000
 -0.243215  -0.111439  -0.693826   0.668605   0.004482  -0.892548   0.001000
 -0.243215  -0.111439  -0.693826   0.668605   0.004482  -0.892548   0.001000
 -0.243215  -0.111439  -0.693826   0.668605   0.004482  -0.892548   0.001000
 -0.243215  -0.111439  -0.693826   0.668605   0.004482  -0.892548   0.001000
 -0.243215  -0.111439  -0.693826   0.668605   0.004482  -0.892548   0.001000
 -0.243215  -0.111439  -0.693826   0.668605   0.004482  -0.892548   0.001000
 -0.243215  -0.111439  -0.693826   0.668605   0.004482  -0.892548   0.001000
 -0.243215  -0.111439  -0.693826   0.668605   0.004482  -0.892548   0.001000
 -0.243215  -0.111439  -0.693826   0.668605   0.004482  -0.892548   0.001000
 -0.243215  -0.111439  -0.693826   0.668605   0.004482  -0.892548   0.001000
 -0.243215  -0.111439  -0.693826   0.668605   0.004482  -0.892548   0.001000
 -0.243215  -0.111439  -0.693826   0.668605   0.004482  -0.892548   0.001000
 -0.243215  -0.111439  -0.693826   0.668605   0.004482  -0.892548   0.001000
 -0.243215  -0.111439  -0.693826   0.668605   0.004482  -0.892548   0.001000
 -0.252374  -0.093459  -0.696609   0.665063   0.147727  -1.071110   0.001000
 -0.252374  -0.093459  -0.696609   0.665063   0.147727  -1.071110   0.001000
 -0.237457  -0.110059  -0.694412   0.670294   0.029132  -0.968715   0.001000
 -0.237457  -0.110059  -0.694412   0.670294   0.029132  -0.968715   0.001000
 -0.237457  -0.110059  -0.694412   0.670294   0.029132  -0.968715   0.001000
 -0.237457  -0.110059  -0.694412   0.670294   0.029132  -0.968715   0.001000
 -0.237457  -0.110059  -0.694412   0.670294   0.029132  -0.968715   0.001000
 -0.242008  -0.117734  -0.699013   0.662535   0.089300  -1.020413   0.001000
 -0.242008  -0.117734  -0.699013   0.662535   0.089300  -1.020413   0.001000
 -0.242008  -0.117734  -0.699013   0.662535   0.089300  -1.020413   0.001000
 -0.242008  -0.117734  -0.699013   0.662535   0.089300  -1.020413   0.001000
 -0.242008  -0.117734  -0.699013   0.662535   0.089300  -1.020413   0.001000
 -0.242008  -0.117734  -0.699013   0.662535   0.089300  -1.020413   0.001000
 -0.242008  -0.117734  -0.699013   0.662535   0.089300  -1.020413   0.001000
 -0.242008  -0.117734  -0.699013   0.662535   0.089300  -1.020413   0.001000
 -0.242008  -0.117734  -0.699013   0.662535   0.089300  -1.020413   0.001000
 -0.242008  -0.117734  -0.699013   0.662535   0.089300  -1.020413   0.001000
 -0.243952  -0.111091  -0.688641   0.673735  -0.013914  -1.034959   0.001000
 -0.243952  -0.111091  -0.688641   0.673735  -0.013914  -1.034959   0.001000
 -0.243952  -0.111091  -0.688641   0.673735  -0.013914  -1.034959   0.001000
 -0.253735  -0.108417  -0.692975   0.666071  -0.144137  -0.968222   0.001000
 -0.231838  -0.131134  -0.706590   0.655581   0.112238  -1.016577   0.001000
 -0.231838  -0.131134  -0.706590   0.655581   0.112238  -1.016577   0.001000
 -0.231838  -0.131134  -0.706590   0.655581   0.112238  -1.016577   0.001000
 -0.260358  -0.119201  -0.712162   0.640960   0.009614  -1.031730   0.001000
 -0.220848  -0.128519  -0.699309   0.667590   0.057690  -0.859617   0.001000
 -0.220848  -0.128519  -0.699309   0.667590   0.057690  -0.859617   0.001000
 -0.250325  -0.099781  -0.706959   0.653903  -0.046460  -0.946389   0.001000
 -0.245663  -0.113829  -0.682008   0.679380   0.234693  -0.973406   0.001000
 -0.245663  -0.113829  -0.682008   0.679380   0.234693  -0.973406   0.001000
 -0.211948  -0.142078  -0.678262   0.689096  -0.288611  -0.942975   0.001000
 -0.198313  -0.151890  -0.696158   0.673027   0.101687  -0.982148   0.001000
 -0.202156  -0.145509  -0.685984   0.683656  -0.010847  -1.054128   0.001000
 -0.227321  -0.120653  -0.696793   0.669513  -0.066318  -0.926173   0.001000
 -0.227321  -0.120653  -0.696793   0.669513  -0.066318  -0.926173   0.001000
 -0.227321  -0.120653  -0.696793   0.669513  -0.066318  -0.926173   0.001000
 -0.242951  -0.112611  -0.687885   0.674617  -0.238019  -0.918326   0.001000
 -0.242951  -0.112611  -0.687885   0.674617  -0.238019  -0.918326   0.001000
 -0.242951  -0.112611  -0.687885   0.674617  -0.238019  -0.918326   0.001000
 -0.242951  -0.112611  -0.687885   0.674617  -0.238019  -0.918326   0.001000
 -0.242951  -0.112611  -0.687885   0.674617  -0.238019  -0.918326   0.001000
 -0.242951  -0.112611  -0.687885   0.674617  -0.238019  -0.918326   0.001000
 -0.248906  -0.118115  -0.690317   0.668997  -0.148015  -0.948215   0.001000
 -0.233144  -0.120931  -0.691875   0.672553  -0.130838  -1.132687   0.001000
 -0.233144  -0.120931  -0.691875   0.672553  -0.130838  -1.132687   0.001000
 -0.233144  -0.120931  -0.691875   0.672553  -0.130838  -1.132687   0.001000
 -0.239682  -0.122230  -0.686285   0.675741  -0.165949  -1.050025   0.001000
 -0.239682  -0.122230  -0.686285   0.675741  -0.165949  -1.050025   0.001000
 -0.275937  -0.071064  -0.719071   0.633834   0.105753  -1.105677   0.001000
 -0.275937  -0.071064  -0.719071   0.633834   0.105753  -1.105677   0.001000
 -0.275937  -0.071064  -0.719071   0.633834   0.105753  -1.105677   0.001000
 -0.275937  -0.071064  -0.719071   0.633834   0.105753  -1.105677   0.001000
 -0.275937  -0.071064  -0.719071   0.633834   0.105753  -1.105677   0.001000
 -0.275937  -0.071064  -0.719071   0.633834   0.105753  -1.105677   0.001000
 -0.275937  -0.071064  -0.719071   0.633834   0.105753  -1.105677   0.001000
 -0.275937  -0.071064  -0.719071   0.633834   0.105753  -1.105677   0.001000
 -0.275937  -0.071064  -0.719071   0.633834   0.105753  -1.105677   0.001000
 -0.291907  -0.059013  -0.695076   0.654352   0.235572  -1.012252   0.001000
 -0.291907  -0.059013  -0.695076   0.654352   0.235572  -1.012252   0.001000
 -0.277481  -0.079844  -0.696863   0.656514   0.224700  -0.846235   0.001000
 -0.291766  -0.062450  -0.683459   0.666225   0.001755  -1.274028   0.001000
