 -0.610291  -0.230596  -0.314076   0.689729  -1.188492  -2.217786   0.001000
 -0.533445  -0.206921  -0.304177   0.761641  -1.022509  -2.181935   0.001000
 -0.533445  -0.206921  -0.304177   0.761641  -1.022509  -2.181935   0.001000
 -0.533445  -0.206921  -0.304177   0.761641  -1.022509  -2.181935   0.001000
 -0.533445  -0.206921  -0.304177   0.761641  -1.022509  -2.181935   0.001000
 -0.531797  -0.196906  -0.294653   0.769155  -1.171012  -2.238803   0.001000
 -0.555691  -0.181853  -0.318612   0.746072  -1.317309  -2.153681   0.001000
 -0.549583  -0.197052  -0.313809   0.748767  -1.116403  -2.089347   0.001000
 -0.537256  -0.204343  -0.314805   0.755313  -1.092424  -2.428051   0.001000
 -0.537892  -0.200579  -0.302590   0.760842  -1.432916  -2.418157   0.001000
 -0.537892  -0.200579  -0.302590   0.760842  -1.432916  -2.418157   0.001000
 -0.543620  -0.190835  -0.303125   0.759061  -1.522684  -2.374061   0.001000
 -0.538191  -0.207870  -0.309490   0.755881  -1.392702  -2.327686   0.001000
 -0.522365  -0.197729  -0.315255   0.767237  -1.382968  -2.360258   0.001000
 -0.533639  -0.199092  -0.308120   0.762006  -1.193782  -2.084303   0.001000
 -0.541700  -0.206479  -0.308059   0.754339  -1.312588  -2.304532   0.001000
 -0.538048  -0.198758  -0.316403   0.755572  -1.192016  -2.288155   0.001000
 -0.538048  -0.198758  -0.316403   0.755572  -1.192016  -2.288155   0.001000
 -0.549959  -0.197989  -0.315229   0.747647  -1.285780  -2.276482   0.001000
 -0.542800  -0.209504  -0.312561   0.750854  -1.205184  -2.227670   0.001000
 -0.530134  -0.193888  -0.326391   0.758179  -0.971389  -2.047439   0.001000
 -0.534105  -0.204206  -0.318935   0.755852  -0.933805  -2.141227   0.001000
 -0.534105  -0.204206  -0.318935   0.755852  -0.933805  -2.141227   0.001000
 -0.526816  -0.197416  -0.325358   0.760023  -1.170821  -2.262176   0.001000
 -0.542472  -0.199257  -0.307344   0.756016  -1.119647  -2.038099   0.001000
 -0.542472  -0.199257  -0.307344   0.756016  -1.119647  -2.038099   0.001000
 -0.542472  -0.199257  -0.307344   0.756016  -1.119647  -2.038099   0.001000
 -0.542472  -0.199257  -0.307344   0.756016  -1.119647  -2.038099   0.001000
 -0.535226  -0.212328  -0.314663   0.754611  -0.869173  -1.985202   0.001000
 -0.535226  -0.212328  -0.314663   0.754611  -0.869173  -1.985202   0.001000
 -0.535226  -0.212328  -0.314663   0.754611  -0.869173  -1.985202   0.001000
 -0.535226  -0.212328  -0.314663   0.754611  -0.869173  -1.985202   0.001000
 -0.678342  -0.142854  -0.334003   0.638660  -1.191694  -1.979344   0.001000
 -0.534233  -0.201580  -0.315034   0.758099  -1.125831  -2.290825   0.001000
 -0.534233  -0.201580  -0.315034   0.758099  -1.125831  -2.290825   0.001000
 -0.529119  -0.189667  -0.314915   0.764780  -1.755264  -2.164511   0.001000
 -0.534270  -0.212345  -0.315402   0.754974  -1.558252  -2.235830   0.001000
 -0.669009  -0.141080  -0.335011   0.648298  -1.721211  -2.167232   0.001000
 -0.669009  -0.141080  -0.335011   0.648298  -1.721211  -2.167232   0.001000
 -0.547975  -0.199224  -0.306236   0.752497  -1.847510  -2.226497   0.001000
 -0.546469  -0.195747  -0.313192   0.751642  -1.483011  -2.218585   0.001000
 -0.546469  -0.195747  -0.313192   0.751642  -1.483011  -2.218585   0.001000
 -0.546469  -0.195747  -0.313192   0.751642  -1.483011  -2.218585   0.001000
 -0.546469  -0.195747  -0.313192   0.751642  -1.483011  -2.218585   0.001000
 -0.546469  -0.195747  -0.313192   0.751642  -1.483011  -2.218585   0.001000
 -0.546469  -0.195747  -0.313192   0.751642  -1.483011  -2.218585   0.001000
 -0.546469  -0.195747  -0.313192   0.751642  -1.483011  -2.218585   0.001000
 -0.546469  -0.195747  -0.313192   0.751642  -1.483011  -2.218585   0.001000
 -0.694906  -0.160572  -0.329114   0.618875  -1.609152  -2.202934   0.001000
 -0.675448  -0.139004  -0.329746   0.644760  -1.750524  -2.208815   0.001000
 -0.538673  -0.204364  -0.317963   0.752972  -1.060814  -2.213332   0.001000
 -0.538673  -0.204364  -0.317963   0.752972  -1.060814  -2.213332   0.001000
 -0.531489  -0.204783  -0.322095   0.756200  -1.115594  -2.183118   0.001000
 -0.544325  -0.202740  -0.305599   0.754464  -1.089751  -2.258666   0.001000
 -0.533153  -0.217528  -0.325889   0.749817  -0.874429  -2.208867   0.001000
 -0.546614  -0.192471  -0.302795   0.756626  -1.222960  -2.182196   0.001000
 -0.546614  -0.192471  -0.302795   0.756626  -1.222960  -2.182196   0.001000
 -0.536765  -0.213586  -0.309953   0.755111  -1.045209  -2.332862   0.001000
 -0.675572  -0.150244  -0.345133   0.633965  -1.251506  -2.288689   0.001000
 -0.541916  -0.206638  -0.321271   0.748607  -1.241250  -2.356904   0.001000
 -0.537460  -0.210444  -0.320606   0.751040  -1.158916  -2.100662   0.001000
 -0.537460  -0.210444  -0.320606   0.751040  -1.158916  -2.100662   0.001000
 -0.534500  -0.205005  -0.306606   0.760444  -1.254411  -2.055524   0.001000
 -0.534500  -0.205005  -0.306606   0.760444  -1.254411  -2.055524   0.001000
 -0.534500  -0.205005  -0.306606   0.760444  -1.254411  -2.055524   0.001000
 -0.534500  -0.205005  -0.306606   0.760444  -1.254411  -2.055524   0.001000
 -0.534500  -0.205005  -0.306606   0.760444  -1.254411  -2.055524   0.001000
 -0.534500  -0.205005  -0.306606   0.760444  -1.254411  -2.055524   0.001000
 -0.534500  -0.205005  -0.306606   0.760444  -1.254411  -2.055524   0.001000
 -0.534500  -0.205005  -0.306606   0.760444  -1.254411  -2.055524   0.001000
 -0.534500  -0.205005  -0.306606   0.760444  -1.254411  -2.055524   0.001000
 -0.534500  -0.205005  -0.306606   0.760444  -1.254411  -2.055524   0.001000
 -0.534500  -0.205005  -0.306606   0.760444  -1.254411  -2.055524   0.001000
 -0.534500  -0.205005  -0.306606   0.760444  -1.254411  -2.055524   0.001000
 -0.534500  -0.205005  -0.306606   0.760444  -1.254411  -2.055524   0.001000
 -0.534500  -0.205005  -0.306606   0.760444  -1.254411  -2.055524   0.001000
 -0.534500  -0.205005  -0.306606   0.760444  -1.254411  -2.055524   0.001000
 -0.534500  -0.205005  -0.306606   0.760444  -1.254411  -2.055524   0.001000
 -0.534500  -0.205005  -0.306606   0.760444  -1.254411  -2.055524   0.001000
 -0.534500  -0.205005  -0.306606   0.760444  -1.254411  -2.055524   0.001000
 -0.534500  -0.205005  -0.306606   0.760444  -1.254411  -2.055524   0.001000
 -0.534500  -0.205005  -0.306606   0.760444  -1.254411  -2.055524   0.001000
 -0.534500  -0.205005  -0.306606   0.760444  -1.254411  -2.055524   0.001000
 -0.534500  -0.205005  -0.306606   0.760444  -1.254411  -2.055524   0.001000
 -0.534500  -0.205005  -0.306606   0.760444  -1.254411  -2.055524   0.001000
 -0.534500  -0.205005  -0.306606   0.760444  -1.254411  -2.055524   0.001000
 -0.534500  -0.205005  -0.306606   0.760444  -1.254411  -2.055524   0.001000
 -0.534500  -0.205005  -0.306606   0.760444  -1.254411  -2.055524   0.001000
 -0.534500  -0.205005  -0.306606   0.760444  -1.254411  -2.055524   0.001000
 -0.534500  -0.205005  -0.306606   0.760444  -1.254411  -2.055524   0.001000
 -0.534500  -0.205005  -0.306606   0.760444  -1.254411  -2.055524   0.001000
 -0.539723  -0.199991  -0.316135   0.754163  -0.980202  -2.036122   0.001000
 -0.539723  -0.199991  -0.316135   0.754163  -0.980202  -2.036122   0.001000
 -0.539723  -0.199991  -0.316135   0.754163  -0.980202  -2.036122   0.001000
 -0.539723  -0.199991  -0.316135   0.754163  -0.980202  -2.036122   0.001000
 -0.539723  -0.199991  -0.316135   0.754163  -0.980202  -2.036122   0.001000
 -0.539723  -0.199991  -0.316135   0.754163  -0.980202  -2.036122   0.001000
 -0.539723  -0.199991  -0.316135   0.754163  -0.980202  -2.036122   0.001000
 -0.539723  -0.199991  -0.316135   0.754163  -0.980202  -2.036122   0.001000
 -0.539723  -0.199991  -0.316135   0.754163  -0.980202  -2.036122   0.001000
 -0.539723  -0.199991  -0.316135   0.754163  -0.980202  -2.036122   0.001000
 -0.545394  -0.212341  -0.321285   0.744468  -1.073867  -1.976218   0.001000
 -0.534753  -0.204422  -0.299760   0.763148  -1.105526  -2.129492   0.001000
 -0.534753  -0.204422  -0.299760   0.763148  -1.105526  -2.129492   0.001000
 -0.534753  -0.204422  -0.299760   0.763148  -1.105526  -2.129492   0.001000
 -0.543363  -0.207412  -0.313445   0.750659  -1.079162  -2.039751   0.001000
 -0.543363  -0.207412  -0.313445   0.750659  -1.079162  -2.039751   0.001000
 -0.543363  -0.207412  -0.313445   0.750659  -1.079162  -2.039751   0.001000
 -0.543363  -0.207412  -0.313445   0.750659  -1.079162  -2.039751   0.001000
 -0.543363  -0.207412  -0.313445   0.750659  -1.079162  -2.039751   0.001000
 -0.543363  -0.207412  -0.313445   0.750659  -1.079162  -2.039751   0.001000
 -0.543363  -0.207412  -0.313445   0.750659  -1.079162  -2.039751   0.001000
 -0.528668  -0.209831  -0.319337   0.757961  -1.195593  -2.087828   0.001000
 -0.528668  -0.209831  -0.319337   0.757961  -1.195593  -2.087828   0.001000
 -0.528668  -0.209831  -0.319337   0.757961  -1.195593  -2.087828   0.001000
 -0.528668  -0.209831  -0.319337   0.757961  -1.195593  -2.087828   0.001000
 -0.528668  -0.209831  -0.319337   0.757961  -1.195593  -2.087828   0.001000
 -0.528668  -0.209831  -0.319337   0.757961  -1.195593  -2.087828   0.001000
 -0.538334  -0.206398  -0.308452   0.756607  -1.063150  -2.012901   0.001000
 -0.538334  -0.206398  -0.308452   0.756607  -1.063150  -2.012901   0.001000
 -0.538334  -0.206398  -0.308452   0.756607  -1.063150  -2.012901   0.001000
 -0.538334  -0.206398  -0.308452   0.756607  -1.063150  -2.012901   0.001000
 -0.538334  -0.206398  -0.308452   0.756607  -1.063150  -2.012901   0.001000
 -0.538334  -0.206398  -0.308452   0.756607  -1.063150  -2.012901   0.001000
 -0.538334  -0.206398  -0.308452   0.756607  -1.063150  -2.012901   0.001000
 -0.538334  -0.206398  -0.308452   0.756607  -1.063150  -2.012901   0.001000
 -0.538334  -0.206398  -0.308452   0.756607  -1.063150  -2.012901   0.001000
 -0.538334  -0.206398  -0.308452   0.756607  -1.063150  -2.012901   0.001000
 -0.539118  -0.202300  -0.325458   0.750002  -1.267041  -1.918592   0.001000
 -0.539118  -0.202300  -0.325458   0.750002  -1.267041  -1.918592   0.001000
 -0.539118  -0.202300  -0.325458   0.750002  -1.267041  -1.918592   0.001000
 -0.539118  -0.202300  -0.325458   0.750002  -1.267041  -1.918592   0.001000
 -0.539118  -0.202300  -0.325458   0.750002  -1.267041  -1.918592   0.001000
 -0.535551  -0.199567  -0.310008   0.759772  -1.168589  -1.972257   0.001000
 -0.535551  -0.199567  -0.310008   0.759772  -1.168589  -1.972257   0.001000
 -0.537801  -0.196353  -0.314628   0.757116  -1.155523  -1.921524   0.001000
 -0.537801  -0.196353  -0.314628   0.757116  -1.155523  -1.921524   0.001000
 -0.537801  -0.196353  -0.314628   0.757116  -1.155523  -1.921524   0.001000
 -0.537801  -0.196353  -0.314628   0.757116  -1.155523  -1.921524   0.001000
 -0.537801  -0.196353  -0.314628   0.757116  -1.155523  -1.921524   0.001000
 -0.525986  -0.205535  -0.302013   0.768038  -1.231147  -1.976023   0.001000
 -0.543982  -0.200806  -0.313652   0.751920  -1.279537  -2.062552   0.001000
 -0.543982  -0.200806  -0.313652   0.751920  -1.279537  -2.062552   0.001000
 -0.543982  -0.200806  -0.313652   0.751920  -1.279537  -2.062552   0.001000
 -0.543982  -0.200806  -0.313652   0.751920  -1.279537  -2.062552   0.001000
 -0.543982  -0.200806  -0.313652   0.751920  -1.279537  -2.062552   0.001000
 -0.543982  -0.200806  -0.313652   0.751920  -1.279537  -2.062552   0.001000
 -0.543982  -0.200806  -0.313652   0.751920  -1.279537  -2.062552   0.001000
 -0.543982  -0.200806  -0.313652   0.751920  -1.279537  -2.062552   0.001000
 -0.543982  -0.200806  -0.313652   0.751920  -1.279537  -2.062552   0.001000
 -0.543982  -0.200806  -0.313652   0.751920  -1.279537  -2.062552   0.001000
 -0.543775  -0.209518  -0.308301   0.751906  -1.332945  -2.119848   0.001000
 -0.533668  -0.215119  -0.316635   0.754098  -1.143871  -2.136224   0.001000
 -0.542019  -0.205372  -0.314542   0.751732  -1.092989  -2.164320   0.001000
 -0.542019  -0.205372  -0.314542   0.751732  -1.092989  -2.164320   0.001000
 -0.542019  -0.205372  -0.314542   0.751732  -1.092989  -2.164320   0.001000
 -0.542019  -0.205372  -0.314542   0.751732  -1.092989  -2.164320   0.001000
 -0.542019  -0.205372  -0.314542   0.751732  -1.092989  -2.164320   0.001000
 -0.542019  -0.205372  -0.314542   0.751732  -1.092989  -2.164320   0.001000
 -0.542019  -0.205372  -0.314542   0.751732  -1.092989  -2.164320   0.001000
 -0.542019  -0.205372  -0.314542   0.751732  -1.092989  -2.164320   0.001000
 -0.542019  -0.205372  -0.314542   0.751732  -1.092989  -2.164320   0.001000
 -0.542019  -0.205372  -0.314542   0.751732  -1.092989  -2.164320   0.001000
 -0.542019  -0.205372  -0.314542   0.751732  -1.092989  -2.164320   0.001000
 -0.551334  -0.208614  -0.312517   0.744879  -1.155949  -2.216176   0.001000
 -0.517554  -0.204479  -0.329548   0.762709  -1.010250  -1.932381   0.001000
 -0.531766  -0.212646  -0.312274   0.757952  -1.011569  -1.990508   0.001000
 -0.531766  -0.212646  -0.312274   0.757952  -1.011569  -1.990508   0.001000
 -0.531766  -0.212646  -0.312274   0.757952  -1.011569  -1.990508   0.001000
 -0.531766  -0.212646  -0.312274   0.757952  -1.011569  -1.990508   0.001000
 -0.531766  -0.212646  -0.312274   0.757952  -1.011569  -1.990508   0.001000
 -0.531766  -0.212646  -0.312274   0.757952  -1.011569  -1.990508   0.001000
 -0.531766  -0.212646  -0.312274   0.757952  -1.011569  -1.990508   0.001000
 -0.537982  -0.209465  -0.319609   0.751365  -1.108073  -2.092225   0.001000
 -0.537982  -0.209465  -0.319609   0.751365  -1.108073  -2.092225   0.001000
 -0.537982  -0.209465  -0.319609   0.751365  -1.108073  -2.092225   0.001000
 -0.546602  -0.207515  -0.309188   0.750044  -1.178049  -2.077581   0.001000
 -0.546602  -0.207515  -0.309188   0.750044  -1.178049  -2.077581   0.001000
 -0.546602  -0.207515  -0.309188   0.750044  -1.178049  -2.077581   0.001000
 -0.541334  -0.207584  -0.306064   0.755110  -1.122808  -2.134034   0.001000
 -0.546064  -0.211415  -0.318620   0.745385  -1.189069  -1.886625   0.001000
 -0.546064  -0.211415  -0.318620   0.745385  -1.189069  -1.886625   0.001000
 -0.546064  -0.211415  -0.318620   0.745385  -1.189069  -1.886625   0.001000
 -0.546064  -0.211415  -0.318620   0.745385  -1.189069  -1.886625   0.001000
 -0.545979  -0.208774  -0.303669   0.752400  -1.149454  -1.995646   0.001000
 -0.544499  -0.203087  -0.322320   0.747253  -1.094268  -2.174673   0.001000
 -0.532487  -0.209824  -0.322804   0.753810  -1.202186  -1.942517   0.001000
 -0.546810  -0.206086  -0.312135   0.749066  -1.227867  -2.011870   0.001000
 -0.546810  -0.206086  -0.312135   0.749066  -1.227867  -2.011870   0.001000
 -0.538653  -0.210021  -0.314010   0.753089  -1.129553  -2.020499   0.001000
 -0.538653  -0.210021  -0.314010   0.753089  -1.129553  -2.020499   0.001000
 -0.545296  -0.193503  -0.309875   0.754445  -1.001011  -2.155430   0.001000
 -0.529060  -0.205660  -0.313019   0.761458  -1.332437  -2.033752   0.001000
 -0.529060  -0.205660  -0.313019   0.761458  -1.332437  -2.033752   0.001000
 -0.529060  -0.205660  -0.313019   0.761458  -1.332437  -2.033752   0.001000
 -0.529060  -0.205660  -0.313019   0.761458  -1.332437  -2.033752   0.001000
 -0.529060  -0.205660  -0.313019   0.761458  -1.332437  -2.033752   0.001000
 -0.529060  -0.205660  -0.313019   0.761458  -1.332437  -2.033752   0.001000
 -0.529060  -0.205660  -0.313019   0.761458  -1.332437  -2.033752   0.001000
 -0.529060  -0.205660  -0.313019   0.761458  -1.332437  -2.033752   0.001000
 -0.529060  -0.205660  -0.313019   0.761458  -1.332437  -2.033752   0.001000
 -0.529060  -0.205660  -0.313019   0.761458  -1.332437  -2.033752   0.001000
 -0.529060  -0.205660  -0.313019   0.761458  -1.332437  -2.033752   0.001000
 -0.529060  -0.205660  -0.313019   0.761458  -1.332437  -2.033752   0.001000
 -0.529060  -0.205660  -0.313019   0.761458  -1.332437  -2.033752   0.001000
 -0.517163  -0.182734  -0.322317   0.771532  -1.189660  -2.018003   0.001000
 -0.553714  -0.199935  -0.341083   0.732863  -1.211390  -2.109354   0.001000
 -0.553714  -0.199935  -0.341083   0.732863  -1.211390  -2.109354   0.001000
 -0.550480  -0.193056  -0.317872   0.747434  -1.335325  -2.056572   0.001000
 -0.550480  -0.193056  -0.317872   0.747434  -1.335325  -2.056572   0.001000
 -0.550480  -0.193056  -0.317872   0.747434  -1.335325  -2.056572   0.001000
 -0.550480  -0.193056  -0.317872   0.747434  -1.335325  -2.056572   0.001000
 -0.550480  -0.193056  -0.317872   0.747434  -1.335325  -2.056572   0.001000
 -0.550480  -0.193056  -0.317872   0.747434  -1.335325  -2.056572   0.001000
 -0.550480  -0.193056  -0.317872   0.747434  -1.335325  -2.056572   0.001000
 -0.540438  -0.197010  -0.309122   0.757336  -1.399899  -2.154170   0.001000
 -0.540438  -0.197010  -0.309122   0.757336  -1.399899  -2.154170   0.001000
 -0.540438  -0.197010  -0.309122   0.757336  -1.399899  -2.154170   0.001000
 -0.540438  -0.197010  -0.309122   0.757336  -1.399899  -2.154170   0.001000
 -0.540438  -0.197010  -0.309122   0.757336  -1.399899  -2.154170   0.001000
 -0.540438  -0.197010  -0.309122   0.757336  -1.399899  -2.154170   0.001000
 -0.540438  -0.197010  -0.309122   0.757336  -1.399899  -2.154170   0.001000
 -0.540438  -0.197010  -0.309122   0.757336  -1.399899  -2.154170   0.001000
 -0.540438  -0.197010  -0.309122   0.757336  -1.399899  -2.154170   0.001000
 -0.540438  -0.197010  -0.309122   0.757336  -1.399899  -2.154170   0.001000
 -0.540438  -0.197010  -0.309122   0.757336  -1.399899  -2.154170   0.001000
 -0.540438  -0.197010  -0.309122   0.757336  -1.399899  -2.154170   0.001000
 -0.540438  -0.197010  -0.309122   0.757336  -1.399899  -2.154170   0.001000
 -0.540438  -0.197010  -0.309122   0.757336  -1.399899  -2.154170   0.001000
 -0.540438  -0.197010  -0.309122   0.757336  -1.399899  -2.154170   0.001000
 -0.540438  -0.197010  -0.309122   0.757336  -1.399899  -2.154170   0.001000
 -0.540438  -0.197010  -0.309122   0.757336  -1.399899  -2.154170   0.001000
 -0.540438  -0.197010  -0.309122   0.757336  -1.399899  -2.154170   0.001000
 -0.540438  -0.197010  -0.309122   0.757336  -1.399899  -2.154170   0.001000
 -0.540438  -0.197010  -0.309122   0.757336  -1.399899  -2.154170   0.001000
 -0.540438  -0.197010  -0.309122   0.757336  -1.399899  -2.154170   0.001000
 -0.540438  -0.197010  -0.309122   0.757336  -1.399899  -2.154170   0.001000
 -0.540438  -0.197010  -0.309122   0.757336  -1.399899  -2.154170   0.001000
 -0.540438  -0.197010  -0.309122   0.757336  -1.399899  -2.154170   0.001000
 -0.540438  -0.197010  -0.309122   0.757336  -1.399899  -2.154170   0.001000
 -0.540438  -0.197010  -0.309122   0.757336  -1.399899  -2.154170   0.001000
 -0.540438  -0.197010  -0.309122   0.757336  -1.399899  -2.154170   0.001000
 -0.540438  -0.197010  -0.309122   0.757336  -1.399899  -2.154170   0.001000
 -0.540438  -0.197010  -0.309122   0.757336  -1.399899  -2.154170   0.001000
 -0.540438  -0.197010  -0.309122   0.757336  -1.399899  -2.154170   0.001000
 -0.540438  -0.197010  -0.309122   0.757336  -1.399899  -2.154170   0.001000
 -0.540438  -0.197010  -0.309122   0.757336  -1.399899  -2.154170   0.001000
 -0.540438  -0.197010  -0.309122   0.757336  -1.399899  -2.154170   0.001000
 -0.540438  -0.197010  -0.309122   0.757336  -1.399899  -2.154170   0.001000
 -0.540438  -0.197010  -0.309122   0.757336  -1.399899  -2.154170   0.001000
 -0.540438  -0.197010  -0.309122   0.757336  -1.399899  -2.154170   0.001000
 -0.540438  -0.197010  -0.309122   0.757336  -1.399899  -2.154170   0.001000
 -0.540438  -0.197010  -0.309122   0.757336  -1.399899  -2.154170   0.001000
 -0.540438  -0.197010  -0.309122   0.757336  -1.399899  -2.154170   0.001000
 -0.540438  -0.197010  -0.309122   0.757336  -1.399899  -2.154170   0.001000
 -0.540438  -0.197010  -0.309122   0.757336  -1.399899  -2.154170   0.001000
 -0.540438  -0.197010  -0.309122   0.757336  -1.399899  -2.154170   0.001000
 -0.540438  -0.197010  -0.309122   0.757336  -1.399899  -2.154170   0.001000
 -0.540438  -0.197010  -0.309122   0.757336  -1.399899  -2.154170   0.001000
 -0.540438  -0.197010  -0.309122   0.757336  -1.399899  -2.154170   0.001000
 -0.540438  -0.197010  -0.309122   0.757336  -1.399899  -2.154170   0.001000
 -0.540438  -0.197010  -0.309122   0.757336  -1.399899  -2.154170   0.001000
 -0.540438  -0.197010  -0.309122   0.757336  -1.399899  -2.154170   0.001000
 -0.540438  -0.197010  -0.309122   0.757336  -1.399899  -2.154170   0.001000
 -0.729232  -0.129150  -0.238370   0.628269  -1.100791  -1.949671   0.001000
 -0.532187  -0.204022  -0.330171   0.752422  -1.099631  -1.979534   0.001000
 -0.538612  -0.195419  -0.310233   0.758594  -1.171587  -2.008730   0.001000
 -0.538374  -0.219057  -0.313311   0.751001  -1.144723  -2.145423   0.001000
 -0.538374  -0.219057  -0.313311   0.751001  -1.144723  -2.145423   0.001000
 -0.538374  -0.219057  -0.313311   0.751001  -1.144723  -2.145423   0.001000
 -0.538374  -0.219057  -0.313311   0.751001  -1.144723  -2.145423   0.001000
 -0.528197  -0.198375  -0.303568   0.767790  -1.070908  -2.014232   0.001000
 -0.528197  -0.198375  -0.303568   0.767790  -1.070908  -2.014232   0.001000
 -0.524658  -0.213999  -0.312137   0.762567  -1.178149  -2.016392   0.001000
 -0.539823  -0.203572  -0.308443   0.756315  -1.132637  -2.000562   0.001000
 -0.539823  -0.203572  -0.308443   0.756315  -1.132637  -2.000562   0.001000
 -0.539823  -0.203572  -0.308443   0.756315  -1.132637  -2.000562   0.001000
 -0.539823  -0.203572  -0.308443   0.756315  -1.132637  -2.000562   0.001000
 -0.539823  -0.203572  -0.308443   0.756315  -1.132637  -2.000562   0.001000
 -0.539823  -0.203572  -0.308443   0.756315  -1.132637  -2.000562   0.001000
 -0.539823  -0.203572  -0.308443   0.756315  -1.132637  -2.000562   0.001000
 -0.539823  -0.203572  -0.308443   0.756315  -1.132637  -2.000562   0.001000
 -0.539823  -0.203572  -0.308443   0.756315  -1.132637  -2.000562   0.001000
 -0.539823  -0.203572  -0.308443   0.756315  -1.132637  -2.000562   0.001000
 -0.539823  -0.203572  -0.308443   0.756315  -1.132637  -2.000562   0.001000
 -0.539823  -0.203572  -0.308443   0.756315  -1.132637  -2.000562   0.001000
 -0.539823  -0.203572  -0.308443   0.756315  -1.132637  -2.000562   0.001000
 -0.539823  -0.203572  -0.308443   0.756315  -1.132637  -2.000562   0.001000
 -0.539823  -0.203572  -0.308443   0.756315  -1.132637  -2.000562   0.001000
 -0.539823  -0.203572  -0.308443   0.756315  -1.132637  -2.000562   0.001000
 -0.539823  -0.203572  -0.308443   0.756315  -1.132637  -2.000562   0.001000
 -0.539823  -0.203572  -0.308443   0.756315  -1.132637  -2.000562   0.001000
 -0.539823  -0.203572  -0.308443   0.756315  -1.132637  -2.000562   0.001000
 -0.539823  -0.203572  -0.308443   0.756315  -1.132637  -2.000562   0.001000
 -0.539823  -0.203572  -0.308443   0.756315  -1.132637  -2.000562   0.001000
 -0.539823  -0.203572  -0.308443   0.756315  -1.132637  -2.000562   0.001000
 -0.539823  -0.203572  -0.308443   0.756315  -1.132637  -2.000562   0.001000
 -0.539823  -0.203572  -0.308443   0.756315  -1.132637  -2.000562   0.001000
 -0.539823  -0.203572  -0.308443   0.756315  -1.132637  -2.000562   0.001000
 -0.539823  -0.203572  -0.308443   0.756315  -1.132637  -2.000562   0.001000
 -0.539823  -0.203572  -0.308443   0.756315  -1.132637  -2.000562   0.001000
 -0.539823  -0.203572  -0.308443   0.756315  -1.132637  -2.000562   0.001000
 -0.539823  -0.203572  -0.308443   0.756315  -1.132637  -2.000562   0.001000
 -0.539823  -0.203572  -0.308443   0.756315  -1.132637  -2.000562   0.001000
 -0.539823  -0.203572  -0.308443   0.756315  -1.132637  -2.000562   0.001000
 -0.532395  -0.200732  -0.316646   0.758945  -1.142906  -1.989240   0.001000
 -0.532395  -0.200732  -0.316646   0.758945  -1.142906  -1.989240   0.001000
 -0.532395  -0.200732  -0.316646   0.758945  -1.142906  -1.989240   0.001000
 -0.532395  -0.200732  -0.316646   0.758945  -1.142906  -1.989240   0.001000
 -0.532395  -0.200732  -0.316646   0.758945  -1.142906  -1.989240   0.001000
 -0.532395  -0.200732  -0.316646   0.758945  -1.142906  -1.989240   0.001000
 -0.523739  -0.175534  -0.307354   0.774867  -1.126629  -1.977290   0.001000
 -0.533156  -0.196504  -0.321671   0.757402  -1.134863  -2.056643   0.001000
 -0.526738  -0.201457  -0.327313   0.758175  -1.034535  -2.065319   0.001000
 -0.530272  -0.204693  -0.312311   0.761166  -1.080065  -2.084926   0.001000
 -0.530272  -0.204693  -0.312311   0.761166  -1.080065  -2.084926   0.001000
 -0.530272  -0.204693  -0.312311   0.761166  -1.080065  -2.084926   0.001000
 -0.530272  -0.204693  -0.312311   0.761166  -1.080065  -2.084926   0.001000
 -0.530272  -0.204693  -0.312311   0.761166  -1.080065  -2.084926   0.001000
 -0.530272  -0.204693  -0.312311   0.761166  -1.080065  -2.084926   0.001000
 -0.530272  -0.204693  -0.312311   0.761166  -1.080065  -2.084926   0.001000
 -0.530272  -0.204693  -0.312311   0.761166  -1.080065  -2.084926   0.001000
 -0.530272  -0.204693  -0.312311   0.761166  -1.080065  -2.084926   0.001000
 -0.530272  -0.204693  -0.312311   0.761166  -1.080065  -2.084926   0.001000
 -0.530272  -0.204693  -0.312311   0.761166  -1.080065  -2.084926   0.001000
 -0.530272  -0.204693  -0.312311   0.761166  -1.080065  -2.084926   0.001000
 -0.530272  -0.204693  -0.312311   0.761166  -1.080065  -2.084926   0.001000
 -0.530272  -0.204693  -0.312311   0.761166  -1.080065  -2.084926   0.001000
 -0.530272  -0.204693  -0.312311   0.761166  -1.080065  -2.084926   0.001000
 -0.530272  -0.204693  -0.312311   0.761166  -1.080065  -2.084926   0.001000
 -0.530272  -0.204693  -0.312311   0.761166  -1.080065  -2.084926   0.001000
 -0.542346  -0.211712  -0.319456   0.747654  -1.075879  -2.018359   0.001000
 -0.542346  -0.211712  -0.319456   0.747654  -1.075879  -2.018359   0.001000
 -0.542346  -0.211712  -0.319456   0.747654  -1.075879  -2.018359   0.001000
 -0.530709  -0.206135  -0.313302   0.760065  -1.141521  -2.020708   0.001000
 -0.530709  -0.206135  -0.313302   0.760065  -1.141521  -2.020708   0.001000
 -0.530709  -0.206135  -0.313302   0.760065  -1.141521  -2.020708   0.001000
 -0.530709  -0.206135  -0.313302   0.760065  -1.141521  -2.020708   0.001000
 -0.530709  -0.206135  -0.313302   0.760065  -1.141521  -2.020708   0.001000
 -0.530709  -0.206135  -0.313302   0.760065  -1.141521  -2.020708   0.001000
 -0.530709  -0.206135  -0.313302   0.760065  -1.141521  -2.020708   0.001000
 -0.530709  -0.206135  -0.313302   0.760065  -1.141521  -2.020708   0.001000
 -0.530709  -0.206135  -0.313302   0.760065  -1.141521  -2.020708   0.001000
 -0.530709  -0.206135  -0.313302   0.760065  -1.141521  -2.020708   0.001000
 -0.530709  -0.206135  -0.313302   0.760065  -1.141521  -2.020708   0.001000
 -0.530709  -0.206135  -0.313302   0.760065  -1.141521  -2.020708   0.001000
 -0.530709  -0.206135  -0.313302   0.760065  -1.141521  -2.020708   0.001000
 -0.530709  -0.206135  -0.313302   0.760065  -1.141521  -2.020708   0.001000
 -0.530709  -0.206135  -0.313302   0.760065  -1.141521  -2.020708   0.001000
 -0.530709  -0.206135  -0.313302   0.760065  -1.141521  -2.020708   0.001000
 -0.530709  -0.206135  -0.313302   0.760065  -1.141521  -2.020708   0.001000
 -0.530709  -0.206135  -0.313302   0.760065  -1.141521  -2.020708   0.001000
 -0.530709  -0.206135  -0.313302   0.760065  -1.141521  -2.020708   0.001000
 -0.530709  -0.206135  -0.313302   0.760065  -1.141521  -2.020708   0.001000
 -0.540488  -0.200378  -0.311342   0.755505  -1.261554  -2.121067   0.001000
 -0.540488  -0.200378  -0.311342   0.755505  -1.261554  -2.121067   0.001000
 -0.540488  -0.200378  -0.311342   0.755505  -1.261554  -2.121067   0.001000
 -0.540488  -0.200378  -0.311342   0.755505  -1.261554  -2.121067   0.001000
 -0.540488  -0.200378  -0.311342   0.755505  -1.261554  -2.121067   0.001000
 -0.540488  -0.200378  -0.311342   0.755505  -1.261554  -2.121067   0.001000
 -0.540488  -0.200378  -0.311342   0.755505  -1.261554  -2.121067   0.001000
 -0.540488  -0.200378  -0.311342   0.755505  -1.261554  -2.121067   0.001000
 -0.540488  -0.200378  -0.311342   0.755505  -1.261554  -2.121067   0.001000
 -0.540488  -0.200378  -0.311342   0.755505  -1.261554  -2.121067   0.001000
 -0.540488  -0.200378  -0.311342   0.755505  -1.261554  -2.121067   0.001000
 -0.540488  -0.200378  -0.311342   0.755505  -1.261554  -2.121067   0.001000
 -0.540488  -0.200378  -0.311342   0.755505  -1.261554  -2.121067   0.001000
 -0.540488  -0.200378  -0.311342   0.755505  -1.261554  -2.121067   0.001000
 -0.540488  -0.200378  -0.311342   0.755505  -1.261554  -2.121067   0.001000
 -0.540488  -0.200378  -0.311342   0.755505  -1.261554  -2.121067   0.001000
 -0.540488  -0.200378  -0.311342   0.755505  -1.261554  -2.121067   0.001000
 -0.540488  -0.200378  -0.311342   0.755505  -1.261554  -2.121067   0.001000
 -0.540488  -0.200378  -0.311342   0.755505  -1.261554  -2.121067   0.001000
 -0.540488  -0.200378  -0.311342   0.755505  -1.261554  -2.121067   0.001000
 -0.540488  -0.200378  -0.311342   0.755505  -1.261554  -2.121067   0.001000
 -0.540488  -0.200378  -0.311342   0.755505  -1.261554  -2.121067   0.001000
 -0.532541  -0.207513  -0.321324   0.755043  -1.144687  -2.081925   0.001000
 -0.532541  -0.207513  -0.321324   0.755043  -1.144687  -2.081925   0.001000
 -0.532541  -0.207513  -0.321324   0.755043  -1.144687  -2.081925   0.001000
 -0.532541  -0.207513  -0.321324   0.755043  -1.144687  -2.081925   0.001000
 -0.674080  -0.160520  -0.340857   0.635347  -1.113374  -1.980595   0.001000
 -0.523896  -0.168360  -0.313348   0.773951  -1.192202  -2.062290   0.001000
 -0.538374  -0.204061  -0.303481   0.759218  -1.089559  -1.970733   0.001000
 -0.532861  -0.207342  -0.312727   0.758465  -1.135508  -2.143994   0.001000
 -0.532861  -0.207342  -0.312727   0.758465  -1.135508  -2.143994   0.001000
 -0.532861  -0.207342  -0.312727   0.758465  -1.135508  -2.143994   0.001000
 -0.532861  -0.207342  -0.312727   0.758465  -1.135508  -2.143994   0.001000
 -0.532861  -0.207342  -0.312727   0.758465  -1.135508  -2.143994   0.001000
 -0.532861  -0.207342  -0.312727   0.758465  -1.135508  -2.143994   0.001000
 -0.532861  -0.207342  -0.312727   0.758465  -1.135508  -2.143994   0.001000
 -0.532861  -0.207342  -0.312727   0.758465  -1.135508  -2.143994   0.001000
 -0.532861  -0.207342  -0.312727   0.758465  -1.135508  -2.143994   0.001000
 -0.532861  -0.207342  -0.312727   0.758465  -1.135508  -2.143994   0.001000
 -0.532861  -0.207342  -0.312727   0.758465  -1.135508  -2.143994   0.001000
 -0.532861  -0.207342  -0.312727   0.758465  -1.135508  -2.143994   0.001000
 -0.539738  -0.197695  -0.333309   0.747331  -1.076859  -1.874384   0.001000
 -0.541864  -0.209087  -0.321828   0.747725  -1.105294  -1.978445   0.001000
 -0.535618  -0.201603  -0.317937   0.755900  -1.036437  -1.954836   0.001000
 -0.535618  -0.201603  -0.317937   0.755900  -1.036437  -1.954836   0.001000
 -0.535618  -0.201603  -0.317937   0.755900  -1.036437  -1.954836   0.001000
 -0.535618  -0.201603  -0.317937   0.755900  -1.036437  -1.954836   0.001000
 -0.541703  -0.203204  -0.324859   0.748153  -1.029301  -1.970234   0.001000
 -0.538174  -0.198013  -0.319152   0.754521  -1.100727  -2.018976   0.001000
 -0.538174  -0.198013  -0.319152   0.754521  -1.100727  -2.018976   0.001000
 -0.535417  -0.201106  -0.318680   0.755863  -1.074089  -1.947482   0.001000
 -0.535417  -0.201106  -0.318680   0.755863  -1.074089  -1.947482   0.001000
 -0.535417  -0.201106  -0.318680   0.755863  -1.074089  -1.947482   0.001000
 -0.535417  -0.201106  -0.318680   0.755863  -1.074089  -1.947482   0.001000
 -0.535417  -0.201106  -0.318680   0.755863  -1.074089  -1.947482   0.001000
 -0.535417  -0.201106  -0.318680   0.755863  -1.074089  -1.947482   0.001000
 -0.535417  -0.201106  -0.318680   0.755863  -1.074089  -1.947482   0.001000
 -0.535417  -0.201106  -0.318680   0.755863  -1.074089  -1.947482   0.001000
 -0.535417  -0.201106  -0.318680   0.755863  -1.074089  -1.947482   0.001000
 -0.535417  -0.201106  -0.318680   0.755863  -1.074089  -1.947482   0.001000
 -0.535417  -0.201106  -0.318680   0.755863  -1.074089  -1.947482   0.001000
 -0.535417  -0.201106  -0.318680   0.755863  -1.074089  -1.947482   0.001000
 -0.544770  -0.209513  -0.312859   0.749299  -1.261807  -2.051086   0.001000
 -0.544770  -0.209513  -0.312859   0.749299  -1.261807  -2.051086   0.001000
 -0.544770  -0.209513  -0.312859   0.749299  -1.261807  -2.051086   0.001000
 -0.544770  -0.209513  -0.312859   0.749299  -1.261807  -2.051086   0.001000
 -0.544770  -0.209513  -0.312859   0.749299  -1.261807  -2.051086   0.001000
 -0.544770  -0.209513  -0.312859   0.749299  -1.261807  -2.051086   0.001000
 -0.544770  -0.209513  -0.312859   0.749299  -1.261807  -2.051086   0.001000
 -0.544770  -0.209513  -0.312859   0.749299  -1.261807  -2.051086   0.001000
 -0.544770  -0.209513  -0.312859   0.749299  -1.261807  -2.051086   0.001000
 -0.544770  -0.209513  -0.312859   0.749299  -1.261807  -2.051086   0.001000
 -0.570402  -0.176983  -0.294131   0.746194  -1.236012  -1.975747   0.001000
 -0.544480  -0.195052  -0.319287   0.750701  -1.160170  -2.069436   0.001000
 -0.544480  -0.195052  -0.319287   0.750701  -1.160170  -2.069436   0.001000
 -0.544480  -0.195052  -0.319287   0.750701  -1.160170  -2.069436   0.001000
 -0.539727  -0.210218  -0.299371   0.758209  -1.109531  -2.053798   0.001000
 -0.534519  -0.215004  -0.311961   0.755475  -1.103854  -1.943311   0.001000
 -0.534519  -0.215004  -0.311961   0.755475  -1.103854  -1.943311   0.001000
 -0.534519  -0.215004  -0.311961   0.755475  -1.103854  -1.943311   0.001000
 -0.534519  -0.215004  -0.311961   0.755475  -1.103854  -1.943311   0.001000
 -0.534519  -0.215004  -0.311961   0.755475  -1.103854  -1.943311   0.001000
 -0.534519  -0.215004  -0.311961   0.755475  -1.103854  -1.943311   0.001000
 -0.534519  -0.215004  -0.311961   0.755475  -1.103854  -1.943311   0.001000
 -0.534519  -0.215004  -0.311961   0.755475  -1.103854  -1.943311   0.001000
 -0.542763  -0.193411  -0.310124   0.756190  -1.177399  -2.046137   0.001000
 -0.542763  -0.193411  -0.310124   0.756190  -1.177399  -2.046137   0.001000
 -0.542763  -0.193411  -0.310124   0.756190  -1.177399  -2.046137   0.001000
 -0.542763  -0.193411  -0.310124   0.756190  -1.177399  -2.046137   0.001000
 -0.542763  -0.193411  -0.310124   0.756190  -1.177399  -2.046137   0.001000
 -0.542763  -0.193411  -0.310124   0.756190  -1.177399  -2.046137   0.001000
 -0.542763  -0.193411  -0.310124   0.756190  -1.177399  -2.046137   0.001000
 -0.555012  -0.186055  -0.308003   0.749986  -1.187355  -2.104399   0.001000
 -0.555012  -0.186055  -0.308003   0.749986  -1.187355  -2.104399   0.001000
 -0.547776  -0.196178  -0.315118   0.749771  -1.130463  -2.044492   0.001000
 -0.547776  -0.196178  -0.315118   0.749771  -1.130463  -2.044492   0.001000
 -0.554701  -0.211763  -0.308526   0.743152  -1.152978  -1.922308   0.001000
 -0.540833  -0.199208  -0.325692   0.749494  -1.100774  -1.848996   0.001000
 -0.540833  -0.199208  -0.325692   0.749494  -1.100774  -1.848996   0.001000
 -0.540833  -0.199208  -0.325692   0.749494  -1.100774  -1.848996   0.001000
 -0.540833  -0.199208  -0.325692   0.749494  -1.100774  -1.848996   0.001000
 -0.540833  -0.199208  -0.325692   0.749494  -1.100774  -1.848996   0.001000
 -0.540833  -0.199208  -0.325692   0.749494  -1.100774  -1.848996   0.001000
 -0.540833  -0.199208  -0.325692   0.749494  -1.100774  -1.848996   0.001000
 -0.540833  -0.199208  -0.325692   0.749494  -1.100774  -1.848996   0.001000
 -0.540833  -0.199208  -0.325692   0.749494  -1.100774  -1.848996   0.001000
 -0.540833  -0.199208  -0.325692   0.749494  -1.100774  -1.848996   0.001000
 -0.540833  -0.199208  -0.325692   0.749494  -1.100774  -1.848996   0.001000
 -0.540833  -0.199208  -0.325692   0.749494  -1.100774  -1.848996   0.001000
 -0.540833  -0.199208  -0.325692   0.749494  -1.100774  -1.848996   0.001000
 -0.540833  -0.199208  -0.325692   0.749494  -1.100774  -1.848996   0.001000
 -0.540833  -0.199208  -0.325692   0.749494  -1.100774  -1.848996   0.001000
 -0.544315  -0.186931  -0.321312   0.752021  -1.180278  -1.983905   0.001000
 -0.544315  -0.186931  -0.321312   0.752021  -1.180278  -1.983905   0.001000
 -0.544315  -0.186931  -0.321312   0.752021  -1.180278  -1.983905   0.001000
 -0.539668  -0.209806  -0.320245   0.749789  -1.198435  -1.935932   0.001000
 -0.522064  -0.190742  -0.329680   0.763136  -1.096830  -1.839392   0.001000
 -0.539228  -0.204482  -0.312262   0.754925  -1.215595  -2.055503   0.001000
 -0.539228  -0.204482  -0.312262   0.754925  -1.215595  -2.055503   0.001000
 -0.539355  -0.206761  -0.323679   0.749385  -1.203020  -2.090787   0.001000
 -0.536958  -0.193827  -0.319089   0.756498  -1.234144  -2.167393   0.001000
 -0.668522  -0.153626  -0.349461   0.638244  -1.245804  -2.028330   0.001000
 -0.668522  -0.153626  -0.349461   0.638244  -1.245804  -2.028330   0.001000
 -0.540498  -0.187339  -0.311009   0.758973  -1.083877  -1.975372   0.001000
 -0.540498  -0.187339  -0.311009   0.758973  -1.083877  -1.975372   0.001000
 -0.543924  -0.196280  -0.305253   0.756598  -1.094676  -1.966620   0.001000
 -0.543924  -0.196280  -0.305253   0.756598  -1.094676  -1.966620   0.001000
 -0.543924  -0.196280  -0.305253   0.756598  -1.094676  -1.966620   0.001000
 -0.539013  -0.208597  -0.314958   0.752830  -1.316606  -1.853655   0.001000
 -0.539013  -0.208597  -0.314958   0.752830  -1.316606  -1.853655   0.001000
 -0.529453  -0.189808  -0.299731   0.770593  -1.240333  -1.979837   0.001000
 -0.529453  -0.189808  -0.299731   0.770593  -1.240333  -1.979837   0.001000
 -0.529453  -0.189808  -0.299731   0.770593  -1.240333  -1.979837   0.001000
 -0.529453  -0.189808  -0.299731   0.770593  -1.240333  -1.979837   0.001000
 -0.529453  -0.189808  -0.299731   0.770593  -1.240333  -1.979837   0.001000
 -0.540543  -0.203829  -0.327688   0.747588  -1.205507  -1.967616   0.001000
 -0.526366  -0.210341  -0.323254   0.757762  -1.234094  -2.004418   0.001000
 -0.533351  -0.208606  -0.321058   0.754282  -1.079736  -1.982554   0.001000
 -0.550587  -0.204180  -0.314792   0.745701  -1.042705  -2.082419   0.001000
 -0.550587  -0.204180  -0.314792   0.745701  -1.042705  -2.082419   0.001000
 -0.532268  -0.187089  -0.319501   0.761320  -1.022394  -2.184680   0.001000
 -0.544733  -0.211321  -0.339199   0.737261  -1.140991  -2.094155   0.001000
 -0.536241  -0.190394  -0.320619   0.757231  -1.412399  -1.843504   0.001000
 -0.531697  -0.189972  -0.344775   0.749892  -1.296513  -1.740621   0.001000
 -0.530862  -0.192607  -0.332986   0.755121  -1.319336  -1.776383   0.001000
 -0.536362  -0.201093  -0.322514   0.753566  -1.259108  -1.883319   0.001000
 -0.536362  -0.201093  -0.322514   0.753566  -1.259108  -1.883319   0.001000
 -0.536362  -0.201093  -0.322514   0.753566  -1.259108  -1.883319   0.001000
 -0.536362  -0.201093  -0.322514   0.753566  -1.259108  -1.883319   0.001000
 -0.536362  -0.201093  -0.322514   0.753566  -1.259108  -1.883319   0.001000
 -0.536362  -0.201093  -0.322514   0.753566  -1.259108  -1.883319   0.001000
 -0.536362  -0.201093  -0.322514   0.753566  -1.259108  -1.883319   0.001000
 -0.536362  -0.201093  -0.322514   0.753566  -1.259108  -1.883319   0.001000
 -0.536362  -0.201093  -0.322514   0.753566  -1.259108  -1.883319   0.001000
 -0.536362  -0.201093  -0.322514   0.753566  -1.259108  -1.883319   0.001000
 -0.547334  -0.188449  -0.302990   0.757040  -1.464520  -1.937644   0.001000
 -0.547334  -0.188449  -0.302990   0.757040  -1.464520  -1.937644   0.001000
 -0.547334  -0.188449  -0.302990   0.757040  -1.464520  -1.937644   0.001000
 -0.540074  -0.198751  -0.285087   0.766514  -1.285987  -1.828419   0.001000
 -0.534590  -0.202026  -0.317497   0.756700  -1.274782  -1.999662   0.001000
 -0.534590  -0.202026  -0.317497   0.756700  -1.274782  -1.999662   0.001000
 -0.534590  -0.202026  -0.317497   0.756700  -1.274782  -1.999662   0.001000
 -0.534590  -0.202026  -0.317497   0.756700  -1.274782  -1.999662   0.001000
 -0.534590  -0.202026  -0.317497   0.756700  -1.274782  -1.999662   0.001000
 -0.534590  -0.202026  -0.317497   0.756700  -1.274782  -1.999662   0.001000
 -0.534590  -0.202026  -0.317497   0.756700  -1.274782  -1.999662   0.001000
 -0.534590  -0.202026  -0.317497   0.756700  -1.274782  -1.999662   0.001000
 -0.534590  -0.202026  -0.317497   0.756700  -1.274782  -1.999662   0.001000
 -0.534590  -0.202026  -0.317497   0.756700  -1.274782  -1.999662   0.001000
 -0.534590  -0.202026  -0.317497   0.756700  -1.274782  -1.999662   0.001000
 -0.534590  -0.202026  -0.317497   0.756700  -1.274782  -1.999662   0.001000
 -0.534590  -0.202026  -0.317497   0.756700  -1.274782  -1.999662   0.001000
 -0.534590  -0.202026  -0.317497   0.756700  -1.274782  -1.999662   0.001000
 -0.534590  -0.202026  -0.317497   0.756700  -1.274782  -1.999662   0.001000
 -0.534590  -0.202026  -0.317497   0.756700  -1.274782  -1.999662   0.001000
 -0.534590  -0.202026  -0.317497   0.756700  -1.274782  -1.999662   0.001000
 -0.534590  -0.202026  -0.317497   0.756700  -1.274782  -1.999662   0.001000
 -0.534590  -0.202026  -0.317497   0.756700  -1.274782  -1.999662   0.001000
 -0.534590  -0.202026  -0.317497   0.756700  -1.274782  -1.999662   0.001000
 -0.534590  -0.202026  -0.317497   0.756700  -1.274782  -1.999662   0.001000
 -0.534590  -0.202026  -0.317497   0.756700  -1.274782  -1.999662   0.001000
 -0.534590  -0.202026  -0.317497   0.756700  -1.274782  -1.999662   0.001000
 -0.534590  -0.202026  -0.317497   0.756700  -1.274782  -1.999662   0.001000
 -0.534590  -0.202026  -0.317497   0.756700  -1.274782  -1.999662   0.001000
 -0.534590  -0.202026  -0.317497   0.756700  -1.274782  -1.999662   0.001000
 -0.534590  -0.202026  -0.317497   0.756700  -1.274782  -1.999662   0.001000
 -0.534590  -0.202026  -0.317497   0.756700  -1.274782  -1.999662   0.001000
 -0.534590  -0.202026  -0.317497   0.756700  -1.274782  -1.999662   0.001000
 -0.534590  -0.202026  -0.317497   0.756700  -1.274782  -1.999662   0.001000
 -0.539030  -0.203571  -0.311140   0.755776  -1.180060  -1.979436   0.001000
 -0.539030  -0.203571  -0.311140   0.755776  -1.180060  -1.979436   0.001000
 -0.539030  -0.203571  -0.311140   0.755776  -1.180060  -1.979436   0.001000
 -0.539030  -0.203571  -0.311140   0.755776  -1.180060  -1.979436   0.001000
 -0.539030  -0.203571  -0.311140   0.755776  -1.180060  -1.979436   0.001000
 -0.539030  -0.203571  -0.311140   0.755776  -1.180060  -1.979436   0.001000
 -0.539030  -0.203571  -0.311140   0.755776  -1.180060  -1.979436   0.001000
 -0.539030  -0.203571  -0.311140   0.755776  -1.180060  -1.979436   0.001000
 -0.539030  -0.203571  -0.311140   0.755776  -1.180060  -1.979436   0.001000
 -0.539030  -0.203571  -0.311140   0.755776  -1.180060  -1.979436   0.001000
 -0.539030  -0.203571  -0.311140   0.755776  -1.180060  -1.979436   0.001000
 -0.539030  -0.203571  -0.311140   0.755776  -1.180060  -1.979436   0.001000
 -0.539030  -0.203571  -0.311140   0.755776  -1.180060  -1.979436   0.001000
 -0.539030  -0.203571  -0.311140   0.755776  -1.180060  -1.979436   0.001000
 -0.539030  -0.203571  -0.311140   0.755776  -1.180060  -1.979436   0.001000
 -0.539030  -0.203571  -0.311140   0.755776  -1.180060  -1.979436   0.001000
 -0.539030  -0.203571  -0.311140   0.755776  -1.180060  -1.979436   0.001000
 -0.539030  -0.203571  -0.311140   0.755776  -1.180060  -1.979436   0.001000
 -0.539030  -0.203571  -0.311140   0.755776  -1.180060  -1.979436   0.001000
 -0.539030  -0.203571  -0.311140   0.755776  -1.180060  -1.979436   0.001000
 -0.539030  -0.203571  -0.311140   0.755776  -1.180060  -1.979436   0.001000
 -0.539030  -0.203571  -0.311140   0.755776  -1.180060  -1.979436   0.001000
 -0.539030  -0.203571  -0.311140   0.755776  -1.180060  -1.979436   0.001000
 -0.539030  -0.203571  -0.311140   0.755776  -1.180060  -1.979436   0.001000
 -0.539030  -0.203571  -0.311140   0.755776  -1.180060  -1.979436   0.001000
 -0.538951  -0.203753  -0.308300   0.756946  -1.263448  -1.961186   0.001000
 -0.538951  -0.203753  -0.308300   0.756946  -1.263448  -1.961186   0.001000
 -0.538951  -0.203753  -0.308300   0.756946  -1.263448  -1.961186   0.001000
 -0.538951  -0.203753  -0.308300   0.756946  -1.263448  -1.961186   0.001000
 -0.538951  -0.203753  -0.308300   0.756946  -1.263448  -1.961186   0.001000
 -0.538951  -0.203753  -0.308300   0.756946  -1.263448  -1.961186   0.001000
 -0.538951  -0.203753  -0.308300   0.756946  -1.263448  -1.961186   0.001000
 -0.538951  -0.203753  -0.308300   0.756946  -1.263448  -1.961186   0.001000
 -0.538951  -0.203753  -0.308300   0.756946  -1.263448  -1.961186   0.001000
 -0.538951  -0.203753  -0.308300   0.756946  -1.263448  -1.961186   0.001000
 -0.538951  -0.203753  -0.308300   0.756946  -1.263448  -1.961186   0.001000
 -0.538951  -0.203753  -0.308300   0.756946  -1.263448  -1.961186   0.001000
 -0.538951  -0.203753  -0.308300   0.756946  -1.263448  -1.961186   0.001000
 -0.538951  -0.203753  -0.308300   0.756946  -1.263448  -1.961186   0.001000
 -0.538951  -0.203753  -0.308300   0.756946  -1.263448  -1.961186   0.001000
 -0.538951  -0.203753  -0.308300   0.756946  -1.263448  -1.961186   0.001000
 -0.538951  -0.203753  -0.308300   0.756946  -1.263448  -1.961186   0.001000
 -0.538951  -0.203753  -0.308300   0.756946  -1.263448  -1.961186   0.001000
 -0.538951  -0.203753  -0.308300   0.756946  -1.263448  -1.961186   0.001000
 -0.538951  -0.203753  -0.308300   0.756946  -1.263448  -1.961186   0.001000
 -0.538951  -0.203753  -0.308300   0.756946  -1.263448  -1.961186   0.001000
 -0.538951  -0.203753  -0.308300   0.756946  -1.263448  -1.961186   0.001000
 -0.538951  -0.203753  -0.308300   0.756946  -1.263448  -1.961186   0.001000
 -0.538951  -0.203753  -0.308300   0.756946  -1.263448  -1.961186   0.001000
 -0.538951  -0.203753  -0.308300   0.756946  -1.263448  -1.961186   0.001000
 -0.538951  -0.203753  -0.308300   0.756946  -1.263448  -1.961186   0.001000
 -0.538951  -0.203753  -0.308300   0.756946  -1.263448  -1.961186   0.001000
 -0.538951  -0.203753  -0.308300   0.756946  -1.263448  -1.961186   0.001000
 -0.538951  -0.203753  -0.308300   0.756946  -1.263448  -1.961186   0.001000
 -0.538951  -0.203753  -0.308300   0.756946  -1.263448  -1.961186   0.001000
 -0.538951  -0.203753  -0.308300   0.756946  -1.263448  -1.961186   0.001000
 -0.538951  -0.203753  -0.308300   0.756946  -1.263448  -1.961186   0.001000
 -0.535248  -0.207937  -0.316849   0.754903  -1.304665  -1.894724   0.001000
 -0.535248  -0.207937  -0.316849   0.754903  -1.304665  -1.894724   0.001000
 -0.535248  -0.207937  -0.316849   0.754903  -1.304665  -1.894724   0.001000
 -0.535248  -0.207937  -0.316849   0.754903  -1.304665  -1.894724   0.001000
 -0.535248  -0.207937  -0.316849   0.754903  -1.304665  -1.894724   0.001000
 -0.535248  -0.207937  -0.316849   0.754903  -1.304665  -1.894724   0.001000
 -0.535248  -0.207937  -0.316849   0.754903  -1.304665  -1.894724   0.001000
 -0.535248  -0.207937  -0.316849   0.754903  -1.304665  -1.894724   0.001000
 -0.535248  -0.207937  -0.316849   0.754903  -1.304665  -1.894724   0.001000
 -0.535248  -0.207937  -0.316849   0.754903  -1.304665  -1.894724   0.001000
 -0.535248  -0.207937  -0.316849   0.754903  -1.304665  -1.894724   0.001000
 -0.535248  -0.207937  -0.316849   0.754903  -1.304665  -1.894724   0.001000
 -0.535248  -0.207937  -0.316849   0.754903  -1.304665  -1.894724   0.001000
 -0.535248  -0.207937  -0.316849   0.754903  -1.304665  -1.894724   0.001000
 -0.535248  -0.207937  -0.316849   0.754903  -1.304665  -1.894724   0.001000
 -0.535248  -0.207937  -0.316849   0.754903  -1.304665  -1.894724   0.001000
 -0.535248  -0.207937  -0.316849   0.754903  -1.304665  -1.894724   0.001000
 -0.535248  -0.207937  -0.316849   0.754903  -1.304665  -1.894724   0.001000
 -0.535248  -0.207937  -0.316849   0.754903  -1.304665  -1.894724   0.001000
 -0.535248  -0.207937  -0.316849   0.754903  -1.304665  -1.894724   0.001000
 -0.535248  -0.207937  -0.316849   0.754903  -1.304665  -1.894724   0.001000
 -0.535248  -0.207937  -0.316849   0.754903  -1.304665  -1.894724   0.001000
 -0.535248  -0.207937  -0.316849   0.754903  -1.304665  -1.894724   0.001000
 -0.535248  -0.207937  -0.316849   0.754903  -1.304665  -1.894724   0.001000
 -0.535248  -0.207937  -0.316849   0.754903  -1.304665  -1.894724   0.001000
 -0.535248  -0.207937  -0.316849   0.754903  -1.304665  -1.894724   0.001000
 -0.535248  -0.207937  -0.316849   0.754903  -1.304665  -1.894724   0.001000
 -0.535248  -0.207937  -0.316849   0.754903  -1.304665  -1.894724   0.001000
 -0.535248  -0.207937  -0.316849   0.754903  -1.304665  -1.894724   0.001000
 -0.535248  -0.207937  -0.316849   0.754903  -1.304665  -1.894724   0.001000
 -0.535248  -0.207937  -0.316849   0.754903  -1.304665  -1.894724   0.001000
 -0.535248  -0.207937  -0.316849   0.754903  -1.304665  -1.894724   0.001000
 -0.535248  -0.207937  -0.316849   0.754903  -1.304665  -1.894724   0.001000
 -0.535248  -0.207937  -0.316849   0.754903  -1.304665  -1.894724   0.001000
 -0.572561  -0.204086  -0.320067   0.726691  -1.404855  -1.930972   0.001000
 -0.572561  -0.204086  -0.320067   0.726691  -1.404855  -1.930972   0.001000
 -0.572561  -0.204086  -0.320067   0.726691  -1.404855  -1.930972   0.001000
 -0.572561  -0.204086  -0.320067   0.726691  -1.404855  -1.930972   0.001000
 -0.572561  -0.204086  -0.320067   0.726691  -1.404855  -1.930972   0.001000
 -0.515363  -0.205689  -0.319512   0.768118  -1.314190  -2.030871   0.001000
 -0.541976  -0.203080  -0.313727   0.752725  -1.298800  -1.915783   0.001000
 -0.541976  -0.203080  -0.313727   0.752725  -1.298800  -1.915783   0.001000
 -0.541976  -0.203080  -0.313727   0.752725  -1.298800  -1.915783   0.001000
 -0.541976  -0.203080  -0.313727   0.752725  -1.298800  -1.915783   0.001000
 -0.541976  -0.203080  -0.313727   0.752725  -1.298800  -1.915783   0.001000
 -0.541976  -0.203080  -0.313727   0.752725  -1.298800  -1.915783   0.001000
 -0.541976  -0.203080  -0.313727   0.752725  -1.298800  -1.915783   0.001000
 -0.541976  -0.203080  -0.313727   0.752725  -1.298800  -1.915783   0.001000
 -0.541976  -0.203080  -0.313727   0.752725  -1.298800  -1.915783   0.001000
 -0.541976  -0.203080  -0.313727   0.752725  -1.298800  -1.915783   0.001000
 -0.541976  -0.203080  -0.313727   0.752725  -1.298800  -1.915783   0.001000
 -0.541976  -0.203080  -0.313727   0.752725  -1.298800  -1.915783   0.001000
 -0.541976  -0.203080  -0.313727   0.752725  -1.298800  -1.915783   0.001000
 -0.541976  -0.203080  -0.313727   0.752725  -1.298800  -1.915783   0.001000
 -0.541976  -0.203080  -0.313727   0.752725  -1.298800  -1.915783   0.001000
 -0.541976  -0.203080  -0.313727   0.752725  -1.298800  -1.915783   0.001000
 -0.541976  -0.203080  -0.313727   0.752725  -1.298800  -1.915783   0.001000
 -0.541976  -0.203080  -0.313727   0.752725  -1.298800  -1.915783   0.001000
 -0.541976  -0.203080  -0.313727   0.752725  -1.298800  -1.915783   0.001000
 -0.541976  -0.203080  -0.313727   0.752725  -1.298800  -1.915783   0.001000
 -0.541976  -0.203080  -0.313727   0.752725  -1.298800  -1.915783   0.001000
 -0.541976  -0.203080  -0.313727   0.752725  -1.298800  -1.915783   0.001000
 -0.541976  -0.203080  -0.313727   0.752725  -1.298800  -1.915783   0.001000
 -0.541976  -0.203080  -0.313727   0.752725  -1.298800  -1.915783   0.001000
 -0.541976  -0.203080  -0.313727   0.752725  -1.298800  -1.915783   0.001000
 -0.541976  -0.203080  -0.313727   0.752725  -1.298800  -1.915783   0.001000
 -0.541976  -0.203080  -0.313727   0.752725  -1.298800  -1.915783   0.001000
 -0.541976  -0.203080  -0.313727   0.752725  -1.298800  -1.915783   0.001000
 -0.541976  -0.203080  -0.313727   0.752725  -1.298800  -1.915783   0.001000
 -0.541976  -0.203080  -0.313727   0.752725  -1.298800  -1.915783   0.001000
 -0.541976  -0.203080  -0.313727   0.752725  -1.298800  -1.915783   0.001000
 -0.541976  -0.203080  -0.313727   0.752725  -1.298800  -1.915783   0.001000
 -0.541976  -0.203080  -0.313727   0.752725  -1.298800  -1.915783   0.001000
 -0.541976  -0.203080  -0.313727   0.752725  -1.298800  -1.915783   0.001000
 -0.541976  -0.203080  -0.313727   0.752725  -1.298800  -1.915783   0.001000
 -0.541976  -0.203080  -0.313727   0.752725  -1.298800  -1.915783   0.001000
 -0.541976  -0.203080  -0.313727   0.752725  -1.298800  -1.915783   0.001000
 -0.541976  -0.203080  -0.313727   0.752725  -1.298800  -1.915783   0.001000
 -0.541976  -0.203080  -0.313727   0.752725  -1.298800  -1.915783   0.001000
 -0.541976  -0.203080  -0.313727   0.752725  -1.298800  -1.915783   0.001000
 -0.541976  -0.203080  -0.313727   0.752725  -1.298800  -1.915783   0.001000
 -0.541976  -0.203080  -0.313727   0.752725  -1.298800  -1.915783   0.001000
 -0.541976  -0.203080  -0.313727   0.752725  -1.298800  -1.915783   0.001000
 -0.541976  -0.203080  -0.313727   0.752725  -1.298800  -1.915783   0.001000
 -0.541976  -0.203080  -0.313727   0.752725  -1.298800  -1.915783   0.001000
 -0.541976  -0.203080  -0.313727   0.752725  -1.298800  -1.915783   0.001000
 -0.541976  -0.203080  -0.313727   0.752725  -1.298800  -1.915783   0.001000
 -0.541976  -0.203080  -0.313727   0.752725  -1.298800  -1.915783   0.001000
 -0.541976  -0.203080  -0.313727   0.752725  -1.298800  -1.915783   0.001000
 -0.529729  -0.196753  -0.330782   0.755816  -1.225736  -1.944049   0.001000
 -0.529729  -0.196753  -0.330782   0.755816  -1.225736  -1.944049   0.001000
 -0.529729  -0.196753  -0.330782   0.755816  -1.225736  -1.944049   0.001000
 -0.529729  -0.196753  -0.330782   0.755816  -1.225736  -1.944049   0.001000
 -0.529729  -0.196753  -0.330782   0.755816  -1.225736  -1.944049   0.001000
 -0.529729  -0.196753  -0.330782   0.755816  -1.225736  -1.944049   0.001000
 -0.529729  -0.196753  -0.330782   0.755816  -1.225736  -1.944049   0.001000
 -0.529729  -0.196753  -0.330782   0.755816  -1.225736  -1.944049   0.001000
 -0.529729  -0.196753  -0.330782   0.755816  -1.225736  -1.944049   0.001000
 -0.529729  -0.196753  -0.330782   0.755816  -1.225736  -1.944049   0.001000
 -0.529729  -0.196753  -0.330782   0.755816  -1.225736  -1.944049   0.001000
 -0.529729  -0.196753  -0.330782   0.755816  -1.225736  -1.944049   0.001000
 -0.529729  -0.196753  -0.330782   0.755816  -1.225736  -1.944049   0.001000
 -0.529729  -0.196753  -0.330782   0.755816  -1.225736  -1.944049   0.001000
 -0.529729  -0.196753  -0.330782   0.755816  -1.225736  -1.944049   0.001000
 -0.529729  -0.196753  -0.330782   0.755816  -1.225736  -1.944049   0.001000
 -0.544151  -0.211057  -0.312289   0.749553  -1.220216  -2.005591   0.001000
 -0.544151  -0.211057  -0.312289   0.749553  -1.220216  -2.005591   0.001000
 -0.544151  -0.211057  -0.312289   0.749553  -1.220216  -2.005591   0.001000
 -0.540430  -0.199792  -0.312959   0.755033  -1.265026  -2.026289   0.001000
 -0.540430  -0.199792  -0.312959   0.755033  -1.265026  -2.026289   0.001000
 -0.540430  -0.199792  -0.312959   0.755033  -1.265026  -2.026289   0.001000
 -0.540430  -0.199792  -0.312959   0.755033  -1.265026  -2.026289   0.001000
 -0.540430  -0.199792  -0.312959   0.755033  -1.265026  -2.026289   0.001000
 -0.540430  -0.199792  -0.312959   0.755033  -1.265026  -2.026289   0.001000
 -0.540430  -0.199792  -0.312959   0.755033  -1.265026  -2.026289   0.001000
 -0.540430  -0.199792  -0.312959   0.755033  -1.265026  -2.026289   0.001000
 -0.540430  -0.199792  -0.312959   0.755033  -1.265026  -2.026289   0.001000
 -0.540430  -0.199792  -0.312959   0.755033  -1.265026  -2.026289   0.001000
 -0.540430  -0.199792  -0.312959   0.755033  -1.265026  -2.026289   0.001000
 -0.540430  -0.199792  -0.312959   0.755033  -1.265026  -2.026289   0.001000
 -0.540430  -0.199792  -0.312959   0.755033  -1.265026  -2.026289   0.001000
 -0.540430  -0.199792  -0.312959   0.755033  -1.265026  -2.026289   0.001000
 -0.540430  -0.199792  -0.312959   0.755033  -1.265026  -2.026289   0.001000
 -0.540430  -0.199792  -0.312959   0.755033  -1.265026  -2.026289   0.001000
 -0.540430  -0.199792  -0.312959   0.755033  -1.265026  -2.026289   0.001000
 -0.540430  -0.199792  -0.312959   0.755033  -1.265026  -2.026289   0.001000
 -0.540430  -0.199792  -0.312959   0.755033  -1.265026  -2.026289   0.001000
 -0.540430  -0.199792  -0.312959   0.755033  -1.265026  -2.026289   0.001000
 -0.540430  -0.199792  -0.312959   0.755033  -1.265026  -2.026289   0.001000
 -0.540430  -0.199792  -0.312959   0.755033  -1.265026  -2.026289   0.001000
 -0.540430  -0.199792  -0.312959   0.755033  -1.265026  -2.026289   0.001000
 -0.540430  -0.199792  -0.312959   0.755033  -1.265026  -2.026289   0.001000
 -0.540430  -0.199792  -0.312959   0.755033  -1.265026  -2.026289   0.001000
 -0.540430  -0.199792  -0.312959   0.755033  -1.265026  -2.026289   0.001000
 -0.540430  -0.199792  -0.312959   0.755033  -1.265026  -2.026289   0.001000
 -0.540430  -0.199792  -0.312959   0.755033  -1.265026  -2.026289   0.001000
 -0.540430  -0.199792  -0.312959   0.755033  -1.265026  -2.026289   0.001000
 -0.540430  -0.199792  -0.312959   0.755033  -1.265026  -2.026289   0.001000
 -0.540430  -0.199792  -0.312959   0.755033  -1.265026  -2.026289   0.001000
 -0.540430  -0.199792  -0.312959   0.755033  -1.265026  -2.026289   0.001000
 -0.540430  -0.199792  -0.312959   0.755033  -1.265026  -2.026289   0.001000
 -0.540430  -0.199792  -0.312959   0.755033  -1.265026  -2.026289   0.001000
 -0.540430  -0.199792  -0.312959   0.755033  -1.265026  -2.026289   0.001000
 -0.540430  -0.199792  -0.312959   0.755033  -1.265026  -2.026289   0.001000
 -0.540430  -0.199792  -0.312959   0.755033  -1.265026  -2.026289   0.001000
 -0.540430  -0.199792  -0.312959   0.755033  -1.265026  -2.026289   0.001000
 -0.540430  -0.199792  -0.312959   0.755033  -1.265026  -2.026289   0.001000
 -0.540430  -0.199792  -0.312959   0.755033  -1.265026  -2.026289   0.001000
 -0.540430  -0.199792  -0.312959   0.755033  -1.265026  -2.026289   0.001000
 -0.540430  -0.199792  -0.312959   0.755033  -1.265026  -2.026289   0.001000
 -0.540430  -0.199792  -0.312959   0.755033  -1.265026  -2.026289   0.001000
 -0.540430  -0.199792  -0.312959   0.755033  -1.265026  -2.026289   0.001000
 -0.540430  -0.199792  -0.312959   0.755033  -1.265026  -2.026289   0.001000
 -0.540430  -0.199792  -0.312959   0.755033  -1.265026  -2.026289   0.001000
 -0.545159  -0.217546  -0.306436   0.749381  -1.269593  -2.090560   0.001000
 -0.532474  -0.200346  -0.311626   0.761066  -1.346633  -2.136190   0.001000
 -0.532474  -0.200346  -0.311626   0.761066  -1.346633  -2.136190   0.001000
 -0.532474  -0.200346  -0.311626   0.761066  -1.346633  -2.136190   0.001000
 -0.532474  -0.200346  -0.311626   0.761066  -1.346633  -2.136190   0.001000
 -0.532474  -0.200346  -0.311626   0.761066  -1.346633  -2.136190   0.001000
 -0.532474  -0.200346  -0.311626   0.761066  -1.346633  -2.136190   0.001000
 -0.532474  -0.200346  -0.311626   0.761066  -1.346633  -2.136190   0.001000
 -0.539736  -0.213556  -0.326308   0.746058  -1.217712  -2.145597   0.001000
 -0.531871  -0.215716  -0.317409   0.754872  -1.219088  -2.005699   0.001000
 -0.542916  -0.200410  -0.305153   0.756280  -1.265793  -2.019874   0.001000
 -0.529413  -0.202514  -0.303824   0.765768  -1.319846  -2.052835   0.001000
 -0.529413  -0.202514  -0.303824   0.765768  -1.319846  -2.052835   0.001000
 -0.529413  -0.202514  -0.303824   0.765768  -1.319846  -2.052835   0.001000
 -0.529413  -0.202514  -0.303824   0.765768  -1.319846  -2.052835   0.001000
 -0.529413  -0.202514  -0.303824   0.765768  -1.319846  -2.052835   0.001000
 -0.529413  -0.202514  -0.303824   0.765768  -1.319846  -2.052835   0.001000
 -0.529413  -0.202514  -0.303824   0.765768  -1.319846  -2.052835   0.001000
 -0.529413  -0.202514  -0.303824   0.765768  -1.319846  -2.052835   0.001000
 -0.529413  -0.202514  -0.303824   0.765768  -1.319846  -2.052835   0.001000
 -0.523262  -0.184332  -0.288434   0.780400  -1.379222  -1.956394   0.001000
 -0.514554  -0.198446  -0.305097   0.776382  -1.230373  -2.030176   0.001000
 -0.533116  -0.218004  -0.324640   0.750246  -1.227898  -1.965497   0.001000
 -0.533116  -0.218004  -0.324640   0.750246  -1.227898  -1.965497   0.001000
 -0.533116  -0.218004  -0.324640   0.750246  -1.227898  -1.965497   0.001000
 -0.448343  -0.130072  -0.344386   0.814535  -1.373061  -2.066306   0.001000
 -0.538347  -0.210722  -0.326112   0.747950  -1.328174  -2.025468   0.001000
 -0.538347  -0.210722  -0.326112   0.747950  -1.328174  -2.025468   0.001000
 -0.538347  -0.210722  -0.326112   0.747950  -1.328174  -2.025468   0.001000
 -0.546897  -0.194485  -0.314710   0.751024  -1.250994  -2.062557   0.001000
 -0.546897  -0.194485  -0.314710   0.751024  -1.250994  -2.062557   0.001000
 -0.546897  -0.194485  -0.314710   0.751024  -1.250994  -2.062557   0.001000
 -0.534414  -0.213293  -0.316339   0.754213  -1.342537  -1.901563   0.001000
 -0.534414  -0.213293  -0.316339   0.754213  -1.342537  -1.901563   0.001000
 -0.534414  -0.213293  -0.316339   0.754213  -1.342537  -1.901563   0.001000
 -0.534414  -0.213293  -0.316339   0.754213  -1.342537  -1.901563   0.001000
 -0.543819  -0.212659  -0.308649   0.750848  -1.210112  -1.912705   0.001000
 -0.543819  -0.212659  -0.308649   0.750848  -1.210112  -1.912705   0.001000
 -0.543819  -0.212659  -0.308649   0.750848  -1.210112  -1.912705   0.001000
 -0.543819  -0.212659  -0.308649   0.750848  -1.210112  -1.912705   0.001000
 -0.543819  -0.212659  -0.308649   0.750848  -1.210112  -1.912705   0.001000
 -0.543819  -0.212659  -0.308649   0.750848  -1.210112  -1.912705   0.001000
 -0.535291  -0.210520  -0.315633   0.754666  -1.254555  -2.014758   0.001000
 -0.535291  -0.210520  -0.315633   0.754666  -1.254555  -2.014758   0.001000
 -0.671451  -0.151635  -0.349769   0.635470  -1.265859  -2.033559   0.001000
 -0.671451  -0.151635  -0.349769   0.635470  -1.265859  -2.033559   0.001000
 -0.536922  -0.207760  -0.323592   0.750892  -1.127310  -2.083499   0.001000
 -0.541914  -0.212671  -0.315311   0.749453  -0.955160  -2.175789   0.001000
 -0.538124  -0.180350  -0.305783   0.764456  -1.231461  -1.969483   0.001000
 -0.541577  -0.204067  -0.309627   0.754442  -1.496080  -2.101641   0.001000
 -0.541577  -0.204067  -0.309627   0.754442  -1.496080  -2.101641   0.001000
 -0.541577  -0.204067  -0.309627   0.754442  -1.496080  -2.101641   0.001000
 -0.541079  -0.207713  -0.311105   0.753194  -1.073363  -2.147417   0.001000
 -0.541079  -0.207713  -0.311105   0.753194  -1.073363  -2.147417   0.001000
 -0.541079  -0.207713  -0.311105   0.753194  -1.073363  -2.147417   0.001000
 -0.541079  -0.207713  -0.311105   0.753194  -1.073363  -2.147417   0.001000
 -0.541079  -0.207713  -0.311105   0.753194  -1.073363  -2.147417   0.001000
 -0.541079  -0.207713  -0.311105   0.753194  -1.073363  -2.147417   0.001000
 -0.546554  -0.189126  -0.316083   0.752065  -1.108290  -2.120654   0.001000
 -0.546554  -0.189126  -0.316083   0.752065  -1.108290  -2.120654   0.001000
 -0.538849  -0.207568  -0.320807   0.750760  -1.206694  -2.151775   0.001000
 -0.538849  -0.207568  -0.320807   0.750760  -1.206694  -2.151775   0.001000
 -0.538849  -0.207568  -0.320807   0.750760  -1.206694  -2.151775   0.001000
 -0.538849  -0.207568  -0.320807   0.750760  -1.206694  -2.151775   0.001000
 -0.538849  -0.207568  -0.320807   0.750760  -1.206694  -2.151775   0.001000
 -0.538849  -0.207568  -0.320807   0.750760  -1.206694  -2.151775   0.001000
 -0.538849  -0.207568  -0.320807   0.750760  -1.206694  -2.151775   0.001000
 -0.538849  -0.207568  -0.320807   0.750760  -1.206694  -2.151775   0.001000
 -0.538849  -0.207568  -0.320807   0.750760  -1.206694  -2.151775   0.001000
 -0.550856  -0.192775  -0.314269   0.748753  -1.117234  -2.163042   0.001000
 -0.550856  -0.192775  -0.314269   0.748753  -1.117234  -2.163042   0.001000
 -0.545281  -0.195299  -0.320586   0.749501  -1.245126  -2.104327   0.001000
 -0.557675  -0.201404  -0.316427   0.740479  -1.209044  -2.220638   0.001000
 -0.557675  -0.201404  -0.316427   0.740479  -1.209044  -2.220638   0.001000
 -0.540889  -0.195217  -0.313683   0.755600  -1.090914  -2.174257   0.001000
 -0.540889  -0.195217  -0.313683   0.755600  -1.090914  -2.174257   0.001000
 -0.541394  -0.184338  -0.308859   0.759946  -1.244815  -2.050774   0.001000
 -0.686728  -0.161521  -0.340041   0.621842  -1.181406  -2.085511   0.001000
 -0.543872  -0.206655  -0.308726   0.752453  -1.185709  -2.009823   0.001000
 -0.508942  -0.175818  -0.315133   0.781509  -1.052529  -2.130022   0.001000
 -0.536930  -0.200849  -0.320365   0.754143  -1.158695  -2.240793   0.001000
 -0.523209  -0.195483  -0.332552   0.759900  -1.211625  -1.981588   0.001000
 -0.528457  -0.204775  -0.320995   0.758790  -1.306787  -2.110320   0.001000
 -0.528457  -0.204775  -0.320995   0.758790  -1.306787  -2.110320   0.001000
 -0.528457  -0.204775  -0.320995   0.758790  -1.306787  -2.110320   0.001000
 -0.544478  -0.198046  -0.318601   0.750210  -1.043445  -2.046802   0.001000
 -0.545754  -0.200203  -0.315739   0.749920  -1.036833  -2.097704   0.001000
 -0.545754  -0.200203  -0.315739   0.749920  -1.036833  -2.097704   0.001000
 -0.521122  -0.170976  -0.354083   0.757512  -1.118385  -2.034454   0.001000
 -0.575211  -0.199665  -0.303103   0.733073  -1.311664  -2.119157   0.001000
 -0.537557  -0.204816  -0.310248   0.756855  -0.910445  -2.097475   0.001000
 -0.537557  -0.204816  -0.310248   0.756855  -0.910445  -2.097475   0.001000
 -0.497111  -0.206022  -0.327457   0.776664  -0.992661  -2.299333   0.001000
 -0.534210  -0.201419  -0.319789   0.756164  -1.536590  -2.169933   0.001000
 -0.534210  -0.201419  -0.319789   0.756164  -1.536590  -2.169933   0.001000
 -0.528872  -0.194885  -0.298139   0.770343  -1.416178  -2.128860   0.001000
 -0.528872  -0.194885  -0.298139   0.770343  -1.416178  -2.128860   0.001000
 -0.528872  -0.194885  -0.298139   0.770343  -1.416178  -2.128860   0.001000
 -0.533059  -0.196824  -0.298128   0.766960  -1.420864  -2.183509   0.001000
 -0.533059  -0.196824  -0.298128   0.766960  -1.420864  -2.183509   0.001000
 -0.533059  -0.196824  -0.298128   0.766960  -1.420864  -2.183509   0.001000
 -0.533059  -0.196824  -0.298128   0.766960  -1.420864  -2.183509   0.001000
 -0.538397  -0.205386  -0.316064   0.753690  -1.528173  -2.312258   0.001000
 -0.538397  -0.205386  -0.316064   0.753690  -1.528173  -2.312258   0.001000
 -0.538397  -0.205386  -0.316064   0.753690  -1.528173  -2.312258   0.001000
 -0.538397  -0.205386  -0.316064   0.753690  -1.528173  -2.312258   0.001000
 -0.545083  -0.198466  -0.321036   0.748620  -0.976723  -2.196731   0.001000
 -0.546440  -0.197010  -0.317701   0.749438  -1.134770  -2.340174   0.001000
 -0.545249  -0.207177  -0.302107   0.753998  -1.421918  -2.366246   0.001000
 -0.536591  -0.205548  -0.314973   0.755389  -1.223324  -2.165329   0.001000
 -0.536591  -0.205548  -0.314973   0.755389  -1.223324  -2.165329   0.001000
 -0.536591  -0.205548  -0.314973   0.755389  -1.223324  -2.165329   0.001000
 -0.536591  -0.205548  -0.314973   0.755389  -1.223324  -2.165329   0.001000
 -0.544029  -0.206483  -0.311780   0.751126  -1.179073  -2.194346   0.001000
 -0.544029  -0.206483  -0.311780   0.751126  -1.179073  -2.194346   0.001000
 -0.544029  -0.206483  -0.311780   0.751126  -1.179073  -2.194346   0.001000
 -0.538702  -0.212029  -0.311034   0.753725  -1.153291  -2.302976   0.001000
 -0.673137  -0.142901  -0.343957   0.638873  -1.182653  -2.273649   0.001000
 -0.529706  -0.199729  -0.320206   0.759597  -1.610646  -2.268510   0.001000
 -0.535974  -0.218814  -0.310566   0.753924  -1.271384  -2.189553   0.001000
 -0.542378  -0.208335  -0.314272   0.750770  -1.096001  -2.401531   0.001000
 -0.537175  -0.199309  -0.313965   0.757064  -1.062418  -2.030002   0.001000
 -0.537175  -0.199309  -0.313965   0.757064  -1.062418  -2.030002   0.001000
 -0.537175  -0.199309  -0.313965   0.757064  -1.062418  -2.030002   0.001000
 -0.537175  -0.199309  -0.313965   0.757064  -1.062418  -2.030002   0.001000
 -0.537175  -0.199309  -0.313965   0.757064  -1.062418  -2.030002   0.001000
 -0.537175  -0.199309  -0.313965   0.757064  -1.062418  -2.030002   0.001000
 -0.537175  -0.199309  -0.313965   0.757064  -1.062418  -2.030002   0.001000
 -0.537175  -0.199309  -0.313965   0.757064  -1.062418  -2.030002   0.001000
 -0.537175  -0.199309  -0.313965   0.757064  -1.062418  -2.030002   0.001000
 -0.537175  -0.199309  -0.313965   0.757064  -1.062418  -2.030002   0.001000
 -0.537175  -0.199309  -0.313965   0.757064  -1.062418  -2.030002   0.001000
 -0.537175  -0.199309  -0.313965   0.757064  -1.062418  -2.030002   0.001000
 -0.537175  -0.199309  -0.313965   0.757064  -1.062418  -2.030002   0.001000
 -0.537175  -0.199309  -0.313965   0.757064  -1.062418  -2.030002   0.001000
 -0.537175  -0.199309  -0.313965   0.757064  -1.062418  -2.030002   0.001000
 -0.537175  -0.199309  -0.313965   0.757064  -1.062418  -2.030002   0.001000
 -0.537175  -0.199309  -0.313965   0.757064  -1.062418  -2.030002   0.001000
 -0.538797  -0.196046  -0.311641   0.757722  -1.276076  -1.992481   0.001000
 -0.538797  -0.196046  -0.311641   0.757722  -1.276076  -1.992481   0.001000
 -0.538797  -0.196046  -0.311641   0.757722  -1.276076  -1.992481   0.001000
 -0.537106  -0.210196  -0.319603   0.751790  -1.228303  -2.213394   0.001000
 -0.543063  -0.211177  -0.299910   0.755342  -1.158463  -2.159464   0.001000
 -0.535245  -0.203200  -0.311451   0.758433  -1.068468  -2.152544   0.001000
 -0.535245  -0.203200  -0.311451   0.758433  -1.068468  -2.152544   0.001000
 -0.535245  -0.203200  -0.311451   0.758433  -1.068468  -2.152544   0.001000
 -0.535245  -0.203200  -0.311451   0.758433  -1.068468  -2.152544   0.001000
 -0.535245  -0.203200  -0.311451   0.758433  -1.068468  -2.152544   0.001000
 -0.537741  -0.206712  -0.315974   0.753834  -1.002430  -2.096394   0.001000
 -0.537741  -0.206712  -0.315974   0.753834  -1.002430  -2.096394   0.001000
 -0.537741  -0.206712  -0.315974   0.753834  -1.002430  -2.096394   0.001000
 -0.537741  -0.206712  -0.315974   0.753834  -1.002430  -2.096394   0.001000
 -0.537741  -0.206712  -0.315974   0.753834  -1.002430  -2.096394   0.001000
 -0.537741  -0.206712  -0.315974   0.753834  -1.002430  -2.096394   0.001000
 -0.537741  -0.206712  -0.315974   0.753834  -1.002430  -2.096394   0.001000
 -0.526544  -0.219995  -0.324421   0.754390  -1.016571  -2.289762   0.001000
 -0.528922  -0.207939  -0.315358   0.759968  -1.147270  -2.185440   0.001000
 -0.546321  -0.213550  -0.314675   0.746264  -0.970997  -2.102964   0.001000
 -0.540085  -0.192175  -0.306966   0.759703  -1.166851  -2.284399   0.001000
 -0.551860  -0.197995  -0.310657   0.748158  -1.232548  -2.242118   0.001000
 -0.562271  -0.188366  -0.334485   0.732455  -1.244509  -2.269155   0.001000
 -0.546890  -0.196173  -0.297073   0.757744  -1.315087  -2.194720   0.001000
 -0.528996  -0.198222  -0.312556   0.763662  -1.302809  -2.294949   0.001000
 -0.528996  -0.198222  -0.312556   0.763662  -1.302809  -2.294949   0.001000
 -0.554519  -0.196779  -0.317036   0.743824  -1.288454  -2.118224   0.001000
 -0.554519  -0.196779  -0.317036   0.743824  -1.288454  -2.118224   0.001000
 -0.533594  -0.198052  -0.308985   0.761959  -1.338982  -2.242328   0.001000
 -0.533819  -0.209131  -0.308048   0.759215  -1.236966  -2.264506   0.001000
 -0.533819  -0.209131  -0.308048   0.759215  -1.236966  -2.264506   0.001000
 -0.533819  -0.209131  -0.308048   0.759215  -1.236966  -2.264506   0.001000
 -0.534128  -0.191883  -0.310232   0.762656  -1.316172  -2.285053   0.001000
 -0.529203  -0.205363  -0.320081   0.758498  -1.149637  -2.182976   0.001000
 -0.529203  -0.205363  -0.320081   0.758498  -1.149637  -2.182976   0.001000
 -0.536173  -0.213928  -0.318397   0.751915  -1.181746  -2.223854   0.001000
 -0.540160  -0.209231  -0.300647   0.757668  -1.166712  -2.008072   0.001000
 -0.523997  -0.205725  -0.307800   0.767048  -1.215260  -2.352802   0.001000
 -0.550531  -0.192009  -0.313524   0.749500  -1.254735  -2.107577   0.001000
 -0.550531  -0.192009  -0.313524   0.749500  -1.254735  -2.107577   0.001000
 -0.550531  -0.192009  -0.313524   0.749500  -1.254735  -2.107577   0.001000
 -0.550531  -0.192009  -0.313524   0.749500  -1.254735  -2.107577   0.001000
 -0.543301  -0.201257  -0.299526   0.758026  -1.376887  -2.139645   0.001000
 -0.546455  -0.208638  -0.312006   0.748671  -1.072491  -2.138961   0.001000
 -0.680537  -0.146947  -0.339459   0.632490  -1.335461  -2.233837   0.001000
 -0.680537  -0.146947  -0.339459   0.632490  -1.335461  -2.233837   0.001000
 -0.680537  -0.146947  -0.339459   0.632490  -1.335461  -2.233837   0.001000
 -0.535808  -0.200777  -0.305266   0.761190  -1.221370  -2.113178   0.001000
 -0.535808  -0.200777  -0.305266   0.761190  -1.221370  -2.113178   0.001000
 -0.541289  -0.199432  -0.309052   0.756122  -1.270908  -2.184372   0.001000
 -0.541289  -0.199432  -0.309052   0.756122  -1.270908  -2.184372   0.001000
 -0.541289  -0.199432  -0.309052   0.756122  -1.270908  -2.184372   0.001000
 -0.541289  -0.199432  -0.309052   0.756122  -1.270908  -2.184372   0.001000
 -0.541289  -0.199432  -0.309052   0.756122  -1.270908  -2.184372   0.001000
 -0.541289  -0.199432  -0.309052   0.756122  -1.270908  -2.184372   0.001000
 -0.541289  -0.199432  -0.309052   0.756122  -1.270908  -2.184372   0.001000
 -0.541289  -0.199432  -0.309052   0.756122  -1.270908  -2.184372   0.001000
 -0.541289  -0.199432  -0.309052   0.756122  -1.270908  -2.184372   0.001000
 -0.541289  -0.199432  -0.309052   0.756122  -1.270908  -2.184372   0.001000
 -0.532682  -0.206288  -0.306750   0.761314  -1.142921  -2.161765   0.001000
 -0.532682  -0.206288  -0.306750   0.761314  -1.142921  -2.161765   0.001000
 -0.532682  -0.206288  -0.306750   0.761314  -1.142921  -2.161765   0.001000
 -0.532682  -0.206288  -0.306750   0.761314  -1.142921  -2.161765   0.001000
 -0.539579  -0.203454  -0.297034   0.761073  -1.402033  -2.139359   0.001000
 -0.578866  -0.178435  -0.295515   0.738747  -1.283945  -2.203931   0.001000
 -0.544647  -0.198974  -0.315894   0.750986  -1.137610  -2.189466   0.001000
 -0.544647  -0.198974  -0.315894   0.750986  -1.137610  -2.189466   0.001000
 -0.544647  -0.198974  -0.315894   0.750986  -1.137610  -2.189466   0.001000
 -0.544647  -0.198974  -0.315894   0.750986  -1.137610  -2.189466   0.001000
 -0.544647  -0.198974  -0.315894   0.750986  -1.137610  -2.189466   0.001000
 -0.544647  -0.198974  -0.315894   0.750986  -1.137610  -2.189466   0.001000
 -0.544647  -0.198974  -0.315894   0.750986  -1.137610  -2.189466   0.001000
 -0.544647  -0.198974  -0.315894   0.750986  -1.137610  -2.189466   0.001000
 -0.531622  -0.197975  -0.312767   0.761814  -1.346303  -2.232197   0.001000
 -0.531622  -0.197975  -0.312767   0.761814  -1.346303  -2.232197   0.001000
 -0.539037  -0.199529  -0.303808   0.759821  -1.394967  -2.140617   0.001000
 -0.539037  -0.199529  -0.303808   0.759821  -1.394967  -2.140617   0.001000
 -0.539037  -0.199529  -0.303808   0.759821  -1.394967  -2.140617   0.001000
 -0.539037  -0.199529  -0.303808   0.759821  -1.394967  -2.140617   0.001000
 -0.539037  -0.199529  -0.303808   0.759821  -1.394967  -2.140617   0.001000
 -0.539037  -0.199529  -0.303808   0.759821  -1.394967  -2.140617   0.001000
 -0.539037  -0.199529  -0.303808   0.759821  -1.394967  -2.140617   0.001000
 -0.539037  -0.199529  -0.303808   0.759821  -1.394967  -2.140617   0.001000
 -0.539037  -0.199529  -0.303808   0.759821  -1.394967  -2.140617   0.001000
 -0.545383  -0.206857  -0.302366   0.753885  -1.541686  -2.269612   0.001000
 -0.567791  -0.181079  -0.317286   0.737667  -1.432238  -2.234582   0.001000
 -0.540962  -0.200479  -0.323557   0.749986  -1.387359  -2.234550   0.001000
 -0.540962  -0.200479  -0.323557   0.749986  -1.387359  -2.234550   0.001000
 -0.542577  -0.198900  -0.308115   0.755721  -1.354438  -2.260223   0.001000
 -0.542577  -0.198900  -0.308115   0.755721  -1.354438  -2.260223   0.001000
 -0.542577  -0.198900  -0.308115   0.755721  -1.354438  -2.260223   0.001000
 -0.542577  -0.198900  -0.308115   0.755721  -1.354438  -2.260223   0.001000
 -0.538476  -0.221096  -0.320964   0.747089  -1.408694  -2.257147   0.001000
 -0.539434  -0.196274  -0.307998   0.758699  -1.270110  -2.227019   0.001000
 -0.539434  -0.196274  -0.307998   0.758699  -1.270110  -2.227019   0.001000
 -0.539434  -0.196274  -0.307998   0.758699  -1.270110  -2.227019   0.001000
 -0.539434  -0.196274  -0.307998   0.758699  -1.270110  -2.227019   0.001000
 -0.542599  -0.204831  -0.313877   0.751739  -1.224030  -2.181691   0.001000
 -0.542599  -0.204831  -0.313877   0.751739  -1.224030  -2.181691   0.001000
 -0.542599  -0.204831  -0.313877   0.751739  -1.224030  -2.181691   0.001000
 -0.542599  -0.204831  -0.313877   0.751739  -1.224030  -2.181691   0.001000
 -0.536886  -0.210033  -0.305116   0.757986  -1.280761  -2.096345   0.001000
 -0.536886  -0.210033  -0.305116   0.757986  -1.280761  -2.096345   0.001000
 -0.542889  -0.192085  -0.307625   0.757457  -1.441822  -2.087926   0.001000
 -0.559203  -0.194760  -0.308652   0.744375  -1.337378  -2.092538   0.001000
 -0.559203  -0.194760  -0.308652   0.744375  -1.337378  -2.092538   0.001000
 -0.559203  -0.194760  -0.308652   0.744375  -1.337378  -2.092538   0.001000
 -0.602294  -0.160528  -0.382302   0.682142  -1.566838  -2.051939   0.001000
