  0.810404   0.577923  -0.042399   0.086330  -2.073698  -0.183900   0.001000
  0.810404   0.577923  -0.042399   0.086330  -2.073698  -0.183900   0.001000
  0.810404   0.577923  -0.042399   0.086330  -2.073698  -0.183900   0.001000
  0.820465   0.565695  -0.038971   0.072854  -1.910432   0.000224   0.001000
  0.815320   0.571778  -0.042954   0.080483  -1.837433  -0.128098   0.001000
  0.815320   0.571778  -0.042954   0.080483  -1.837433  -0.128098   0.001000
  0.815320   0.571778  -0.042954   0.080483  -1.837433  -0.128098   0.001000
  0.815320   0.571778  -0.042954   0.080483  -1.837433  -0.128098   0.001000
  0.815320   0.571778  -0.042954   0.080483  -1.837433  -0.128098   0.001000
  0.820565   0.565138  -0.034285   0.078203  -1.895081  -0.060815   0.001000
  0.820565   0.565138  -0.034285   0.078203  -1.895081  -0.060815   0.001000
  0.816759   0.570164  -0.044999   0.076112  -1.945695   0.396445   0.001000
  0.807186   0.582394  -0.044560   0.085335  -1.797930  -0.410306   0.001000
  0.818162   0.567070  -0.035100   0.088381  -1.961019  -0.063893   0.001000
  0.818162   0.567070  -0.035100   0.088381  -1.961019  -0.063893   0.001000
  0.818162   0.567070  -0.035100   0.088381  -1.961019  -0.063893   0.001000
  0.818162   0.567070  -0.035100   0.088381  -1.961019  -0.063893   0.001000
  0.818162   0.567070  -0.035100   0.088381  -1.961019  -0.063893   0.001000
  0.818162   0.567070  -0.035100   0.088381  -1.961019  -0.063893   0.001000
  0.818162   0.567070  -0.035100   0.088381  -1.961019  -0.063893   0.001000
  0.818162   0.567070  -0.035100   0.088381  -1.961019  -0.063893   0.001000
  0.818162   0.567070  -0.035100   0.088381  -1.961019  -0.063893   0.001000
  0.818162   0.567070  -0.035100   0.088381  -1.961019  -0.063893   0.001000
  0.818162   0.567070  -0.035100   0.088381  -1.961019  -0.063893   0.001000
  0.818162   0.567070  -0.035100   0.088381  -1.961019  -0.063893   0.001000
  0.818162   0.567070  -0.035100   0.088381  -1.961019  -0.063893   0.001000
  0.814799   0.573317  -0.041065   0.075658  -1.842381  -0.164933   0.001000
  0.814799   0.573317  -0.041065   0.075658  -1.842381  -0.164933   0.001000
  0.814799   0.573317  -0.041065   0.075658  -1.842381  -0.164933   0.001000
  0.814799   0.573317  -0.041065   0.075658  -1.842381  -0.164933   0.001000
  0.814799   0.573317  -0.041065   0.075658  -1.842381  -0.164933   0.001000
  0.814799   0.573317  -0.041065   0.075658  -1.842381  -0.164933   0.001000
  0.814799   0.573317  -0.041065   0.075658  -1.842381  -0.164933   0.001000
  0.814799   0.573317  -0.041065   0.075658  -1.842381  -0.164933   0.001000
  0.814799   0.573317  -0.041065   0.075658  -1.842381  -0.164933   0.001000
  0.814799   0.573317  -0.041065   0.075658  -1.842381  -0.164933   0.001000
  0.814799   0.573317  -0.041065   0.075658  -1.842381  -0.164933   0.001000
  0.807258   0.582984  -0.036443   0.084472  -1.871105  -0.045323   0.001000
  0.807258   0.582984  -0.036443   0.084472  -1.871105  -0.045323   0.001000
  0.807258   0.582984  -0.036443   0.084472  -1.871105  -0.045323   0.001000
  0.807258   0.582984  -0.036443   0.084472  -1.871105  -0.045323   0.001000
  0.807258   0.582984  -0.036443   0.084472  -1.871105  -0.045323   0.001000
  0.805608   0.585632  -0.042049   0.079137  -1.860358   0.117365   0.001000
  0.811597   0.576122  -0.045062   0.085806  -1.913597  -0.013460   0.001000
  0.811597   0.576122  -0.045062   0.085806  -1.913597  -0.013460   0.001000
  0.811597   0.576122  -0.045062   0.085806  -1.913597  -0.013460   0.001000
  0.803868   0.585819  -0.040239   0.094829  -1.999821  -0.363823   0.001000
  0.803868   0.585819  -0.040239   0.094829  -1.999821  -0.363823   0.001000
  0.811003   0.576655  -0.037265   0.091402  -1.675598  -0.330059   0.001000
  0.793404   0.600248   0.020667   0.098922  -1.654920  -0.114122   0.001000
  0.812363   0.574953  -0.045711   0.086056  -1.866286   0.157749   0.001000
  0.812363   0.574953  -0.045711   0.086056  -1.866286   0.157749   0.001000
  0.814535   0.571920  -0.036848   0.089896  -2.209640  -0.219378   0.001000
  0.816568   0.570422  -0.044006   0.076803  -1.961671  -0.100919   0.001000
  0.816568   0.570422  -0.044006   0.076803  -1.961671  -0.100919   0.001000
  0.816568   0.570422  -0.044006   0.076803  -1.961671  -0.100919   0.001000
  0.816568   0.570422  -0.044006   0.076803  -1.961671  -0.100919   0.001000
  0.816568   0.570422  -0.044006   0.076803  -1.961671  -0.100919   0.001000
  0.816568   0.570422  -0.044006   0.076803  -1.961671  -0.100919   0.001000
  0.816568   0.570422  -0.044006   0.076803  -1.961671  -0.100919   0.001000
  0.808062   0.581419  -0.032980   0.088881  -2.131010  -0.101908   0.001000
  0.809832   0.579098  -0.026848   0.089983  -1.996573  -0.326465   0.001000
  0.787303   0.565346   0.062573   0.237955  -1.916812  -0.012807   0.001000
  0.787303   0.565346   0.062573   0.237955  -1.916812  -0.012807   0.001000
  0.808359   0.580934  -0.052744   0.079310  -2.062063  -0.029515   0.001000
  0.808359   0.580934  -0.052744   0.079310  -2.062063  -0.029515   0.001000
  0.808359   0.580934  -0.052744   0.079310  -2.062063  -0.029515   0.001000
  0.808359   0.580934  -0.052744   0.079310  -2.062063  -0.029515   0.001000
  0.808359   0.580934  -0.052744   0.079310  -2.062063  -0.029515   0.001000
  0.808359   0.580934  -0.052744   0.079310  -2.062063  -0.029515   0.001000
  0.823282   0.562244  -0.035028   0.069726  -1.943560  -0.092335   0.001000
  0.823282   0.562244  -0.035028   0.069726  -1.943560  -0.092335   0.001000
  0.823282   0.562244  -0.035028   0.069726  -1.943560  -0.092335   0.001000
  0.743845   0.627233   0.042272   0.226908  -1.963180   0.025055   0.001000
  0.815580   0.570124  -0.037557   0.091527  -1.806989  -0.217697   0.001000
  0.815580   0.570124  -0.037557   0.091527  -1.806989  -0.217697   0.001000
  0.815580   0.570124  -0.037557   0.091527  -1.806989  -0.217697   0.001000
  0.815580   0.570124  -0.037557   0.091527  -1.806989  -0.217697   0.001000
  0.815580   0.570124  -0.037557   0.091527  -1.806989  -0.217697   0.001000
  0.815580   0.570124  -0.037557   0.091527  -1.806989  -0.217697   0.001000
  0.815580   0.570124  -0.037557   0.091527  -1.806989  -0.217697   0.001000
  0.815580   0.570124  -0.037557   0.091527  -1.806989  -0.217697   0.001000
  0.815580   0.570124  -0.037557   0.091527  -1.806989  -0.217697   0.001000
  0.815580   0.570124  -0.037557   0.091527  -1.806989  -0.217697   0.001000
  0.815580   0.570124  -0.037557   0.091527  -1.806989  -0.217697   0.001000
  0.815580   0.570124  -0.037557   0.091527  -1.806989  -0.217697   0.001000
  0.815580   0.570124  -0.037557   0.091527  -1.806989  -0.217697   0.001000
  0.815580   0.570124  -0.037557   0.091527  -1.806989  -0.217697   0.001000
  0.815580   0.570124  -0.037557   0.091527  -1.806989  -0.217697   0.001000
  0.815580   0.570124  -0.037557   0.091527  -1.806989  -0.217697   0.001000
  0.815580   0.570124  -0.037557   0.091527  -1.806989  -0.217697   0.001000
  0.815580   0.570124  -0.037557   0.091527  -1.806989  -0.217697   0.001000
  0.815580   0.570124  -0.037557   0.091527  -1.806989  -0.217697   0.001000
  0.815580   0.570124  -0.037557   0.091527  -1.806989  -0.217697   0.001000
  0.815580   0.570124  -0.037557   0.091527  -1.806989  -0.217697   0.001000
  0.815580   0.570124  -0.037557   0.091527  -1.806989  -0.217697   0.001000
  0.815580   0.570124  -0.037557   0.091527  -1.806989  -0.217697   0.001000
  0.815580   0.570124  -0.037557   0.091527  -1.806989  -0.217697   0.001000
  0.815580   0.570124  -0.037557   0.091527  -1.806989  -0.217697   0.001000
  0.815580   0.570124  -0.037557   0.091527  -1.806989  -0.217697   0.001000
  0.815580   0.570124  -0.037557   0.091527  -1.806989  -0.217697   0.001000
  0.815580   0.570124  -0.037557   0.091527  -1.806989  -0.217697   0.001000
  0.815580   0.570124  -0.037557   0.091527  -1.806989  -0.217697   0.001000
  0.815580   0.570124  -0.037557   0.091527  -1.806989  -0.217697   0.001000
  0.815580   0.570124  -0.037557   0.091527  -1.806989  -0.217697   0.001000
  0.815580   0.570124  -0.037557   0.091527  -1.806989  -0.217697   0.001000
  0.815580   0.570124  -0.037557   0.091527  -1.806989  -0.217697   0.001000
  0.815580   0.570124  -0.037557   0.091527  -1.806989  -0.217697   0.001000
  0.815580   0.570124  -0.037557   0.091527  -1.806989  -0.217697   0.001000
  0.815580   0.570124  -0.037557   0.091527  -1.806989  -0.217697   0.001000
  0.815580   0.570124  -0.037557   0.091527  -1.806989  -0.217697   0.001000
  0.775313   0.572967   0.038083   0.262961  -2.077062  -0.195176   0.001000
  0.562513   0.814464   0.082862   0.115592  -1.893828   0.014471   0.001000
  0.805595   0.586295  -0.038316   0.076197  -1.977623  -0.035982   0.001000
  0.810044   0.579384  -0.049320   0.075567  -1.994877  -0.272008   0.001000
  0.810044   0.579384  -0.049320   0.075567  -1.994877  -0.272008   0.001000
  0.810044   0.579384  -0.049320   0.075567  -1.994877  -0.272008   0.001000
  0.810044   0.579384  -0.049320   0.075567  -1.994877  -0.272008   0.001000
  0.810044   0.579384  -0.049320   0.075567  -1.994877  -0.272008   0.001000
  0.810044   0.579384  -0.049320   0.075567  -1.994877  -0.272008   0.001000
  0.810044   0.579384  -0.049320   0.075567  -1.994877  -0.272008   0.001000
  0.810044   0.579384  -0.049320   0.075567  -1.994877  -0.272008   0.001000
  0.810044   0.579384  -0.049320   0.075567  -1.994877  -0.272008   0.001000
  0.810044   0.579384  -0.049320   0.075567  -1.994877  -0.272008   0.001000
  0.810044   0.579384  -0.049320   0.075567  -1.994877  -0.272008   0.001000
  0.810044   0.579384  -0.049320   0.075567  -1.994877  -0.272008   0.001000
  0.813620   0.574035  -0.052399   0.075901  -1.810448   0.017537   0.001000
  0.813620   0.574035  -0.052399   0.075901  -1.810448   0.017537   0.001000
  0.809323   0.579401  -0.050627   0.082028  -2.083501  -0.108779   0.001000
  0.809323   0.579401  -0.050627   0.082028  -2.083501  -0.108779   0.001000
  0.833038   0.543061  -0.028631   0.101553  -1.963692  -0.255853   0.001000
  0.789244   0.564014   0.067264   0.233362  -1.998520  -0.047138   0.001000
  0.811247   0.578459  -0.047927   0.070480  -1.965483  -0.157272   0.001000
  0.811247   0.578459  -0.047927   0.070480  -1.965483  -0.157272   0.001000
  0.809536   0.579935  -0.040933   0.081558  -2.062856  -0.181542   0.001000
  0.809536   0.579935  -0.040933   0.081558  -2.062856  -0.181542   0.001000
  0.809536   0.579935  -0.040933   0.081558  -2.062856  -0.181542   0.001000
  0.809536   0.579935  -0.040933   0.081558  -2.062856  -0.181542   0.001000
  0.809536   0.579935  -0.040933   0.081558  -2.062856  -0.181542   0.001000
  0.809536   0.579935  -0.040933   0.081558  -2.062856  -0.181542   0.001000
  0.822504   0.549973  -0.048192   0.136726  -2.018595  -0.094556   0.001000
  0.810484   0.577505  -0.047017   0.085978  -2.232303   0.214320   0.001000
  0.810484   0.577505  -0.047017   0.085978  -2.232303   0.214320   0.001000
  0.810484   0.577505  -0.047017   0.085978  -2.232303   0.214320   0.001000
  0.810484   0.577505  -0.047017   0.085978  -2.232303   0.214320   0.001000
  0.810484   0.577505  -0.047017   0.085978  -2.232303   0.214320   0.001000
  0.810484   0.577505  -0.047017   0.085978  -2.232303   0.214320   0.001000
  0.810484   0.577505  -0.047017   0.085978  -2.232303   0.214320   0.001000
  0.810484   0.577505  -0.047017   0.085978  -2.232303   0.214320   0.001000
  0.810484   0.577505  -0.047017   0.085978  -2.232303   0.214320   0.001000
  0.810484   0.577505  -0.047017   0.085978  -2.232303   0.214320   0.001000
  0.812084   0.526035   0.037383   0.249816  -2.128653   0.048521   0.001000
  0.814420   0.572854  -0.049301   0.078274  -2.047252  -0.059975   0.001000
  0.814420   0.572854  -0.049301   0.078274  -2.047252  -0.059975   0.001000
  0.814420   0.572854  -0.049301   0.078274  -2.047252  -0.059975   0.001000
  0.814420   0.572854  -0.049301   0.078274  -2.047252  -0.059975   0.001000
  0.814420   0.572854  -0.049301   0.078274  -2.047252  -0.059975   0.001000
  0.814420   0.572854  -0.049301   0.078274  -2.047252  -0.059975   0.001000
  0.815099   0.571145  -0.050131   0.083026  -1.927687  -0.217615   0.001000
  0.815099   0.571145  -0.050131   0.083026  -1.927687  -0.217615   0.001000
  0.815099   0.571145  -0.050131   0.083026  -1.927687  -0.217615   0.001000
  0.815099   0.571145  -0.050131   0.083026  -1.927687  -0.217615   0.001000
  0.815099   0.571145  -0.050131   0.083026  -1.927687  -0.217615   0.001000
  0.815099   0.571145  -0.050131   0.083026  -1.927687  -0.217615   0.001000
  0.815099   0.571145  -0.050131   0.083026  -1.927687  -0.217615   0.001000
  0.815099   0.571145  -0.050131   0.083026  -1.927687  -0.217615   0.001000
  0.815099   0.571145  -0.050131   0.083026  -1.927687  -0.217615   0.001000
  0.815099   0.571145  -0.050131   0.083026  -1.927687  -0.217615   0.001000
  0.815099   0.571145  -0.050131   0.083026  -1.927687  -0.217615   0.001000
  0.815099   0.571145  -0.050131   0.083026  -1.927687  -0.217615   0.001000
  0.815099   0.571145  -0.050131   0.083026  -1.927687  -0.217615   0.001000
  0.815262   0.571566  -0.019368   0.091028  -2.249543   0.058916   0.001000
  0.847134   0.515403  -0.066240   0.111066  -2.040275  -0.403147   0.001000
  0.798376   0.592784  -0.007901   0.105555  -2.001577  -0.137484   0.001000
  0.812701   0.576037  -0.039774   0.078211  -2.064017   0.079368   0.001000
  0.812701   0.576037  -0.039774   0.078211  -2.064017   0.079368   0.001000
  0.812701   0.576037  -0.039774   0.078211  -2.064017   0.079368   0.001000
  0.812701   0.576037  -0.039774   0.078211  -2.064017   0.079368   0.001000
  0.812701   0.576037  -0.039774   0.078211  -2.064017   0.079368   0.001000
  0.812701   0.576037  -0.039774   0.078211  -2.064017   0.079368   0.001000
  0.812701   0.576037  -0.039774   0.078211  -2.064017   0.079368   0.001000
  0.812701   0.576037  -0.039774   0.078211  -2.064017   0.079368   0.001000
  0.812701   0.576037  -0.039774   0.078211  -2.064017   0.079368   0.001000
  0.812701   0.576037  -0.039774   0.078211  -2.064017   0.079368   0.001000
  0.812701   0.576037  -0.039774   0.078211  -2.064017   0.079368   0.001000
  0.812701   0.576037  -0.039774   0.078211  -2.064017   0.079368   0.001000
  0.812938   0.574096  -0.035090   0.091181  -2.089572  -0.070679   0.001000
  0.812938   0.574096  -0.035090   0.091181  -2.089572  -0.070679   0.001000
  0.812938   0.574096  -0.035090   0.091181  -2.089572  -0.070679   0.001000
  0.812938   0.574096  -0.035090   0.091181  -2.089572  -0.070679   0.001000
  0.812938   0.574096  -0.035090   0.091181  -2.089572  -0.070679   0.001000
  0.812938   0.574096  -0.035090   0.091181  -2.089572  -0.070679   0.001000
  0.812938   0.574096  -0.035090   0.091181  -2.089572  -0.070679   0.001000
  0.812938   0.574096  -0.035090   0.091181  -2.089572  -0.070679   0.001000
  0.812938   0.574096  -0.035090   0.091181  -2.089572  -0.070679   0.001000
  0.812938   0.574096  -0.035090   0.091181  -2.089572  -0.070679   0.001000
  0.812938   0.574096  -0.035090   0.091181  -2.089572  -0.070679   0.001000
  0.812938   0.574096  -0.035090   0.091181  -2.089572  -0.070679   0.001000
  0.812938   0.574096  -0.035090   0.091181  -2.089572  -0.070679   0.001000
  0.812938   0.574096  -0.035090   0.091181  -2.089572  -0.070679   0.001000
  0.812938   0.574096  -0.035090   0.091181  -2.089572  -0.070679   0.001000
  0.812938   0.574096  -0.035090   0.091181  -2.089572  -0.070679   0.001000
  0.812938   0.574096  -0.035090   0.091181  -2.089572  -0.070679   0.001000
  0.812938   0.574096  -0.035090   0.091181  -2.089572  -0.070679   0.001000
  0.812938   0.574096  -0.035090   0.091181  -2.089572  -0.070679   0.001000
  0.812938   0.574096  -0.035090   0.091181  -2.089572  -0.070679   0.001000
  0.812938   0.574096  -0.035090   0.091181  -2.089572  -0.070679   0.001000
  0.812938   0.574096  -0.035090   0.091181  -2.089572  -0.070679   0.001000
  0.801736   0.590532  -0.039402   0.083300  -1.976921  -0.065932   0.001000
  0.801736   0.590532  -0.039402   0.083300  -1.976921  -0.065932   0.001000
  0.801736   0.590532  -0.039402   0.083300  -1.976921  -0.065932   0.001000
  0.801736   0.590532  -0.039402   0.083300  -1.976921  -0.065932   0.001000
  0.801736   0.590532  -0.039402   0.083300  -1.976921  -0.065932   0.001000
  0.801736   0.590532  -0.039402   0.083300  -1.976921  -0.065932   0.001000
  0.807374   0.581792  -0.056535   0.080431  -2.016770   0.164667   0.001000
  0.814873   0.571289  -0.038774   0.090040  -1.874775  -0.201302   0.001000
  0.814873   0.571289  -0.038774   0.090040  -1.874775  -0.201302   0.001000
  0.814873   0.571289  -0.038774   0.090040  -1.874775  -0.201302   0.001000
  0.814873   0.571289  -0.038774   0.090040  -1.874775  -0.201302   0.001000
  0.814873   0.571289  -0.038774   0.090040  -1.874775  -0.201302   0.001000
  0.814873   0.571289  -0.038774   0.090040  -1.874775  -0.201302   0.001000
  0.814873   0.571289  -0.038774   0.090040  -1.874775  -0.201302   0.001000
  0.814873   0.571289  -0.038774   0.090040  -1.874775  -0.201302   0.001000
  0.814873   0.571289  -0.038774   0.090040  -1.874775  -0.201302   0.001000
  0.814873   0.571289  -0.038774   0.090040  -1.874775  -0.201302   0.001000
  0.814873   0.571289  -0.038774   0.090040  -1.874775  -0.201302   0.001000
  0.814873   0.571289  -0.038774   0.090040  -1.874775  -0.201302   0.001000
  0.814873   0.571289  -0.038774   0.090040  -1.874775  -0.201302   0.001000
  0.814873   0.571289  -0.038774   0.090040  -1.874775  -0.201302   0.001000
  0.814873   0.571289  -0.038774   0.090040  -1.874775  -0.201302   0.001000
  0.814873   0.571289  -0.038774   0.090040  -1.874775  -0.201302   0.001000
  0.814873   0.571289  -0.038774   0.090040  -1.874775  -0.201302   0.001000
  0.814873   0.571289  -0.038774   0.090040  -1.874775  -0.201302   0.001000
  0.814873   0.571289  -0.038774   0.090040  -1.874775  -0.201302   0.001000
  0.814873   0.571289  -0.038774   0.090040  -1.874775  -0.201302   0.001000
  0.814873   0.571289  -0.038774   0.090040  -1.874775  -0.201302   0.001000
  0.814873   0.571289  -0.038774   0.090040  -1.874775  -0.201302   0.001000
  0.814873   0.571289  -0.038774   0.090040  -1.874775  -0.201302   0.001000
  0.814873   0.571289  -0.038774   0.090040  -1.874775  -0.201302   0.001000
  0.814873   0.571289  -0.038774   0.090040  -1.874775  -0.201302   0.001000
  0.814873   0.571289  -0.038774   0.090040  -1.874775  -0.201302   0.001000
  0.814873   0.571289  -0.038774   0.090040  -1.874775  -0.201302   0.001000
  0.814873   0.571289  -0.038774   0.090040  -1.874775  -0.201302   0.001000
  0.814873   0.571289  -0.038774   0.090040  -1.874775  -0.201302   0.001000
  0.814873   0.571289  -0.038774   0.090040  -1.874775  -0.201302   0.001000
  0.814873   0.571289  -0.038774   0.090040  -1.874775  -0.201302   0.001000
  0.814873   0.571289  -0.038774   0.090040  -1.874775  -0.201302   0.001000
  0.814873   0.571289  -0.038774   0.090040  -1.874775  -0.201302   0.001000
  0.814873   0.571289  -0.038774   0.090040  -1.874775  -0.201302   0.001000
  0.814873   0.571289  -0.038774   0.090040  -1.874775  -0.201302   0.001000
  0.814873   0.571289  -0.038774   0.090040  -1.874775  -0.201302   0.001000
  0.814873   0.571289  -0.038774   0.090040  -1.874775  -0.201302   0.001000
  0.814873   0.571289  -0.038774   0.090040  -1.874775  -0.201302   0.001000
  0.814122   0.570638  -0.053460   0.093382  -2.077832  -0.135817   0.001000
  0.814122   0.570638  -0.053460   0.093382  -2.077832  -0.135817   0.001000
  0.813191   0.574363  -0.049856   0.079633  -1.983972   0.036188   0.001000
  0.813191   0.574363  -0.049856   0.079633  -1.983972   0.036188   0.001000
  0.813191   0.574363  -0.049856   0.079633  -1.983972   0.036188   0.001000
  0.813191   0.574363  -0.049856   0.079633  -1.983972   0.036188   0.001000
  0.813191   0.574363  -0.049856   0.079633  -1.983972   0.036188   0.001000
  0.802922   0.587625  -0.054819   0.083709  -2.178608   0.005061   0.001000
  0.802922   0.587625  -0.054819   0.083709  -2.178608   0.005061   0.001000
  0.819671   0.563658  -0.054449   0.086401  -1.937936  -0.199826   0.001000
  0.808557   0.580104  -0.033878   0.092562  -2.006360  -0.342442   0.001000
  0.799339   0.595087  -0.025253   0.079319  -1.772382  -0.120915   0.001000
  0.806391   0.584475  -0.036920   0.082211  -1.541856  -0.060848   0.001000
  0.816845   0.567677  -0.029506   0.098163  -1.498926   0.043629   0.001000
  0.812613   0.576320  -0.032624   0.080316  -1.474879  -0.161277   0.001000
  0.812613   0.576320  -0.032624   0.080316  -1.474879  -0.161277   0.001000
  0.812613   0.576320  -0.032624   0.080316  -1.474879  -0.161277   0.001000
  0.812613   0.576320  -0.032624   0.080316  -1.474879  -0.161277   0.001000
  0.818519   0.564605  -0.030895   0.101457  -1.822153  -0.392997   0.001000
  0.819666   0.565337  -0.033488   0.086142  -1.742811  -0.377497   0.001000
  0.819666   0.565337  -0.033488   0.086142  -1.742811  -0.377497   0.001000
  0.819666   0.565337  -0.033488   0.086142  -1.742811  -0.377497   0.001000
  0.819666   0.565337  -0.033488   0.086142  -1.742811  -0.377497   0.001000
  0.824702   0.559357  -0.007779   0.083227  -1.975434  -0.299079   0.001000
  0.824702   0.559357  -0.007779   0.083227  -1.975434  -0.299079   0.001000
  0.811326   0.577220  -0.035750   0.085373  -1.726201  -0.413988   0.001000
  0.811326   0.577220  -0.035750   0.085373  -1.726201  -0.413988   0.001000
  0.811326   0.577220  -0.035750   0.085373  -1.726201  -0.413988   0.001000
  0.811326   0.577220  -0.035750   0.085373  -1.726201  -0.413988   0.001000
  0.811326   0.577220  -0.035750   0.085373  -1.726201  -0.413988   0.001000
  0.811326   0.577220  -0.035750   0.085373  -1.726201  -0.413988   0.001000
  0.811326   0.577220  -0.035750   0.085373  -1.726201  -0.413988   0.001000
  0.811326   0.577220  -0.035750   0.085373  -1.726201  -0.413988   0.001000
  0.811326   0.577220  -0.035750   0.085373  -1.726201  -0.413988   0.001000
  0.811326   0.577220  -0.035750   0.085373  -1.726201  -0.413988   0.001000
  0.811326   0.577220  -0.035750   0.085373  -1.726201  -0.413988   0.001000
  0.811326   0.577220  -0.035750   0.085373  -1.726201  -0.413988   0.001000
  0.811326   0.577220  -0.035750   0.085373  -1.726201  -0.413988   0.001000
  0.811326   0.577220  -0.035750   0.085373  -1.726201  -0.413988   0.001000
  0.811326   0.577220  -0.035750   0.085373  -1.726201  -0.413988   0.001000
  0.811326   0.577220  -0.035750   0.085373  -1.726201  -0.413988   0.001000
  0.811326   0.577220  -0.035750   0.085373  -1.726201  -0.413988   0.001000
  0.811326   0.577220  -0.035750   0.085373  -1.726201  -0.413988   0.001000
  0.811326   0.577220  -0.035750   0.085373  -1.726201  -0.413988   0.001000
  0.811326   0.577220  -0.035750   0.085373  -1.726201  -0.413988   0.001000
  0.811326   0.577220  -0.035750   0.085373  -1.726201  -0.413988   0.001000
  0.811326   0.577220  -0.035750   0.085373  -1.726201  -0.413988   0.001000
  0.811326   0.577220  -0.035750   0.085373  -1.726201  -0.413988   0.001000
  0.811326   0.577220  -0.035750   0.085373  -1.726201  -0.413988   0.001000
  0.811326   0.577220  -0.035750   0.085373  -1.726201  -0.413988   0.001000
  0.806143   0.580191  -0.047903   0.105911  -1.854809  -0.525678   0.001000
  0.812593   0.576503  -0.034527   0.078393  -1.876584  -0.749513   0.001000
  0.818970   0.564946  -0.028679   0.096448  -1.634169  -0.603761   0.001000
  0.810590   0.579200  -0.043024   0.074971  -1.513952  -0.408866   0.001000
  0.778406   0.578497   0.070833   0.233255  -1.923243  -1.058348   0.001000
  0.778406   0.578497   0.070833   0.233255  -1.923243  -1.058348   0.001000
  0.809571   0.578888  -0.042933   0.087409  -2.020994  -0.813902   0.001000
  0.809571   0.578888  -0.042933   0.087409  -2.020994  -0.813902   0.001000
  0.809571   0.578888  -0.042933   0.087409  -2.020994  -0.813902   0.001000
  0.809571   0.578888  -0.042933   0.087409  -2.020994  -0.813902   0.001000
  0.809571   0.578888  -0.042933   0.087409  -2.020994  -0.813902   0.001000
  0.809571   0.578888  -0.042933   0.087409  -2.020994  -0.813902   0.001000
  0.809571   0.578888  -0.042933   0.087409  -2.020994  -0.813902   0.001000
  0.810510   0.579408  -0.027345   0.081315  -2.248478  -0.874695   0.001000
  0.810510   0.579408  -0.027345   0.081315  -2.248478  -0.874695   0.001000
  0.806949   0.583932  -0.038184   0.079995  -1.781733  -1.010594   0.001000
  0.805801   0.583525  -0.034376   0.094877  -1.795581  -1.127153   0.001000
  0.800914   0.591736  -0.023969   0.088383  -1.611464  -0.898269   0.001000
  0.800914   0.591736  -0.023969   0.088383  -1.611464  -0.898269   0.001000
  0.812916   0.575328  -0.032969   0.084130  -1.312466  -0.788698   0.001000
  0.814852   0.573785  -0.045959   0.068369  -1.778955  -0.074871   0.001000
  0.815260   0.572523  -0.042254   0.076047  -1.662621  -0.352395   0.001000
  0.815260   0.572523  -0.042254   0.076047  -1.662621  -0.352395   0.001000
  0.815260   0.572523  -0.042254   0.076047  -1.662621  -0.352395   0.001000
  0.815260   0.572523  -0.042254   0.076047  -1.662621  -0.352395   0.001000
  0.808531   0.581494  -0.043195   0.079227  -1.659169  -0.472974   0.001000
  0.815148   0.569222  -0.017771   0.105850  -1.608565  -0.752296   0.001000
  0.818357   0.566947  -0.029415   0.089431  -1.454353  -0.652578   0.001000
  0.818357   0.566947  -0.029415   0.089431  -1.454353  -0.652578   0.001000
  0.816925   0.568286  -0.032377   0.092932  -1.402202  -0.553228   0.001000
  0.809634   0.579557  -0.034399   0.086158  -1.611685  -0.518534   0.001000
  0.809634   0.579557  -0.034399   0.086158  -1.611685  -0.518534   0.001000
  0.809634   0.579557  -0.034399   0.086158  -1.611685  -0.518534   0.001000
  0.809634   0.579557  -0.034399   0.086158  -1.611685  -0.518534   0.001000
  0.809634   0.579557  -0.034399   0.086158  -1.611685  -0.518534   0.001000
  0.809634   0.579557  -0.034399   0.086158  -1.611685  -0.518534   0.001000
  0.809634   0.579557  -0.034399   0.086158  -1.611685  -0.518534   0.001000
  0.809634   0.579557  -0.034399   0.086158  -1.611685  -0.518534   0.001000
  0.809634   0.579557  -0.034399   0.086158  -1.611685  -0.518534   0.001000
  0.809634   0.579557  -0.034399   0.086158  -1.611685  -0.518534   0.001000
  0.809634   0.579557  -0.034399   0.086158  -1.611685  -0.518534   0.001000
  0.809634   0.579557  -0.034399   0.086158  -1.611685  -0.518534   0.001000
  0.809634   0.579557  -0.034399   0.086158  -1.611685  -0.518534   0.001000
  0.809634   0.579557  -0.034399   0.086158  -1.611685  -0.518534   0.001000
  0.809634   0.579557  -0.034399   0.086158  -1.611685  -0.518534   0.001000
  0.809634   0.579557  -0.034399   0.086158  -1.611685  -0.518534   0.001000
  0.808836   0.580281  -0.044361   0.084206  -1.843849  -0.562117   0.001000
  0.808836   0.580281  -0.044361   0.084206  -1.843849  -0.562117   0.001000
  0.808836   0.580281  -0.044361   0.084206  -1.843849  -0.562117   0.001000
  0.808836   0.580281  -0.044361   0.084206  -1.843849  -0.562117   0.001000
  0.808836   0.580281  -0.044361   0.084206  -1.843849  -0.562117   0.001000
  0.808836   0.580281  -0.044361   0.084206  -1.843849  -0.562117   0.001000
  0.808836   0.580281  -0.044361   0.084206  -1.843849  -0.562117   0.001000
  0.808836   0.580281  -0.044361   0.084206  -1.843849  -0.562117   0.001000
  0.808836   0.580281  -0.044361   0.084206  -1.843849  -0.562117   0.001000
  0.808836   0.580281  -0.044361   0.084206  -1.843849  -0.562117   0.001000
  0.808836   0.580281  -0.044361   0.084206  -1.843849  -0.562117   0.001000
  0.811367   0.573077  -0.033577   0.110175  -1.874828  -0.599957   0.001000
  0.811367   0.573077  -0.033577   0.110175  -1.874828  -0.599957   0.001000
  0.807799   0.581084  -0.042716   0.089318  -1.813187  -0.357644   0.001000
  0.807799   0.581084  -0.042716   0.089318  -1.813187  -0.357644   0.001000
  0.807799   0.581084  -0.042716   0.089318  -1.813187  -0.357644   0.001000
  0.807799   0.581084  -0.042716   0.089318  -1.813187  -0.357644   0.001000
  0.807799   0.581084  -0.042716   0.089318  -1.813187  -0.357644   0.001000
  0.807799   0.581084  -0.042716   0.089318  -1.813187  -0.357644   0.001000
  0.807799   0.581084  -0.042716   0.089318  -1.813187  -0.357644   0.001000
  0.828287   0.551179  -0.035940   0.094080  -1.587566  -0.589347   0.001000
  0.814192   0.574055  -0.037886   0.078215  -1.458557  -0.482981   0.001000
  0.814192   0.574055  -0.037886   0.078215  -1.458557  -0.482981   0.001000
  0.814192   0.574055  -0.037886   0.078215  -1.458557  -0.482981   0.001000
  0.814192   0.574055  -0.037886   0.078215  -1.458557  -0.482981   0.001000
  0.813171   0.574608  -0.037304   0.084778  -1.446812  -0.229709   0.001000
  0.813171   0.574608  -0.037304   0.084778  -1.446812  -0.229709   0.001000
  0.813171   0.574608  -0.037304   0.084778  -1.446812  -0.229709   0.001000
  0.813171   0.574608  -0.037304   0.084778  -1.446812  -0.229709   0.001000
  0.811286   0.575131  -0.046740   0.094099  -1.330940  -0.436298   0.001000
  0.811286   0.575131  -0.046740   0.094099  -1.330940  -0.436298   0.001000
  0.820438   0.564092  -0.025883   0.089512  -1.484934  -0.227353   0.001000
  0.820438   0.564092  -0.025883   0.089512  -1.484934  -0.227353   0.001000
  0.820438   0.564092  -0.025883   0.089512  -1.484934  -0.227353   0.001000
  0.818294   0.566033  -0.040308   0.091522  -1.661633  -0.377478   0.001000
  0.815144   0.574095  -0.025278   0.072908  -1.348625  -0.163312   0.001000
  0.818741   0.568137  -0.015226   0.081555  -1.954018  -0.275074   0.001000
  0.815390   0.571732  -0.032500   0.084884  -1.591416  -0.260258   0.001000
  0.803505   0.589475  -0.033165   0.076150  -1.340974  -0.717088   0.001000
  0.803882   0.587427  -0.035959   0.086076  -1.506554  -0.828268   0.001000
  0.811491   0.576776  -0.052444   0.077854  -1.619622  -0.612625   0.001000
  0.815847   0.570763  -0.040389   0.083616  -1.570862  -0.594693   0.001000
  0.815847   0.570763  -0.040389   0.083616  -1.570862  -0.594693   0.001000
  0.815847   0.570763  -0.040389   0.083616  -1.570862  -0.594693   0.001000
  0.815847   0.570763  -0.040389   0.083616  -1.570862  -0.594693   0.001000
  0.815847   0.570763  -0.040389   0.083616  -1.570862  -0.594693   0.001000
  0.809997   0.579773  -0.047482   0.074249  -2.009414  -0.608515   0.001000
  0.778824   0.576773   0.068919   0.236678  -1.977376  -0.678895   0.001000
  0.778824   0.576773   0.068919   0.236678  -1.977376  -0.678895   0.001000
  0.778824   0.576773   0.068919   0.236678  -1.977376  -0.678895   0.001000
  0.805202   0.584269  -0.029941   0.096868  -1.990220  -0.260025   0.001000
  0.812035   0.575600  -0.037335   0.088828  -2.016397  -0.106010   0.001000
  0.812035   0.575600  -0.037335   0.088828  -2.016397  -0.106010   0.001000
  0.812035   0.575600  -0.037335   0.088828  -2.016397  -0.106010   0.001000
  0.812035   0.575600  -0.037335   0.088828  -2.016397  -0.106010   0.001000
  0.812035   0.575600  -0.037335   0.088828  -2.016397  -0.106010   0.001000
  0.812035   0.575600  -0.037335   0.088828  -2.016397  -0.106010   0.001000
  0.812035   0.575600  -0.037335   0.088828  -2.016397  -0.106010   0.001000
  0.812035   0.575600  -0.037335   0.088828  -2.016397  -0.106010   0.001000
  0.812035   0.575600  -0.037335   0.088828  -2.016397  -0.106010   0.001000
  0.812035   0.575600  -0.037335   0.088828  -2.016397  -0.106010   0.001000
  0.812035   0.575600  -0.037335   0.088828  -2.016397  -0.106010   0.001000
  0.812035   0.575600  -0.037335   0.088828  -2.016397  -0.106010   0.001000
  0.812035   0.575600  -0.037335   0.088828  -2.016397  -0.106010   0.001000
  0.812035   0.575600  -0.037335   0.088828  -2.016397  -0.106010   0.001000
  0.812035   0.575600  -0.037335   0.088828  -2.016397  -0.106010   0.001000
  0.812035   0.575600  -0.037335   0.088828  -2.016397  -0.106010   0.001000
  0.812035   0.575600  -0.037335   0.088828  -2.016397  -0.106010   0.001000
  0.812035   0.575600  -0.037335   0.088828  -2.016397  -0.106010   0.001000
  0.812035   0.575600  -0.037335   0.088828  -2.016397  -0.106010   0.001000
  0.812035   0.575600  -0.037335   0.088828  -2.016397  -0.106010   0.001000
  0.812035   0.575600  -0.037335   0.088828  -2.016397  -0.106010   0.001000
  0.812035   0.575600  -0.037335   0.088828  -2.016397  -0.106010   0.001000
  0.812035   0.575600  -0.037335   0.088828  -2.016397  -0.106010   0.001000
  0.812035   0.575600  -0.037335   0.088828  -2.016397  -0.106010   0.001000
  0.811649   0.577483  -0.038325   0.079188  -1.874847  -0.178204   0.001000
  0.811649   0.577483  -0.038325   0.079188  -1.874847  -0.178204   0.001000
  0.815155   0.571144  -0.044406   0.085706  -1.736443  -0.252626   0.001000
  0.815155   0.571144  -0.044406   0.085706  -1.736443  -0.252626   0.001000
  0.824496   0.558267  -0.044926   0.080780  -1.682417  -0.341121   0.001000
  0.815855   0.569257  -0.042418   0.092345  -1.617875  -0.184388   0.001000
  0.818923   0.565176  -0.036581   0.092748  -1.427980   0.033505   0.001000
  0.808480   0.578229  -0.032292   0.104737  -1.698566  -0.264712   0.001000
  0.808480   0.578229  -0.032292   0.104737  -1.698566  -0.264712   0.001000
  0.810885   0.578760  -0.036068   0.078754  -1.794600  -0.179945   0.001000
  0.810885   0.578760  -0.036068   0.078754  -1.794600  -0.179945   0.001000
  0.810885   0.578760  -0.036068   0.078754  -1.794600  -0.179945   0.001000
  0.810885   0.578760  -0.036068   0.078754  -1.794600  -0.179945   0.001000
  0.810885   0.578760  -0.036068   0.078754  -1.794600  -0.179945   0.001000
  0.810885   0.578760  -0.036068   0.078754  -1.794600  -0.179945   0.001000
  0.810885   0.578760  -0.036068   0.078754  -1.794600  -0.179945   0.001000
  0.810885   0.578760  -0.036068   0.078754  -1.794600  -0.179945   0.001000
  0.810885   0.578760  -0.036068   0.078754  -1.794600  -0.179945   0.001000
  0.810885   0.578760  -0.036068   0.078754  -1.794600  -0.179945   0.001000
  0.815246   0.572787  -0.040895   0.074945  -1.877309  -0.276571   0.001000
  0.818650   0.566065  -0.044436   0.086074  -1.682767   0.031177   0.001000
  0.818650   0.566065  -0.044436   0.086074  -1.682767   0.031177   0.001000
  0.818650   0.566065  -0.044436   0.086074  -1.682767   0.031177   0.001000
  0.824335   0.559940  -0.023120   0.080028  -1.801066  -0.186276   0.001000
  0.821980   0.560878  -0.041842   0.089514  -1.697413   0.022977   0.001000
  0.814329   0.572055  -0.030415   0.093254  -1.592679   0.117643   0.001000
  0.814329   0.572055  -0.030415   0.093254  -1.592679   0.117643   0.001000
  0.817696   0.569282  -0.035264   0.077763  -1.621836   0.115774   0.001000
  0.817696   0.569282  -0.035264   0.077763  -1.621836   0.115774   0.001000
  0.817696   0.569282  -0.035264   0.077763  -1.621836   0.115774   0.001000
  0.825683   0.554611  -0.013073   0.102388  -1.573559   0.169760   0.001000
  0.791756   0.603103  -0.027491   0.092910  -1.375617   0.136089   0.001000
  0.815441   0.570388  -0.038576   0.090693  -1.561186  -0.031271   0.001000
  0.815441   0.570388  -0.038576   0.090693  -1.561186  -0.031271   0.001000
  0.815441   0.570388  -0.038576   0.090693  -1.561186  -0.031271   0.001000
  0.815441   0.570388  -0.038576   0.090693  -1.561186  -0.031271   0.001000
  0.815441   0.570388  -0.038576   0.090693  -1.561186  -0.031271   0.001000
  0.815441   0.570388  -0.038576   0.090693  -1.561186  -0.031271   0.001000
  0.815441   0.570388  -0.038576   0.090693  -1.561186  -0.031271   0.001000
  0.815441   0.570388  -0.038576   0.090693  -1.561186  -0.031271   0.001000
  0.815441   0.570388  -0.038576   0.090693  -1.561186  -0.031271   0.001000
  0.815441   0.570388  -0.038576   0.090693  -1.561186  -0.031271   0.001000
  0.815441   0.570388  -0.038576   0.090693  -1.561186  -0.031271   0.001000
  0.815441   0.570388  -0.038576   0.090693  -1.561186  -0.031271   0.001000
  0.815441   0.570388  -0.038576   0.090693  -1.561186  -0.031271   0.001000
  0.815441   0.570388  -0.038576   0.090693  -1.561186  -0.031271   0.001000
  0.818956   0.565851  -0.037215   0.087967  -1.644254  -0.119422   0.001000
  0.818956   0.565851  -0.037215   0.087967  -1.644254  -0.119422   0.001000
  0.818956   0.565851  -0.037215   0.087967  -1.644254  -0.119422   0.001000
  0.818956   0.565851  -0.037215   0.087967  -1.644254  -0.119422   0.001000
  0.818956   0.565851  -0.037215   0.087967  -1.644254  -0.119422   0.001000
  0.818956   0.565851  -0.037215   0.087967  -1.644254  -0.119422   0.001000
  0.818956   0.565851  -0.037215   0.087967  -1.644254  -0.119422   0.001000
  0.818956   0.565851  -0.037215   0.087967  -1.644254  -0.119422   0.001000
  0.818956   0.565851  -0.037215   0.087967  -1.644254  -0.119422   0.001000
  0.818956   0.565851  -0.037215   0.087967  -1.644254  -0.119422   0.001000
  0.818956   0.565851  -0.037215   0.087967  -1.644254  -0.119422   0.001000
  0.818956   0.565851  -0.037215   0.087967  -1.644254  -0.119422   0.001000
  0.816270   0.569835  -0.044525   0.083724  -1.626720  -0.075915   0.001000
  0.816270   0.569835  -0.044525   0.083724  -1.626720  -0.075915   0.001000
  0.816270   0.569835  -0.044525   0.083724  -1.626720  -0.075915   0.001000
  0.816270   0.569835  -0.044525   0.083724  -1.626720  -0.075915   0.001000
  0.816270   0.569835  -0.044525   0.083724  -1.626720  -0.075915   0.001000
  0.816270   0.569835  -0.044525   0.083724  -1.626720  -0.075915   0.001000
  0.816270   0.569835  -0.044525   0.083724  -1.626720  -0.075915   0.001000
  0.816270   0.569835  -0.044525   0.083724  -1.626720  -0.075915   0.001000
  0.816270   0.569835  -0.044525   0.083724  -1.626720  -0.075915   0.001000
  0.816270   0.569835  -0.044525   0.083724  -1.626720  -0.075915   0.001000
  0.816270   0.569835  -0.044525   0.083724  -1.626720  -0.075915   0.001000
  0.816270   0.569835  -0.044525   0.083724  -1.626720  -0.075915   0.001000
  0.809083   0.579776  -0.024660   0.092933  -1.448972   0.161590   0.001000
  0.808965   0.579941  -0.029704   0.091448  -1.628528   0.036394   0.001000
  0.816800   0.568564  -0.039918   0.089325  -1.583834  -0.089105   0.001000
  0.816800   0.568564  -0.039918   0.089325  -1.583834  -0.089105   0.001000
  0.814832   0.572211  -0.036180   0.085521  -1.588549   0.115380   0.001000
  0.814832   0.572211  -0.036180   0.085521  -1.588549   0.115380   0.001000
  0.814832   0.572211  -0.036180   0.085521  -1.588549   0.115380   0.001000
  0.815259   0.569336  -0.036974   0.099212  -1.723110   0.097940   0.001000
  0.805925   0.584393  -0.038702   0.086433  -1.821651   0.037320   0.001000
  0.818807   0.567404  -0.026841   0.082992  -1.829482   0.255429   0.001000
  0.822982   0.557459  -0.048742   0.097800  -1.931042  -0.028799   0.001000
  0.822982   0.557459  -0.048742   0.097800  -1.931042  -0.028799   0.001000
  0.822982   0.557459  -0.048742   0.097800  -1.931042  -0.028799   0.001000
  0.822982   0.557459  -0.048742   0.097800  -1.931042  -0.028799   0.001000
  0.783780   0.566963   0.057272   0.246904  -1.818450   0.196580   0.001000
  0.787716   0.560069   0.062944   0.248725  -1.740237  -0.042221   0.001000
  0.787716   0.560069   0.062944   0.248725  -1.740237  -0.042221   0.001000
  0.787716   0.560069   0.062944   0.248725  -1.740237  -0.042221   0.001000
  0.811791   0.575386  -0.035832   0.092964  -1.902835   0.107766   0.001000
  0.811791   0.575386  -0.035832   0.092964  -1.902835   0.107766   0.001000
  0.812433   0.574426  -0.040623   0.091305  -1.704969  -0.182543   0.001000
  0.816153   0.570192  -0.036800   0.086148  -1.716145   0.070306   0.001000
  0.823386   0.558194  -0.031169   0.097378  -1.779915   0.060520   0.001000
  0.824331   0.557939  -0.044037   0.085106  -1.909851  -0.217386   0.001000
  0.811349   0.577344  -0.047252   0.078443  -1.726055  -0.152388   0.001000
  0.811349   0.577344  -0.047252   0.078443  -1.726055  -0.152388   0.001000
  0.811349   0.577344  -0.047252   0.078443  -1.726055  -0.152388   0.001000
  0.811349   0.577344  -0.047252   0.078443  -1.726055  -0.152388   0.001000
  0.811349   0.577344  -0.047252   0.078443  -1.726055  -0.152388   0.001000
  0.810049   0.577518  -0.043207   0.091803  -1.697965  -0.256236   0.001000
  0.810049   0.577518  -0.043207   0.091803  -1.697965  -0.256236   0.001000
  0.812757   0.575626  -0.046527   0.076917  -1.809665  -0.490609   0.001000
  0.820818   0.563124  -0.034484   0.089223  -1.765601  -0.137410   0.001000
  0.814426   0.573529  -0.037770   0.079676  -1.720499   0.051061   0.001000
  0.814426   0.573529  -0.037770   0.079676  -1.720499   0.051061   0.001000
  0.814426   0.573529  -0.037770   0.079676  -1.720499   0.051061   0.001000
  0.814426   0.573529  -0.037770   0.079676  -1.720499   0.051061   0.001000
  0.814426   0.573529  -0.037770   0.079676  -1.720499   0.051061   0.001000
  0.814426   0.573529  -0.037770   0.079676  -1.720499   0.051061   0.001000
  0.814426   0.573529  -0.037770   0.079676  -1.720499   0.051061   0.001000
  0.814426   0.573529  -0.037770   0.079676  -1.720499   0.051061   0.001000
  0.814426   0.573529  -0.037770   0.079676  -1.720499   0.051061   0.001000
  0.814426   0.573529  -0.037770   0.079676  -1.720499   0.051061   0.001000
  0.814426   0.573529  -0.037770   0.079676  -1.720499   0.051061   0.001000
  0.814426   0.573529  -0.037770   0.079676  -1.720499   0.051061   0.001000
  0.814426   0.573529  -0.037770   0.079676  -1.720499   0.051061   0.001000
  0.814426   0.573529  -0.037770   0.079676  -1.720499   0.051061   0.001000
  0.826288   0.554747  -0.041999   0.087975  -1.780094   0.043441   0.001000
  0.810102   0.578878  -0.036422   0.085489  -1.797820  -0.188674   0.001000
  0.810102   0.578878  -0.036422   0.085489  -1.797820  -0.188674   0.001000
  0.810102   0.578878  -0.036422   0.085489  -1.797820  -0.188674   0.001000
  0.810102   0.578878  -0.036422   0.085489  -1.797820  -0.188674   0.001000
  0.810102   0.578878  -0.036422   0.085489  -1.797820  -0.188674   0.001000
  0.813425   0.573822  -0.042175   0.085379  -1.684098  -0.209469   0.001000
  0.813425   0.573822  -0.042175   0.085379  -1.684098  -0.209469   0.001000
  0.813425   0.573822  -0.042175   0.085379  -1.684098  -0.209469   0.001000
  0.813425   0.573822  -0.042175   0.085379  -1.684098  -0.209469   0.001000
  0.813425   0.573822  -0.042175   0.085379  -1.684098  -0.209469   0.001000
  0.813425   0.573822  -0.042175   0.085379  -1.684098  -0.209469   0.001000
  0.813425   0.573822  -0.042175   0.085379  -1.684098  -0.209469   0.001000
  0.813425   0.573822  -0.042175   0.085379  -1.684098  -0.209469   0.001000
  0.813425   0.573822  -0.042175   0.085379  -1.684098  -0.209469   0.001000
  0.813425   0.573822  -0.042175   0.085379  -1.684098  -0.209469   0.001000
  0.813425   0.573822  -0.042175   0.085379  -1.684098  -0.209469   0.001000
  0.813425   0.573822  -0.042175   0.085379  -1.684098  -0.209469   0.001000
  0.813425   0.573822  -0.042175   0.085379  -1.684098  -0.209469   0.001000
  0.813425   0.573822  -0.042175   0.085379  -1.684098  -0.209469   0.001000
  0.813425   0.573822  -0.042175   0.085379  -1.684098  -0.209469   0.001000
  0.813425   0.573822  -0.042175   0.085379  -1.684098  -0.209469   0.001000
  0.813425   0.573822  -0.042175   0.085379  -1.684098  -0.209469   0.001000
  0.813425   0.573822  -0.042175   0.085379  -1.684098  -0.209469   0.001000
  0.813425   0.573822  -0.042175   0.085379  -1.684098  -0.209469   0.001000
  0.813425   0.573822  -0.042175   0.085379  -1.684098  -0.209469   0.001000
  0.813425   0.573822  -0.042175   0.085379  -1.684098  -0.209469   0.001000
  0.813425   0.573822  -0.042175   0.085379  -1.684098  -0.209469   0.001000
  0.813425   0.573822  -0.042175   0.085379  -1.684098  -0.209469   0.001000
  0.813425   0.573822  -0.042175   0.085379  -1.684098  -0.209469   0.001000
  0.813425   0.573822  -0.042175   0.085379  -1.684098  -0.209469   0.001000
  0.813425   0.573822  -0.042175   0.085379  -1.684098  -0.209469   0.001000
  0.811761   0.577605  -0.041503   0.075454  -1.854402  -0.085482   0.001000
  0.811761   0.577605  -0.041503   0.075454  -1.854402  -0.085482   0.001000
  0.811761   0.577605  -0.041503   0.075454  -1.854402  -0.085482   0.001000
  0.811761   0.577605  -0.041503   0.075454  -1.854402  -0.085482   0.001000
  0.811761   0.577605  -0.041503   0.075454  -1.854402  -0.085482   0.001000
  0.811761   0.577605  -0.041503   0.075454  -1.854402  -0.085482   0.001000
  0.811761   0.577605  -0.041503   0.075454  -1.854402  -0.085482   0.001000
  0.811761   0.577605  -0.041503   0.075454  -1.854402  -0.085482   0.001000
  0.811761   0.577605  -0.041503   0.075454  -1.854402  -0.085482   0.001000
  0.811761   0.577605  -0.041503   0.075454  -1.854402  -0.085482   0.001000
  0.811761   0.577605  -0.041503   0.075454  -1.854402  -0.085482   0.001000
  0.811761   0.577605  -0.041503   0.075454  -1.854402  -0.085482   0.001000
  0.811761   0.577605  -0.041503   0.075454  -1.854402  -0.085482   0.001000
  0.811761   0.577605  -0.041503   0.075454  -1.854402  -0.085482   0.001000
  0.811761   0.577605  -0.041503   0.075454  -1.854402  -0.085482   0.001000
  0.811761   0.577605  -0.041503   0.075454  -1.854402  -0.085482   0.001000
  0.811761   0.577605  -0.041503   0.075454  -1.854402  -0.085482   0.001000
  0.811761   0.577605  -0.041503   0.075454  -1.854402  -0.085482   0.001000
  0.811761   0.577605  -0.041503   0.075454  -1.854402  -0.085482   0.001000
  0.811761   0.577605  -0.041503   0.075454  -1.854402  -0.085482   0.001000
  0.811761   0.577605  -0.041503   0.075454  -1.854402  -0.085482   0.001000
  0.811761   0.577605  -0.041503   0.075454  -1.854402  -0.085482   0.001000
  0.811761   0.577605  -0.041503   0.075454  -1.854402  -0.085482   0.001000
  0.811761   0.577605  -0.041503   0.075454  -1.854402  -0.085482   0.001000
  0.811761   0.577605  -0.041503   0.075454  -1.854402  -0.085482   0.001000
  0.811761   0.577605  -0.041503   0.075454  -1.854402  -0.085482   0.001000
  0.811761   0.577605  -0.041503   0.075454  -1.854402  -0.085482   0.001000
  0.811761   0.577605  -0.041503   0.075454  -1.854402  -0.085482   0.001000
  0.811761   0.577605  -0.041503   0.075454  -1.854402  -0.085482   0.001000
  0.811781   0.577147  -0.026554   0.084900  -1.814117  -0.033289   0.001000
  0.815981   0.570849  -0.006956   0.090870  -1.637747   0.095730   0.001000
  0.795527   0.598673  -0.054898   0.075587  -1.819298  -0.109014   0.001000
  0.817345   0.568539  -0.035673   0.086248  -1.729619  -0.277411   0.001000
  0.817345   0.568539  -0.035673   0.086248  -1.729619  -0.277411   0.001000
  0.817345   0.568539  -0.035673   0.086248  -1.729619  -0.277411   0.001000
  0.817345   0.568539  -0.035673   0.086248  -1.729619  -0.277411   0.001000
  0.817345   0.568539  -0.035673   0.086248  -1.729619  -0.277411   0.001000
  0.817345   0.568539  -0.035673   0.086248  -1.729619  -0.277411   0.001000
  0.817345   0.568539  -0.035673   0.086248  -1.729619  -0.277411   0.001000
  0.817345   0.568539  -0.035673   0.086248  -1.729619  -0.277411   0.001000
  0.817345   0.568539  -0.035673   0.086248  -1.729619  -0.277411   0.001000
  0.817345   0.568539  -0.035673   0.086248  -1.729619  -0.277411   0.001000
  0.817345   0.568539  -0.035673   0.086248  -1.729619  -0.277411   0.001000
  0.817345   0.568539  -0.035673   0.086248  -1.729619  -0.277411   0.001000
  0.817345   0.568539  -0.035673   0.086248  -1.729619  -0.277411   0.001000
  0.817345   0.568539  -0.035673   0.086248  -1.729619  -0.277411   0.001000
  0.817345   0.568539  -0.035673   0.086248  -1.729619  -0.277411   0.001000
  0.817345   0.568539  -0.035673   0.086248  -1.729619  -0.277411   0.001000
  0.817345   0.568539  -0.035673   0.086248  -1.729619  -0.277411   0.001000
  0.817345   0.568539  -0.035673   0.086248  -1.729619  -0.277411   0.001000
  0.817345   0.568539  -0.035673   0.086248  -1.729619  -0.277411   0.001000
  0.817345   0.568539  -0.035673   0.086248  -1.729619  -0.277411   0.001000
  0.817345   0.568539  -0.035673   0.086248  -1.729619  -0.277411   0.001000
  0.817345   0.568539  -0.035673   0.086248  -1.729619  -0.277411   0.001000
  0.817345   0.568539  -0.035673   0.086248  -1.729619  -0.277411   0.001000
  0.817345   0.568539  -0.035673   0.086248  -1.729619  -0.277411   0.001000
  0.817345   0.568539  -0.035673   0.086248  -1.729619  -0.277411   0.001000
  0.817345   0.568539  -0.035673   0.086248  -1.729619  -0.277411   0.001000
  0.817345   0.568539  -0.035673   0.086248  -1.729619  -0.277411   0.001000
  0.817345   0.568539  -0.035673   0.086248  -1.729619  -0.277411   0.001000
  0.817345   0.568539  -0.035673   0.086248  -1.729619  -0.277411   0.001000
  0.817345   0.568539  -0.035673   0.086248  -1.729619  -0.277411   0.001000
  0.817345   0.568539  -0.035673   0.086248  -1.729619  -0.277411   0.001000
  0.817345   0.568539  -0.035673   0.086248  -1.729619  -0.277411   0.001000
  0.817345   0.568539  -0.035673   0.086248  -1.729619  -0.277411   0.001000
  0.817345   0.568539  -0.035673   0.086248  -1.729619  -0.277411   0.001000
  0.817345   0.568539  -0.035673   0.086248  -1.729619  -0.277411   0.001000
  0.817345   0.568539  -0.035673   0.086248  -1.729619  -0.277411   0.001000
  0.817345   0.568539  -0.035673   0.086248  -1.729619  -0.277411   0.001000
  0.817345   0.568539  -0.035673   0.086248  -1.729619  -0.277411   0.001000
  0.817345   0.568539  -0.035673   0.086248  -1.729619  -0.277411   0.001000
  0.817345   0.568539  -0.035673   0.086248  -1.729619  -0.277411   0.001000
  0.817345   0.568539  -0.035673   0.086248  -1.729619  -0.277411   0.001000
  0.816535   0.569548  -0.044798   0.082937  -1.766216  -0.010960   0.001000
  0.816535   0.569548  -0.044798   0.082937  -1.766216  -0.010960   0.001000
  0.816535   0.569548  -0.044798   0.082937  -1.766216  -0.010960   0.001000
  0.816535   0.569548  -0.044798   0.082937  -1.766216  -0.010960   0.001000
  0.816535   0.569548  -0.044798   0.082937  -1.766216  -0.010960   0.001000
  0.816535   0.569548  -0.044798   0.082937  -1.766216  -0.010960   0.001000
  0.816535   0.569548  -0.044798   0.082937  -1.766216  -0.010960   0.001000
  0.816535   0.569548  -0.044798   0.082937  -1.766216  -0.010960   0.001000
  0.816535   0.569548  -0.044798   0.082937  -1.766216  -0.010960   0.001000
  0.816535   0.569548  -0.044798   0.082937  -1.766216  -0.010960   0.001000
  0.816535   0.569548  -0.044798   0.082937  -1.766216  -0.010960   0.001000
  0.821218   0.563412  -0.051025   0.074589  -1.659339  -0.295591   0.001000
  0.821218   0.563412  -0.051025   0.074589  -1.659339  -0.295591   0.001000
  0.821218   0.563412  -0.051025   0.074589  -1.659339  -0.295591   0.001000
  0.821218   0.563412  -0.051025   0.074589  -1.659339  -0.295591   0.001000
  0.821218   0.563412  -0.051025   0.074589  -1.659339  -0.295591   0.001000
  0.819519   0.565029  -0.021509   0.093109  -1.746396   0.013122   0.001000
  0.814312   0.574262  -0.033931   0.077248  -1.741171  -0.031553   0.001000
  0.814312   0.574262  -0.033931   0.077248  -1.741171  -0.031553   0.001000
  0.740512   0.637885   0.049942   0.205549  -1.629541  -0.209007   0.001000
  0.814328   0.572834  -0.050654   0.078515  -1.490415  -0.044962   0.001000
  0.814740   0.573762  -0.045109   0.070431  -2.025468  -0.075538   0.001000
  0.818714   0.567071  -0.040773   0.080471  -1.821097  -0.160868   0.001000
  0.818714   0.567071  -0.040773   0.080471  -1.821097  -0.160868   0.001000
  0.818714   0.567071  -0.040773   0.080471  -1.821097  -0.160868   0.001000
  0.818714   0.567071  -0.040773   0.080471  -1.821097  -0.160868   0.001000
  0.818714   0.567071  -0.040773   0.080471  -1.821097  -0.160868   0.001000
  0.818714   0.567071  -0.040773   0.080471  -1.821097  -0.160868   0.001000
  0.818714   0.567071  -0.040773   0.080471  -1.821097  -0.160868   0.001000
  0.818714   0.567071  -0.040773   0.080471  -1.821097  -0.160868   0.001000
  0.818714   0.567071  -0.040773   0.080471  -1.821097  -0.160868   0.001000
  0.815619   0.572777  -0.037969   0.072461  -1.841941  -0.131122   0.001000
  0.815619   0.572777  -0.037969   0.072461  -1.841941  -0.131122   0.001000
  0.793212   0.600763  -0.039853   0.091165  -2.102048  -0.235151   0.001000
  0.820609   0.564006  -0.033177   0.086003  -1.828597  -0.268353   0.001000
  0.820609   0.564006  -0.033177   0.086003  -1.828597  -0.268353   0.001000
  0.820609   0.564006  -0.033177   0.086003  -1.828597  -0.268353   0.001000
  0.820609   0.564006  -0.033177   0.086003  -1.828597  -0.268353   0.001000
  0.820609   0.564006  -0.033177   0.086003  -1.828597  -0.268353   0.001000
  0.820609   0.564006  -0.033177   0.086003  -1.828597  -0.268353   0.001000
  0.820609   0.564006  -0.033177   0.086003  -1.828597  -0.268353   0.001000
  0.813116   0.574573  -0.048217   0.079892  -1.674502  -0.085444   0.001000
  0.817162   0.568946  -0.037926   0.084310  -1.719897   0.052187   0.001000
  0.797577   0.594975  -0.056687   0.081623  -1.765716  -0.698573   0.001000
  0.814254   0.573344  -0.038867   0.082202  -1.745756  -0.489542   0.001000
  0.814254   0.573344  -0.038867   0.082202  -1.745756  -0.489542   0.001000
  0.814254   0.573344  -0.038867   0.082202  -1.745756  -0.489542   0.001000
  0.814254   0.573344  -0.038867   0.082202  -1.745756  -0.489542   0.001000
  0.803757   0.588828  -0.033299   0.078406  -1.828512  -0.574837   0.001000
  0.805567   0.585888  -0.044644   0.076178  -1.657249  -0.152439   0.001000
  0.788537   0.606533  -0.056482   0.084483  -2.219737  -0.706348   0.001000
  0.811122   0.576027  -0.051095   0.087542  -1.663055  -0.515262   0.001000
  0.777966   0.579266   0.071827   0.232510  -2.049595  -0.448834   0.001000
  0.777966   0.579266   0.071827   0.232510  -2.049595  -0.448834   0.001000
  0.780213   0.572788   0.065445   0.242688  -1.720679  -0.476185   0.001000
  0.778831   0.581980   0.067513   0.223972  -1.826436  -0.555061   0.001000
  0.778831   0.581980   0.067513   0.223972  -1.826436  -0.555061   0.001000
  0.778831   0.581980   0.067513   0.223972  -1.826436  -0.555061   0.001000
  0.819888   0.560887  -0.049006   0.103866  -1.922446  -0.638150   0.001000
  0.810448   0.579176  -0.036921   0.079786  -1.916418  -0.546844   0.001000
  0.810448   0.579176  -0.036921   0.079786  -1.916418  -0.546844   0.001000
  0.793605   0.602111  -0.046486   0.074112  -1.913544  -0.625498   0.001000
  0.817786   0.568876  -0.023990   0.083847  -1.705545  -0.463417   0.001000
  0.817786   0.568876  -0.023990   0.083847  -1.705545  -0.463417   0.001000
  0.810054   0.579680  -0.027716   0.083757  -1.848871  -0.994593   0.001000
  0.821178   0.562730  -0.042744   0.084701  -2.085967  -0.693043   0.001000
  0.821178   0.562730  -0.042744   0.084701  -2.085967  -0.693043   0.001000
  0.821178   0.562730  -0.042744   0.084701  -2.085967  -0.693043   0.001000
  0.821178   0.562730  -0.042744   0.084701  -2.085967  -0.693043   0.001000
  0.821178   0.562730  -0.042744   0.084701  -2.085967  -0.693043   0.001000
  0.821178   0.562730  -0.042744   0.084701  -2.085967  -0.693043   0.001000
  0.821178   0.562730  -0.042744   0.084701  -2.085967  -0.693043   0.001000
  0.814276   0.573863  -0.031935   0.081335  -1.573261  -0.256074   0.001000
  0.814276   0.573863  -0.031935   0.081335  -1.573261  -0.256074   0.001000
  0.803316   0.588211  -0.047493   0.080218  -1.836634  -0.186891   0.001000
  0.814617   0.570211  -0.046412   0.095416  -2.368818  -0.619107   0.001000
  0.806892   0.583053  -0.045124   0.083301  -2.193326  -0.516270   0.001000
  0.806892   0.583053  -0.045124   0.083301  -2.193326  -0.516270   0.001000
  0.806892   0.583053  -0.045124   0.083301  -2.193326  -0.516270   0.001000
  0.806892   0.583053  -0.045124   0.083301  -2.193326  -0.516270   0.001000
  0.806892   0.583053  -0.045124   0.083301  -2.193326  -0.516270   0.001000
  0.806892   0.583053  -0.045124   0.083301  -2.193326  -0.516270   0.001000
  0.806892   0.583053  -0.045124   0.083301  -2.193326  -0.516270   0.001000
  0.806348   0.583859  -0.040737   0.085158  -2.395011  -0.504979   0.001000
  0.806348   0.583859  -0.040737   0.085158  -2.395011  -0.504979   0.001000
  0.806348   0.583859  -0.040737   0.085158  -2.395011  -0.504979   0.001000
  0.806348   0.583859  -0.040737   0.085158  -2.395011  -0.504979   0.001000
  0.806348   0.583859  -0.040737   0.085158  -2.395011  -0.504979   0.001000
  0.806348   0.583859  -0.040737   0.085158  -2.395011  -0.504979   0.001000
  0.806348   0.583859  -0.040737   0.085158  -2.395011  -0.504979   0.001000
  0.806348   0.583859  -0.040737   0.085158  -2.395011  -0.504979   0.001000
  0.806348   0.583859  -0.040737   0.085158  -2.395011  -0.504979   0.001000
  0.806348   0.583859  -0.040737   0.085158  -2.395011  -0.504979   0.001000
  0.808436   0.579199  -0.053128   0.090203  -2.198692  -0.467916   0.001000
  0.808436   0.579199  -0.053128   0.090203  -2.198692  -0.467916   0.001000
  0.808436   0.579199  -0.053128   0.090203  -2.198692  -0.467916   0.001000
  0.808436   0.579199  -0.053128   0.090203  -2.198692  -0.467916   0.001000
  0.803669   0.584650  -0.035797   0.104978  -2.194916  -0.311229   0.001000
  0.804003   0.587936  -0.041401   0.078713  -2.222352  -0.317348   0.001000
  0.803942   0.586760  -0.042798   0.086936  -2.232822  -0.549253   0.001000
  0.803942   0.586760  -0.042798   0.086936  -2.232822  -0.549253   0.001000
  0.803942   0.586760  -0.042798   0.086936  -2.232822  -0.549253   0.001000
  0.814567   0.571610  -0.047404   0.086575  -2.249170  -0.582239   0.001000
  0.814567   0.571610  -0.047404   0.086575  -2.249170  -0.582239   0.001000
  0.814567   0.571610  -0.047404   0.086575  -2.249170  -0.582239   0.001000
  0.814567   0.571610  -0.047404   0.086575  -2.249170  -0.582239   0.001000
  0.814567   0.571610  -0.047404   0.086575  -2.249170  -0.582239   0.001000
  0.814567   0.571610  -0.047404   0.086575  -2.249170  -0.582239   0.001000
  0.814567   0.571610  -0.047404   0.086575  -2.249170  -0.582239   0.001000
  0.801771   0.587717  -0.029802   0.104230  -2.245680  -0.469862   0.001000
  0.813018   0.573986  -0.045077   0.086660  -2.214903  -0.463344   0.001000
  0.813018   0.573986  -0.045077   0.086660  -2.214903  -0.463344   0.001000
  0.813018   0.573986  -0.045077   0.086660  -2.214903  -0.463344   0.001000
  0.813018   0.573986  -0.045077   0.086660  -2.214903  -0.463344   0.001000
  0.813018   0.573986  -0.045077   0.086660  -2.214903  -0.463344   0.001000
  0.813018   0.573986  -0.045077   0.086660  -2.214903  -0.463344   0.001000
  0.813018   0.573986  -0.045077   0.086660  -2.214903  -0.463344   0.001000
  0.813018   0.573986  -0.045077   0.086660  -2.214903  -0.463344   0.001000
  0.813018   0.573986  -0.045077   0.086660  -2.214903  -0.463344   0.001000
  0.813018   0.573986  -0.045077   0.086660  -2.214903  -0.463344   0.001000
  0.813018   0.573986  -0.045077   0.086660  -2.214903  -0.463344   0.001000
  0.813018   0.573986  -0.045077   0.086660  -2.214903  -0.463344   0.001000
  0.813018   0.573986  -0.045077   0.086660  -2.214903  -0.463344   0.001000
  0.813018   0.573986  -0.045077   0.086660  -2.214903  -0.463344   0.001000
  0.813018   0.573986  -0.045077   0.086660  -2.214903  -0.463344   0.001000
  0.813018   0.573986  -0.045077   0.086660  -2.214903  -0.463344   0.001000
  0.813018   0.573986  -0.045077   0.086660  -2.214903  -0.463344   0.001000
  0.813018   0.573986  -0.045077   0.086660  -2.214903  -0.463344   0.001000
  0.813018   0.573986  -0.045077   0.086660  -2.214903  -0.463344   0.001000
  0.816013   0.570260  -0.046108   0.082461  -2.151845  -0.554042   0.001000
  0.816013   0.570260  -0.046108   0.082461  -2.151845  -0.554042   0.001000
  0.816013   0.570260  -0.046108   0.082461  -2.151845  -0.554042   0.001000
  0.815263   0.569323  -0.054913   0.090567  -2.153628  -0.399617   0.001000
  0.812132   0.575549  -0.042521   0.085891  -1.989785  -0.138247   0.001000
  0.812132   0.575549  -0.042521   0.085891  -1.989785  -0.138247   0.001000
  0.812132   0.575549  -0.042521   0.085891  -1.989785  -0.138247   0.001000
  0.812132   0.575549  -0.042521   0.085891  -1.989785  -0.138247   0.001000
  0.812132   0.575549  -0.042521   0.085891  -1.989785  -0.138247   0.001000
  0.812132   0.575549  -0.042521   0.085891  -1.989785  -0.138247   0.001000
  0.812132   0.575549  -0.042521   0.085891  -1.989785  -0.138247   0.001000
  0.814029   0.573437  -0.042580   0.081941  -2.220461  -0.008804   0.001000
  0.814029   0.573437  -0.042580   0.081941  -2.220461  -0.008804   0.001000
  0.814029   0.573437  -0.042580   0.081941  -2.220461  -0.008804   0.001000
  0.814029   0.573437  -0.042580   0.081941  -2.220461  -0.008804   0.001000
  0.814029   0.573437  -0.042580   0.081941  -2.220461  -0.008804   0.001000
  0.813493   0.573508  -0.044436   0.085696  -2.012077  -0.253643   0.001000
  0.813493   0.573508  -0.044436   0.085696  -2.012077  -0.253643   0.001000
  0.813493   0.573508  -0.044436   0.085696  -2.012077  -0.253643   0.001000
  0.813493   0.573508  -0.044436   0.085696  -2.012077  -0.253643   0.001000
  0.813493   0.573508  -0.044436   0.085696  -2.012077  -0.253643   0.001000
  0.813493   0.573508  -0.044436   0.085696  -2.012077  -0.253643   0.001000
  0.813493   0.573508  -0.044436   0.085696  -2.012077  -0.253643   0.001000
  0.813493   0.573508  -0.044436   0.085696  -2.012077  -0.253643   0.001000
  0.813493   0.573508  -0.044436   0.085696  -2.012077  -0.253643   0.001000
  0.813493   0.573508  -0.044436   0.085696  -2.012077  -0.253643   0.001000
  0.813493   0.573508  -0.044436   0.085696  -2.012077  -0.253643   0.001000
  0.813493   0.573508  -0.044436   0.085696  -2.012077  -0.253643   0.001000
  0.813493   0.573508  -0.044436   0.085696  -2.012077  -0.253643   0.001000
  0.813493   0.573508  -0.044436   0.085696  -2.012077  -0.253643   0.001000
  0.813493   0.573508  -0.044436   0.085696  -2.012077  -0.253643   0.001000
  0.813493   0.573508  -0.044436   0.085696  -2.012077  -0.253643   0.001000
  0.813493   0.573508  -0.044436   0.085696  -2.012077  -0.253643   0.001000
  0.813493   0.573508  -0.044436   0.085696  -2.012077  -0.253643   0.001000
  0.813493   0.573508  -0.044436   0.085696  -2.012077  -0.253643   0.001000
  0.813493   0.573508  -0.044436   0.085696  -2.012077  -0.253643   0.001000
  0.813493   0.573508  -0.044436   0.085696  -2.012077  -0.253643   0.001000
  0.813493   0.573508  -0.044436   0.085696  -2.012077  -0.253643   0.001000
  0.813493   0.573508  -0.044436   0.085696  -2.012077  -0.253643   0.001000
  0.813493   0.573508  -0.044436   0.085696  -2.012077  -0.253643   0.001000
  0.813493   0.573508  -0.044436   0.085696  -2.012077  -0.253643   0.001000
  0.813493   0.573508  -0.044436   0.085696  -2.012077  -0.253643   0.001000
  0.805735   0.585374  -0.046181   0.077429  -2.061985  -0.080784   0.001000
  0.805735   0.585374  -0.046181   0.077429  -2.061985  -0.080784   0.001000
  0.813029   0.575588  -0.042691   0.076544  -2.141735  -0.272206   0.001000
  0.815381   0.570910  -0.048961   0.082578  -2.320421  -0.074040   0.001000
  0.815797   0.571865  -0.043451   0.074549  -1.969584   0.029347   0.001000
  0.823985   0.562723  -0.025682   0.061093  -1.845239  -0.072679   0.001000
  0.809131   0.577213  -0.051583   0.097325  -2.266679  -0.295511   0.001000
  0.807181   0.580493  -0.041514   0.098811  -2.408372  -0.367746   0.001000
  0.812769   0.572045  -0.028815   0.106493  -1.891885   0.036315   0.001000
  0.812769   0.572045  -0.028815   0.106493  -1.891885   0.036315   0.001000
  0.812769   0.572045  -0.028815   0.106493  -1.891885   0.036315   0.001000
  0.818210   0.567463  -0.037164   0.084480  -1.887829   0.024478   0.001000
  0.818210   0.567463  -0.037164   0.084480  -1.887829   0.024478   0.001000
  0.818210   0.567463  -0.037164   0.084480  -1.887829   0.024478   0.001000
  0.818210   0.567463  -0.037164   0.084480  -1.887829   0.024478   0.001000
  0.818210   0.567463  -0.037164   0.084480  -1.887829   0.024478   0.001000
  0.818210   0.567463  -0.037164   0.084480  -1.887829   0.024478   0.001000
  0.818210   0.567463  -0.037164   0.084480  -1.887829   0.024478   0.001000
  0.818210   0.567463  -0.037164   0.084480  -1.887829   0.024478   0.001000
  0.818210   0.567463  -0.037164   0.084480  -1.887829   0.024478   0.001000
  0.818210   0.567463  -0.037164   0.084480  -1.887829   0.024478   0.001000
  0.818210   0.567463  -0.037164   0.084480  -1.887829   0.024478   0.001000
  0.818210   0.567463  -0.037164   0.084480  -1.887829   0.024478   0.001000
  0.818210   0.567463  -0.037164   0.084480  -1.887829   0.024478   0.001000
  0.818210   0.567463  -0.037164   0.084480  -1.887829   0.024478   0.001000
  0.818210   0.567463  -0.037164   0.084480  -1.887829   0.024478   0.001000
  0.818210   0.567463  -0.037164   0.084480  -1.887829   0.024478   0.001000
  0.816945   0.570013  -0.038538   0.078749  -1.667237  -0.346126   0.001000
  0.816945   0.570013  -0.038538   0.078749  -1.667237  -0.346126   0.001000
  0.816945   0.570013  -0.038538   0.078749  -1.667237  -0.346126   0.001000
  0.816945   0.570013  -0.038538   0.078749  -1.667237  -0.346126   0.001000
  0.816945   0.570013  -0.038538   0.078749  -1.667237  -0.346126   0.001000
  0.816945   0.570013  -0.038538   0.078749  -1.667237  -0.346126   0.001000
  0.816945   0.570013  -0.038538   0.078749  -1.667237  -0.346126   0.001000
  0.816945   0.570013  -0.038538   0.078749  -1.667237  -0.346126   0.001000
  0.816945   0.570013  -0.038538   0.078749  -1.667237  -0.346126   0.001000
  0.816945   0.570013  -0.038538   0.078749  -1.667237  -0.346126   0.001000
  0.816945   0.570013  -0.038538   0.078749  -1.667237  -0.346126   0.001000
  0.816945   0.570013  -0.038538   0.078749  -1.667237  -0.346126   0.001000
  0.811200   0.579572  -0.040026   0.066697  -1.824413  -0.175145   0.001000
  0.811200   0.579572  -0.040026   0.066697  -1.824413  -0.175145   0.001000
  0.811200   0.579572  -0.040026   0.066697  -1.824413  -0.175145   0.001000
  0.816410   0.571048  -0.038089   0.076998  -1.879895  -0.310897   0.001000
  0.816410   0.571048  -0.038089   0.076998  -1.879895  -0.310897   0.001000
  0.816410   0.571048  -0.038089   0.076998  -1.879895  -0.310897   0.001000
  0.816410   0.571048  -0.038089   0.076998  -1.879895  -0.310897   0.001000
  0.816410   0.571048  -0.038089   0.076998  -1.879895  -0.310897   0.001000
  0.816410   0.571048  -0.038089   0.076998  -1.879895  -0.310897   0.001000
  0.816410   0.571048  -0.038089   0.076998  -1.879895  -0.310897   0.001000
  0.816410   0.571048  -0.038089   0.076998  -1.879895  -0.310897   0.001000
  0.808656   0.582111  -0.034531   0.077647  -1.992719  -0.274943   0.001000
  0.808656   0.582111  -0.034531   0.077647  -1.992719  -0.274943   0.001000
  0.811824   0.577133  -0.042130   0.078003  -2.038805  -0.159991   0.001000
  0.815225   0.572827  -0.042149   0.074160  -2.130075  -0.464610   0.001000
  0.817912   0.568294  -0.048887   0.075308  -2.064892  -0.417084   0.001000
  0.816725   0.569408  -0.047432   0.080527  -2.114385  -0.433594   0.001000
  0.807380   0.581624  -0.034477   0.093070  -2.153493  -1.000977   0.001000
  0.813043   0.573665  -0.045303   0.088422  -2.070662  -0.360790   0.001000
  0.813043   0.573665  -0.045303   0.088422  -2.070662  -0.360790   0.001000
  0.813043   0.573665  -0.045303   0.088422  -2.070662  -0.360790   0.001000
  0.817221   0.568716  -0.034447   0.086748  -2.019954  -0.498275   0.001000
  0.817238   0.566267  -0.031996   0.102176  -2.120723  -0.310896   0.001000
  0.811381   0.576107  -0.045960   0.087464  -1.945779  -0.700770   0.001000
  0.817254   0.567846  -0.039437   0.089948  -1.876269  -0.032284   0.001000
  0.817254   0.567846  -0.039437   0.089948  -1.876269  -0.032284   0.001000
  0.817254   0.567846  -0.039437   0.089948  -1.876269  -0.032284   0.001000
  0.817254   0.567846  -0.039437   0.089948  -1.876269  -0.032284   0.001000
  0.817254   0.567846  -0.039437   0.089948  -1.876269  -0.032284   0.001000
  0.817254   0.567846  -0.039437   0.089948  -1.876269  -0.032284   0.001000
  0.817254   0.567846  -0.039437   0.089948  -1.876269  -0.032284   0.001000
  0.817254   0.567846  -0.039437   0.089948  -1.876269  -0.032284   0.001000
  0.817254   0.567846  -0.039437   0.089948  -1.876269  -0.032284   0.001000
  0.817254   0.567846  -0.039437   0.089948  -1.876269  -0.032284   0.001000
  0.817254   0.567846  -0.039437   0.089948  -1.876269  -0.032284   0.001000
  0.817254   0.567846  -0.039437   0.089948  -1.876269  -0.032284   0.001000
  0.817254   0.567846  -0.039437   0.089948  -1.876269  -0.032284   0.001000
  0.817254   0.567846  -0.039437   0.089948  -1.876269  -0.032284   0.001000
  0.802930   0.584633  -0.056791   0.101407  -1.762830  -0.001218   0.001000
  0.799228   0.595703  -0.043203   0.067122  -1.981995  -0.071030   0.001000
  0.809650   0.575753  -0.035635   0.108193  -1.774639  -0.294797   0.001000
  0.808274   0.581233  -0.048269   0.080816  -1.825491  -0.154769   0.001000
  0.808274   0.581233  -0.048269   0.080816  -1.825491  -0.154769   0.001000
  0.808274   0.581233  -0.048269   0.080816  -1.825491  -0.154769   0.001000
  0.808274   0.581233  -0.048269   0.080816  -1.825491  -0.154769   0.001000
  0.808274   0.581233  -0.048269   0.080816  -1.825491  -0.154769   0.001000
  0.808274   0.581233  -0.048269   0.080816  -1.825491  -0.154769   0.001000
  0.808274   0.581233  -0.048269   0.080816  -1.825491  -0.154769   0.001000
  0.808274   0.581233  -0.048269   0.080816  -1.825491  -0.154769   0.001000
  0.808274   0.581233  -0.048269   0.080816  -1.825491  -0.154769   0.001000
  0.808274   0.581233  -0.048269   0.080816  -1.825491  -0.154769   0.001000
  0.808274   0.581233  -0.048269   0.080816  -1.825491  -0.154769   0.001000
  0.815320   0.571670  -0.042530   0.081473  -1.840437  -0.219185   0.001000
  0.815320   0.571670  -0.042530   0.081473  -1.840437  -0.219185   0.001000
  0.815320   0.571670  -0.042530   0.081473  -1.840437  -0.219185   0.001000
  0.815320   0.571670  -0.042530   0.081473  -1.840437  -0.219185   0.001000
  0.815320   0.571670  -0.042530   0.081473  -1.840437  -0.219185   0.001000
  0.815320   0.571670  -0.042530   0.081473  -1.840437  -0.219185   0.001000
  0.815320   0.571670  -0.042530   0.081473  -1.840437  -0.219185   0.001000
  0.815320   0.571670  -0.042530   0.081473  -1.840437  -0.219185   0.001000
  0.815320   0.571670  -0.042530   0.081473  -1.840437  -0.219185   0.001000
  0.815320   0.571670  -0.042530   0.081473  -1.840437  -0.219185   0.001000
  0.815320   0.571670  -0.042530   0.081473  -1.840437  -0.219185   0.001000
  0.815320   0.571670  -0.042530   0.081473  -1.840437  -0.219185   0.001000
  0.815320   0.571670  -0.042530   0.081473  -1.840437  -0.219185   0.001000
  0.815320   0.571670  -0.042530   0.081473  -1.840437  -0.219185   0.001000
  0.815320   0.571670  -0.042530   0.081473  -1.840437  -0.219185   0.001000
  0.815320   0.571670  -0.042530   0.081473  -1.840437  -0.219185   0.001000
  0.815320   0.571670  -0.042530   0.081473  -1.840437  -0.219185   0.001000
  0.815320   0.571670  -0.042530   0.081473  -1.840437  -0.219185   0.001000
  0.815320   0.571670  -0.042530   0.081473  -1.840437  -0.219185   0.001000
  0.815320   0.571670  -0.042530   0.081473  -1.840437  -0.219185   0.001000
  0.815320   0.571670  -0.042530   0.081473  -1.840437  -0.219185   0.001000
  0.815320   0.571670  -0.042530   0.081473  -1.840437  -0.219185   0.001000
  0.815320   0.571670  -0.042530   0.081473  -1.840437  -0.219185   0.001000
  0.815320   0.571670  -0.042530   0.081473  -1.840437  -0.219185   0.001000
  0.806351   0.584852  -0.043028   0.076780  -1.889639  -0.178118   0.001000
  0.806351   0.584852  -0.043028   0.076780  -1.889639  -0.178118   0.001000
  0.802598   0.587859  -0.046603   0.089921  -1.781039  -0.136290   0.001000
  0.802598   0.587859  -0.046603   0.089921  -1.781039  -0.136290   0.001000
  0.802598   0.587859  -0.046603   0.089921  -1.781039  -0.136290   0.001000
  0.802598   0.587859  -0.046603   0.089921  -1.781039  -0.136290   0.001000
  0.802598   0.587859  -0.046603   0.089921  -1.781039  -0.136290   0.001000
  0.786216   0.569105   0.071067   0.230072  -1.878071  -0.027424   0.001000
  0.813930   0.574424  -0.043650   0.075164  -1.844234  -0.080727   0.001000
  0.813930   0.574424  -0.043650   0.075164  -1.844234  -0.080727   0.001000
  0.813930   0.574424  -0.043650   0.075164  -1.844234  -0.080727   0.001000
  0.813930   0.574424  -0.043650   0.075164  -1.844234  -0.080727   0.001000
  0.805383   0.581946  -0.048358   0.101781  -1.679209  -0.168721   0.001000
  0.805383   0.581946  -0.048358   0.101781  -1.679209  -0.168721   0.001000
 -0.902192  -0.420692  -0.091962  -0.024714  -2.020356   0.101687   0.001000
  0.815442   0.571446  -0.047779   0.078872  -1.922240  -0.272155   0.001000
  0.815442   0.571446  -0.047779   0.078872  -1.922240  -0.272155   0.001000
  0.815442   0.571446  -0.047779   0.078872  -1.922240  -0.272155   0.001000
  0.815442   0.571446  -0.047779   0.078872  -1.922240  -0.272155   0.001000
  0.819001   0.566007  -0.041682   0.084478  -2.096914  -0.295169   0.001000
  0.811298   0.578321  -0.036380   0.077572  -2.123434  -0.310471   0.001000
  0.811298   0.578321  -0.036380   0.077572  -2.123434  -0.310471   0.001000
  0.815900   0.570743  -0.030170   0.087462  -1.947159  -0.197562   0.001000
  0.815900   0.570743  -0.030170   0.087462  -1.947159  -0.197562   0.001000
  0.822891   0.565298  -0.019827   0.053807  -2.236912  -0.483300   0.001000
  0.811113   0.577536  -0.043832   0.081400  -1.973062  -0.320926   0.001000
  0.811113   0.577536  -0.043832   0.081400  -1.973062  -0.320926   0.001000
  0.811113   0.577536  -0.043832   0.081400  -1.973062  -0.320926   0.001000
  0.791167   0.562108   0.060948   0.233183  -2.141937  -0.674887   0.001000
  0.791167   0.562108   0.060948   0.233183  -2.141937  -0.674887   0.001000
  0.818934   0.566329  -0.037818   0.084788  -2.008088  -0.300375   0.001000
  0.818934   0.566329  -0.037818   0.084788  -2.008088  -0.300375   0.001000
  0.818934   0.566329  -0.037818   0.084788  -2.008088  -0.300375   0.001000
  0.818934   0.566329  -0.037818   0.084788  -2.008088  -0.300375   0.001000
  0.778306   0.578446   0.073627   0.232850  -2.187958  -0.609289   0.001000
  0.805380   0.585381  -0.034285   0.086700  -2.075646  -0.452728   0.001000
  0.805380   0.585381  -0.034285   0.086700  -2.075646  -0.452728   0.001000
  0.805380   0.585381  -0.034285   0.086700  -2.075646  -0.452728   0.001000
  0.805380   0.585381  -0.034285   0.086700  -2.075646  -0.452728   0.001000
  0.805380   0.585381  -0.034285   0.086700  -2.075646  -0.452728   0.001000
  0.805380   0.585381  -0.034285   0.086700  -2.075646  -0.452728   0.001000
  0.807527   0.581520  -0.049173   0.085540  -1.982631  -0.476804   0.001000
  0.816835   0.567707  -0.039160   0.094639  -2.116642  -0.442307   0.001000
  0.812954   0.572849  -0.028336   0.100733  -2.221458  -0.398659   0.001000
  0.825856   0.556848  -0.044363   0.076906  -2.014552  -0.567987   0.001000
  0.810147   0.575606  -0.045604   0.101295  -2.166795  -0.490051   0.001000
  0.811831   0.575907  -0.040285   0.087402  -2.151601  -0.532913   0.001000
  0.812759   0.574442  -0.038762   0.089082  -2.230090  -0.447724   0.001000
  0.812759   0.574442  -0.038762   0.089082  -2.230090  -0.447724   0.001000
  0.805728   0.584683  -0.028928   0.090069  -1.979324  -0.387919   0.001000
  0.805728   0.584683  -0.028928   0.090069  -1.979324  -0.387919   0.001000
  0.805728   0.584683  -0.028928   0.090069  -1.979324  -0.387919   0.001000
  0.813134   0.573724  -0.045286   0.087192  -1.975881  -0.337880   0.001000
  0.813134   0.573724  -0.045286   0.087192  -1.975881  -0.337880   0.001000
  0.813134   0.573724  -0.045286   0.087192  -1.975881  -0.337880   0.001000
  0.813134   0.573724  -0.045286   0.087192  -1.975881  -0.337880   0.001000
  0.813134   0.573724  -0.045286   0.087192  -1.975881  -0.337880   0.001000
  0.813134   0.573724  -0.045286   0.087192  -1.975881  -0.337880   0.001000
  0.813134   0.573724  -0.045286   0.087192  -1.975881  -0.337880   0.001000
  0.813134   0.573724  -0.045286   0.087192  -1.975881  -0.337880   0.001000
  0.813134   0.573724  -0.045286   0.087192  -1.975881  -0.337880   0.001000
  0.813134   0.573724  -0.045286   0.087192  -1.975881  -0.337880   0.001000
  0.813134   0.573724  -0.045286   0.087192  -1.975881  -0.337880   0.001000
  0.813134   0.573724  -0.045286   0.087192  -1.975881  -0.337880   0.001000
  0.819395   0.565879  -0.040999   0.081807  -2.153386  -0.582104   0.001000
  0.819395   0.565879  -0.040999   0.081807  -2.153386  -0.582104   0.001000
  0.819395   0.565879  -0.040999   0.081807  -2.153386  -0.582104   0.001000
  0.819395   0.565879  -0.040999   0.081807  -2.153386  -0.582104   0.001000
