  0.616445   0.413834  -0.318019   0.589577  -1.395759   1.247239   0.001000
  0.623691   0.405737  -0.303250   0.595338  -1.197666   1.529859   0.001000
  0.626255   0.407170  -0.304761   0.590879  -0.858001   1.709013   0.001000
  0.629516   0.406630  -0.307195   0.586509  -0.724623   1.617384   0.001000
  0.626832   0.409681  -0.306868   0.587431  -1.444085   1.316362   0.001000
  0.642314   0.407729  -0.314092   0.567923  -2.308924   1.713054   0.001000
  0.615756   0.411583  -0.269002   0.615697  -0.793283   1.457230   0.001000
  0.621668   0.405419  -0.273555   0.611826  -0.307973   1.540281   0.001000
  0.644650   0.404678  -0.285585   0.582326   0.402192   0.153263   0.001000
  0.647187   0.409310  -0.289292   0.574390   0.003079   0.951542   0.001000
  0.646744   0.405431  -0.286177   0.579181   0.599894   0.298051   0.001000
  0.647701   0.404013  -0.284612   0.579873  -0.191500   0.151636   0.001000
  0.643451   0.403833  -0.287385   0.583353  -0.021034   0.754517   0.001000
  0.643451   0.403833  -0.287385   0.583353  -0.021034   0.754517   0.001000
  0.649463   0.398683  -0.289560   0.579142  -0.249624   0.164533   0.001000
  0.646362   0.406080  -0.290688   0.576903  -0.770609  -0.027892   0.001000
  0.644812   0.403026  -0.288925   0.581644  -0.070257   0.537842   0.001000
  0.646717   0.403556  -0.287174   0.580026   0.226932  -0.063838   0.001000
  0.640119   0.406955  -0.280330   0.588260   0.463770   0.624761   0.001000
  0.643973   0.402631  -0.288044   0.583282  -0.214057   0.441502   0.001000
  0.646021   0.403871  -0.287371   0.580485  -0.032396   0.066680   0.001000
  0.646018   0.402737  -0.285673   0.582112   0.228373   0.278528   0.001000
  0.648581   0.393349  -0.291741   0.582672  -0.087931   0.406787   0.001000
  0.646314   0.404691  -0.287059   0.579742  -0.231509   0.658513   0.001000
  0.650028   0.408651  -0.290198   0.571186  -0.170695   0.973886   0.001000
  0.647542   0.399289  -0.287776   0.581759  -0.328300   0.082196   0.001000
  0.644428   0.401045  -0.290921   0.582443  -0.626455   1.153358   0.001000
  0.644428   0.401045  -0.290921   0.582443  -0.626455   1.153358   0.001000
  0.644428   0.401045  -0.290921   0.582443  -0.626455   1.153358   0.001000
  0.646401   0.401066  -0.291991   0.579701  -0.376482   0.293012   0.001000
  0.646401   0.401066  -0.291991   0.579701  -0.376482   0.293012   0.001000
  0.645768   0.403731  -0.288746   0.580182   0.431467   1.247282   0.001000
  0.645796   0.403791  -0.280558   0.584113  -0.208307   0.733772   0.001000
  0.641279   0.401034  -0.283847   0.589376   0.030436   0.161130   0.001000
  0.647517   0.402479  -0.287411   0.579765  -0.252496   0.883856   0.001000
  0.646137   0.404237  -0.289902   0.578840   0.288674   0.797641   0.001000
  0.645407   0.405372  -0.287713   0.579953  -0.402759  -0.102091   0.001000
  0.644734   0.400762  -0.292612   0.581452  -0.775129   0.446726   0.001000
  0.650297   0.405608  -0.283899   0.576192   0.601708   0.843206   0.001000
  0.646182   0.401142  -0.292132   0.579821   0.136863   0.496054   0.001000
  0.644769   0.402901  -0.289391   0.581547  -0.126951   0.746829   0.001000
  0.647189   0.403515  -0.286815   0.579706  -0.546172   0.597069   0.001000
  0.643787   0.411714  -0.284349   0.578944  -0.573269   0.670672   0.001000
  0.638436   0.413099  -0.267334   0.591846   0.082435   0.419301   0.001000
  0.644479   0.403817  -0.285716   0.583048  -0.066505   0.618104   0.001000
  0.648996   0.404578  -0.286933   0.576880   0.174998   0.722346   0.001000
  0.640709   0.407678  -0.286192   0.584282  -0.335304   0.973889   0.001000
  0.640709   0.407678  -0.286192   0.584282  -0.335304   0.973889   0.001000
  0.648556   0.403912  -0.287390   0.577613  -0.167330   0.373229   0.001000
  0.645046   0.403036  -0.287695   0.581988   0.053968   0.480830   0.001000
  0.627353   0.418638  -0.307767   0.580043  -0.480384   0.973099   0.001000
  0.645216   0.407743  -0.288468   0.578124  -0.431753   0.737084   0.001000
  0.650609   0.404718  -0.284738   0.576052   0.165681  -0.000675   0.001000
  0.643401   0.408324  -0.288395   0.579771   0.077087   0.613321   0.001000
  0.642801   0.404150  -0.288731   0.583184   0.526700   1.040291   0.001000
  0.645688   0.405884  -0.288460   0.578909  -0.378101   0.737533   0.001000
  0.647961   0.407274  -0.283872   0.577661   0.061939  -0.085918   0.001000
  0.635396   0.411119  -0.282713   0.589344   0.075792   0.874371   0.001000
  0.635396   0.411119  -0.282713   0.589344   0.075792   0.874371   0.001000
  0.635396   0.411119  -0.282713   0.589344   0.075792   0.874371   0.001000
  0.649826   0.409420  -0.280494   0.575695  -0.403630   0.560611   0.001000
  0.637798   0.409591  -0.285458   0.586484  -0.175231  -0.021394   0.001000
  0.637798   0.409591  -0.285458   0.586484  -0.175231  -0.021394   0.001000
  0.637798   0.409591  -0.285458   0.586484  -0.175231  -0.021394   0.001000
  0.637798   0.409591  -0.285458   0.586484  -0.175231  -0.021394   0.001000
  0.637798   0.409591  -0.285458   0.586484  -0.175231  -0.021394   0.001000
  0.637798   0.409591  -0.285458   0.586484  -0.175231  -0.021394   0.001000
  0.637798   0.409591  -0.285458   0.586484  -0.175231  -0.021394   0.001000
  0.637798   0.409591  -0.285458   0.586484  -0.175231  -0.021394   0.001000
  0.637798   0.409591  -0.285458   0.586484  -0.175231  -0.021394   0.001000
  0.637798   0.409591  -0.285458   0.586484  -0.175231  -0.021394   0.001000
  0.637798   0.409591  -0.285458   0.586484  -0.175231  -0.021394   0.001000
  0.637798   0.409591  -0.285458   0.586484  -0.175231  -0.021394   0.001000
  0.637798   0.409591  -0.285458   0.586484  -0.175231  -0.021394   0.001000
  0.637798   0.409591  -0.285458   0.586484  -0.175231  -0.021394   0.001000
  0.638310   0.410471  -0.287930   0.584098  -0.058582   0.622309   0.001000
  0.638310   0.410471  -0.287930   0.584098  -0.058582   0.622309   0.001000
  0.638310   0.410471  -0.287930   0.584098  -0.058582   0.622309   0.001000
  0.638310   0.410471  -0.287930   0.584098  -0.058582   0.622309   0.001000
  0.638310   0.410471  -0.287930   0.584098  -0.058582   0.622309   0.001000
  0.638310   0.410471  -0.287930   0.584098  -0.058582   0.622309   0.001000
  0.638310   0.410471  -0.287930   0.584098  -0.058582   0.622309   0.001000
  0.638310   0.410471  -0.287930   0.584098  -0.058582   0.622309   0.001000
  0.638310   0.410471  -0.287930   0.584098  -0.058582   0.622309   0.001000
  0.638310   0.410471  -0.287930   0.584098  -0.058582   0.622309   0.001000
  0.636124   0.409014  -0.281999   0.590365   0.464086   0.654125   0.001000
  0.646914   0.407601  -0.296511   0.572228  -0.035847   0.303371   0.001000
  0.646914   0.407601  -0.296511   0.572228  -0.035847   0.303371   0.001000
  0.646914   0.407601  -0.296511   0.572228  -0.035847   0.303371   0.001000
  0.646914   0.407601  -0.296511   0.572228  -0.035847   0.303371   0.001000
  0.646914   0.407601  -0.296511   0.572228  -0.035847   0.303371   0.001000
  0.646914   0.407601  -0.296511   0.572228  -0.035847   0.303371   0.001000
  0.646914   0.407601  -0.296511   0.572228  -0.035847   0.303371   0.001000
  0.646914   0.407601  -0.296511   0.572228  -0.035847   0.303371   0.001000
  0.646914   0.407601  -0.296511   0.572228  -0.035847   0.303371   0.001000
  0.646914   0.407601  -0.296511   0.572228  -0.035847   0.303371   0.001000
  0.646914   0.407601  -0.296511   0.572228  -0.035847   0.303371   0.001000
  0.646914   0.407601  -0.296511   0.572228  -0.035847   0.303371   0.001000
  0.646914   0.407601  -0.296511   0.572228  -0.035847   0.303371   0.001000
  0.646914   0.407601  -0.296511   0.572228  -0.035847   0.303371   0.001000
  0.646914   0.407601  -0.296511   0.572228  -0.035847   0.303371   0.001000
  0.634879   0.407131  -0.287184   0.590507  -0.634627   0.103812   0.001000
  0.634879   0.407131  -0.287184   0.590507  -0.634627   0.103812   0.001000
  0.634879   0.407131  -0.287184   0.590507  -0.634627   0.103812   0.001000
  0.634879   0.407131  -0.287184   0.590507  -0.634627   0.103812   0.001000
  0.634879   0.407131  -0.287184   0.590507  -0.634627   0.103812   0.001000
  0.634879   0.407131  -0.287184   0.590507  -0.634627   0.103812   0.001000
  0.634879   0.407131  -0.287184   0.590507  -0.634627   0.103812   0.001000
  0.634879   0.407131  -0.287184   0.590507  -0.634627   0.103812   0.001000
  0.634879   0.407131  -0.287184   0.590507  -0.634627   0.103812   0.001000
  0.634879   0.407131  -0.287184   0.590507  -0.634627   0.103812   0.001000
  0.634879   0.407131  -0.287184   0.590507  -0.634627   0.103812   0.001000
  0.634879   0.407131  -0.287184   0.590507  -0.634627   0.103812   0.001000
  0.634879   0.407131  -0.287184   0.590507  -0.634627   0.103812   0.001000
  0.634879   0.407131  -0.287184   0.590507  -0.634627   0.103812   0.001000
  0.634879   0.407131  -0.287184   0.590507  -0.634627   0.103812   0.001000
  0.634879   0.407131  -0.287184   0.590507  -0.634627   0.103812   0.001000
  0.640457   0.408972  -0.288023   0.582752  -0.165618   0.967850   0.001000
  0.626806   0.418728  -0.296989   0.586156   0.580790   0.339881   0.001000
  0.626806   0.418728  -0.296989   0.586156   0.580790   0.339881   0.001000
  0.640309   0.407659  -0.290515   0.582598   0.231761   0.343257   0.001000
  0.640309   0.407659  -0.290515   0.582598   0.231761   0.343257   0.001000
  0.640309   0.407659  -0.290515   0.582598   0.231761   0.343257   0.001000
  0.640309   0.407659  -0.290515   0.582598   0.231761   0.343257   0.001000
  0.643519   0.412034  -0.273911   0.584024  -0.264827   0.267520   0.001000
  0.643519   0.412034  -0.273911   0.584024  -0.264827   0.267520   0.001000
  0.627480   0.413333  -0.274403   0.600106   0.188376   0.243026   0.001000
  0.627480   0.413333  -0.274403   0.600106   0.188376   0.243026   0.001000
  0.627480   0.413333  -0.274403   0.600106   0.188376   0.243026   0.001000
  0.627480   0.413333  -0.274403   0.600106   0.188376   0.243026   0.001000
  0.627480   0.413333  -0.274403   0.600106   0.188376   0.243026   0.001000
  0.627480   0.413333  -0.274403   0.600106   0.188376   0.243026   0.001000
  0.627480   0.413333  -0.274403   0.600106   0.188376   0.243026   0.001000
  0.627480   0.413333  -0.274403   0.600106   0.188376   0.243026   0.001000
  0.627480   0.413333  -0.274403   0.600106   0.188376   0.243026   0.001000
  0.627480   0.413333  -0.274403   0.600106   0.188376   0.243026   0.001000
  0.627480   0.413333  -0.274403   0.600106   0.188376   0.243026   0.001000
  0.627480   0.413333  -0.274403   0.600106   0.188376   0.243026   0.001000
  0.627480   0.413333  -0.274403   0.600106   0.188376   0.243026   0.001000
  0.637429   0.400158  -0.293523   0.589408   0.673527   1.089440   0.001000
  0.636561   0.408781  -0.288053   0.587124  -0.208805   0.680337   0.001000
  0.636561   0.408781  -0.288053   0.587124  -0.208805   0.680337   0.001000
  0.636561   0.408781  -0.288053   0.587124  -0.208805   0.680337   0.001000
  0.636561   0.408781  -0.288053   0.587124  -0.208805   0.680337   0.001000
  0.636561   0.408781  -0.288053   0.587124  -0.208805   0.680337   0.001000
  0.636561   0.408781  -0.288053   0.587124  -0.208805   0.680337   0.001000
  0.636561   0.408781  -0.288053   0.587124  -0.208805   0.680337   0.001000
  0.636561   0.408781  -0.288053   0.587124  -0.208805   0.680337   0.001000
  0.636561   0.408781  -0.288053   0.587124  -0.208805   0.680337   0.001000
  0.636561   0.408781  -0.288053   0.587124  -0.208805   0.680337   0.001000
  0.636561   0.408781  -0.288053   0.587124  -0.208805   0.680337   0.001000
  0.636561   0.408781  -0.288053   0.587124  -0.208805   0.680337   0.001000
  0.636561   0.408781  -0.288053   0.587124  -0.208805   0.680337   0.001000
  0.636561   0.408781  -0.288053   0.587124  -0.208805   0.680337   0.001000
  0.636561   0.408781  -0.288053   0.587124  -0.208805   0.680337   0.001000
  0.635022   0.412672  -0.287297   0.586438   0.273938   0.597051   0.001000
  0.635022   0.412672  -0.287297   0.586438   0.273938   0.597051   0.001000
  0.639658   0.407213  -0.287088   0.585317  -0.025160   0.295505   0.001000
  0.639658   0.407213  -0.287088   0.585317  -0.025160   0.295505   0.001000
  0.639658   0.407213  -0.287088   0.585317  -0.025160   0.295505   0.001000
  0.639658   0.407213  -0.287088   0.585317  -0.025160   0.295505   0.001000
  0.639658   0.407213  -0.287088   0.585317  -0.025160   0.295505   0.001000
  0.639658   0.407213  -0.287088   0.585317  -0.025160   0.295505   0.001000
  0.639658   0.407213  -0.287088   0.585317  -0.025160   0.295505   0.001000
  0.639658   0.407213  -0.287088   0.585317  -0.025160   0.295505   0.001000
  0.639658   0.407213  -0.287088   0.585317  -0.025160   0.295505   0.001000
  0.639658   0.407213  -0.287088   0.585317  -0.025160   0.295505   0.001000
  0.639658   0.407213  -0.287088   0.585317  -0.025160   0.295505   0.001000
  0.639658   0.407213  -0.287088   0.585317  -0.025160   0.295505   0.001000
  0.639658   0.407213  -0.287088   0.585317  -0.025160   0.295505   0.001000
  0.639658   0.407213  -0.287088   0.585317  -0.025160   0.295505   0.001000
  0.639658   0.407213  -0.287088   0.585317  -0.025160   0.295505   0.001000
  0.639658   0.407213  -0.287088   0.585317  -0.025160   0.295505   0.001000
  0.639658   0.407213  -0.287088   0.585317  -0.025160   0.295505   0.001000
  0.639658   0.407213  -0.287088   0.585317  -0.025160   0.295505   0.001000
  0.639658   0.407213  -0.287088   0.585317  -0.025160   0.295505   0.001000
  0.639658   0.407213  -0.287088   0.585317  -0.025160   0.295505   0.001000
  0.639658   0.407213  -0.287088   0.585317  -0.025160   0.295505   0.001000
  0.639658   0.407213  -0.287088   0.585317  -0.025160   0.295505   0.001000
  0.639658   0.407213  -0.287088   0.585317  -0.025160   0.295505   0.001000
  0.639658   0.407213  -0.287088   0.585317  -0.025160   0.295505   0.001000
  0.639658   0.407213  -0.287088   0.585317  -0.025160   0.295505   0.001000
  0.639658   0.407213  -0.287088   0.585317  -0.025160   0.295505   0.001000
  0.639658   0.407213  -0.287088   0.585317  -0.025160   0.295505   0.001000
  0.639658   0.407213  -0.287088   0.585317  -0.025160   0.295505   0.001000
  0.636754   0.409476  -0.288115   0.586400   0.248437   0.119470   0.001000
  0.637120   0.407589  -0.288678   0.587039   0.223019   0.552769   0.001000
  0.631676   0.417606  -0.291598   0.584433   0.688888   0.370970   0.001000
  0.638546   0.410104  -0.282751   0.586622   0.585865   0.585446   0.001000
  0.640813   0.410807  -0.290762   0.579701  -0.023260  -0.228284   0.001000
  0.638284   0.405614  -0.287604   0.587669   0.228508   0.536087   0.001000
  0.638284   0.405614  -0.287604   0.587669   0.228508   0.536087   0.001000
  0.636231   0.408066  -0.290475   0.586785  -0.012107   0.046402   0.001000
  0.635928   0.417580  -0.279483   0.585758  -0.005101   0.624745   0.001000
  0.639480   0.408918  -0.287919   0.583912   0.014957   0.339502   0.001000
  0.639480   0.408918  -0.287919   0.583912   0.014957   0.339502   0.001000
  0.639070   0.408024  -0.287318   0.585281   0.458122  -0.207373   0.001000
  0.638868   0.407927  -0.287021   0.585715   0.240258   0.281948   0.001000
  0.638868   0.407927  -0.287021   0.585715   0.240258   0.281948   0.001000
  0.638868   0.407927  -0.287021   0.585715   0.240258   0.281948   0.001000
  0.639315   0.408307  -0.288352   0.584307   0.200931   0.244308   0.001000
  0.634636   0.410403  -0.292407   0.585923   0.384060   0.251079   0.001000
  0.627455   0.409613  -0.283208   0.598590  -0.091942   0.599930   0.001000
  0.627455   0.409613  -0.283208   0.598590  -0.091942   0.599930   0.001000
  0.627455   0.409613  -0.283208   0.598590  -0.091942   0.599930   0.001000
  0.627455   0.409613  -0.283208   0.598590  -0.091942   0.599930   0.001000
  0.627455   0.409613  -0.283208   0.598590  -0.091942   0.599930   0.001000
  0.627455   0.409613  -0.283208   0.598590  -0.091942   0.599930   0.001000
  0.627455   0.409613  -0.283208   0.598590  -0.091942   0.599930   0.001000
  0.627455   0.409613  -0.283208   0.598590  -0.091942   0.599930   0.001000
  0.627455   0.409613  -0.283208   0.598590  -0.091942   0.599930   0.001000
  0.627455   0.409613  -0.283208   0.598590  -0.091942   0.599930   0.001000
  0.627455   0.409613  -0.283208   0.598590  -0.091942   0.599930   0.001000
  0.627455   0.409613  -0.283208   0.598590  -0.091942   0.599930   0.001000
  0.627455   0.409613  -0.283208   0.598590  -0.091942   0.599930   0.001000
  0.627455   0.409613  -0.283208   0.598590  -0.091942   0.599930   0.001000
  0.640860   0.403772  -0.289712   0.585093   0.221786   0.022656   0.001000
  0.640860   0.403772  -0.289712   0.585093   0.221786   0.022656   0.001000
  0.638053   0.409761  -0.283973   0.586808   0.512048   0.087449   0.001000
  0.637244   0.405073  -0.289577   0.588201   0.347025   0.384897   0.001000
  0.628547   0.417907  -0.286083   0.590287   0.065418   0.764984   0.001000
  0.628547   0.417907  -0.286083   0.590287   0.065418   0.764984   0.001000
  0.628547   0.417907  -0.286083   0.590287   0.065418   0.764984   0.001000
  0.628547   0.417907  -0.286083   0.590287   0.065418   0.764984   0.001000
  0.628547   0.417907  -0.286083   0.590287   0.065418   0.764984   0.001000
  0.638726   0.408393  -0.289361   0.584393   0.313365  -0.107846   0.001000
  0.638627   0.409620  -0.287029   0.584792  -0.219717   0.528182   0.001000
  0.638627   0.409620  -0.287029   0.584792  -0.219717   0.528182   0.001000
  0.638627   0.409620  -0.287029   0.584792  -0.219717   0.528182   0.001000
  0.638627   0.409620  -0.287029   0.584792  -0.219717   0.528182   0.001000
  0.638627   0.409620  -0.287029   0.584792  -0.219717   0.528182   0.001000
  0.638627   0.409620  -0.287029   0.584792  -0.219717   0.528182   0.001000
  0.638627   0.409620  -0.287029   0.584792  -0.219717   0.528182   0.001000
  0.638627   0.409620  -0.287029   0.584792  -0.219717   0.528182   0.001000
  0.638627   0.409620  -0.287029   0.584792  -0.219717   0.528182   0.001000
  0.638627   0.409620  -0.287029   0.584792  -0.219717   0.528182   0.001000
  0.638627   0.409620  -0.287029   0.584792  -0.219717   0.528182   0.001000
  0.638627   0.409620  -0.287029   0.584792  -0.219717   0.528182   0.001000
  0.638627   0.409620  -0.287029   0.584792  -0.219717   0.528182   0.001000
  0.638627   0.409620  -0.287029   0.584792  -0.219717   0.528182   0.001000
  0.638627   0.409620  -0.287029   0.584792  -0.219717   0.528182   0.001000
  0.641778   0.414407  -0.288708   0.577092  -0.226229   0.928814   0.001000
  0.637333   0.412477  -0.289774   0.582838   0.127419  -0.063222   0.001000
  0.637333   0.412477  -0.289774   0.582838   0.127419  -0.063222   0.001000
  0.639955   0.409482  -0.282372   0.585703   0.468029   0.104368   0.001000
  0.639808   0.407755  -0.284923   0.585833   0.561210   0.296387   0.001000
  0.639774   0.408359  -0.286075   0.584887  -0.517608   0.640426   0.001000
  0.639774   0.408359  -0.286075   0.584887  -0.517608   0.640426   0.001000
  0.639774   0.408359  -0.286075   0.584887  -0.517608   0.640426   0.001000
  0.639774   0.408359  -0.286075   0.584887  -0.517608   0.640426   0.001000
  0.639774   0.408359  -0.286075   0.584887  -0.517608   0.640426   0.001000
  0.639774   0.408359  -0.286075   0.584887  -0.517608   0.640426   0.001000
  0.639774   0.408359  -0.286075   0.584887  -0.517608   0.640426   0.001000
  0.639774   0.408359  -0.286075   0.584887  -0.517608   0.640426   0.001000
  0.636478   0.409034  -0.293156   0.584505   0.285972  -0.096801   0.001000
  0.638975   0.406342  -0.288489   0.585978  -0.009477   0.241734   0.001000
  0.638975   0.406342  -0.288489   0.585978  -0.009477   0.241734   0.001000
  0.638975   0.406342  -0.288489   0.585978  -0.009477   0.241734   0.001000
  0.638975   0.406342  -0.288489   0.585978  -0.009477   0.241734   0.001000
  0.638975   0.406342  -0.288489   0.585978  -0.009477   0.241734   0.001000
  0.638975   0.406342  -0.288489   0.585978  -0.009477   0.241734   0.001000
  0.638975   0.406342  -0.288489   0.585978  -0.009477   0.241734   0.001000
  0.638975   0.406342  -0.288489   0.585978  -0.009477   0.241734   0.001000
  0.638975   0.406342  -0.288489   0.585978  -0.009477   0.241734   0.001000
  0.638975   0.406342  -0.288489   0.585978  -0.009477   0.241734   0.001000
  0.638975   0.406342  -0.288489   0.585978  -0.009477   0.241734   0.001000
  0.638975   0.406342  -0.288489   0.585978  -0.009477   0.241734   0.001000
  0.638975   0.406342  -0.288489   0.585978  -0.009477   0.241734   0.001000
  0.638975   0.406342  -0.288489   0.585978  -0.009477   0.241734   0.001000
  0.638975   0.406342  -0.288489   0.585978  -0.009477   0.241734   0.001000
  0.638975   0.406342  -0.288489   0.585978  -0.009477   0.241734   0.001000
  0.638975   0.406342  -0.288489   0.585978  -0.009477   0.241734   0.001000
  0.638975   0.406342  -0.288489   0.585978  -0.009477   0.241734   0.001000
  0.638975   0.406342  -0.288489   0.585978  -0.009477   0.241734   0.001000
  0.638975   0.406342  -0.288489   0.585978  -0.009477   0.241734   0.001000
  0.638975   0.406342  -0.288489   0.585978  -0.009477   0.241734   0.001000
  0.638975   0.406342  -0.288489   0.585978  -0.009477   0.241734   0.001000
  0.638975   0.406342  -0.288489   0.585978  -0.009477   0.241734   0.001000
  0.638975   0.406342  -0.288489   0.585978  -0.009477   0.241734   0.001000
  0.638975   0.406342  -0.288489   0.585978  -0.009477   0.241734   0.001000
  0.638975   0.406342  -0.288489   0.585978  -0.009477   0.241734   0.001000
  0.638975   0.406342  -0.288489   0.585978  -0.009477   0.241734   0.001000
  0.638975   0.406342  -0.288489   0.585978  -0.009477   0.241734   0.001000
  0.638975   0.406342  -0.288489   0.585978  -0.009477   0.241734   0.001000
  0.637948   0.408137  -0.289131   0.585534   0.329987   0.342166   0.001000
  0.639470   0.406686  -0.281277   0.588701  -0.166750  -0.218548   0.001000
  0.639470   0.406686  -0.281277   0.588701  -0.166750  -0.218548   0.001000
  0.639470   0.406686  -0.281277   0.588701  -0.166750  -0.218548   0.001000
  0.639470   0.406686  -0.281277   0.588701  -0.166750  -0.218548   0.001000
  0.636033   0.407757  -0.289327   0.587781  -0.232546   0.634204   0.001000
  0.636033   0.407757  -0.289327   0.587781  -0.232546   0.634204   0.001000
  0.636033   0.407757  -0.289327   0.587781  -0.232546   0.634204   0.001000
  0.636033   0.407757  -0.289327   0.587781  -0.232546   0.634204   0.001000
  0.636033   0.407757  -0.289327   0.587781  -0.232546   0.634204   0.001000
  0.636033   0.407757  -0.289327   0.587781  -0.232546   0.634204   0.001000
  0.632299   0.412181  -0.292366   0.587220   0.663770  -0.017198   0.001000
  0.655724   0.403344  -0.296575   0.565140  -0.063170   0.145889   0.001000
  0.655724   0.403344  -0.296575   0.565140  -0.063170   0.145889   0.001000
  0.639812   0.408503  -0.285316   0.585116   0.296817   0.261752   0.001000
  0.637686   0.408519  -0.288274   0.585975   0.450866   0.529946   0.001000
  0.638202   0.403874  -0.286497   0.589495  -0.207235  -0.266097   0.001000
  0.638866   0.408107  -0.290567   0.583840   0.376867   0.909077   0.001000
  0.643353   0.405011  -0.290819   0.580937   0.413625   0.338915   0.001000
  0.638135   0.412096  -0.285762   0.584209   0.353183   0.393738   0.001000
  0.636605   0.412250  -0.287030   0.585148   0.452672  -0.016741   0.001000
  0.637506   0.408320  -0.283832   0.588473   0.307296  -0.149106   0.001000
  0.635342   0.405376  -0.284827   0.592355   0.986690   0.702875   0.001000
  0.637625   0.407786  -0.287256   0.587051   0.519886   0.365572   0.001000
  0.638290   0.407236  -0.289109   0.585799   0.054791  -0.249165   0.001000
  0.641122   0.409089  -0.283314   0.584245   0.864028  -0.194011   0.001000
  0.635499   0.408488  -0.285186   0.589871   0.621176   0.058151   0.001000
  0.640768   0.412536  -0.284100   0.581823  -0.079613   0.597452   0.001000
  0.639750   0.406586  -0.283730   0.587287   0.461139   0.440075   0.001000
  0.641174   0.405941  -0.290209   0.582998   0.208464   0.521104   0.001000
  0.636056   0.409507  -0.288491   0.586949   0.353879   0.374801   0.001000
  0.640448   0.405843  -0.287781   0.585064   0.043967   0.354846   0.001000
  0.640448   0.405843  -0.287781   0.585064   0.043967   0.354846   0.001000
  0.640448   0.405843  -0.287781   0.585064   0.043967   0.354846   0.001000
  0.640448   0.405843  -0.287781   0.585064   0.043967   0.354846   0.001000
  0.640448   0.405843  -0.287781   0.585064   0.043967   0.354846   0.001000
  0.640448   0.405843  -0.287781   0.585064   0.043967   0.354846   0.001000
  0.640448   0.405843  -0.287781   0.585064   0.043967   0.354846   0.001000
  0.640448   0.405843  -0.287781   0.585064   0.043967   0.354846   0.001000
  0.640448   0.405843  -0.287781   0.585064   0.043967   0.354846   0.001000
  0.640448   0.405843  -0.287781   0.585064   0.043967   0.354846   0.001000
  0.636905   0.411498  -0.285202   0.586244  -0.526920   0.402475   0.001000
  0.636905   0.411498  -0.285202   0.586244  -0.526920   0.402475   0.001000
  0.636905   0.411498  -0.285202   0.586244  -0.526920   0.402475   0.001000
  0.636905   0.411498  -0.285202   0.586244  -0.526920   0.402475   0.001000
  0.636905   0.411498  -0.285202   0.586244  -0.526920   0.402475   0.001000
  0.636905   0.411498  -0.285202   0.586244  -0.526920   0.402475   0.001000
  0.636905   0.411498  -0.285202   0.586244  -0.526920   0.402475   0.001000
  0.636905   0.411498  -0.285202   0.586244  -0.526920   0.402475   0.001000
  0.636905   0.411498  -0.285202   0.586244  -0.526920   0.402475   0.001000
  0.636905   0.411498  -0.285202   0.586244  -0.526920   0.402475   0.001000
  0.636905   0.411498  -0.285202   0.586244  -0.526920   0.402475   0.001000
  0.636905   0.411498  -0.285202   0.586244  -0.526920   0.402475   0.001000
  0.636905   0.411498  -0.285202   0.586244  -0.526920   0.402475   0.001000
  0.636905   0.411498  -0.285202   0.586244  -0.526920   0.402475   0.001000
  0.636905   0.411498  -0.285202   0.586244  -0.526920   0.402475   0.001000
  0.636905   0.411498  -0.285202   0.586244  -0.526920   0.402475   0.001000
  0.636905   0.411498  -0.285202   0.586244  -0.526920   0.402475   0.001000
  0.636905   0.411498  -0.285202   0.586244  -0.526920   0.402475   0.001000
  0.636905   0.411498  -0.285202   0.586244  -0.526920   0.402475   0.001000
  0.636905   0.411498  -0.285202   0.586244  -0.526920   0.402475   0.001000
  0.636905   0.411498  -0.285202   0.586244  -0.526920   0.402475   0.001000
  0.636905   0.411498  -0.285202   0.586244  -0.526920   0.402475   0.001000
  0.638454   0.407842  -0.292674   0.583424   0.394772   0.091122   0.001000
  0.640718   0.415991  -0.281045   0.580901  -0.033055   0.156416   0.001000
  0.634755   0.407297  -0.288360   0.589952  -0.162513   0.273220   0.001000
  0.634755   0.407297  -0.288360   0.589952  -0.162513   0.273220   0.001000
  0.634755   0.407297  -0.288360   0.589952  -0.162513   0.273220   0.001000
  0.637684   0.407729  -0.284649   0.588294   0.069823   0.193968   0.001000
  0.637684   0.407729  -0.284649   0.588294   0.069823   0.193968   0.001000
  0.637684   0.407729  -0.284649   0.588294   0.069823   0.193968   0.001000
  0.635812   0.419082  -0.278466   0.585295   0.317559   0.855999   0.001000
  0.642325   0.403353  -0.288468   0.584389  -0.237178   0.342810   0.001000
  0.642325   0.403353  -0.288468   0.584389  -0.237178   0.342810   0.001000
  0.642325   0.403353  -0.288468   0.584389  -0.237178   0.342810   0.001000
  0.637542   0.409548  -0.287836   0.585628   0.039716  -0.154484   0.001000
  0.637542   0.409548  -0.287836   0.585628   0.039716  -0.154484   0.001000
  0.640143   0.407032  -0.287913   0.584507   0.004350   0.037670   0.001000
  0.640143   0.407032  -0.287913   0.584507   0.004350   0.037670   0.001000
  0.640143   0.407032  -0.287913   0.584507   0.004350   0.037670   0.001000
  0.640143   0.407032  -0.287913   0.584507   0.004350   0.037670   0.001000
  0.640143   0.407032  -0.287913   0.584507   0.004350   0.037670   0.001000
  0.638711   0.408514  -0.287283   0.585349   0.091525   0.587949   0.001000
  0.638711   0.408514  -0.287283   0.585349   0.091525   0.587949   0.001000
  0.638711   0.408514  -0.287283   0.585349   0.091525   0.587949   0.001000
  0.638711   0.408514  -0.287283   0.585349   0.091525   0.587949   0.001000
  0.641392   0.405188  -0.288214   0.584270   0.678651   0.121098   0.001000
  0.635349   0.405605  -0.288152   0.590581   0.521948   0.669464   0.001000
  0.635349   0.405605  -0.288152   0.590581   0.521948   0.669464   0.001000
  0.637455   0.407479  -0.288260   0.586957   0.309883  -0.226091   0.001000
  0.637326   0.406947  -0.287049   0.588058   0.687761   0.305488   0.001000
  0.637326   0.406947  -0.287049   0.588058   0.687761   0.305488   0.001000
  0.637326   0.406947  -0.287049   0.588058   0.687761   0.305488   0.001000
  0.635313   0.411038  -0.290330   0.585776   0.026222   0.306573   0.001000
  0.635313   0.411038  -0.290330   0.585776   0.026222   0.306573   0.001000
  0.635313   0.411038  -0.290330   0.585776   0.026222   0.306573   0.001000
  0.638983   0.408469  -0.280645   0.588296   0.025131   0.515676   0.001000
  0.638983   0.408469  -0.280645   0.588296   0.025131   0.515676   0.001000
  0.633582   0.418415  -0.295226   0.579952  -0.132951   0.291496   0.001000
  0.633582   0.418415  -0.295226   0.579952  -0.132951   0.291496   0.001000
  0.640972   0.408847  -0.286869   0.582842   0.252287  -0.270360   0.001000
  0.636293   0.409530  -0.285991   0.587899   0.395120  -0.225617   0.001000
  0.638324   0.408079  -0.287723   0.585857  -0.323714   0.029355   0.001000
  0.638324   0.408079  -0.287723   0.585857  -0.323714   0.029355   0.001000
  0.639575   0.409438  -0.283237   0.585731   0.137889  -0.322794   0.001000
  0.639606   0.406382  -0.287035   0.585976   0.484200   0.495375   0.001000
  0.639606   0.406382  -0.287035   0.585976   0.484200   0.495375   0.001000
  0.635077   0.413693  -0.284328   0.587105   0.079623   0.129000   0.001000
  0.635077   0.413693  -0.284328   0.587105   0.079623   0.129000   0.001000
  0.637222   0.408060  -0.288730   0.586575   0.292441   0.083408   0.001000
  0.637222   0.408060  -0.288730   0.586575   0.292441   0.083408   0.001000
  0.645237   0.409683  -0.282034   0.579901   0.891431   0.008737   0.001000
  0.642322   0.412442  -0.290620   0.576935   0.004573   0.785109   0.001000
  0.637475   0.406193  -0.290593   0.586675   0.683639   0.339392   0.001000
  0.637960   0.408944  -0.284059   0.587437   0.037484  -0.252871   0.001000
  0.637960   0.408944  -0.284059   0.587437   0.037484  -0.252871   0.001000
  0.639967   0.408939  -0.291731   0.581467  -0.125931   0.394776   0.001000
  0.639967   0.408939  -0.291731   0.581467  -0.125931   0.394776   0.001000
  0.634143   0.407472  -0.285068   0.592085   0.370768   1.038254   0.001000
  0.628984   0.407192  -0.273541   0.603117   0.043860   0.192221   0.001000
  0.628984   0.407192  -0.273541   0.603117   0.043860   0.192221   0.001000
  0.628984   0.407192  -0.273541   0.603117   0.043860   0.192221   0.001000
  0.628984   0.407192  -0.273541   0.603117   0.043860   0.192221   0.001000
  0.628984   0.407192  -0.273541   0.603117   0.043860   0.192221   0.001000
  0.628984   0.407192  -0.273541   0.603117   0.043860   0.192221   0.001000
  0.629866   0.417094  -0.287528   0.588753  -0.351145   0.006755   0.001000
  0.629866   0.417094  -0.287528   0.588753  -0.351145   0.006755   0.001000
  0.639955   0.411618  -0.294708   0.578079   0.680295   0.014134   0.001000
  0.637034   0.407077  -0.285348   0.589112   0.338597   1.105641   0.001000
  0.637034   0.407077  -0.285348   0.589112   0.338597   1.105641   0.001000
  0.637034   0.407077  -0.285348   0.589112   0.338597   1.105641   0.001000
  0.637034   0.407077  -0.285348   0.589112   0.338597   1.105641   0.001000
  0.637398   0.409879  -0.287893   0.585526   0.818163   0.681717   0.001000
  0.635390   0.405775  -0.290840   0.589100  -0.286749   0.411708   0.001000
  0.635390   0.405775  -0.290840   0.589100  -0.286749   0.411708   0.001000
  0.635390   0.405775  -0.290840   0.589100  -0.286749   0.411708   0.001000
  0.635390   0.405775  -0.290840   0.589100  -0.286749   0.411708   0.001000
  0.635390   0.405775  -0.290840   0.589100  -0.286749   0.411708   0.001000
  0.635390   0.405775  -0.290840   0.589100  -0.286749   0.411708   0.001000
  0.635390   0.405775  -0.290840   0.589100  -0.286749   0.411708   0.001000
  0.635390   0.405775  -0.290840   0.589100  -0.286749   0.411708   0.001000
  0.635390   0.405775  -0.290840   0.589100  -0.286749   0.411708   0.001000
  0.635390   0.405775  -0.290840   0.589100  -0.286749   0.411708   0.001000
  0.643042   0.403631  -0.287117   0.584074  -0.278234  -0.157851   0.001000
  0.642210   0.412632  -0.286271   0.579094  -0.495531   0.729452   0.001000
  0.642210   0.412632  -0.286271   0.579094  -0.495531   0.729452   0.001000
  0.642210   0.412632  -0.286271   0.579094  -0.495531   0.729452   0.001000
  0.642210   0.412632  -0.286271   0.579094  -0.495531   0.729452   0.001000
  0.642210   0.412632  -0.286271   0.579094  -0.495531   0.729452   0.001000
  0.642210   0.412632  -0.286271   0.579094  -0.495531   0.729452   0.001000
  0.642210   0.412632  -0.286271   0.579094  -0.495531   0.729452   0.001000
  0.637856   0.406642  -0.287752   0.587351   0.189276  -0.009292   0.001000
  0.640415   0.408963  -0.289699   0.581972  -0.784421   1.132881   0.001000
  0.640415   0.408963  -0.289699   0.581972  -0.784421   1.132881   0.001000
  0.640415   0.408963  -0.289699   0.581972  -0.784421   1.132881   0.001000
  0.640415   0.408963  -0.289699   0.581972  -0.784421   1.132881   0.001000
  0.640415   0.408963  -0.289699   0.581972  -0.784421   1.132881   0.001000
  0.640415   0.408963  -0.289699   0.581972  -0.784421   1.132881   0.001000
  0.640415   0.408963  -0.289699   0.581972  -0.784421   1.132881   0.001000
  0.640415   0.408963  -0.289699   0.581972  -0.784421   1.132881   0.001000
  0.640131   0.403199  -0.286952   0.587640   0.183064   0.925741   0.001000
  0.640131   0.403199  -0.286952   0.587640   0.183064   0.925741   0.001000
  0.640131   0.403199  -0.286952   0.587640   0.183064   0.925741   0.001000
  0.640131   0.403199  -0.286952   0.587640   0.183064   0.925741   0.001000
  0.636361   0.409255  -0.293368   0.584372  -0.285318  -0.085804   0.001000
  0.636361   0.409255  -0.293368   0.584372  -0.285318  -0.085804   0.001000
  0.636361   0.409255  -0.293368   0.584372  -0.285318  -0.085804   0.001000
  0.646324   0.407041  -0.285508   0.578851   0.654030   0.136641   0.001000
  0.639870   0.406846  -0.288296   0.584746   0.150240   0.063946   0.001000
  0.637987   0.408181  -0.286491   0.586758  -0.543728   0.699470   0.001000
  0.637987   0.408181  -0.286491   0.586758  -0.543728   0.699470   0.001000
  0.637987   0.408181  -0.286491   0.586758  -0.543728   0.699470   0.001000
  0.637987   0.408181  -0.286491   0.586758  -0.543728   0.699470   0.001000
  0.637987   0.408181  -0.286491   0.586758  -0.543728   0.699470   0.001000
  0.637987   0.408181  -0.286491   0.586758  -0.543728   0.699470   0.001000
  0.637987   0.408181  -0.286491   0.586758  -0.543728   0.699470   0.001000
  0.637987   0.408181  -0.286491   0.586758  -0.543728   0.699470   0.001000
  0.659215   0.389625  -0.253235   0.591185  -0.166625   0.615352   0.001000
  0.641249   0.410466  -0.295154   0.577236   0.360322   0.742663   0.001000
  0.635450   0.407926  -0.289061   0.588424  -0.411242   0.404861   0.001000
  0.635450   0.407926  -0.289061   0.588424  -0.411242   0.404861   0.001000
  0.635450   0.407926  -0.289061   0.588424  -0.411242   0.404861   0.001000
  0.635450   0.407926  -0.289061   0.588424  -0.411242   0.404861   0.001000
  0.640534   0.410818  -0.288601   0.581081   0.173771   1.090598   0.001000
  0.635530   0.411102  -0.293639   0.583843  -0.599522   0.536355   0.001000
  0.635530   0.411102  -0.293639   0.583843  -0.599522   0.536355   0.001000
  0.635530   0.411102  -0.293639   0.583843  -0.599522   0.536355   0.001000
  0.635530   0.411102  -0.293639   0.583843  -0.599522   0.536355   0.001000
  0.635530   0.411102  -0.293639   0.583843  -0.599522   0.536355   0.001000
  0.635530   0.411102  -0.293639   0.583843  -0.599522   0.536355   0.001000
  0.635530   0.411102  -0.293639   0.583843  -0.599522   0.536355   0.001000
  0.635530   0.411102  -0.293639   0.583843  -0.599522   0.536355   0.001000
  0.635530   0.411102  -0.293639   0.583843  -0.599522   0.536355   0.001000
  0.635530   0.411102  -0.293639   0.583843  -0.599522   0.536355   0.001000
  0.635530   0.411102  -0.293639   0.583843  -0.599522   0.536355   0.001000
  0.635530   0.411102  -0.293639   0.583843  -0.599522   0.536355   0.001000
  0.635530   0.411102  -0.293639   0.583843  -0.599522   0.536355   0.001000
  0.635530   0.411102  -0.293639   0.583843  -0.599522   0.536355   0.001000
  0.635530   0.411102  -0.293639   0.583843  -0.599522   0.536355   0.001000
  0.635530   0.411102  -0.293639   0.583843  -0.599522   0.536355   0.001000
  0.635530   0.411102  -0.293639   0.583843  -0.599522   0.536355   0.001000
  0.635530   0.411102  -0.293639   0.583843  -0.599522   0.536355   0.001000
  0.635530   0.411102  -0.293639   0.583843  -0.599522   0.536355   0.001000
  0.635530   0.411102  -0.293639   0.583843  -0.599522   0.536355   0.001000
  0.635530   0.411102  -0.293639   0.583843  -0.599522   0.536355   0.001000
  0.635530   0.411102  -0.293639   0.583843  -0.599522   0.536355   0.001000
  0.635530   0.411102  -0.293639   0.583843  -0.599522   0.536355   0.001000
  0.635530   0.411102  -0.293639   0.583843  -0.599522   0.536355   0.001000
  0.635530   0.411102  -0.293639   0.583843  -0.599522   0.536355   0.001000
  0.635530   0.411102  -0.293639   0.583843  -0.599522   0.536355   0.001000
  0.635530   0.411102  -0.293639   0.583843  -0.599522   0.536355   0.001000
  0.635530   0.411102  -0.293639   0.583843  -0.599522   0.536355   0.001000
  0.635530   0.411102  -0.293639   0.583843  -0.599522   0.536355   0.001000
  0.635530   0.411102  -0.293639   0.583843  -0.599522   0.536355   0.001000
  0.635530   0.411102  -0.293639   0.583843  -0.599522   0.536355   0.001000
  0.636728   0.411214  -0.289533   0.584509   0.245036   0.715039   0.001000
  0.641340   0.407834  -0.286063   0.583542   0.465481   0.502712   0.001000
  0.638108   0.406027  -0.288674   0.587050   0.331690   0.200927   0.001000
  0.638108   0.406027  -0.288674   0.587050   0.331690   0.200927   0.001000
  0.639797   0.410786  -0.287139   0.582637   0.711428   0.600693   0.001000
  0.640612   0.406218  -0.288778   0.584132   0.350934   0.253972   0.001000
  0.640612   0.406218  -0.288778   0.584132   0.350934   0.253972   0.001000
  0.640612   0.406218  -0.288778   0.584132   0.350934   0.253972   0.001000
  0.640283   0.405349  -0.286217   0.586353   0.223934   0.518971   0.001000
  0.638746   0.411453  -0.289656   0.582074   0.564614   0.531662   0.001000
  0.637568   0.408019  -0.286520   0.587311   0.641841  -0.115563   0.001000
  0.641257   0.405777  -0.285577   0.585303   0.100473   0.232973   0.001000
  0.641257   0.405777  -0.285577   0.585303   0.100473   0.232973   0.001000
  0.638239   0.406722  -0.288185   0.586667  -0.498108   0.393068   0.001000
  0.638239   0.406722  -0.288185   0.586667  -0.498108   0.393068   0.001000
  0.638239   0.406722  -0.288185   0.586667  -0.498108   0.393068   0.001000
  0.638239   0.406722  -0.288185   0.586667  -0.498108   0.393068   0.001000
  0.638239   0.406722  -0.288185   0.586667  -0.498108   0.393068   0.001000
  0.638239   0.406722  -0.288185   0.586667  -0.498108   0.393068   0.001000
  0.638239   0.406722  -0.288185   0.586667  -0.498108   0.393068   0.001000
  0.638239   0.406722  -0.288185   0.586667  -0.498108   0.393068   0.001000
  0.638239   0.406722  -0.288185   0.586667  -0.498108   0.393068   0.001000
  0.638239   0.406722  -0.288185   0.586667  -0.498108   0.393068   0.001000
  0.638239   0.406722  -0.288185   0.586667  -0.498108   0.393068   0.001000
  0.638239   0.406722  -0.288185   0.586667  -0.498108   0.393068   0.001000
  0.638239   0.406722  -0.288185   0.586667  -0.498108   0.393068   0.001000
  0.638239   0.406722  -0.288185   0.586667  -0.498108   0.393068   0.001000
  0.638239   0.406722  -0.288185   0.586667  -0.498108   0.393068   0.001000
  0.638239   0.406722  -0.288185   0.586667  -0.498108   0.393068   0.001000
  0.638239   0.406722  -0.288185   0.586667  -0.498108   0.393068   0.001000
  0.638239   0.406722  -0.288185   0.586667  -0.498108   0.393068   0.001000
  0.638239   0.406722  -0.288185   0.586667  -0.498108   0.393068   0.001000
  0.635525   0.409572  -0.286551   0.588427   0.057129   0.327937   0.001000
  0.635525   0.409572  -0.286551   0.588427   0.057129   0.327937   0.001000
  0.635525   0.409572  -0.286551   0.588427   0.057129   0.327937   0.001000
  0.635525   0.409572  -0.286551   0.588427   0.057129   0.327937   0.001000
  0.635525   0.409572  -0.286551   0.588427   0.057129   0.327937   0.001000
  0.635525   0.409572  -0.286551   0.588427   0.057129   0.327937   0.001000
  0.635525   0.409572  -0.286551   0.588427   0.057129   0.327937   0.001000
  0.632967   0.420046  -0.289139   0.582506   0.311503   0.808531   0.001000
  0.639962   0.409498  -0.287288   0.583289   0.239206   0.397926   0.001000
  0.639962   0.409498  -0.287288   0.583289   0.239206   0.397926   0.001000
  0.639962   0.409498  -0.287288   0.583289   0.239206   0.397926   0.001000
  0.638023   0.409101  -0.288424   0.585127   0.220149   0.820698   0.001000
  0.638023   0.409101  -0.288424   0.585127   0.220149   0.820698   0.001000
  0.638023   0.409101  -0.288424   0.585127   0.220149   0.820698   0.001000
  0.638023   0.409101  -0.288424   0.585127   0.220149   0.820698   0.001000
  0.657979   0.395618  -0.289437   0.571643   0.467375   1.062872   0.001000
  0.657979   0.395618  -0.289437   0.571643   0.467375   1.062872   0.001000
  0.640429   0.408958  -0.289394   0.582113   0.459527   0.388246   0.001000
  0.638933   0.405429  -0.286486   0.587637  -0.245345   1.056797   0.001000
  0.638933   0.405429  -0.286486   0.587637  -0.245345   1.056797   0.001000
  0.638933   0.405429  -0.286486   0.587637  -0.245345   1.056797   0.001000
  0.638933   0.405429  -0.286486   0.587637  -0.245345   1.056797   0.001000
  0.638933   0.405429  -0.286486   0.587637  -0.245345   1.056797   0.001000
  0.638933   0.405429  -0.286486   0.587637  -0.245345   1.056797   0.001000
  0.638933   0.405429  -0.286486   0.587637  -0.245345   1.056797   0.001000
  0.640650   0.408466  -0.289408   0.582208  -0.341222   0.338138   0.001000
  0.640650   0.408466  -0.289408   0.582208  -0.341222   0.338138   0.001000
  0.640650   0.408466  -0.289408   0.582208  -0.341222   0.338138   0.001000
  0.640650   0.408466  -0.289408   0.582208  -0.341222   0.338138   0.001000
  0.637463   0.408197  -0.286795   0.587168  -0.405021  -0.012806   0.001000
  0.637463   0.408197  -0.286795   0.587168  -0.405021  -0.012806   0.001000
  0.637463   0.408197  -0.286795   0.587168  -0.405021  -0.012806   0.001000
  0.637463   0.408197  -0.286795   0.587168  -0.405021  -0.012806   0.001000
  0.639038   0.407532  -0.286651   0.585986   0.947379   0.192869   0.001000
  0.639850   0.407927  -0.292390   0.581976  -0.055225   0.061088   0.001000
  0.635736   0.412456  -0.287951   0.585495  -0.460741   0.980019   0.001000
  0.635736   0.412456  -0.287951   0.585495  -0.460741   0.980019   0.001000
  0.635736   0.412456  -0.287951   0.585495  -0.460741   0.980019   0.001000
  0.635736   0.412456  -0.287951   0.585495  -0.460741   0.980019   0.001000
  0.635736   0.412456  -0.287951   0.585495  -0.460741   0.980019   0.001000
  0.635736   0.412456  -0.287951   0.585495  -0.460741   0.980019   0.001000
  0.635736   0.412456  -0.287951   0.585495  -0.460741   0.980019   0.001000
  0.635736   0.412456  -0.287951   0.585495  -0.460741   0.980019   0.001000
  0.635736   0.412456  -0.287951   0.585495  -0.460741   0.980019   0.001000
  0.635736   0.412456  -0.287951   0.585495  -0.460741   0.980019   0.001000
  0.635736   0.412456  -0.287951   0.585495  -0.460741   0.980019   0.001000
  0.635736   0.412456  -0.287951   0.585495  -0.460741   0.980019   0.001000
  0.635736   0.412456  -0.287951   0.585495  -0.460741   0.980019   0.001000
  0.635736   0.412456  -0.287951   0.585495  -0.460741   0.980019   0.001000
  0.635736   0.412456  -0.287951   0.585495  -0.460741   0.980019   0.001000
  0.635736   0.412456  -0.287951   0.585495  -0.460741   0.980019   0.001000
  0.635736   0.412456  -0.287951   0.585495  -0.460741   0.980019   0.001000
  0.635736   0.412456  -0.287951   0.585495  -0.460741   0.980019   0.001000
  0.635736   0.412456  -0.287951   0.585495  -0.460741   0.980019   0.001000
  0.635736   0.412456  -0.287951   0.585495  -0.460741   0.980019   0.001000
  0.635736   0.412456  -0.287951   0.585495  -0.460741   0.980019   0.001000
  0.635736   0.412456  -0.287951   0.585495  -0.460741   0.980019   0.001000
  0.635736   0.412456  -0.287951   0.585495  -0.460741   0.980019   0.001000
  0.635736   0.412456  -0.287951   0.585495  -0.460741   0.980019   0.001000
  0.635736   0.412456  -0.287951   0.585495  -0.460741   0.980019   0.001000
  0.635736   0.412456  -0.287951   0.585495  -0.460741   0.980019   0.001000
  0.635736   0.412456  -0.287951   0.585495  -0.460741   0.980019   0.001000
  0.635736   0.412456  -0.287951   0.585495  -0.460741   0.980019   0.001000
  0.635736   0.412456  -0.287951   0.585495  -0.460741   0.980019   0.001000
  0.635736   0.412456  -0.287951   0.585495  -0.460741   0.980019   0.001000
  0.638424   0.406290  -0.291111   0.585318   0.716349   0.337723   0.001000
  0.638680   0.407493  -0.288702   0.585396   0.617827   0.864135   0.001000
  0.641511   0.404244  -0.291121   0.583351  -0.397451   0.248690   0.001000
  0.641511   0.404244  -0.291121   0.583351  -0.397451   0.248690   0.001000
  0.641511   0.404244  -0.291121   0.583351  -0.397451   0.248690   0.001000
  0.641511   0.404244  -0.291121   0.583351  -0.397451   0.248690   0.001000
  0.641511   0.404244  -0.291121   0.583351  -0.397451   0.248690   0.001000
  0.639362   0.410599  -0.285707   0.583948  -0.153945   0.552105   0.001000
  0.647185   0.406224  -0.286837   0.577804   0.306290   0.086406   0.001000
  0.640519   0.410750  -0.294070   0.578397  -0.129506   0.343953   0.001000
  0.639485   0.406282  -0.289675   0.584878   0.302181   0.314293   0.001000
  0.639485   0.406282  -0.289675   0.584878   0.302181   0.314293   0.001000
  0.609876   0.423717  -0.288129   0.604563  -0.314477   0.318173   0.001000
  0.609876   0.423717  -0.288129   0.604563  -0.314477   0.318173   0.001000
  0.609876   0.423717  -0.288129   0.604563  -0.314477   0.318173   0.001000
  0.639334   0.406572  -0.286074   0.586612   0.235332   0.272550   0.001000
  0.637798   0.407047  -0.286409   0.587789   0.398023   1.273748   0.001000
  0.631190   0.409063  -0.291610   0.590957  -0.310447   0.741981   0.001000
  0.631190   0.409063  -0.291610   0.590957  -0.310447   0.741981   0.001000
  0.631190   0.409063  -0.291610   0.590957  -0.310447   0.741981   0.001000
  0.631190   0.409063  -0.291610   0.590957  -0.310447   0.741981   0.001000
  0.631190   0.409063  -0.291610   0.590957  -0.310447   0.741981   0.001000
  0.631190   0.409063  -0.291610   0.590957  -0.310447   0.741981   0.001000
  0.631190   0.409063  -0.291610   0.590957  -0.310447   0.741981   0.001000
  0.631190   0.409063  -0.291610   0.590957  -0.310447   0.741981   0.001000
  0.631190   0.409063  -0.291610   0.590957  -0.310447   0.741981   0.001000
  0.631190   0.409063  -0.291610   0.590957  -0.310447   0.741981   0.001000
  0.631190   0.409063  -0.291610   0.590957  -0.310447   0.741981   0.001000
  0.631190   0.409063  -0.291610   0.590957  -0.310447   0.741981   0.001000
  0.631190   0.409063  -0.291610   0.590957  -0.310447   0.741981   0.001000
  0.631190   0.409063  -0.291610   0.590957  -0.310447   0.741981   0.001000
  0.631190   0.409063  -0.291610   0.590957  -0.310447   0.741981   0.001000
  0.631190   0.409063  -0.291610   0.590957  -0.310447   0.741981   0.001000
  0.631190   0.409063  -0.291610   0.590957  -0.310447   0.741981   0.001000
  0.631190   0.409063  -0.291610   0.590957  -0.310447   0.741981   0.001000
  0.631190   0.409063  -0.291610   0.590957  -0.310447   0.741981   0.001000
  0.631190   0.409063  -0.291610   0.590957  -0.310447   0.741981   0.001000
  0.631190   0.409063  -0.291610   0.590957  -0.310447   0.741981   0.001000
  0.631190   0.409063  -0.291610   0.590957  -0.310447   0.741981   0.001000
  0.631190   0.409063  -0.291610   0.590957  -0.310447   0.741981   0.001000
  0.631190   0.409063  -0.291610   0.590957  -0.310447   0.741981   0.001000
  0.631190   0.409063  -0.291610   0.590957  -0.310447   0.741981   0.001000
  0.631190   0.409063  -0.291610   0.590957  -0.310447   0.741981   0.001000
  0.631190   0.409063  -0.291610   0.590957  -0.310447   0.741981   0.001000
  0.631190   0.409063  -0.291610   0.590957  -0.310447   0.741981   0.001000
  0.631190   0.409063  -0.291610   0.590957  -0.310447   0.741981   0.001000
  0.631190   0.409063  -0.291610   0.590957  -0.310447   0.741981   0.001000
  0.631190   0.409063  -0.291610   0.590957  -0.310447   0.741981   0.001000
  0.631190   0.409063  -0.291610   0.590957  -0.310447   0.741981   0.001000
  0.631190   0.409063  -0.291610   0.590957  -0.310447   0.741981   0.001000
  0.631190   0.409063  -0.291610   0.590957  -0.310447   0.741981   0.001000
  0.631190   0.409063  -0.291610   0.590957  -0.310447   0.741981   0.001000
  0.631190   0.409063  -0.291610   0.590957  -0.310447   0.741981   0.001000
  0.631190   0.409063  -0.291610   0.590957  -0.310447   0.741981   0.001000
  0.631190   0.409063  -0.291610   0.590957  -0.310447   0.741981   0.001000
  0.631190   0.409063  -0.291610   0.590957  -0.310447   0.741981   0.001000
  0.631190   0.409063  -0.291610   0.590957  -0.310447   0.741981   0.001000
  0.631190   0.409063  -0.291610   0.590957  -0.310447   0.741981   0.001000
  0.640324   0.409747  -0.283774   0.584435   0.533566   0.430977   0.001000
  0.639524   0.405356  -0.287256   0.586668   0.608682   0.650935   0.001000
  0.638875   0.412047  -0.290656   0.581012  -0.226118   0.082610   0.001000
  0.640560   0.407720  -0.287245   0.583899  -0.181593   0.393150   0.001000
  0.640560   0.407720  -0.287245   0.583899  -0.181593   0.393150   0.001000
  0.640560   0.407720  -0.287245   0.583899  -0.181593   0.393150   0.001000
  0.640560   0.407720  -0.287245   0.583899  -0.181593   0.393150   0.001000
  0.640560   0.407720  -0.287245   0.583899  -0.181593   0.393150   0.001000
  0.640560   0.407720  -0.287245   0.583899  -0.181593   0.393150   0.001000
  0.640560   0.407720  -0.287245   0.583899  -0.181593   0.393150   0.001000
  0.640560   0.407720  -0.287245   0.583899  -0.181593   0.393150   0.001000
  0.640560   0.407720  -0.287245   0.583899  -0.181593   0.393150   0.001000
  0.636946   0.407658  -0.291156   0.585955   0.092343  -0.054282   0.001000
  0.636644   0.407675  -0.286746   0.588441   0.194088   0.462440   0.001000
  0.636644   0.407675  -0.286746   0.588441   0.194088   0.462440   0.001000
  0.636644   0.407675  -0.286746   0.588441   0.194088   0.462440   0.001000
  0.638356   0.409364  -0.284254   0.586620   0.591272   0.027262   0.001000
  0.636541   0.408616  -0.289107   0.586741   0.488748   0.694514   0.001000
  0.636541   0.408616  -0.289107   0.586741   0.488748   0.694514   0.001000
  0.639281   0.406309  -0.288507   0.585659   0.578418   0.617204   0.001000
  0.640027   0.406620  -0.287135   0.585303   0.174904  -0.231408   0.001000
  0.639483   0.407811  -0.288997   0.584151   0.331038   0.497720   0.001000
  0.639483   0.407811  -0.288997   0.584151   0.331038   0.497720   0.001000
  0.634134   0.416026  -0.281147   0.588007  -0.343373   0.362656   0.001000
  0.636519   0.404825  -0.290653   0.588626   0.112456   0.346046   0.001000
  0.636519   0.404825  -0.290653   0.588626   0.112456   0.346046   0.001000
  0.636519   0.404825  -0.290653   0.588626   0.112456   0.346046   0.001000
  0.636519   0.404825  -0.290653   0.588626   0.112456   0.346046   0.001000
  0.635463   0.409656  -0.291066   0.586216   0.370959   0.767480   0.001000
  0.638913   0.404630  -0.285270   0.588801   0.239764   0.491232   0.001000
  0.638913   0.404630  -0.285270   0.588801   0.239764   0.491232   0.001000
  0.638913   0.404630  -0.285270   0.588801   0.239764   0.491232   0.001000
  0.640011   0.405714  -0.288494   0.585281   0.200400   0.021304   0.001000
  0.637782   0.404986  -0.286164   0.589348   0.605432   0.315954   0.001000
  0.643069   0.398235  -0.283942   0.589278   0.994830  -0.408217   0.001000
  0.626923   0.412224  -0.281091   0.598353  -0.505384   0.061478   0.001000
  0.626923   0.412224  -0.281091   0.598353  -0.505384   0.061478   0.001000
  0.626923   0.412224  -0.281091   0.598353  -0.505384   0.061478   0.001000
  0.626923   0.412224  -0.281091   0.598353  -0.505384   0.061478   0.001000
  0.626923   0.412224  -0.281091   0.598353  -0.505384   0.061478   0.001000
  0.626923   0.412224  -0.281091   0.598353  -0.505384   0.061478   0.001000
  0.626923   0.412224  -0.281091   0.598353  -0.505384   0.061478   0.001000
  0.626923   0.412224  -0.281091   0.598353  -0.505384   0.061478   0.001000
  0.626923   0.412224  -0.281091   0.598353  -0.505384   0.061478   0.001000
  0.626923   0.412224  -0.281091   0.598353  -0.505384   0.061478   0.001000
  0.626923   0.412224  -0.281091   0.598353  -0.505384   0.061478   0.001000
  0.626923   0.412224  -0.281091   0.598353  -0.505384   0.061478   0.001000
  0.626923   0.412224  -0.281091   0.598353  -0.505384   0.061478   0.001000
  0.629097   0.406224  -0.286484   0.597617   0.239577   1.300763   0.001000
  0.629097   0.406224  -0.286484   0.597617   0.239577   1.300763   0.001000
  0.629097   0.406224  -0.286484   0.597617   0.239577   1.300763   0.001000
  0.629097   0.406224  -0.286484   0.597617   0.239577   1.300763   0.001000
  0.629097   0.406224  -0.286484   0.597617   0.239577   1.300763   0.001000
  0.629097   0.406224  -0.286484   0.597617   0.239577   1.300763   0.001000
  0.629097   0.406224  -0.286484   0.597617   0.239577   1.300763   0.001000
  0.641652   0.402508  -0.290622   0.584644   0.394841   1.015247   0.001000
  0.641652   0.402508  -0.290622   0.584644   0.394841   1.015247   0.001000
  0.641652   0.402508  -0.290622   0.584644   0.394841   1.015247   0.001000
  0.641652   0.402508  -0.290622   0.584644   0.394841   1.015247   0.001000
  0.641652   0.402508  -0.290622   0.584644   0.394841   1.015247   0.001000
  0.641652   0.402508  -0.290622   0.584644   0.394841   1.015247   0.001000
  0.641652   0.402508  -0.290622   0.584644   0.394841   1.015247   0.001000
  0.642179   0.409179  -0.276720   0.586178   0.195812   0.411241   0.001000
  0.642179   0.409179  -0.276720   0.586178   0.195812   0.411241   0.001000
  0.642179   0.409179  -0.276720   0.586178   0.195812   0.411241   0.001000
  0.642179   0.409179  -0.276720   0.586178   0.195812   0.411241   0.001000
  0.641874   0.406460  -0.288059   0.582932   0.046308   0.539723   0.001000
  0.641874   0.406460  -0.288059   0.582932   0.046308   0.539723   0.001000
  0.640361   0.405737  -0.285992   0.586109  -0.015699   0.022176   0.001000
  0.640361   0.405737  -0.285992   0.586109  -0.015699   0.022176   0.001000
  0.637235   0.410237  -0.285831   0.586462  -0.717944   1.208100   0.001000
  0.637235   0.410237  -0.285831   0.586462  -0.717944   1.208100   0.001000
  0.637235   0.410237  -0.285831   0.586462  -0.717944   1.208100   0.001000
  0.637235   0.410237  -0.285831   0.586462  -0.717944   1.208100   0.001000
  0.637235   0.410237  -0.285831   0.586462  -0.717944   1.208100   0.001000
  0.637235   0.410237  -0.285831   0.586462  -0.717944   1.208100   0.001000
  0.637235   0.410237  -0.285831   0.586462  -0.717944   1.208100   0.001000
  0.637235   0.410237  -0.285831   0.586462  -0.717944   1.208100   0.001000
  0.627183   0.404694  -0.287753   0.600052   0.276945   0.090342   0.001000
  0.638957   0.406278  -0.289532   0.585528   0.018271  -0.393471   0.001000
  0.636664   0.412053  -0.285934   0.585759   0.122111   0.360921   0.001000
  0.636664   0.412053  -0.285934   0.585759   0.122111   0.360921   0.001000
  0.641052   0.409833  -0.285344   0.582811  -0.279262   0.249543   0.001000
  0.641052   0.409833  -0.285344   0.582811  -0.279262   0.249543   0.001000
  0.641052   0.409833  -0.285344   0.582811  -0.279262   0.249543   0.001000
  0.641052   0.409833  -0.285344   0.582811  -0.279262   0.249543   0.001000
  0.641052   0.409833  -0.285344   0.582811  -0.279262   0.249543   0.001000
  0.641052   0.409833  -0.285344   0.582811  -0.279262   0.249543   0.001000
  0.641052   0.409833  -0.285344   0.582811  -0.279262   0.249543   0.001000
  0.637769   0.412591  -0.282111   0.586032   0.343174   0.971444   0.001000
  0.637769   0.412591  -0.282111   0.586032   0.343174   0.971444   0.001000
  0.641306   0.404997  -0.287525   0.584837   0.335788   0.313710   0.001000
  0.638498   0.407273  -0.285025   0.587545  -0.178278   0.442041   0.001000
  0.638498   0.407273  -0.285025   0.587545  -0.178278   0.442041   0.001000
  0.638498   0.407273  -0.285025   0.587545  -0.178278   0.442041   0.001000
  0.638498   0.407273  -0.285025   0.587545  -0.178278   0.442041   0.001000
  0.638498   0.407273  -0.285025   0.587545  -0.178278   0.442041   0.001000
  0.638498   0.407273  -0.285025   0.587545  -0.178278   0.442041   0.001000
  0.638498   0.407273  -0.285025   0.587545  -0.178278   0.442041   0.001000
  0.638498   0.407273  -0.285025   0.587545  -0.178278   0.442041   0.001000
  0.638104   0.409283  -0.288652   0.584799   0.264534   0.551580   0.001000
  0.638104   0.409283  -0.288652   0.584799   0.264534   0.551580   0.001000
  0.642187   0.401400  -0.283747   0.588185   0.418622   0.781203   0.001000
  0.636579   0.409139  -0.292378   0.584712   0.382895   0.728143   0.001000
  0.636504   0.410258  -0.287477   0.586437   0.202718  -0.061062   0.001000
  0.636504   0.410258  -0.287477   0.586437   0.202718  -0.061062   0.001000
  0.638280   0.412793  -0.289154   0.581885   0.235709   0.945255   0.001000
  0.638280   0.412793  -0.289154   0.581885   0.235709   0.945255   0.001000
  0.639314   0.407449  -0.287467   0.585342   0.306255   0.209812   0.001000
  0.639314   0.407449  -0.287467   0.585342   0.306255   0.209812   0.001000
  0.639314   0.407449  -0.287467   0.585342   0.306255   0.209812   0.001000
  0.639314   0.407449  -0.287467   0.585342   0.306255   0.209812   0.001000
  0.639314   0.407449  -0.287467   0.585342   0.306255   0.209812   0.001000
  0.639314   0.407449  -0.287467   0.585342   0.306255   0.209812   0.001000
  0.639314   0.407449  -0.287467   0.585342   0.306255   0.209812   0.001000
  0.638360   0.408453  -0.286965   0.585930   0.320190   0.052383   0.001000
  0.646546   0.414578  -0.278730   0.576552   0.011290   0.012253   0.001000
  0.638099   0.406045  -0.298962   0.581876   0.703773   0.882758   0.001000
  0.638099   0.406045  -0.298962   0.581876   0.703773   0.882758   0.001000
  0.641977   0.408844  -0.293131   0.578607   0.471159   0.611007   0.001000
  0.637735   0.413316  -0.288987   0.582194   0.053721  -0.091217   0.001000
  0.637735   0.413316  -0.288987   0.582194   0.053721  -0.091217   0.001000
  0.643378   0.400712  -0.284412   0.587030   0.261953  -0.141003   0.001000
  0.636384   0.408485  -0.293497   0.584820   0.336255   0.380228   0.001000
  0.636384   0.408485  -0.293497   0.584820   0.336255   0.380228   0.001000
  0.636384   0.408485  -0.293497   0.584820   0.336255   0.380228   0.001000
  0.636384   0.408485  -0.293497   0.584820   0.336255   0.380228   0.001000
  0.638991   0.408423  -0.283828   0.586791   0.521136   0.411137   0.001000
  0.641963   0.403330  -0.289916   0.584086   0.458947  -0.083806   0.001000
  0.639282   0.407838  -0.289334   0.584186   0.394282   0.430038   0.001000
  0.639282   0.407838  -0.289334   0.584186   0.394282   0.430038   0.001000
  0.639028   0.404159  -0.283490   0.589858   0.147973   0.170798   0.001000
  0.642193   0.411304  -0.291419   0.577487   0.476000   0.133195   0.001000
  0.648534   0.400828  -0.285070   0.580927   0.185803   0.211644   0.001000
  0.648534   0.400828  -0.285070   0.580927   0.185803   0.211644   0.001000
  0.645676   0.407980  -0.291844   0.575745   0.168724   0.047059   0.001000
  0.636709   0.410013  -0.287262   0.586491  -0.226709   0.889185   0.001000
  0.636709   0.410013  -0.287262   0.586491  -0.226709   0.889185   0.001000
  0.636709   0.410013  -0.287262   0.586491  -0.226709   0.889185   0.001000
  0.636709   0.410013  -0.287262   0.586491  -0.226709   0.889185   0.001000
  0.636709   0.410013  -0.287262   0.586491  -0.226709   0.889185   0.001000
  0.636709   0.410013  -0.287262   0.586491  -0.226709   0.889185   0.001000
  0.636709   0.410013  -0.287262   0.586491  -0.226709   0.889185   0.001000
  0.636709   0.410013  -0.287262   0.586491  -0.226709   0.889185   0.001000
  0.636709   0.410013  -0.287262   0.586491  -0.226709   0.889185   0.001000
  0.636709   0.410013  -0.287262   0.586491  -0.226709   0.889185   0.001000
  0.646872   0.403343  -0.294607   0.576262   0.214037   0.901136   0.001000
  0.646872   0.403343  -0.294607   0.576262   0.214037   0.901136   0.001000
  0.646872   0.403343  -0.294607   0.576262   0.214037   0.901136   0.001000
  0.639397   0.408685  -0.285197   0.585500   0.616003   0.267526   0.001000
  0.639397   0.408685  -0.285197   0.585500   0.616003   0.267526   0.001000
  0.639397   0.408685  -0.285197   0.585500   0.616003   0.267526   0.001000
  0.635986   0.403847  -0.294342   0.588040  -0.084794  -0.029620   0.001000
  0.635986   0.403847  -0.294342   0.588040  -0.084794  -0.029620   0.001000
  0.635986   0.403847  -0.294342   0.588040  -0.084794  -0.029620   0.001000
  0.635986   0.403847  -0.294342   0.588040  -0.084794  -0.029620   0.001000
  0.635986   0.403847  -0.294342   0.588040  -0.084794  -0.029620   0.001000
  0.640771   0.410407  -0.286277   0.582257  -0.112362   0.511900   0.001000
  0.640771   0.410407  -0.286277   0.582257  -0.112362   0.511900   0.001000
  0.640771   0.410407  -0.286277   0.582257  -0.112362   0.511900   0.001000
  0.640014   0.406146  -0.286478   0.585967   0.779295   0.951928   0.001000
  0.650449   0.391855  -0.276959   0.588778   0.439780   0.646211   0.001000
  0.627670   0.400157  -0.280747   0.605876   0.241327  -0.069150   0.001000
  0.643237   0.406708  -0.284987   0.582767   0.939701   0.431905   0.001000
  0.637060   0.406628  -0.287533   0.588330   0.536418   0.514771   0.001000
  0.639335   0.405313  -0.289723   0.585690   0.611596   0.343284   0.001000
  0.639335   0.405313  -0.289723   0.585690   0.611596   0.343284   0.001000
  0.639617   0.395079  -0.294692   0.589881   0.266763   0.348891   0.001000
  0.639617   0.395079  -0.294692   0.589881   0.266763   0.348891   0.001000
  0.639617   0.395079  -0.294692   0.589881   0.266763   0.348891   0.001000
  0.639617   0.395079  -0.294692   0.589881   0.266763   0.348891   0.001000
  0.639617   0.395079  -0.294692   0.589881   0.266763   0.348891   0.001000
  0.639617   0.395079  -0.294692   0.589881   0.266763   0.348891   0.001000
  0.639617   0.395079  -0.294692   0.589881   0.266763   0.348891   0.001000
  0.637816   0.410092  -0.284903   0.586383   0.211875  -0.156689   0.001000
  0.637816   0.410092  -0.284903   0.586383   0.211875  -0.156689   0.001000
  0.637816   0.410092  -0.284903   0.586383   0.211875  -0.156689   0.001000
  0.640289   0.401142  -0.287657   0.588531  -0.032603   0.497207   0.001000
  0.640289   0.401142  -0.287657   0.588531  -0.032603   0.497207   0.001000
  0.640289   0.401142  -0.287657   0.588531  -0.032603   0.497207   0.001000
  0.640289   0.401142  -0.287657   0.588531  -0.032603   0.497207   0.001000
  0.640289   0.401142  -0.287657   0.588531  -0.032603   0.497207   0.001000
  0.640289   0.401142  -0.287657   0.588531  -0.032603   0.497207   0.001000
  0.640289   0.401142  -0.287657   0.588531  -0.032603   0.497207   0.001000
  0.633626   0.410645  -0.286275   0.589860  -0.381129   0.614920   0.001000
  0.633626   0.410645  -0.286275   0.589860  -0.381129   0.614920   0.001000
  0.633626   0.410645  -0.286275   0.589860  -0.381129   0.614920   0.001000
  0.633626   0.410645  -0.286275   0.589860  -0.381129   0.614920   0.001000
  0.637901   0.407440  -0.290147   0.585568   0.210324   0.071580   0.001000
  0.632420   0.409317  -0.278615   0.595716   0.247968  -0.047368   0.001000
  0.638032   0.406118  -0.284941   0.588891   0.398671   0.032806   0.001000
  0.638092   0.408475  -0.283136   0.588065   0.322611   0.529437   0.001000
  0.638092   0.408475  -0.283136   0.588065   0.322611   0.529437   0.001000
  0.638092   0.408475  -0.283136   0.588065   0.322611   0.529437   0.001000
  0.637958   0.405146  -0.289828   0.587253  -0.354942   0.606818   0.001000
  0.637958   0.405146  -0.289828   0.587253  -0.354942   0.606818   0.001000
  0.637958   0.405146  -0.289828   0.587253  -0.354942   0.606818   0.001000
  0.637958   0.405146  -0.289828   0.587253  -0.354942   0.606818   0.001000
  0.637958   0.405146  -0.289828   0.587253  -0.354942   0.606818   0.001000
  0.637958   0.405146  -0.289828   0.587253  -0.354942   0.606818   0.001000
  0.637958   0.405146  -0.289828   0.587253  -0.354942   0.606818   0.001000
  0.637958   0.405146  -0.289828   0.587253  -0.354942   0.606818   0.001000
  0.637958   0.405146  -0.289828   0.587253  -0.354942   0.606818   0.001000
  0.637958   0.405146  -0.289828   0.587253  -0.354942   0.606818   0.001000
  0.637958   0.405146  -0.289828   0.587253  -0.354942   0.606818   0.001000
  0.637958   0.405146  -0.289828   0.587253  -0.354942   0.606818   0.001000
  0.637958   0.405146  -0.289828   0.587253  -0.354942   0.606818   0.001000
  0.637958   0.405146  -0.289828   0.587253  -0.354942   0.606818   0.001000
  0.637958   0.405146  -0.289828   0.587253  -0.354942   0.606818   0.001000
  0.637958   0.405146  -0.289828   0.587253  -0.354942   0.606818   0.001000
  0.637958   0.405146  -0.289828   0.587253  -0.354942   0.606818   0.001000
  0.637958   0.405146  -0.289828   0.587253  -0.354942   0.606818   0.001000
  0.637958   0.405146  -0.289828   0.587253  -0.354942   0.606818   0.001000
  0.637958   0.405146  -0.289828   0.587253  -0.354942   0.606818   0.001000
  0.637958   0.405146  -0.289828   0.587253  -0.354942   0.606818   0.001000
  0.637958   0.405146  -0.289828   0.587253  -0.354942   0.606818   0.001000
  0.645950   0.402380  -0.280074   0.585148  -0.135839   0.314560   0.001000
  0.645950   0.402380  -0.280074   0.585148  -0.135839   0.314560   0.001000
  0.637059   0.409539  -0.291260   0.584467   0.597176   0.864090   0.001000
  0.639642   0.409397  -0.288200   0.583261   0.199920  -0.166578   0.001000
  0.636393   0.409945  -0.288178   0.586431  -0.791429   0.213048   0.001000
  0.636393   0.409945  -0.288178   0.586431  -0.791429   0.213048   0.001000
  0.636393   0.409945  -0.288178   0.586431  -0.791429   0.213048   0.001000
  0.636393   0.409945  -0.288178   0.586431  -0.791429   0.213048   0.001000
  0.636393   0.409945  -0.288178   0.586431  -0.791429   0.213048   0.001000
  0.636393   0.409945  -0.288178   0.586431  -0.791429   0.213048   0.001000
  0.636393   0.409945  -0.288178   0.586431  -0.791429   0.213048   0.001000
  0.636393   0.409945  -0.288178   0.586431  -0.791429   0.213048   0.001000
  0.636393   0.409945  -0.288178   0.586431  -0.791429   0.213048   0.001000
  0.636393   0.409945  -0.288178   0.586431  -0.791429   0.213048   0.001000
  0.636393   0.409945  -0.288178   0.586431  -0.791429   0.213048   0.001000
  0.636393   0.409945  -0.288178   0.586431  -0.791429   0.213048   0.001000
  0.636393   0.409945  -0.288178   0.586431  -0.791429   0.213048   0.001000
  0.636393   0.409945  -0.288178   0.586431  -0.791429   0.213048   0.001000
  0.636393   0.409945  -0.288178   0.586431  -0.791429   0.213048   0.001000
  0.636393   0.409945  -0.288178   0.586431  -0.791429   0.213048   0.001000
  0.636393   0.409945  -0.288178   0.586431  -0.791429   0.213048   0.001000
  0.636393   0.409945  -0.288178   0.586431  -0.791429   0.213048   0.001000
  0.636393   0.409945  -0.288178   0.586431  -0.791429   0.213048   0.001000
  0.636393   0.409945  -0.288178   0.586431  -0.791429   0.213048   0.001000
  0.636393   0.409945  -0.288178   0.586431  -0.791429   0.213048   0.001000
  0.636393   0.409945  -0.288178   0.586431  -0.791429   0.213048   0.001000
  0.636393   0.409945  -0.288178   0.586431  -0.791429   0.213048   0.001000
  0.636393   0.409945  -0.288178   0.586431  -0.791429   0.213048   0.001000
  0.636393   0.409945  -0.288178   0.586431  -0.791429   0.213048   0.001000
  0.636393   0.409945  -0.288178   0.586431  -0.791429   0.213048   0.001000
  0.636393   0.409945  -0.288178   0.586431  -0.791429   0.213048   0.001000
  0.636393   0.409945  -0.288178   0.586431  -0.791429   0.213048   0.001000
  0.636393   0.409945  -0.288178   0.586431  -0.791429   0.213048   0.001000
  0.636393   0.409945  -0.288178   0.586431  -0.791429   0.213048   0.001000
  0.636393   0.409945  -0.288178   0.586431  -0.791429   0.213048   0.001000
  0.633330   0.399018  -0.292398   0.595132  -0.005408   0.335857   0.001000
  0.633330   0.399018  -0.292398   0.595132  -0.005408   0.335857   0.001000
  0.633330   0.399018  -0.292398   0.595132  -0.005408   0.335857   0.001000
  0.639748   0.409406  -0.289404   0.582541   0.789664  -0.163176   0.001000
  0.640433   0.408521  -0.289696   0.582265  -0.486083   0.340218   0.001000
  0.640433   0.408521  -0.289696   0.582265  -0.486083   0.340218   0.001000
  0.635996   0.408311  -0.294526   0.584846  -0.203179   0.570323   0.001000
  0.635996   0.408311  -0.294526   0.584846  -0.203179   0.570323   0.001000
  0.635996   0.408311  -0.294526   0.584846  -0.203179   0.570323   0.001000
  0.635996   0.408311  -0.294526   0.584846  -0.203179   0.570323   0.001000
  0.635996   0.408311  -0.294526   0.584846  -0.203179   0.570323   0.001000
  0.635996   0.408311  -0.294526   0.584846  -0.203179   0.570323   0.001000
  0.637891   0.406393  -0.291813   0.585478   0.551147  -0.057221   0.001000
  0.637891   0.406393  -0.291813   0.585478   0.551147  -0.057221   0.001000
  0.633388   0.408016  -0.291705   0.589280  -0.292957   0.591576   0.001000
  0.633388   0.408016  -0.291705   0.589280  -0.292957   0.591576   0.001000
  0.633388   0.408016  -0.291705   0.589280  -0.292957   0.591576   0.001000
  0.633388   0.408016  -0.291705   0.589280  -0.292957   0.591576   0.001000
  0.633388   0.408016  -0.291705   0.589280  -0.292957   0.591576   0.001000
  0.633388   0.408016  -0.291705   0.589280  -0.292957   0.591576   0.001000
  0.633388   0.408016  -0.291705   0.589280  -0.292957   0.591576   0.001000
  0.633388   0.408016  -0.291705   0.589280  -0.292957   0.591576   0.001000
  0.633388   0.408016  -0.291705   0.589280  -0.292957   0.591576   0.001000
  0.633388   0.408016  -0.291705   0.589280  -0.292957   0.591576   0.001000
  0.633388   0.408016  -0.291705   0.589280  -0.292957   0.591576   0.001000
  0.633388   0.408016  -0.291705   0.589280  -0.292957   0.591576   0.001000
  0.633388   0.408016  -0.291705   0.589280  -0.292957   0.591576   0.001000
  0.633388   0.408016  -0.291705   0.589280  -0.292957   0.591576   0.001000
  0.633388   0.408016  -0.291705   0.589280  -0.292957   0.591576   0.001000
  0.633388   0.408016  -0.291705   0.589280  -0.292957   0.591576   0.001000
  0.633388   0.408016  -0.291705   0.589280  -0.292957   0.591576   0.001000
  0.633388   0.408016  -0.291705   0.589280  -0.292957   0.591576   0.001000
  0.633388   0.408016  -0.291705   0.589280  -0.292957   0.591576   0.001000
  0.633388   0.408016  -0.291705   0.589280  -0.292957   0.591576   0.001000
  0.633388   0.408016  -0.291705   0.589280  -0.292957   0.591576   0.001000
  0.633388   0.408016  -0.291705   0.589280  -0.292957   0.591576   0.001000
  0.633388   0.408016  -0.291705   0.589280  -0.292957   0.591576   0.001000
  0.633388   0.408016  -0.291705   0.589280  -0.292957   0.591576   0.001000
  0.633388   0.408016  -0.291705   0.589280  -0.292957   0.591576   0.001000
  0.633388   0.408016  -0.291705   0.589280  -0.292957   0.591576   0.001000
  0.633388   0.408016  -0.291705   0.589280  -0.292957   0.591576   0.001000
  0.633388   0.408016  -0.291705   0.589280  -0.292957   0.591576   0.001000
  0.633388   0.408016  -0.291705   0.589280  -0.292957   0.591576   0.001000
  0.633388   0.408016  -0.291705   0.589280  -0.292957   0.591576   0.001000
  0.633388   0.408016  -0.291705   0.589280  -0.292957   0.591576   0.001000
  0.633388   0.408016  -0.291705   0.589280  -0.292957   0.591576   0.001000
  0.633388   0.408016  -0.291705   0.589280  -0.292957   0.591576   0.001000
  0.633388   0.408016  -0.291705   0.589280  -0.292957   0.591576   0.001000
  0.633388   0.408016  -0.291705   0.589280  -0.292957   0.591576   0.001000
  0.633388   0.408016  -0.291705   0.589280  -0.292957   0.591576   0.001000
  0.633388   0.408016  -0.291705   0.589280  -0.292957   0.591576   0.001000
  0.633388   0.408016  -0.291705   0.589280  -0.292957   0.591576   0.001000
  0.633388   0.408016  -0.291705   0.589280  -0.292957   0.591576   0.001000
  0.633388   0.408016  -0.291705   0.589280  -0.292957   0.591576   0.001000
  0.633388   0.408016  -0.291705   0.589280  -0.292957   0.591576   0.001000
  0.633388   0.408016  -0.291705   0.589280  -0.292957   0.591576   0.001000
  0.633388   0.408016  -0.291705   0.589280  -0.292957   0.591576   0.001000
  0.633388   0.408016  -0.291705   0.589280  -0.292957   0.591576   0.001000
  0.633388   0.408016  -0.291705   0.589280  -0.292957   0.591576   0.001000
  0.633388   0.408016  -0.291705   0.589280  -0.292957   0.591576   0.001000
  0.633388   0.408016  -0.291705   0.589280  -0.292957   0.591576   0.001000
  0.633388   0.408016  -0.291705   0.589280  -0.292957   0.591576   0.001000
  0.633388   0.408016  -0.291705   0.589280  -0.292957   0.591576   0.001000
  0.633388   0.408016  -0.291705   0.589280  -0.292957   0.591576   0.001000
  0.633388   0.408016  -0.291705   0.589280  -0.292957   0.591576   0.001000
  0.633388   0.408016  -0.291705   0.589280  -0.292957   0.591576   0.001000
  0.633388   0.408016  -0.291705   0.589280  -0.292957   0.591576   0.001000
  0.633388   0.408016  -0.291705   0.589280  -0.292957   0.591576   0.001000
  0.638288   0.408278  -0.286126   0.586540   0.554693  -0.201904   0.001000
  0.638288   0.408278  -0.286126   0.586540   0.554693  -0.201904   0.001000
  0.637529   0.410840  -0.291249   0.583045   0.661611   0.225833   0.001000
  0.639723   0.408016  -0.287715   0.584378  -0.200696   0.573235   0.001000
  0.639723   0.408016  -0.287715   0.584378  -0.200696   0.573235   0.001000
  0.639723   0.408016  -0.287715   0.584378  -0.200696   0.573235   0.001000
  0.639723   0.408016  -0.287715   0.584378  -0.200696   0.573235   0.001000
  0.639723   0.408016  -0.287715   0.584378  -0.200696   0.573235   0.001000
  0.640146   0.408695  -0.290436   0.582090  -0.427882   0.608059   0.001000
  0.640146   0.408695  -0.290436   0.582090  -0.427882   0.608059   0.001000
  0.640146   0.408695  -0.290436   0.582090  -0.427882   0.608059   0.001000
  0.640146   0.408695  -0.290436   0.582090  -0.427882   0.608059   0.001000
  0.639463   0.405696  -0.286323   0.586956  -0.057272   0.142379   0.001000
  0.639463   0.405696  -0.286323   0.586956  -0.057272   0.142379   0.001000
  0.639463   0.405696  -0.286323   0.586956  -0.057272   0.142379   0.001000
  0.639463   0.405696  -0.286323   0.586956  -0.057272   0.142379   0.001000
  0.638827   0.407515  -0.284842   0.587109   0.935380   0.755937   0.001000
  0.638160   0.406091  -0.287981   0.587290   0.868646   0.365345   0.001000
  0.638548   0.407641  -0.287254   0.586148   0.272493   0.577623   0.001000
  0.638548   0.407641  -0.287254   0.586148   0.272493   0.577623   0.001000
  0.638548   0.407641  -0.287254   0.586148   0.272493   0.577623   0.001000
  0.639463   0.408896  -0.287723   0.584043   0.788681   0.214439   0.001000
  0.637847   0.406981  -0.286502   0.587737   0.347600   0.307950   0.001000
  0.637847   0.406981  -0.286502   0.587737   0.347600   0.307950   0.001000
  0.636385   0.405122  -0.288401   0.589673   0.488379   0.629323   0.001000
  0.637286   0.410057  -0.291850   0.583561   1.050645   0.151181   0.001000
  0.638575   0.408522  -0.286296   0.585975   0.084565   0.540634   0.001000
