 -0.288527  -0.088611  -0.389167   0.870316   1.032689   1.034350   0.001000
 -0.301713  -0.073978  -0.376943   0.872588   1.120749   1.158745   0.001000
 -0.305338  -0.063533  -0.387711   0.867417   1.139955   0.879013   0.001000
 -0.298174  -0.074378  -0.386561   0.869558   1.296107   0.895807   0.001000
 -0.284366  -0.072680  -0.395265   0.870413   1.224799   0.930749   0.001000
 -0.272723  -0.081110  -0.392085   0.874822   1.066254   0.967377   0.001000
 -0.299569  -0.079941  -0.375182   0.873559   1.309740   0.776976   0.001000
 -0.290699  -0.068756  -0.392511   0.869886   1.081572   0.954236   0.001000
 -0.290699  -0.068756  -0.392511   0.869886   1.081572   0.954236   0.001000
 -0.291803  -0.083951  -0.395309   0.866911   1.156082   1.038967   0.001000
 -0.288791  -0.062635  -0.385692   0.874024   1.058959   1.247859   0.001000
 -0.288791  -0.062635  -0.385692   0.874024   1.058959   1.247859   0.001000
 -0.288791  -0.062635  -0.385692   0.874024   1.058959   1.247859   0.001000
 -0.288791  -0.062635  -0.385692   0.874024   1.058959   1.247859   0.001000
 -0.288791  -0.062635  -0.385692   0.874024   1.058959   1.247859   0.001000
 -0.288791  -0.062635  -0.385692   0.874024   1.058959   1.247859   0.001000
 -0.286103  -0.067205  -0.388715   0.873229   0.992597   0.765453   0.001000
 -0.299171  -0.066170  -0.379223   0.873102   0.925543   0.912509   0.001000
 -0.299171  -0.066170  -0.379223   0.873102   0.925543   0.912509   0.001000
 -0.299171  -0.066170  -0.379223   0.873102   0.925543   0.912509   0.001000
 -0.299171  -0.066170  -0.379223   0.873102   0.925543   0.912509   0.001000
 -0.299171  -0.066170  -0.379223   0.873102   0.925543   0.912509   0.001000
 -0.307097  -0.055799  -0.388106   0.867152   0.899609   1.005498   0.001000
 -0.486150  -0.403449  -0.626307   0.456757   1.012305   1.039304   0.001000
 -0.303405  -0.077878  -0.388976   0.866359   1.050849   1.175896   0.001000
 -0.303405  -0.077878  -0.388976   0.866359   1.050849   1.175896   0.001000
 -0.303405  -0.077878  -0.388976   0.866359   1.050849   1.175896   0.001000
 -0.303405  -0.077878  -0.388976   0.866359   1.050849   1.175896   0.001000
 -0.303405  -0.077878  -0.388976   0.866359   1.050849   1.175896   0.001000
 -0.299920  -0.043186  -0.350608   0.886147   0.994379   1.190822   0.001000
 -0.281423  -0.072168  -0.387797   0.874761   1.102434   1.090303   0.001000
 -0.274683  -0.053115  -0.382164   0.880727   1.007279   1.207810   0.001000
 -0.285974  -0.074399  -0.375805   0.878324   1.138041   0.984770   0.001000
 -0.285974  -0.074399  -0.375805   0.878324   1.138041   0.984770   0.001000
 -0.285974  -0.074399  -0.375805   0.878324   1.138041   0.984770   0.001000
 -0.285974  -0.074399  -0.375805   0.878324   1.138041   0.984770   0.001000
 -0.285974  -0.074399  -0.375805   0.878324   1.138041   0.984770   0.001000
 -0.291330  -0.078931  -0.379427   0.874604   1.063569   0.916880   0.001000
 -0.291330  -0.078931  -0.379427   0.874604   1.063569   0.916880   0.001000
 -0.291330  -0.078931  -0.379427   0.874604   1.063569   0.916880   0.001000
 -0.291330  -0.078931  -0.379427   0.874604   1.063569   0.916880   0.001000
 -0.310079  -0.067130  -0.380134   0.868817   1.023628   0.983483   0.001000
 -0.289651  -0.076618  -0.379189   0.875470   0.953414   0.974413   0.001000
 -0.303842  -0.065090  -0.372067   0.874648   1.041287   1.096337   0.001000
 -0.303842  -0.065090  -0.372067   0.874648   1.041287   1.096337   0.001000
 -0.309370  -0.062554  -0.384100   0.867666   0.891670   1.086949   0.001000
 -0.309370  -0.062554  -0.384100   0.867666   0.891670   1.086949   0.001000
 -0.309370  -0.062554  -0.384100   0.867666   0.891670   1.086949   0.001000
 -0.309370  -0.062554  -0.384100   0.867666   0.891670   1.086949   0.001000
 -0.309370  -0.062554  -0.384100   0.867666   0.891670   1.086949   0.001000
 -0.286463  -0.068490  -0.389854   0.872503   0.856589   1.087854   0.001000
 -0.286463  -0.068490  -0.389854   0.872503   0.856589   1.087854   0.001000
 -0.286463  -0.068490  -0.389854   0.872503   0.856589   1.087854   0.001000
 -0.286463  -0.068490  -0.389854   0.872503   0.856589   1.087854   0.001000
 -0.286463  -0.068490  -0.389854   0.872503   0.856589   1.087854   0.001000
 -0.286463  -0.068490  -0.389854   0.872503   0.856589   1.087854   0.001000
 -0.286463  -0.068490  -0.389854   0.872503   0.856589   1.087854   0.001000
 -0.286463  -0.068490  -0.389854   0.872503   0.856589   1.087854   0.001000
 -0.286463  -0.068490  -0.389854   0.872503   0.856589   1.087854   0.001000
 -0.285164  -0.074142  -0.380628   0.876531   0.900536   1.044409   0.001000
 -0.285164  -0.074142  -0.380628   0.876531   0.900536   1.044409   0.001000
 -0.285164  -0.074142  -0.380628   0.876531   0.900536   1.044409   0.001000
 -0.285164  -0.074142  -0.380628   0.876531   0.900536   1.044409   0.001000
 -0.285164  -0.074142  -0.380628   0.876531   0.900536   1.044409   0.001000
 -0.285164  -0.074142  -0.380628   0.876531   0.900536   1.044409   0.001000
 -0.301882  -0.067573  -0.383963   0.869985   0.791616   1.285766   0.001000
 -0.301882  -0.067573  -0.383963   0.869985   0.791616   1.285766   0.001000
 -0.301882  -0.067573  -0.383963   0.869985   0.791616   1.285766   0.001000
 -0.301882  -0.067573  -0.383963   0.869985   0.791616   1.285766   0.001000
 -0.301882  -0.067573  -0.383963   0.869985   0.791616   1.285766   0.001000
 -0.301882  -0.067573  -0.383963   0.869985   0.791616   1.285766   0.001000
 -0.301882  -0.067573  -0.383963   0.869985   0.791616   1.285766   0.001000
 -0.301882  -0.067573  -0.383963   0.869985   0.791616   1.285766   0.001000
 -0.301882  -0.067573  -0.383963   0.869985   0.791616   1.285766   0.001000
 -0.301882  -0.067573  -0.383963   0.869985   0.791616   1.285766   0.001000
 -0.301882  -0.067573  -0.383963   0.869985   0.791616   1.285766   0.001000
 -0.301882  -0.067573  -0.383963   0.869985   0.791616   1.285766   0.001000
 -0.301882  -0.067573  -0.383963   0.869985   0.791616   1.285766   0.001000
 -0.301882  -0.067573  -0.383963   0.869985   0.791616   1.285766   0.001000
 -0.301882  -0.067573  -0.383963   0.869985   0.791616   1.285766   0.001000
 -0.301882  -0.067573  -0.383963   0.869985   0.791616   1.285766   0.001000
 -0.301882  -0.067573  -0.383963   0.869985   0.791616   1.285766   0.001000
 -0.301882  -0.067573  -0.383963   0.869985   0.791616   1.285766   0.001000
 -0.301882  -0.067573  -0.383963   0.869985   0.791616   1.285766   0.001000
 -0.301882  -0.067573  -0.383963   0.869985   0.791616   1.285766   0.001000
 -0.301882  -0.067573  -0.383963   0.869985   0.791616   1.285766   0.001000
 -0.301882  -0.067573  -0.383963   0.869985   0.791616   1.285766   0.001000
 -0.301882  -0.067573  -0.383963   0.869985   0.791616   1.285766   0.001000
 -0.301882  -0.067573  -0.383963   0.869985   0.791616   1.285766   0.001000
 -0.301882  -0.067573  -0.383963   0.869985   0.791616   1.285766   0.001000
 -0.301882  -0.067573  -0.383963   0.869985   0.791616   1.285766   0.001000
 -0.301882  -0.067573  -0.383963   0.869985   0.791616   1.285766   0.001000
 -0.301882  -0.067573  -0.383963   0.869985   0.791616   1.285766   0.001000
 -0.301882  -0.067573  -0.383963   0.869985   0.791616   1.285766   0.001000
 -0.301882  -0.067573  -0.383963   0.869985   0.791616   1.285766   0.001000
 -0.301882  -0.067573  -0.383963   0.869985   0.791616   1.285766   0.001000
 -0.301882  -0.067573  -0.383963   0.869985   0.791616   1.285766   0.001000
 -0.301882  -0.067573  -0.383963   0.869985   0.791616   1.285766   0.001000
 -0.301882  -0.067573  -0.383963   0.869985   0.791616   1.285766   0.001000
 -0.301882  -0.067573  -0.383963   0.869985   0.791616   1.285766   0.001000
 -0.301882  -0.067573  -0.383963   0.869985   0.791616   1.285766   0.001000
 -0.301882  -0.067573  -0.383963   0.869985   0.791616   1.285766   0.001000
 -0.301882  -0.067573  -0.383963   0.869985   0.791616   1.285766   0.001000
 -0.298883  -0.057616  -0.390704   0.868735   0.920130   1.179482   0.001000
 -0.298883  -0.057616  -0.390704   0.868735   0.920130   1.179482   0.001000
 -0.301089  -0.089832  -0.386758   0.867003   0.985806   1.125278   0.001000
 -0.280682  -0.084527  -0.395284   0.870530   1.209578   1.113890   0.001000
 -0.280682  -0.084527  -0.395284   0.870530   1.209578   1.113890   0.001000
 -0.280682  -0.084527  -0.395284   0.870530   1.209578   1.113890   0.001000
 -0.304843  -0.064761  -0.386694   0.867954   1.236310   1.180947   0.001000
 -0.281485  -0.072657  -0.389059   0.874140   1.278989   1.101724   0.001000
 -0.293829  -0.067481  -0.384546   0.872488   1.111864   1.064656   0.001000
 -0.293829  -0.067481  -0.384546   0.872488   1.111864   1.064656   0.001000
 -0.293829  -0.067481  -0.384546   0.872488   1.111864   1.064656   0.001000
 -0.293829  -0.067481  -0.384546   0.872488   1.111864   1.064656   0.001000
 -0.293829  -0.067481  -0.384546   0.872488   1.111864   1.064656   0.001000
 -0.293829  -0.067481  -0.384546   0.872488   1.111864   1.064656   0.001000
 -0.293829  -0.067481  -0.384546   0.872488   1.111864   1.064656   0.001000
 -0.293829  -0.067481  -0.384546   0.872488   1.111864   1.064656   0.001000
 -0.293829  -0.067481  -0.384546   0.872488   1.111864   1.064656   0.001000
 -0.293829  -0.067481  -0.384546   0.872488   1.111864   1.064656   0.001000
 -0.293829  -0.067481  -0.384546   0.872488   1.111864   1.064656   0.001000
 -0.293829  -0.067481  -0.384546   0.872488   1.111864   1.064656   0.001000
 -0.293829  -0.067481  -0.384546   0.872488   1.111864   1.064656   0.001000
 -0.293829  -0.067481  -0.384546   0.872488   1.111864   1.064656   0.001000
 -0.293829  -0.067481  -0.384546   0.872488   1.111864   1.064656   0.001000
 -0.293829  -0.067481  -0.384546   0.872488   1.111864   1.064656   0.001000
 -0.293829  -0.067481  -0.384546   0.872488   1.111864   1.064656   0.001000
 -0.293829  -0.067481  -0.384546   0.872488   1.111864   1.064656   0.001000
 -0.293829  -0.067481  -0.384546   0.872488   1.111864   1.064656   0.001000
 -0.293829  -0.067481  -0.384546   0.872488   1.111864   1.064656   0.001000
 -0.293829  -0.067481  -0.384546   0.872488   1.111864   1.064656   0.001000
 -0.293829  -0.067481  -0.384546   0.872488   1.111864   1.064656   0.001000
 -0.293829  -0.067481  -0.384546   0.872488   1.111864   1.064656   0.001000
 -0.293829  -0.067481  -0.384546   0.872488   1.111864   1.064656   0.001000
 -0.293829  -0.067481  -0.384546   0.872488   1.111864   1.064656   0.001000
 -0.293829  -0.067481  -0.384546   0.872488   1.111864   1.064656   0.001000
 -0.293829  -0.067481  -0.384546   0.872488   1.111864   1.064656   0.001000
 -0.311637  -0.069612  -0.373115   0.871103   1.153996   1.074384   0.001000
 -0.311637  -0.069612  -0.373115   0.871103   1.153996   1.074384   0.001000
 -0.300169  -0.040564  -0.381836   0.873186   1.027071   1.177048   0.001000
 -0.292513  -0.072880  -0.384902   0.872339   0.964486   1.150109   0.001000
 -0.292513  -0.072880  -0.384902   0.872339   0.964486   1.150109   0.001000
 -0.292513  -0.072880  -0.384902   0.872339   0.964486   1.150109   0.001000
 -0.292513  -0.072880  -0.384902   0.872339   0.964486   1.150109   0.001000
 -0.292513  -0.072880  -0.384902   0.872339   0.964486   1.150109   0.001000
 -0.292513  -0.072880  -0.384902   0.872339   0.964486   1.150109   0.001000
 -0.292513  -0.072880  -0.384902   0.872339   0.964486   1.150109   0.001000
 -0.292513  -0.072880  -0.384902   0.872339   0.964486   1.150109   0.001000
 -0.292513  -0.072880  -0.384902   0.872339   0.964486   1.150109   0.001000
 -0.292513  -0.072880  -0.384902   0.872339   0.964486   1.150109   0.001000
 -0.292513  -0.072880  -0.384902   0.872339   0.964486   1.150109   0.001000
 -0.292513  -0.072880  -0.384902   0.872339   0.964486   1.150109   0.001000
 -0.292513  -0.072880  -0.384902   0.872339   0.964486   1.150109   0.001000
 -0.292513  -0.072880  -0.384902   0.872339   0.964486   1.150109   0.001000
 -0.292513  -0.072880  -0.384902   0.872339   0.964486   1.150109   0.001000
 -0.292513  -0.072880  -0.384902   0.872339   0.964486   1.150109   0.001000
 -0.292513  -0.072880  -0.384902   0.872339   0.964486   1.150109   0.001000
 -0.292513  -0.072880  -0.384902   0.872339   0.964486   1.150109   0.001000
 -0.292513  -0.072880  -0.384902   0.872339   0.964486   1.150109   0.001000
 -0.292513  -0.072880  -0.384902   0.872339   0.964486   1.150109   0.001000
 -0.292513  -0.072880  -0.384902   0.872339   0.964486   1.150109   0.001000
 -0.292513  -0.072880  -0.384902   0.872339   0.964486   1.150109   0.001000
 -0.292513  -0.072880  -0.384902   0.872339   0.964486   1.150109   0.001000
 -0.292513  -0.072880  -0.384902   0.872339   0.964486   1.150109   0.001000
 -0.292513  -0.072880  -0.384902   0.872339   0.964486   1.150109   0.001000
 -0.292513  -0.072880  -0.384902   0.872339   0.964486   1.150109   0.001000
 -0.292513  -0.072880  -0.384902   0.872339   0.964486   1.150109   0.001000
 -0.292513  -0.072880  -0.384902   0.872339   0.964486   1.150109   0.001000
 -0.292513  -0.072880  -0.384902   0.872339   0.964486   1.150109   0.001000
 -0.292513  -0.072880  -0.384902   0.872339   0.964486   1.150109   0.001000
 -0.292513  -0.072880  -0.384902   0.872339   0.964486   1.150109   0.001000
 -0.292513  -0.072880  -0.384902   0.872339   0.964486   1.150109   0.001000
 -0.292513  -0.072880  -0.384902   0.872339   0.964486   1.150109   0.001000
 -0.292513  -0.072880  -0.384902   0.872339   0.964486   1.150109   0.001000
 -0.292513  -0.072880  -0.384902   0.872339   0.964486   1.150109   0.001000
 -0.292513  -0.072880  -0.384902   0.872339   0.964486   1.150109   0.001000
 -0.292513  -0.072880  -0.384902   0.872339   0.964486   1.150109   0.001000
 -0.292513  -0.072880  -0.384902   0.872339   0.964486   1.150109   0.001000
 -0.292513  -0.072880  -0.384902   0.872339   0.964486   1.150109   0.001000
 -0.292513  -0.072880  -0.384902   0.872339   0.964486   1.150109   0.001000
 -0.292513  -0.072880  -0.384902   0.872339   0.964486   1.150109   0.001000
 -0.292513  -0.072880  -0.384902   0.872339   0.964486   1.150109   0.001000
 -0.292513  -0.072880  -0.384902   0.872339   0.964486   1.150109   0.001000
 -0.292513  -0.072880  -0.384902   0.872339   0.964486   1.150109   0.001000
 -0.292513  -0.072880  -0.384902   0.872339   0.964486   1.150109   0.001000
 -0.292513  -0.072880  -0.384902   0.872339   0.964486   1.150109   0.001000
 -0.292513  -0.072880  -0.384902   0.872339   0.964486   1.150109   0.001000
 -0.292513  -0.072880  -0.384902   0.872339   0.964486   1.150109   0.001000
 -0.292513  -0.072880  -0.384902   0.872339   0.964486   1.150109   0.001000
 -0.292513  -0.072880  -0.384902   0.872339   0.964486   1.150109   0.001000
 -0.292513  -0.072880  -0.384902   0.872339   0.964486   1.150109   0.001000
 -0.292513  -0.072880  -0.384902   0.872339   0.964486   1.150109   0.001000
 -0.292513  -0.072880  -0.384902   0.872339   0.964486   1.150109   0.001000
 -0.292513  -0.072880  -0.384902   0.872339   0.964486   1.150109   0.001000
 -0.292513  -0.072880  -0.384902   0.872339   0.964486   1.150109   0.001000
 -0.292513  -0.072880  -0.384902   0.872339   0.964486   1.150109   0.001000
 -0.292513  -0.072880  -0.384902   0.872339   0.964486   1.150109   0.001000
 -0.292513  -0.072880  -0.384902   0.872339   0.964486   1.150109   0.001000
 -0.292513  -0.072880  -0.384902   0.872339   0.964486   1.150109   0.001000
 -0.292513  -0.072880  -0.384902   0.872339   0.964486   1.150109   0.001000
 -0.292513  -0.072880  -0.384902   0.872339   0.964486   1.150109   0.001000
 -0.292513  -0.072880  -0.384902   0.872339   0.964486   1.150109   0.001000
 -0.292513  -0.072880  -0.384902   0.872339   0.964486   1.150109   0.001000
 -0.292513  -0.072880  -0.384902   0.872339   0.964486   1.150109   0.001000
 -0.292513  -0.072880  -0.384902   0.872339   0.964486   1.150109   0.001000
 -0.292513  -0.072880  -0.384902   0.872339   0.964486   1.150109   0.001000
 -0.292513  -0.072880  -0.384902   0.872339   0.964486   1.150109   0.001000
 -0.292513  -0.072880  -0.384902   0.872339   0.964486   1.150109   0.001000
 -0.292513  -0.072880  -0.384902   0.872339   0.964486   1.150109   0.001000
 -0.292513  -0.072880  -0.384902   0.872339   0.964486   1.150109   0.001000
 -0.292513  -0.072880  -0.384902   0.872339   0.964486   1.150109   0.001000
 -0.292513  -0.072880  -0.384902   0.872339   0.964486   1.150109   0.001000
 -0.292513  -0.072880  -0.384902   0.872339   0.964486   1.150109   0.001000
 -0.292513  -0.072880  -0.384902   0.872339   0.964486   1.150109   0.001000
 -0.292513  -0.072880  -0.384902   0.872339   0.964486   1.150109   0.001000
 -0.292513  -0.072880  -0.384902   0.872339   0.964486   1.150109   0.001000
 -0.292513  -0.072880  -0.384902   0.872339   0.964486   1.150109   0.001000
 -0.292513  -0.072880  -0.384902   0.872339   0.964486   1.150109   0.001000
 -0.292513  -0.072880  -0.384902   0.872339   0.964486   1.150109   0.001000
 -0.292513  -0.072880  -0.384902   0.872339   0.964486   1.150109   0.001000
 -0.292513  -0.072880  -0.384902   0.872339   0.964486   1.150109   0.001000
 -0.292709  -0.063924  -0.391907   0.869853   1.080358   1.090331   0.001000
 -0.293768  -0.081575  -0.393724   0.867195   1.108958   1.268794   0.001000
 -0.293768  -0.081575  -0.393724   0.867195   1.108958   1.268794   0.001000
 -0.293768  -0.081575  -0.393724   0.867195   1.108958   1.268794   0.001000
 -0.293768  -0.081575  -0.393724   0.867195   1.108958   1.268794   0.001000
 -0.290822  -0.071425  -0.384290   0.873294   1.128825   1.024919   0.001000
 -0.290822  -0.071425  -0.384290   0.873294   1.128825   1.024919   0.001000
 -0.290822  -0.071425  -0.384290   0.873294   1.128825   1.024919   0.001000
 -0.290822  -0.071425  -0.384290   0.873294   1.128825   1.024919   0.001000
 -0.290822  -0.071425  -0.384290   0.873294   1.128825   1.024919   0.001000
 -0.290822  -0.071425  -0.384290   0.873294   1.128825   1.024919   0.001000
 -0.290822  -0.071425  -0.384290   0.873294   1.128825   1.024919   0.001000
 -0.290822  -0.071425  -0.384290   0.873294   1.128825   1.024919   0.001000
 -0.290822  -0.071425  -0.384290   0.873294   1.128825   1.024919   0.001000
 -0.290822  -0.071425  -0.384290   0.873294   1.128825   1.024919   0.001000
 -0.290822  -0.071425  -0.384290   0.873294   1.128825   1.024919   0.001000
 -0.290822  -0.071425  -0.384290   0.873294   1.128825   1.024919   0.001000
 -0.290822  -0.071425  -0.384290   0.873294   1.128825   1.024919   0.001000
 -0.290822  -0.071425  -0.384290   0.873294   1.128825   1.024919   0.001000
 -0.290822  -0.071425  -0.384290   0.873294   1.128825   1.024919   0.001000
 -0.290822  -0.071425  -0.384290   0.873294   1.128825   1.024919   0.001000
 -0.290822  -0.071425  -0.384290   0.873294   1.128825   1.024919   0.001000
 -0.290822  -0.071425  -0.384290   0.873294   1.128825   1.024919   0.001000
 -0.290822  -0.071425  -0.384290   0.873294   1.128825   1.024919   0.001000
 -0.290822  -0.071425  -0.384290   0.873294   1.128825   1.024919   0.001000
 -0.290822  -0.071425  -0.384290   0.873294   1.128825   1.024919   0.001000
 -0.290822  -0.071425  -0.384290   0.873294   1.128825   1.024919   0.001000
 -0.290822  -0.071425  -0.384290   0.873294   1.128825   1.024919   0.001000
 -0.290822  -0.071425  -0.384290   0.873294   1.128825   1.024919   0.001000
 -0.290822  -0.071425  -0.384290   0.873294   1.128825   1.024919   0.001000
 -0.290822  -0.071425  -0.384290   0.873294   1.128825   1.024919   0.001000
 -0.290822  -0.071425  -0.384290   0.873294   1.128825   1.024919   0.001000
 -0.290822  -0.071425  -0.384290   0.873294   1.128825   1.024919   0.001000
 -0.290822  -0.071425  -0.384290   0.873294   1.128825   1.024919   0.001000
 -0.290822  -0.071425  -0.384290   0.873294   1.128825   1.024919   0.001000
 -0.290822  -0.071425  -0.384290   0.873294   1.128825   1.024919   0.001000
 -0.290822  -0.071425  -0.384290   0.873294   1.128825   1.024919   0.001000
 -0.290822  -0.071425  -0.384290   0.873294   1.128825   1.024919   0.001000
 -0.290822  -0.071425  -0.384290   0.873294   1.128825   1.024919   0.001000
 -0.290822  -0.071425  -0.384290   0.873294   1.128825   1.024919   0.001000
 -0.290822  -0.071425  -0.384290   0.873294   1.128825   1.024919   0.001000
 -0.290822  -0.071425  -0.384290   0.873294   1.128825   1.024919   0.001000
 -0.290822  -0.071425  -0.384290   0.873294   1.128825   1.024919   0.001000
 -0.290822  -0.071425  -0.384290   0.873294   1.128825   1.024919   0.001000
 -0.290822  -0.071425  -0.384290   0.873294   1.128825   1.024919   0.001000
 -0.290822  -0.071425  -0.384290   0.873294   1.128825   1.024919   0.001000
 -0.290822  -0.071425  -0.384290   0.873294   1.128825   1.024919   0.001000
 -0.290822  -0.071425  -0.384290   0.873294   1.128825   1.024919   0.001000
 -0.290822  -0.071425  -0.384290   0.873294   1.128825   1.024919   0.001000
 -0.290822  -0.071425  -0.384290   0.873294   1.128825   1.024919   0.001000
 -0.290822  -0.071425  -0.384290   0.873294   1.128825   1.024919   0.001000
 -0.290822  -0.071425  -0.384290   0.873294   1.128825   1.024919   0.001000
 -0.290822  -0.071425  -0.384290   0.873294   1.128825   1.024919   0.001000
 -0.290822  -0.071425  -0.384290   0.873294   1.128825   1.024919   0.001000
 -0.290822  -0.071425  -0.384290   0.873294   1.128825   1.024919   0.001000
 -0.290822  -0.071425  -0.384290   0.873294   1.128825   1.024919   0.001000
 -0.290822  -0.071425  -0.384290   0.873294   1.128825   1.024919   0.001000
 -0.313151  -0.067343  -0.375779   0.869593   1.101881   1.092056   0.001000
 -0.292027  -0.078084  -0.400455   0.865020   1.028070   1.219781   0.001000
 -0.292027  -0.078084  -0.400455   0.865020   1.028070   1.219781   0.001000
 -0.292027  -0.078084  -0.400455   0.865020   1.028070   1.219781   0.001000
 -0.298044  -0.060234  -0.383777   0.871927   1.045222   1.194106   0.001000
 -0.298044  -0.060234  -0.383777   0.871927   1.045222   1.194106   0.001000
 -0.298044  -0.060234  -0.383777   0.871927   1.045222   1.194106   0.001000
 -0.298044  -0.060234  -0.383777   0.871927   1.045222   1.194106   0.001000
 -0.298044  -0.060234  -0.383777   0.871927   1.045222   1.194106   0.001000
 -0.329329  -0.064451  -0.387051   0.858825   1.097000   1.057622   0.001000
 -0.329329  -0.064451  -0.387051   0.858825   1.097000   1.057622   0.001000
 -0.329329  -0.064451  -0.387051   0.858825   1.097000   1.057622   0.001000
 -0.329329  -0.064451  -0.387051   0.858825   1.097000   1.057622   0.001000
 -0.329329  -0.064451  -0.387051   0.858825   1.097000   1.057622   0.001000
 -0.329329  -0.064451  -0.387051   0.858825   1.097000   1.057622   0.001000
 -0.329329  -0.064451  -0.387051   0.858825   1.097000   1.057622   0.001000
 -0.288813  -0.075486  -0.394430   0.869088   0.997809   1.076411   0.001000
 -0.288813  -0.075486  -0.394430   0.869088   0.997809   1.076411   0.001000
 -0.288813  -0.075486  -0.394430   0.869088   0.997809   1.076411   0.001000
 -0.288813  -0.075486  -0.394430   0.869088   0.997809   1.076411   0.001000
 -0.288813  -0.075486  -0.394430   0.869088   0.997809   1.076411   0.001000
 -0.288813  -0.075486  -0.394430   0.869088   0.997809   1.076411   0.001000
 -0.288813  -0.075486  -0.394430   0.869088   0.997809   1.076411   0.001000
 -0.288813  -0.075486  -0.394430   0.869088   0.997809   1.076411   0.001000
 -0.299235  -0.068097  -0.381766   0.871823   1.057802   1.153376   0.001000
 -0.299235  -0.068097  -0.381766   0.871823   1.057802   1.153376   0.001000
 -0.299235  -0.068097  -0.381766   0.871823   1.057802   1.153376   0.001000
 -0.295156  -0.054178  -0.388914   0.871030   1.057589   1.099557   0.001000
 -0.292573  -0.077534  -0.376542   0.875560   1.134773   1.089499   0.001000
 -0.296585  -0.066788  -0.393492   0.867606   1.092989   1.086949   0.001000
 -0.284099  -0.056268  -0.381127   0.877988   1.049419   1.076691   0.001000
 -0.302462  -0.068585  -0.379112   0.871830   1.152597   1.003090   0.001000
 -0.282323  -0.092640  -0.393694   0.869895   1.052845   1.046369   0.001000
 -0.297501  -0.066641  -0.388734   0.869447   1.061785   1.239393   0.001000
 -0.297501  -0.066641  -0.388734   0.869447   1.061785   1.239393   0.001000
 -0.297501  -0.066641  -0.388734   0.869447   1.061785   1.239393   0.001000
 -0.297501  -0.066641  -0.388734   0.869447   1.061785   1.239393   0.001000
 -0.297501  -0.066641  -0.388734   0.869447   1.061785   1.239393   0.001000
 -0.290194  -0.079944  -0.377430   0.875753   1.008125   1.155458   0.001000
 -0.290194  -0.079944  -0.377430   0.875753   1.008125   1.155458   0.001000
 -0.294919  -0.066806  -0.385162   0.871900   0.902972   1.120474   0.001000
 -0.294919  -0.066806  -0.385162   0.871900   0.902972   1.120474   0.001000
 -0.294919  -0.066806  -0.385162   0.871900   0.902972   1.120474   0.001000
 -0.294919  -0.066806  -0.385162   0.871900   0.902972   1.120474   0.001000
 -0.294919  -0.066806  -0.385162   0.871900   0.902972   1.120474   0.001000
 -0.294919  -0.066806  -0.385162   0.871900   0.902972   1.120474   0.001000
 -0.294919  -0.066806  -0.385162   0.871900   0.902972   1.120474   0.001000
 -0.294919  -0.066806  -0.385162   0.871900   0.902972   1.120474   0.001000
 -0.294919  -0.066806  -0.385162   0.871900   0.902972   1.120474   0.001000
 -0.294919  -0.066806  -0.385162   0.871900   0.902972   1.120474   0.001000
 -0.294919  -0.066806  -0.385162   0.871900   0.902972   1.120474   0.001000
 -0.294919  -0.066806  -0.385162   0.871900   0.902972   1.120474   0.001000
 -0.294919  -0.066806  -0.385162   0.871900   0.902972   1.120474   0.001000
 -0.294919  -0.066806  -0.385162   0.871900   0.902972   1.120474   0.001000
 -0.294919  -0.066806  -0.385162   0.871900   0.902972   1.120474   0.001000
 -0.294919  -0.066806  -0.385162   0.871900   0.902972   1.120474   0.001000
 -0.294919  -0.066806  -0.385162   0.871900   0.902972   1.120474   0.001000
 -0.294919  -0.066806  -0.385162   0.871900   0.902972   1.120474   0.001000
 -0.294919  -0.066806  -0.385162   0.871900   0.902972   1.120474   0.001000
 -0.290482  -0.074912  -0.375231   0.877046   1.023418   1.252803   0.001000
 -0.269526  -0.065580  -0.423318   0.862471   0.923878   1.015356   0.001000
 -0.315534  -0.049896  -0.384017   0.866302   0.918772   1.123701   0.001000
 -0.315534  -0.049896  -0.384017   0.866302   0.918772   1.123701   0.001000
 -0.293814  -0.074345  -0.371606   0.877528   1.041578   0.816440   0.001000
 -0.291572  -0.071815  -0.383001   0.873578   1.061045   0.993742   0.001000
 -0.291572  -0.071815  -0.383001   0.873578   1.061045   0.993742   0.001000
 -0.291572  -0.071815  -0.383001   0.873578   1.061045   0.993742   0.001000
 -0.291572  -0.071815  -0.383001   0.873578   1.061045   0.993742   0.001000
 -0.291572  -0.071815  -0.383001   0.873578   1.061045   0.993742   0.001000
 -0.291572  -0.071815  -0.383001   0.873578   1.061045   0.993742   0.001000
 -0.291572  -0.071815  -0.383001   0.873578   1.061045   0.993742   0.001000
 -0.291572  -0.071815  -0.383001   0.873578   1.061045   0.993742   0.001000
 -0.291572  -0.071815  -0.383001   0.873578   1.061045   0.993742   0.001000
 -0.291572  -0.071815  -0.383001   0.873578   1.061045   0.993742   0.001000
 -0.291572  -0.071815  -0.383001   0.873578   1.061045   0.993742   0.001000
 -0.291572  -0.071815  -0.383001   0.873578   1.061045   0.993742   0.001000
 -0.291572  -0.071815  -0.383001   0.873578   1.061045   0.993742   0.001000
 -0.291572  -0.071815  -0.383001   0.873578   1.061045   0.993742   0.001000
 -0.282638  -0.064659  -0.395106   0.871680   1.280803   1.342725   0.001000
 -0.284841  -0.067478  -0.386115   0.874773   1.068499   1.209043   0.001000
 -0.284841  -0.067478  -0.386115   0.874773   1.068499   1.209043   0.001000
 -0.284841  -0.067478  -0.386115   0.874773   1.068499   1.209043   0.001000
 -0.284841  -0.067478  -0.386115   0.874773   1.068499   1.209043   0.001000
 -0.284841  -0.067478  -0.386115   0.874773   1.068499   1.209043   0.001000
 -0.284841  -0.067478  -0.386115   0.874773   1.068499   1.209043   0.001000
 -0.284841  -0.067478  -0.386115   0.874773   1.068499   1.209043   0.001000
 -0.284841  -0.067478  -0.386115   0.874773   1.068499   1.209043   0.001000
 -0.293285  -0.082997  -0.386736   0.870362   1.122641   1.226726   0.001000
 -0.293285  -0.082997  -0.386736   0.870362   1.122641   1.226726   0.001000
 -0.293285  -0.082997  -0.386736   0.870362   1.122641   1.226726   0.001000
 -0.293285  -0.082997  -0.386736   0.870362   1.122641   1.226726   0.001000
 -0.293285  -0.082997  -0.386736   0.870362   1.122641   1.226726   0.001000
 -0.271810  -0.085965  -0.397696   0.872105   1.024092   1.277894   0.001000
 -0.281627  -0.076721  -0.392635   0.872146   1.016349   1.110771   0.001000
 -0.297936  -0.074133  -0.385689   0.870047   1.217109   1.076956   0.001000
 -0.297936  -0.074133  -0.385689   0.870047   1.217109   1.076956   0.001000
 -0.297936  -0.074133  -0.385689   0.870047   1.217109   1.076956   0.001000
 -0.297936  -0.074133  -0.385689   0.870047   1.217109   1.076956   0.001000
 -0.297936  -0.074133  -0.385689   0.870047   1.217109   1.076956   0.001000
 -0.297936  -0.074133  -0.385689   0.870047   1.217109   1.076956   0.001000
 -0.297936  -0.074133  -0.385689   0.870047   1.217109   1.076956   0.001000
 -0.297936  -0.074133  -0.385689   0.870047   1.217109   1.076956   0.001000
 -0.298566  -0.083924  -0.383150   0.870064   1.285240   1.095906   0.001000
 -0.308536  -0.079618  -0.391226   0.863371   1.164933   1.114655   0.001000
 -0.278789  -0.079571  -0.387693   0.875008   1.149799   1.109991   0.001000
 -0.278789  -0.079571  -0.387693   0.875008   1.149799   1.109991   0.001000
 -0.278789  -0.079571  -0.387693   0.875008   1.149799   1.109991   0.001000
 -0.278789  -0.079571  -0.387693   0.875008   1.149799   1.109991   0.001000
 -0.278789  -0.079571  -0.387693   0.875008   1.149799   1.109991   0.001000
 -0.278789  -0.079571  -0.387693   0.875008   1.149799   1.109991   0.001000
 -0.278789  -0.079571  -0.387693   0.875008   1.149799   1.109991   0.001000
 -0.278789  -0.079571  -0.387693   0.875008   1.149799   1.109991   0.001000
 -0.278789  -0.079571  -0.387693   0.875008   1.149799   1.109991   0.001000
 -0.295706  -0.070315  -0.371956   0.877076   1.055575   1.077782   0.001000
 -0.295706  -0.070315  -0.371956   0.877076   1.055575   1.077782   0.001000
 -0.288854  -0.068150  -0.382949   0.874797   1.048757   1.110537   0.001000
 -0.288854  -0.068150  -0.382949   0.874797   1.048757   1.110537   0.001000
 -0.288854  -0.068150  -0.382949   0.874797   1.048757   1.110537   0.001000
 -0.294992  -0.071577  -0.380525   0.873531   1.022770   1.122885   0.001000
 -0.294992  -0.071577  -0.380525   0.873531   1.022770   1.122885   0.001000
 -0.294992  -0.071577  -0.380525   0.873531   1.022770   1.122885   0.001000
 -0.294992  -0.071577  -0.380525   0.873531   1.022770   1.122885   0.001000
 -0.294992  -0.071577  -0.380525   0.873531   1.022770   1.122885   0.001000
 -0.294992  -0.071577  -0.380525   0.873531   1.022770   1.122885   0.001000
 -0.294992  -0.071577  -0.380525   0.873531   1.022770   1.122885   0.001000
 -0.294992  -0.071577  -0.380525   0.873531   1.022770   1.122885   0.001000
 -0.294992  -0.071577  -0.380525   0.873531   1.022770   1.122885   0.001000
 -0.294992  -0.071577  -0.380525   0.873531   1.022770   1.122885   0.001000
 -0.294992  -0.071577  -0.380525   0.873531   1.022770   1.122885   0.001000
 -0.294992  -0.071577  -0.380525   0.873531   1.022770   1.122885   0.001000
 -0.294992  -0.071577  -0.380525   0.873531   1.022770   1.122885   0.001000
 -0.294992  -0.071577  -0.380525   0.873531   1.022770   1.122885   0.001000
 -0.294992  -0.071577  -0.380525   0.873531   1.022770   1.122885   0.001000
 -0.294992  -0.071577  -0.380525   0.873531   1.022770   1.122885   0.001000
 -0.294992  -0.071577  -0.380525   0.873531   1.022770   1.122885   0.001000
 -0.294992  -0.071577  -0.380525   0.873531   1.022770   1.122885   0.001000
 -0.294992  -0.071577  -0.380525   0.873531   1.022770   1.122885   0.001000
 -0.294992  -0.071577  -0.380525   0.873531   1.022770   1.122885   0.001000
 -0.294992  -0.071577  -0.380525   0.873531   1.022770   1.122885   0.001000
 -0.294992  -0.071577  -0.380525   0.873531   1.022770   1.122885   0.001000
 -0.294992  -0.071577  -0.380525   0.873531   1.022770   1.122885   0.001000
 -0.294992  -0.071577  -0.380525   0.873531   1.022770   1.122885   0.001000
 -0.294992  -0.071577  -0.380525   0.873531   1.022770   1.122885   0.001000
 -0.294992  -0.071577  -0.380525   0.873531   1.022770   1.122885   0.001000
 -0.294992  -0.071577  -0.380525   0.873531   1.022770   1.122885   0.001000
 -0.294992  -0.071577  -0.380525   0.873531   1.022770   1.122885   0.001000
 -0.294992  -0.071577  -0.380525   0.873531   1.022770   1.122885   0.001000
 -0.294992  -0.071577  -0.380525   0.873531   1.022770   1.122885   0.001000
 -0.294992  -0.071577  -0.380525   0.873531   1.022770   1.122885   0.001000
 -0.294992  -0.071577  -0.380525   0.873531   1.022770   1.122885   0.001000
 -0.294992  -0.071577  -0.380525   0.873531   1.022770   1.122885   0.001000
 -0.294992  -0.071577  -0.380525   0.873531   1.022770   1.122885   0.001000
 -0.294992  -0.071577  -0.380525   0.873531   1.022770   1.122885   0.001000
 -0.294992  -0.071577  -0.380525   0.873531   1.022770   1.122885   0.001000
 -0.294992  -0.071577  -0.380525   0.873531   1.022770   1.122885   0.001000
 -0.294992  -0.071577  -0.380525   0.873531   1.022770   1.122885   0.001000
 -0.294992  -0.071577  -0.380525   0.873531   1.022770   1.122885   0.001000
 -0.294992  -0.071577  -0.380525   0.873531   1.022770   1.122885   0.001000
 -0.294992  -0.071577  -0.380525   0.873531   1.022770   1.122885   0.001000
 -0.294992  -0.071577  -0.380525   0.873531   1.022770   1.122885   0.001000
 -0.294992  -0.071577  -0.380525   0.873531   1.022770   1.122885   0.001000
 -0.294992  -0.071577  -0.380525   0.873531   1.022770   1.122885   0.001000
 -0.294992  -0.071577  -0.380525   0.873531   1.022770   1.122885   0.001000
 -0.294992  -0.071577  -0.380525   0.873531   1.022770   1.122885   0.001000
 -0.294992  -0.071577  -0.380525   0.873531   1.022770   1.122885   0.001000
 -0.294992  -0.071577  -0.380525   0.873531   1.022770   1.122885   0.001000
 -0.294992  -0.071577  -0.380525   0.873531   1.022770   1.122885   0.001000
 -0.294992  -0.071577  -0.380525   0.873531   1.022770   1.122885   0.001000
 -0.294992  -0.071577  -0.380525   0.873531   1.022770   1.122885   0.001000
 -0.294992  -0.071577  -0.380525   0.873531   1.022770   1.122885   0.001000
 -0.294992  -0.071577  -0.380525   0.873531   1.022770   1.122885   0.001000
 -0.294992  -0.071577  -0.380525   0.873531   1.022770   1.122885   0.001000
 -0.294992  -0.071577  -0.380525   0.873531   1.022770   1.122885   0.001000
 -0.294992  -0.071577  -0.380525   0.873531   1.022770   1.122885   0.001000
 -0.294992  -0.071577  -0.380525   0.873531   1.022770   1.122885   0.001000
 -0.294992  -0.071577  -0.380525   0.873531   1.022770   1.122885   0.001000
 -0.294992  -0.071577  -0.380525   0.873531   1.022770   1.122885   0.001000
 -0.294992  -0.071577  -0.380525   0.873531   1.022770   1.122885   0.001000
 -0.294992  -0.071577  -0.380525   0.873531   1.022770   1.122885   0.001000
 -0.294992  -0.071577  -0.380525   0.873531   1.022770   1.122885   0.001000
 -0.294992  -0.071577  -0.380525   0.873531   1.022770   1.122885   0.001000
 -0.294992  -0.071577  -0.380525   0.873531   1.022770   1.122885   0.001000
 -0.286917  -0.061127  -0.381517   0.876577   1.162563   1.044756   0.001000
 -0.286917  -0.061127  -0.381517   0.876577   1.162563   1.044756   0.001000
 -0.286917  -0.061127  -0.381517   0.876577   1.162563   1.044756   0.001000
 -0.286917  -0.061127  -0.381517   0.876577   1.162563   1.044756   0.001000
 -0.281064  -0.073941  -0.394680   0.871644   1.168838   1.279670   0.001000
 -0.281064  -0.073941  -0.394680   0.871644   1.168838   1.279670   0.001000
 -0.281064  -0.073941  -0.394680   0.871644   1.168838   1.279670   0.001000
 -0.281064  -0.073941  -0.394680   0.871644   1.168838   1.279670   0.001000
 -0.281064  -0.073941  -0.394680   0.871644   1.168838   1.279670   0.001000
 -0.289415  -0.075432  -0.384137   0.873491   1.178642   1.123118   0.001000
 -0.289415  -0.075432  -0.384137   0.873491   1.178642   1.123118   0.001000
 -0.289415  -0.075432  -0.384137   0.873491   1.178642   1.123118   0.001000
 -0.289415  -0.075432  -0.384137   0.873491   1.178642   1.123118   0.001000
 -0.289415  -0.075432  -0.384137   0.873491   1.178642   1.123118   0.001000
 -0.289415  -0.075432  -0.384137   0.873491   1.178642   1.123118   0.001000
 -0.289415  -0.075432  -0.384137   0.873491   1.178642   1.123118   0.001000
 -0.289415  -0.075432  -0.384137   0.873491   1.178642   1.123118   0.001000
 -0.289415  -0.075432  -0.384137   0.873491   1.178642   1.123118   0.001000
 -0.289415  -0.075432  -0.384137   0.873491   1.178642   1.123118   0.001000
 -0.289415  -0.075432  -0.384137   0.873491   1.178642   1.123118   0.001000
 -0.289415  -0.075432  -0.384137   0.873491   1.178642   1.123118   0.001000
 -0.289415  -0.075432  -0.384137   0.873491   1.178642   1.123118   0.001000
 -0.289415  -0.075432  -0.384137   0.873491   1.178642   1.123118   0.001000
 -0.289415  -0.075432  -0.384137   0.873491   1.178642   1.123118   0.001000
 -0.289415  -0.075432  -0.384137   0.873491   1.178642   1.123118   0.001000
 -0.289415  -0.075432  -0.384137   0.873491   1.178642   1.123118   0.001000
 -0.289415  -0.075432  -0.384137   0.873491   1.178642   1.123118   0.001000
 -0.289415  -0.075432  -0.384137   0.873491   1.178642   1.123118   0.001000
 -0.289415  -0.075432  -0.384137   0.873491   1.178642   1.123118   0.001000
 -0.289415  -0.075432  -0.384137   0.873491   1.178642   1.123118   0.001000
 -0.296348  -0.071373  -0.374039   0.875887   1.069370   1.133386   0.001000
 -0.296348  -0.071373  -0.374039   0.875887   1.069370   1.133386   0.001000
 -0.296348  -0.071373  -0.374039   0.875887   1.069370   1.133386   0.001000
 -0.296348  -0.071373  -0.374039   0.875887   1.069370   1.133386   0.001000
 -0.296348  -0.071373  -0.374039   0.875887   1.069370   1.133386   0.001000
 -0.296348  -0.071373  -0.374039   0.875887   1.069370   1.133386   0.001000
 -0.296348  -0.071373  -0.374039   0.875887   1.069370   1.133386   0.001000
 -0.295295  -0.084279  -0.377135   0.873766   1.086961   1.192750   0.001000
 -0.294640  -0.059014  -0.398589   0.866505   1.158675   1.168842   0.001000
 -0.294640  -0.059014  -0.398589   0.866505   1.158675   1.168842   0.001000
 -0.294640  -0.059014  -0.398589   0.866505   1.158675   1.168842   0.001000
 -0.296641  -0.078870  -0.383245   0.871153   1.112850   1.223313   0.001000
 -0.298734  -0.064444  -0.378261   0.873798   1.154157   1.177862   0.001000
 -0.265348  -0.118114  -0.404012   0.867418   1.185760   1.210041   0.001000
 -0.288364  -0.062494  -0.383560   0.875113   1.172833   1.174112   0.001000
 -0.281698  -0.075426  -0.387871   0.874365   1.143071   1.181408   0.001000
 -0.295867  -0.070766  -0.380895   0.873140   1.147859   1.095806   0.001000
 -0.295867  -0.070766  -0.380895   0.873140   1.147859   1.095806   0.001000
 -0.295867  -0.070766  -0.380895   0.873140   1.147859   1.095806   0.001000
 -0.295867  -0.070766  -0.380895   0.873140   1.147859   1.095806   0.001000
 -0.295867  -0.070766  -0.380895   0.873140   1.147859   1.095806   0.001000
 -0.295867  -0.070766  -0.380895   0.873140   1.147859   1.095806   0.001000
 -0.295867  -0.070766  -0.380895   0.873140   1.147859   1.095806   0.001000
 -0.295867  -0.070766  -0.380895   0.873140   1.147859   1.095806   0.001000
 -0.267258  -0.064510  -0.382888   0.881935   1.084892   1.113398   0.001000
 -0.285320  -0.071075  -0.383279   0.875579   1.125646   1.122903   0.001000
 -0.285320  -0.071075  -0.383279   0.875579   1.125646   1.122903   0.001000
 -0.285320  -0.071075  -0.383279   0.875579   1.125646   1.122903   0.001000
 -0.285320  -0.071075  -0.383279   0.875579   1.125646   1.122903   0.001000
 -0.285320  -0.071075  -0.383279   0.875579   1.125646   1.122903   0.001000
 -0.285320  -0.071075  -0.383279   0.875579   1.125646   1.122903   0.001000
 -0.285320  -0.071075  -0.383279   0.875579   1.125646   1.122903   0.001000
 -0.285320  -0.071075  -0.383279   0.875579   1.125646   1.122903   0.001000
 -0.285320  -0.071075  -0.383279   0.875579   1.125646   1.122903   0.001000
 -0.293852  -0.073642  -0.377129   0.875215   1.209909   1.178945   0.001000
 -0.293852  -0.073642  -0.377129   0.875215   1.209909   1.178945   0.001000
 -0.279392  -0.073523  -0.392859   0.873038   1.103270   1.203516   0.001000
 -0.301614  -0.064632  -0.386245   0.869291   1.075810   1.095400   0.001000
 -0.301614  -0.064632  -0.386245   0.869291   1.075810   1.095400   0.001000
 -0.315269  -0.079362  -0.391835   0.860681   1.153667   1.150258   0.001000
 -0.315269  -0.079362  -0.391835   0.860681   1.153667   1.150258   0.001000
 -0.315269  -0.079362  -0.391835   0.860681   1.153667   1.150258   0.001000
 -0.315269  -0.079362  -0.391835   0.860681   1.153667   1.150258   0.001000
 -0.315269  -0.079362  -0.391835   0.860681   1.153667   1.150258   0.001000
 -0.289083  -0.060351  -0.389781   0.872273   0.908901   0.968976   0.001000
 -0.289083  -0.060351  -0.389781   0.872273   0.908901   0.968976   0.001000
 -0.289083  -0.060351  -0.389781   0.872273   0.908901   0.968976   0.001000
 -0.289083  -0.060351  -0.389781   0.872273   0.908901   0.968976   0.001000
 -0.289083  -0.060351  -0.389781   0.872273   0.908901   0.968976   0.001000
 -0.289083  -0.060351  -0.389781   0.872273   0.908901   0.968976   0.001000
 -0.289083  -0.060351  -0.389781   0.872273   0.908901   0.968976   0.001000
 -0.289083  -0.060351  -0.389781   0.872273   0.908901   0.968976   0.001000
 -0.281354  -0.064476  -0.383301   0.877361   0.984856   0.995094   0.001000
 -0.281354  -0.064476  -0.383301   0.877361   0.984856   0.995094   0.001000
 -0.286241  -0.070817  -0.392394   0.871251   1.001961   1.028272   0.001000
 -0.286241  -0.070817  -0.392394   0.871251   1.001961   1.028272   0.001000
 -0.286241  -0.070817  -0.392394   0.871251   1.001961   1.028272   0.001000
 -0.286241  -0.070817  -0.392394   0.871251   1.001961   1.028272   0.001000
 -0.286241  -0.070817  -0.392394   0.871251   1.001961   1.028272   0.001000
 -0.286241  -0.070817  -0.392394   0.871251   1.001961   1.028272   0.001000
 -0.286241  -0.070817  -0.392394   0.871251   1.001961   1.028272   0.001000
 -0.286241  -0.070817  -0.392394   0.871251   1.001961   1.028272   0.001000
 -0.286241  -0.070817  -0.392394   0.871251   1.001961   1.028272   0.001000
 -0.286241  -0.070817  -0.392394   0.871251   1.001961   1.028272   0.001000
 -0.286241  -0.070817  -0.392394   0.871251   1.001961   1.028272   0.001000
 -0.286241  -0.070817  -0.392394   0.871251   1.001961   1.028272   0.001000
 -0.283145  -0.079829  -0.390143   0.872493   1.013056   1.128648   0.001000
 -0.283145  -0.079829  -0.390143   0.872493   1.013056   1.128648   0.001000
 -0.283145  -0.079829  -0.390143   0.872493   1.013056   1.128648   0.001000
 -0.283145  -0.079829  -0.390143   0.872493   1.013056   1.128648   0.001000
 -0.280224  -0.062168  -0.354434   0.889936   1.030446   1.063269   0.001000
 -0.295448  -0.067661  -0.376529   0.875419   0.980323   1.196404   0.001000
 -0.295448  -0.067661  -0.376529   0.875419   0.980323   1.196404   0.001000
 -0.459387  -0.066738  -0.413598   0.783228   0.958618   1.107842   0.001000
 -0.299293  -0.064819  -0.389330   0.868703   1.059206   1.012543   0.001000
 -0.299293  -0.064819  -0.389330   0.868703   1.059206   1.012543   0.001000
 -0.299293  -0.064819  -0.389330   0.868703   1.059206   1.012543   0.001000
 -0.299293  -0.064819  -0.389330   0.868703   1.059206   1.012543   0.001000
 -0.299293  -0.064819  -0.389330   0.868703   1.059206   1.012543   0.001000
 -0.299293  -0.064819  -0.389330   0.868703   1.059206   1.012543   0.001000
 -0.299293  -0.064819  -0.389330   0.868703   1.059206   1.012543   0.001000
 -0.299293  -0.064819  -0.389330   0.868703   1.059206   1.012543   0.001000
 -0.299293  -0.064819  -0.389330   0.868703   1.059206   1.012543   0.001000
 -0.299293  -0.064819  -0.389330   0.868703   1.059206   1.012543   0.001000
 -0.299293  -0.064819  -0.389330   0.868703   1.059206   1.012543   0.001000
 -0.232872  -0.087345  -0.379087   0.891311   1.135593   1.118097   0.001000
 -0.289288  -0.080883  -0.383248   0.873437   0.920644   0.961793   0.001000
 -0.319123  -0.067023  -0.410136   0.851737   0.938821   1.072919   0.001000
 -0.319123  -0.067023  -0.410136   0.851737   0.938821   1.072919   0.001000
 -0.319123  -0.067023  -0.410136   0.851737   0.938821   1.072919   0.001000
 -0.286313  -0.072085  -0.384247   0.874748   1.016559   1.231990   0.001000
 -0.328028  -0.072363  -0.381423   0.861207   1.209007   1.073251   0.001000
 -0.296132  -0.065711  -0.389661   0.869570   1.130831   1.199213   0.001000
 -0.296132  -0.065711  -0.389661   0.869570   1.130831   1.199213   0.001000
 -0.297144  -0.072656  -0.386047   0.870284   1.120859   1.119873   0.001000
 -0.297144  -0.072656  -0.386047   0.870284   1.120859   1.119873   0.001000
 -0.297144  -0.072656  -0.386047   0.870284   1.120859   1.119873   0.001000
 -0.297144  -0.072656  -0.386047   0.870284   1.120859   1.119873   0.001000
 -0.297144  -0.072656  -0.386047   0.870284   1.120859   1.119873   0.001000
 -0.297144  -0.072656  -0.386047   0.870284   1.120859   1.119873   0.001000
 -0.297144  -0.072656  -0.386047   0.870284   1.120859   1.119873   0.001000
 -0.297144  -0.072656  -0.386047   0.870284   1.120859   1.119873   0.001000
 -0.297144  -0.072656  -0.386047   0.870284   1.120859   1.119873   0.001000
 -0.297144  -0.072656  -0.386047   0.870284   1.120859   1.119873   0.001000
 -0.297144  -0.072656  -0.386047   0.870284   1.120859   1.119873   0.001000
 -0.297144  -0.072656  -0.386047   0.870284   1.120859   1.119873   0.001000
 -0.297144  -0.072656  -0.386047   0.870284   1.120859   1.119873   0.001000
 -0.297144  -0.072656  -0.386047   0.870284   1.120859   1.119873   0.001000
 -0.297144  -0.072656  -0.386047   0.870284   1.120859   1.119873   0.001000
 -0.298809  -0.060393  -0.400039   0.864311   1.089789   1.086202   0.001000
 -0.297067  -0.064272  -0.381383   0.873022   1.067259   1.099063   0.001000
 -0.297067  -0.064272  -0.381383   0.873022   1.067259   1.099063   0.001000
 -0.305064  -0.070449  -0.384536   0.868392   1.082147   1.030886   0.001000
 -0.305064  -0.070449  -0.384536   0.868392   1.082147   1.030886   0.001000
 -0.315373  -0.066280  -0.381037   0.866578   1.088662   1.126387   0.001000
 -0.315373  -0.066280  -0.381037   0.866578   1.088662   1.126387   0.001000
 -0.310738  -0.070855  -0.381086   0.867868   1.107106   1.077764   0.001000
 -0.293208  -0.062732  -0.376628   0.876496   0.678332   0.928061   0.001000
 -0.295527  -0.073080  -0.379422   0.873706   0.965083   1.072430   0.001000
 -0.295527  -0.073080  -0.379422   0.873706   0.965083   1.072430   0.001000
 -0.284431  -0.087229  -0.405587   0.864285   0.964591   1.129904   0.001000
 -0.284431  -0.087229  -0.405587   0.864285   0.964591   1.129904   0.001000
 -0.284431  -0.087229  -0.405587   0.864285   0.964591   1.129904   0.001000
 -0.299148  -0.058004  -0.371537   0.876987   0.945281   1.063102   0.001000
 -0.309488  -0.064237  -0.379819   0.869384   1.019161   1.012994   0.001000
 -0.316347  -0.086976  -0.399055   0.856221   0.938673   0.991971   0.001000
 -0.273831  -0.057250  -0.404980   0.870477   0.962178   1.179589   0.001000
 -0.293410  -0.058657  -0.377202   0.876464   1.075449   1.174018   0.001000
 -0.293410  -0.058657  -0.377202   0.876464   1.075449   1.174018   0.001000
 -0.297485  -0.054668  -0.395817   0.867089   0.926685   1.215688   0.001000
 -0.293473  -0.078369  -0.384214   0.871844   1.005506   1.079934   0.001000
 -0.293473  -0.078369  -0.384214   0.871844   1.005506   1.079934   0.001000
 -0.293473  -0.078369  -0.384214   0.871844   1.005506   1.079934   0.001000
 -0.297116  -0.070870  -0.391713   0.867906   1.008856   1.262237   0.001000
 -0.297116  -0.070870  -0.391713   0.867906   1.008856   1.262237   0.001000
 -0.297116  -0.070870  -0.391713   0.867906   1.008856   1.262237   0.001000
 -0.297116  -0.070870  -0.391713   0.867906   1.008856   1.262237   0.001000
 -0.297116  -0.070870  -0.391713   0.867906   1.008856   1.262237   0.001000
 -0.297116  -0.070870  -0.391713   0.867906   1.008856   1.262237   0.001000
 -0.297116  -0.070870  -0.391713   0.867906   1.008856   1.262237   0.001000
 -0.299512  -0.068660  -0.392063   0.867102   0.905622   1.129575   0.001000
 -0.291833  -0.077159  -0.376164   0.876003   0.875703   1.049851   0.001000
 -0.281856  -0.065493  -0.383136   0.877197   0.885523   1.096434   0.001000
 -0.300586  -0.076414  -0.376634   0.872901   0.977266   1.101887   0.001000
 -0.300586  -0.076414  -0.376634   0.872901   0.977266   1.101887   0.001000
 -0.273407  -0.074977  -0.397889   0.872531   0.967220   1.159639   0.001000
 -0.273407  -0.074977  -0.397889   0.872531   0.967220   1.159639   0.001000
 -0.290859  -0.068934  -0.377971   0.876235   0.982432   1.023443   0.001000
 -0.290859  -0.068934  -0.377971   0.876235   0.982432   1.023443   0.001000
 -0.291974  -0.075880  -0.392421   0.868907   0.949534   1.011130   0.001000
 -0.291974  -0.075880  -0.392421   0.868907   0.949534   1.011130   0.001000
 -0.291974  -0.075880  -0.392421   0.868907   0.949534   1.011130   0.001000
 -0.291974  -0.075880  -0.392421   0.868907   0.949534   1.011130   0.001000
 -0.291974  -0.075880  -0.392421   0.868907   0.949534   1.011130   0.001000
 -0.285349  -0.064812  -0.400152   0.868478   0.907285   1.121512   0.001000
 -0.297521  -0.066772  -0.368155   0.878342   1.054907   1.065201   0.001000
 -0.309898  -0.061674  -0.380276   0.869224   0.896263   0.849672   0.001000
 -0.290381  -0.074897  -0.385594   0.872574   1.052113   0.951616   0.001000
 -0.290381  -0.074897  -0.385594   0.872574   1.052113   0.951616   0.001000
 -0.290381  -0.074897  -0.385594   0.872574   1.052113   0.951616   0.001000
 -0.290381  -0.074897  -0.385594   0.872574   1.052113   0.951616   0.001000
 -0.290381  -0.074897  -0.385594   0.872574   1.052113   0.951616   0.001000
 -0.290381  -0.074897  -0.385594   0.872574   1.052113   0.951616   0.001000
 -0.290381  -0.074897  -0.385594   0.872574   1.052113   0.951616   0.001000
 -0.312868  -0.046657  -0.383345   0.867746   0.933010   1.126532   0.001000
 -0.281300  -0.077970  -0.393745   0.871640   1.007361   1.110310   0.001000
 -0.293502  -0.074026  -0.385660   0.871575   1.142984   1.260883   0.001000
 -0.281916  -0.072574  -0.385214   0.875709   1.061772   1.354171   0.001000
 -0.281916  -0.072574  -0.385214   0.875709   1.061772   1.354171   0.001000
 -0.281916  -0.072574  -0.385214   0.875709   1.061772   1.354171   0.001000
 -0.281916  -0.072574  -0.385214   0.875709   1.061772   1.354171   0.001000
 -0.281916  -0.072574  -0.385214   0.875709   1.061772   1.354171   0.001000
 -0.281916  -0.072574  -0.385214   0.875709   1.061772   1.354171   0.001000
 -0.281916  -0.072574  -0.385214   0.875709   1.061772   1.354171   0.001000
 -0.287425  -0.078131  -0.408797   0.862652   1.098456   1.443504   0.001000
 -0.268577  -0.087817  -0.393726   0.874720   1.069480   1.162109   0.001000
 -0.287828  -0.078150  -0.386411   0.872774   1.133223   1.221794   0.001000
 -0.287828  -0.078150  -0.386411   0.872774   1.133223   1.221794   0.001000
 -0.287828  -0.078150  -0.386411   0.872774   1.133223   1.221794   0.001000
 -0.287828  -0.078150  -0.386411   0.872774   1.133223   1.221794   0.001000
 -0.287828  -0.078150  -0.386411   0.872774   1.133223   1.221794   0.001000
 -0.287828  -0.078150  -0.386411   0.872774   1.133223   1.221794   0.001000
 -0.287828  -0.078150  -0.386411   0.872774   1.133223   1.221794   0.001000
 -0.287828  -0.078150  -0.386411   0.872774   1.133223   1.221794   0.001000
 -0.287828  -0.078150  -0.386411   0.872774   1.133223   1.221794   0.001000
 -0.287828  -0.078150  -0.386411   0.872774   1.133223   1.221794   0.001000
 -0.289832  -0.069841  -0.393952   0.869437   1.092037   1.277367   0.001000
 -0.289832  -0.069841  -0.393952   0.869437   1.092037   1.277367   0.001000
 -0.289832  -0.069841  -0.393952   0.869437   1.092037   1.277367   0.001000
 -0.289832  -0.069841  -0.393952   0.869437   1.092037   1.277367   0.001000
 -0.289832  -0.069841  -0.393952   0.869437   1.092037   1.277367   0.001000
 -0.289832  -0.069841  -0.393952   0.869437   1.092037   1.277367   0.001000
 -0.276457  -0.080304  -0.397247   0.871388   1.169289   1.187014   0.001000
 -0.298859  -0.064708  -0.381383   0.872378   1.102381   1.235197   0.001000
 -0.298859  -0.064708  -0.381383   0.872378   1.102381   1.235197   0.001000
 -0.298859  -0.064708  -0.381383   0.872378   1.102381   1.235197   0.001000
 -0.298859  -0.064708  -0.381383   0.872378   1.102381   1.235197   0.001000
 -0.298859  -0.064708  -0.381383   0.872378   1.102381   1.235197   0.001000
 -0.328998  -0.050982  -0.407320   0.850442   0.953926   1.230736   0.001000
 -0.305583  -0.060672  -0.390328   0.866362   1.051229   1.324474   0.001000
 -0.305583  -0.060672  -0.390328   0.866362   1.051229   1.324474   0.001000
 -0.305583  -0.060672  -0.390328   0.866362   1.051229   1.324474   0.001000
 -0.305583  -0.060672  -0.390328   0.866362   1.051229   1.324474   0.001000
 -0.305583  -0.060672  -0.390328   0.866362   1.051229   1.324474   0.001000
 -0.305583  -0.060672  -0.390328   0.866362   1.051229   1.324474   0.001000
 -0.305583  -0.060672  -0.390328   0.866362   1.051229   1.324474   0.001000
 -0.294260  -0.073536  -0.387816   0.870403   1.105636   1.376624   0.001000
 -0.294260  -0.073536  -0.387816   0.870403   1.105636   1.376624   0.001000
 -0.294260  -0.073536  -0.387816   0.870403   1.105636   1.376624   0.001000
 -0.294260  -0.073536  -0.387816   0.870403   1.105636   1.376624   0.001000
 -0.294260  -0.073536  -0.387816   0.870403   1.105636   1.376624   0.001000
 -0.294260  -0.073536  -0.387816   0.870403   1.105636   1.376624   0.001000
 -0.294260  -0.073536  -0.387816   0.870403   1.105636   1.376624   0.001000
 -0.294260  -0.073536  -0.387816   0.870403   1.105636   1.376624   0.001000
 -0.294260  -0.073536  -0.387816   0.870403   1.105636   1.376624   0.001000
 -0.294260  -0.073536  -0.387816   0.870403   1.105636   1.376624   0.001000
 -0.294260  -0.073536  -0.387816   0.870403   1.105636   1.376624   0.001000
 -0.294260  -0.073536  -0.387816   0.870403   1.105636   1.376624   0.001000
 -0.294260  -0.073536  -0.387816   0.870403   1.105636   1.376624   0.001000
 -0.294260  -0.073536  -0.387816   0.870403   1.105636   1.376624   0.001000
 -0.294260  -0.073536  -0.387816   0.870403   1.105636   1.376624   0.001000
 -0.294260  -0.073536  -0.387816   0.870403   1.105636   1.376624   0.001000
 -0.294260  -0.073536  -0.387816   0.870403   1.105636   1.376624   0.001000
 -0.294260  -0.073536  -0.387816   0.870403   1.105636   1.376624   0.001000
 -0.294260  -0.073536  -0.387816   0.870403   1.105636   1.376624   0.001000
 -0.294260  -0.073536  -0.387816   0.870403   1.105636   1.376624   0.001000
 -0.294260  -0.073536  -0.387816   0.870403   1.105636   1.376624   0.001000
 -0.294260  -0.073536  -0.387816   0.870403   1.105636   1.376624   0.001000
 -0.303819  -0.057106  -0.393319   0.865871   1.035361   1.345369   0.001000
 -0.306813  -0.053444  -0.390961   0.866117   0.961713   1.407083   0.001000
 -0.306813  -0.053444  -0.390961   0.866117   0.961713   1.407083   0.001000
 -0.270509  -0.060622  -0.407811   0.869966   1.070532   1.279467   0.001000
 -0.294227  -0.071440  -0.392505   0.868485   1.087905   1.319958   0.001000
 -0.294227  -0.071440  -0.392505   0.868485   1.087905   1.319958   0.001000
 -0.294227  -0.071440  -0.392505   0.868485   1.087905   1.319958   0.001000
 -0.295139  -0.066135  -0.385106   0.871902   1.052140   1.241457   0.001000
 -0.287896  -0.063390  -0.389388   0.872625   1.253698   1.218731   0.001000
 -0.296935  -0.079921  -0.384825   0.870260   1.231192   1.300591   0.001000
 -0.292674  -0.065697  -0.392790   0.869334   1.234013   1.256011   0.001000
 -0.294137  -0.071732  -0.382180   0.873085   0.951839   1.318339   0.001000
 -0.294137  -0.071732  -0.382180   0.873085   0.951839   1.318339   0.001000
 -0.294137  -0.071732  -0.382180   0.873085   0.951839   1.318339   0.001000
 -0.294137  -0.071732  -0.382180   0.873085   0.951839   1.318339   0.001000
 -0.294137  -0.071732  -0.382180   0.873085   0.951839   1.318339   0.001000
 -0.294137  -0.071732  -0.382180   0.873085   0.951839   1.318339   0.001000
 -0.294137  -0.071732  -0.382180   0.873085   0.951839   1.318339   0.001000
 -0.294137  -0.071732  -0.382180   0.873085   0.951839   1.318339   0.001000
 -0.294137  -0.071732  -0.382180   0.873085   0.951839   1.318339   0.001000
 -0.294137  -0.071732  -0.382180   0.873085   0.951839   1.318339   0.001000
 -0.294137  -0.071732  -0.382180   0.873085   0.951839   1.318339   0.001000
 -0.294137  -0.071732  -0.382180   0.873085   0.951839   1.318339   0.001000
 -0.294137  -0.071732  -0.382180   0.873085   0.951839   1.318339   0.001000
 -0.294137  -0.071732  -0.382180   0.873085   0.951839   1.318339   0.001000
 -0.294137  -0.071732  -0.382180   0.873085   0.951839   1.318339   0.001000
 -0.294137  -0.071732  -0.382180   0.873085   0.951839   1.318339   0.001000
 -0.294137  -0.071732  -0.382180   0.873085   0.951839   1.318339   0.001000
 -0.294137  -0.071732  -0.382180   0.873085   0.951839   1.318339   0.001000
 -0.294137  -0.071732  -0.382180   0.873085   0.951839   1.318339   0.001000
 -0.294137  -0.071732  -0.382180   0.873085   0.951839   1.318339   0.001000
 -0.294137  -0.071732  -0.382180   0.873085   0.951839   1.318339   0.001000
 -0.294137  -0.071732  -0.382180   0.873085   0.951839   1.318339   0.001000
 -0.294137  -0.071732  -0.382180   0.873085   0.951839   1.318339   0.001000
 -0.294137  -0.071732  -0.382180   0.873085   0.951839   1.318339   0.001000
 -0.294137  -0.071732  -0.382180   0.873085   0.951839   1.318339   0.001000
 -0.294137  -0.071732  -0.382180   0.873085   0.951839   1.318339   0.001000
 -0.294137  -0.071732  -0.382180   0.873085   0.951839   1.318339   0.001000
 -0.294137  -0.071732  -0.382180   0.873085   0.951839   1.318339   0.001000
 -0.294137  -0.071732  -0.382180   0.873085   0.951839   1.318339   0.001000
 -0.294137  -0.071732  -0.382180   0.873085   0.951839   1.318339   0.001000
 -0.294137  -0.071732  -0.382180   0.873085   0.951839   1.318339   0.001000
 -0.294137  -0.071732  -0.382180   0.873085   0.951839   1.318339   0.001000
 -0.294137  -0.071732  -0.382180   0.873085   0.951839   1.318339   0.001000
 -0.294137  -0.071732  -0.382180   0.873085   0.951839   1.318339   0.001000
 -0.294137  -0.071732  -0.382180   0.873085   0.951839   1.318339   0.001000
 -0.294137  -0.071732  -0.382180   0.873085   0.951839   1.318339   0.001000
 -0.294137  -0.071732  -0.382180   0.873085   0.951839   1.318339   0.001000
 -0.294137  -0.071732  -0.382180   0.873085   0.951839   1.318339   0.001000
 -0.294137  -0.071732  -0.382180   0.873085   0.951839   1.318339   0.001000
 -0.294137  -0.071732  -0.382180   0.873085   0.951839   1.318339   0.001000
 -0.294137  -0.071732  -0.382180   0.873085   0.951839   1.318339   0.001000
 -0.294137  -0.071732  -0.382180   0.873085   0.951839   1.318339   0.001000
 -0.294137  -0.071732  -0.382180   0.873085   0.951839   1.318339   0.001000
 -0.295506  -0.068538  -0.402868   0.863526   1.074147   1.264576   0.001000
 -0.305174  -0.069965  -0.390225   0.865851   0.943100   1.255029   0.001000
 -0.305174  -0.069965  -0.390225   0.865851   0.943100   1.255029   0.001000
 -0.282324  -0.066011  -0.385980   0.875760   0.946901   1.332831   0.001000
 -0.282324  -0.066011  -0.385980   0.875760   0.946901   1.332831   0.001000
 -0.282324  -0.066011  -0.385980   0.875760   0.946901   1.332831   0.001000
 -0.282324  -0.066011  -0.385980   0.875760   0.946901   1.332831   0.001000
 -0.291060  -0.061802  -0.384786   0.873730   1.086755   1.243565   0.001000
 -0.291060  -0.061802  -0.384786   0.873730   1.086755   1.243565   0.001000
 -0.291060  -0.061802  -0.384786   0.873730   1.086755   1.243565   0.001000
 -0.291060  -0.061802  -0.384786   0.873730   1.086755   1.243565   0.001000
 -0.297904  -0.070146  -0.380702   0.872582   1.122136   1.167602   0.001000
 -0.297904  -0.070146  -0.380702   0.872582   1.122136   1.167602   0.001000
 -0.297904  -0.070146  -0.380702   0.872582   1.122136   1.167602   0.001000
 -0.301337  -0.071782  -0.373030   0.874581   1.028944   1.059020   0.001000
 -0.301337  -0.071782  -0.373030   0.874581   1.028944   1.059020   0.001000
 -0.301337  -0.071782  -0.373030   0.874581   1.028944   1.059020   0.001000
 -0.288878  -0.071435  -0.382999   0.874505   1.167937   1.331397   0.001000
 -0.288878  -0.071435  -0.382999   0.874505   1.167937   1.331397   0.001000
 -0.288878  -0.071435  -0.382999   0.874505   1.167937   1.331397   0.001000
 -0.288878  -0.071435  -0.382999   0.874505   1.167937   1.331397   0.001000
 -0.288878  -0.071435  -0.382999   0.874505   1.167937   1.331397   0.001000
 -0.288878  -0.071435  -0.382999   0.874505   1.167937   1.331397   0.001000
 -0.288878  -0.071435  -0.382999   0.874505   1.167937   1.331397   0.001000
 -0.288878  -0.071435  -0.382999   0.874505   1.167937   1.331397   0.001000
 -0.288878  -0.071435  -0.382999   0.874505   1.167937   1.331397   0.001000
 -0.288878  -0.071435  -0.382999   0.874505   1.167937   1.331397   0.001000
 -0.297175  -0.068822  -0.386224   0.870507   1.286338   1.521365   0.001000
 -0.308459  -0.060387  -0.386688   0.866994   1.219582   1.203964   0.001000
 -0.281881  -0.082355  -0.381452   0.876502   1.056523   1.378413   0.001000
 -0.281881  -0.082355  -0.381452   0.876502   1.056523   1.378413   0.001000
 -0.281881  -0.082355  -0.381452   0.876502   1.056523   1.378413   0.001000
 -0.278749  -0.083036  -0.375613   0.879954   1.129974   1.244691   0.001000
 -0.296477  -0.073719  -0.387485   0.869783   1.073266   1.340038   0.001000
 -0.296477  -0.073719  -0.387485   0.869783   1.073266   1.340038   0.001000
 -0.296477  -0.073719  -0.387485   0.869783   1.073266   1.340038   0.001000
 -0.296477  -0.073719  -0.387485   0.869783   1.073266   1.340038   0.001000
 -0.296477  -0.073719  -0.387485   0.869783   1.073266   1.340038   0.001000
 -0.296477  -0.073719  -0.387485   0.869783   1.073266   1.340038   0.001000
 -0.296477  -0.073719  -0.387485   0.869783   1.073266   1.340038   0.001000
 -0.296477  -0.073719  -0.387485   0.869783   1.073266   1.340038   0.001000
 -0.296477  -0.073719  -0.387485   0.869783   1.073266   1.340038   0.001000
 -0.296477  -0.073719  -0.387485   0.869783   1.073266   1.340038   0.001000
 -0.296477  -0.073719  -0.387485   0.869783   1.073266   1.340038   0.001000
 -0.296477  -0.073719  -0.387485   0.869783   1.073266   1.340038   0.001000
 -0.296477  -0.073719  -0.387485   0.869783   1.073266   1.340038   0.001000
 -0.296477  -0.073719  -0.387485   0.869783   1.073266   1.340038   0.001000
 -0.296477  -0.073719  -0.387485   0.869783   1.073266   1.340038   0.001000
 -0.296477  -0.073719  -0.387485   0.869783   1.073266   1.340038   0.001000
 -0.296477  -0.073719  -0.387485   0.869783   1.073266   1.340038   0.001000
 -0.296477  -0.073719  -0.387485   0.869783   1.073266   1.340038   0.001000
 -0.297618  -0.071050  -0.388764   0.869045   1.260513   1.006907   0.001000
 -0.297618  -0.071050  -0.388764   0.869045   1.260513   1.006907   0.001000
 -0.297618  -0.071050  -0.388764   0.869045   1.260513   1.006907   0.001000
 -0.297618  -0.071050  -0.388764   0.869045   1.260513   1.006907   0.001000
 -0.297618  -0.071050  -0.388764   0.869045   1.260513   1.006907   0.001000
 -0.297618  -0.071050  -0.388764   0.869045   1.260513   1.006907   0.001000
 -0.297618  -0.071050  -0.388764   0.869045   1.260513   1.006907   0.001000
 -0.297618  -0.071050  -0.388764   0.869045   1.260513   1.006907   0.001000
 -0.297618  -0.071050  -0.388764   0.869045   1.260513   1.006907   0.001000
 -0.297618  -0.071050  -0.388764   0.869045   1.260513   1.006907   0.001000
 -0.297618  -0.071050  -0.388764   0.869045   1.260513   1.006907   0.001000
 -0.297618  -0.071050  -0.388764   0.869045   1.260513   1.006907   0.001000
 -0.297618  -0.071050  -0.388764   0.869045   1.260513   1.006907   0.001000
 -0.297618  -0.071050  -0.388764   0.869045   1.260513   1.006907   0.001000
 -0.297618  -0.071050  -0.388764   0.869045   1.260513   1.006907   0.001000
 -0.297618  -0.071050  -0.388764   0.869045   1.260513   1.006907   0.001000
 -0.297618  -0.071050  -0.388764   0.869045   1.260513   1.006907   0.001000
 -0.297618  -0.071050  -0.388764   0.869045   1.260513   1.006907   0.001000
 -0.297618  -0.071050  -0.388764   0.869045   1.260513   1.006907   0.001000
 -0.297618  -0.071050  -0.388764   0.869045   1.260513   1.006907   0.001000
 -0.286965  -0.081715  -0.389159   0.871510   1.148051   1.097577   0.001000
 -0.295056  -0.077124  -0.388596   0.869475   1.124627   1.372836   0.001000
 -0.295056  -0.077124  -0.388596   0.869475   1.124627   1.372836   0.001000
 -0.295056  -0.077124  -0.388596   0.869475   1.124627   1.372836   0.001000
 -0.295056  -0.077124  -0.388596   0.869475   1.124627   1.372836   0.001000
 -0.295056  -0.077124  -0.388596   0.869475   1.124627   1.372836   0.001000
 -0.295056  -0.077124  -0.388596   0.869475   1.124627   1.372836   0.001000
 -0.295056  -0.077124  -0.388596   0.869475   1.124627   1.372836   0.001000
 -0.295056  -0.077124  -0.388596   0.869475   1.124627   1.372836   0.001000
 -0.330833  -0.103877  -0.396112   0.850208   1.177790   1.428211   0.001000
 -0.299008  -0.062844  -0.399791   0.864183   1.159282   1.304325   0.001000
 -0.299008  -0.062844  -0.399791   0.864183   1.159282   1.304325   0.001000
 -0.277285  -0.081649  -0.408562   0.865750   1.166335   1.381384   0.001000
 -0.315128  -0.088302  -0.382374   0.864111   1.148454   1.381582   0.001000
 -0.315128  -0.088302  -0.382374   0.864111   1.148454   1.381582   0.001000
 -0.315128  -0.088302  -0.382374   0.864111   1.148454   1.381582   0.001000
 -0.294359  -0.075259  -0.389990   0.869251   1.153287   1.184229   0.001000
 -0.294359  -0.075259  -0.389990   0.869251   1.153287   1.184229   0.001000
 -0.294359  -0.075259  -0.389990   0.869251   1.153287   1.184229   0.001000
 -0.294359  -0.075259  -0.389990   0.869251   1.153287   1.184229   0.001000
 -0.294359  -0.075259  -0.389990   0.869251   1.153287   1.184229   0.001000
 -0.294359  -0.075259  -0.389990   0.869251   1.153287   1.184229   0.001000
 -0.294359  -0.075259  -0.389990   0.869251   1.153287   1.184229   0.001000
 -0.294359  -0.075259  -0.389990   0.869251   1.153287   1.184229   0.001000
 -0.294359  -0.075259  -0.389990   0.869251   1.153287   1.184229   0.001000
 -0.294359  -0.075259  -0.389990   0.869251   1.153287   1.184229   0.001000
 -0.294359  -0.075259  -0.389990   0.869251   1.153287   1.184229   0.001000
 -0.294359  -0.075259  -0.389990   0.869251   1.153287   1.184229   0.001000
 -0.281445  -0.080887  -0.382296   0.876411   1.178809   1.326300   0.001000
 -0.281445  -0.080887  -0.382296   0.876411   1.178809   1.326300   0.001000
 -0.281445  -0.080887  -0.382296   0.876411   1.178809   1.326300   0.001000
 -0.288722  -0.077389  -0.367552   0.880657   1.158642   1.250279   0.001000
 -0.288722  -0.077389  -0.367552   0.880657   1.158642   1.250279   0.001000
 -0.269468  -0.069607  -0.380748   0.881801   1.199197   1.233503   0.001000
 -0.292805  -0.063538  -0.388851   0.871219   1.281803   1.307871   0.001000
 -0.292805  -0.063538  -0.388851   0.871219   1.281803   1.307871   0.001000
 -0.298539  -0.060002  -0.381672   0.872697   1.180425   1.192415   0.001000
 -0.292877  -0.069367  -0.396846   0.867136   1.323800   1.449505   0.001000
 -0.292877  -0.069367  -0.396846   0.867136   1.323800   1.449505   0.001000
 -0.292877  -0.069367  -0.396846   0.867136   1.323800   1.449505   0.001000
 -0.292877  -0.069367  -0.396846   0.867136   1.323800   1.449505   0.001000
 -0.292877  -0.069367  -0.396846   0.867136   1.323800   1.449505   0.001000
 -0.292877  -0.069367  -0.396846   0.867136   1.323800   1.449505   0.001000
 -0.292877  -0.069367  -0.396846   0.867136   1.323800   1.449505   0.001000
 -0.293436  -0.066754  -0.385279   0.872353   1.350786   1.421366   0.001000
 -0.293436  -0.066754  -0.385279   0.872353   1.350786   1.421366   0.001000
 -0.291235  -0.051713  -0.395833   0.869382   1.312883   1.328518   0.001000
 -0.366864  -0.015596  -0.424039   0.827864   1.100329   1.280311   0.001000
 -0.295356  -0.063034  -0.405306   0.862855   1.066264   1.359681   0.001000
 -0.299567  -0.069966  -0.389898   0.867954   1.171825   1.246760   0.001000
 -0.299567  -0.069966  -0.389898   0.867954   1.171825   1.246760   0.001000
 -0.299567  -0.069966  -0.389898   0.867954   1.171825   1.246760   0.001000
 -0.299567  -0.069966  -0.389898   0.867954   1.171825   1.246760   0.001000
 -0.299567  -0.069966  -0.389898   0.867954   1.171825   1.246760   0.001000
 -0.299567  -0.069966  -0.389898   0.867954   1.171825   1.246760   0.001000
 -0.299567  -0.069966  -0.389898   0.867954   1.171825   1.246760   0.001000
 -0.299567  -0.069966  -0.389898   0.867954   1.171825   1.246760   0.001000
 -0.299567  -0.069966  -0.389898   0.867954   1.171825   1.246760   0.001000
 -0.299567  -0.069966  -0.389898   0.867954   1.171825   1.246760   0.001000
 -0.299567  -0.069966  -0.389898   0.867954   1.171825   1.246760   0.001000
 -0.299567  -0.069966  -0.389898   0.867954   1.171825   1.246760   0.001000
 -0.299567  -0.069966  -0.389898   0.867954   1.171825   1.246760   0.001000
 -0.299567  -0.069966  -0.389898   0.867954   1.171825   1.246760   0.001000
 -0.299567  -0.069966  -0.389898   0.867954   1.171825   1.246760   0.001000
 -0.299567  -0.069966  -0.389898   0.867954   1.171825   1.246760   0.001000
 -0.299567  -0.069966  -0.389898   0.867954   1.171825   1.246760   0.001000
 -0.299567  -0.069966  -0.389898   0.867954   1.171825   1.246760   0.001000
 -0.299567  -0.069966  -0.389898   0.867954   1.171825   1.246760   0.001000
 -0.299567  -0.069966  -0.389898   0.867954   1.171825   1.246760   0.001000
 -0.299567  -0.069966  -0.389898   0.867954   1.171825   1.246760   0.001000
 -0.299567  -0.069966  -0.389898   0.867954   1.171825   1.246760   0.001000
 -0.299567  -0.069966  -0.389898   0.867954   1.171825   1.246760   0.001000
 -0.299567  -0.069966  -0.389898   0.867954   1.171825   1.246760   0.001000
 -0.299567  -0.069966  -0.389898   0.867954   1.171825   1.246760   0.001000
 -0.299567  -0.069966  -0.389898   0.867954   1.171825   1.246760   0.001000
 -0.299567  -0.069966  -0.389898   0.867954   1.171825   1.246760   0.001000
 -0.299567  -0.069966  -0.389898   0.867954   1.171825   1.246760   0.001000
 -0.299567  -0.069966  -0.389898   0.867954   1.171825   1.246760   0.001000
 -0.299567  -0.069966  -0.389898   0.867954   1.171825   1.246760   0.001000
 -0.299567  -0.069966  -0.389898   0.867954   1.171825   1.246760   0.001000
 -0.299567  -0.069966  -0.389898   0.867954   1.171825   1.246760   0.001000
 -0.291996  -0.067725  -0.369044   0.879749   1.143878   1.379373   0.001000
 -0.288302  -0.073086  -0.396344   0.868592   1.142140   1.508372   0.001000
 -0.288302  -0.073086  -0.396344   0.868592   1.142140   1.508372   0.001000
 -0.288302  -0.073086  -0.396344   0.868592   1.142140   1.508372   0.001000
 -0.284021  -0.075178  -0.382570   0.875968   1.098733   1.444441   0.001000
 -0.284021  -0.075178  -0.382570   0.875968   1.098733   1.444441   0.001000
 -0.284021  -0.075178  -0.382570   0.875968   1.098733   1.444441   0.001000
 -0.284021  -0.075178  -0.382570   0.875968   1.098733   1.444441   0.001000
 -0.284021  -0.075178  -0.382570   0.875968   1.098733   1.444441   0.001000
 -0.284021  -0.075178  -0.382570   0.875968   1.098733   1.444441   0.001000
 -0.284021  -0.075178  -0.382570   0.875968   1.098733   1.444441   0.001000
 -0.298618  -0.064107  -0.387675   0.869727   1.035921   1.470876   0.001000
 -0.298618  -0.064107  -0.387675   0.869727   1.035921   1.470876   0.001000
 -0.289049  -0.067090  -0.403677   0.865445   1.106916   1.431690   0.001000
 -0.289049  -0.067090  -0.403677   0.865445   1.106916   1.431690   0.001000
 -0.287152  -0.080462  -0.393684   0.869530   1.050338   1.415845   0.001000
 -0.302914  -0.066131  -0.397023   0.863853   1.244179   1.110998   0.001000
 -0.295855  -0.081683  -0.384452   0.870629   1.200131   1.250297   0.001000
 -0.307017  -0.069431  -0.387328   0.866543   1.176596   1.215097   0.001000
 -0.298039  -0.073448  -0.397595   0.864694   1.319358   1.133558   0.001000
 -0.291532  -0.075177  -0.387523   0.871311   1.353817   1.201308   0.001000
 -0.291532  -0.075177  -0.387523   0.871311   1.353817   1.201308   0.001000
 -0.291532  -0.075177  -0.387523   0.871311   1.353817   1.201308   0.001000
 -0.291532  -0.075177  -0.387523   0.871311   1.353817   1.201308   0.001000
 -0.291532  -0.075177  -0.387523   0.871311   1.353817   1.201308   0.001000
 -0.291532  -0.075177  -0.387523   0.871311   1.353817   1.201308   0.001000
 -0.291532  -0.075177  -0.387523   0.871311   1.353817   1.201308   0.001000
 -0.291532  -0.075177  -0.387523   0.871311   1.353817   1.201308   0.001000
 -0.291532  -0.075177  -0.387523   0.871311   1.353817   1.201308   0.001000
 -0.291532  -0.075177  -0.387523   0.871311   1.353817   1.201308   0.001000
 -0.291532  -0.075177  -0.387523   0.871311   1.353817   1.201308   0.001000
 -0.286562  -0.092101  -0.373654   0.877372   1.326208   1.250146   0.001000
 -0.304360  -0.068198  -0.380379   0.870647   0.977821   0.940571   0.001000
 -0.304360  -0.068198  -0.380379   0.870647   0.977821   0.940571   0.001000
 -0.304360  -0.068198  -0.380379   0.870647   0.977821   0.940571   0.001000
 -0.304360  -0.068198  -0.380379   0.870647   0.977821   0.940571   0.001000
 -0.304360  -0.068198  -0.380379   0.870647   0.977821   0.940571   0.001000
 -0.302637  -0.075028  -0.393990   0.864612   0.900515   0.989905   0.001000
 -0.528588  -0.074568  -0.233785   0.812637   1.194467   0.861867   0.001000
 -0.301986  -0.070847  -0.385568   0.868978   1.076313   1.082215   0.001000
 -0.300542  -0.060240  -0.379351   0.873006   1.137416   0.981746   0.001000
 -0.315613  -0.057492  -0.384193   0.865724   1.072720   0.990623   0.001000
 -0.301943  -0.069030  -0.376197   0.873236   1.195884   1.047835   0.001000
 -0.301943  -0.069030  -0.376197   0.873236   1.195884   1.047835   0.001000
 -0.301943  -0.069030  -0.376197   0.873236   1.195884   1.047835   0.001000
 -0.301943  -0.069030  -0.376197   0.873236   1.195884   1.047835   0.001000
 -0.301943  -0.069030  -0.376197   0.873236   1.195884   1.047835   0.001000
 -0.301943  -0.069030  -0.376197   0.873236   1.195884   1.047835   0.001000
 -0.288038  -0.080537  -0.391789   0.870086   1.113917   1.029447   0.001000
 -0.288038  -0.080537  -0.391789   0.870086   1.113917   1.029447   0.001000
 -0.294171  -0.070902  -0.377116   0.875340   1.157096   0.879329   0.001000
 -0.294171  -0.070902  -0.377116   0.875340   1.157096   0.879329   0.001000
 -0.294171  -0.070902  -0.377116   0.875340   1.157096   0.879329   0.001000
 -0.294171  -0.070902  -0.377116   0.875340   1.157096   0.879329   0.001000
 -0.286861  -0.076230  -0.387954   0.872578   1.084026   1.172576   0.001000
 -0.286861  -0.076230  -0.387954   0.872578   1.084026   1.172576   0.001000
 -0.286861  -0.076230  -0.387954   0.872578   1.084026   1.172576   0.001000
 -0.283776  -0.066102  -0.390238   0.873394   1.237680   1.046552   0.001000
 -0.289474  -0.072072  -0.385672   0.873079   1.256329   1.180138   0.001000
 -0.289474  -0.072072  -0.385672   0.873079   1.256329   1.180138   0.001000
 -0.289474  -0.072072  -0.385672   0.873079   1.256329   1.180138   0.001000
 -0.287505  -0.075312  -0.378835   0.876443   1.439414   1.217752   0.001000
 -0.279543  -0.076476  -0.380685   0.878115   1.427045   0.895583   0.001000
 -0.298726  -0.059607  -0.388753   0.869529   1.298235   1.112184   0.001000
 -0.295702  -0.064780  -0.389916   0.869672   1.042892   1.360794   0.001000
 -0.295702  -0.064780  -0.389916   0.869672   1.042892   1.360794   0.001000
 -0.295702  -0.064780  -0.389916   0.869672   1.042892   1.360794   0.001000
 -0.295702  -0.064780  -0.389916   0.869672   1.042892   1.360794   0.001000
 -0.295702  -0.064780  -0.389916   0.869672   1.042892   1.360794   0.001000
 -0.295702  -0.064780  -0.389916   0.869672   1.042892   1.360794   0.001000
 -0.295702  -0.064780  -0.389916   0.869672   1.042892   1.360794   0.001000
 -0.295702  -0.064780  -0.389916   0.869672   1.042892   1.360794   0.001000
 -0.295702  -0.064780  -0.389916   0.869672   1.042892   1.360794   0.001000
 -0.295702  -0.064780  -0.389916   0.869672   1.042892   1.360794   0.001000
 -0.295702  -0.064780  -0.389916   0.869672   1.042892   1.360794   0.001000
