 -0.184156  -0.219333  -0.753180   0.592199  -1.244298   0.821942   0.001000
 -0.341233  -0.079259  -0.605894   0.714262  -1.261256   0.953616   0.001000
 -0.341233  -0.079259  -0.605894   0.714262  -1.261256   0.953616   0.001000
 -0.300839  -0.123569  -0.590103   0.738922  -1.391674   0.582275   0.001000
 -0.377880  -0.055102  -0.596455   0.705983  -1.717508   0.519695   0.001000
 -0.246784  -0.156364  -0.581373   0.759377  -1.568547   0.611141   0.001000
 -0.364549  -0.052551  -0.602852   0.707752  -1.528388   0.066777   0.001000
 -0.346421  -0.084311  -0.593333   0.721692  -1.042752   0.619881   0.001000
 -0.346421  -0.084311  -0.593333   0.721692  -1.042752   0.619881   0.001000
 -0.357636  -0.081732  -0.594761   0.715315  -1.153707   0.609254   0.001000
 -0.341911  -0.070852  -0.596566   0.722624  -1.203965   0.512107   0.001000
 -0.341911  -0.070852  -0.596566   0.722624  -1.203965   0.512107   0.001000
 -0.341911  -0.070852  -0.596566   0.722624  -1.203965   0.512107   0.001000
 -0.341911  -0.070852  -0.596566   0.722624  -1.203965   0.512107   0.001000
 -0.341911  -0.070852  -0.596566   0.722624  -1.203965   0.512107   0.001000
 -0.341911  -0.070852  -0.596566   0.722624  -1.203965   0.512107   0.001000
 -0.341911  -0.070852  -0.596566   0.722624  -1.203965   0.512107   0.001000
 -0.343673  -0.088050  -0.608379   0.709937  -1.211107   0.651684   0.001000
 -0.360231  -0.079080  -0.593832   0.715083  -1.159556   0.400051   0.001000
 -0.360231  -0.079080  -0.593832   0.715083  -1.159556   0.400051   0.001000
 -0.360231  -0.079080  -0.593832   0.715083  -1.159556   0.400051   0.001000
 -0.360231  -0.079080  -0.593832   0.715083  -1.159556   0.400051   0.001000
 -0.360231  -0.079080  -0.593832   0.715083  -1.159556   0.400051   0.001000
 -0.351103  -0.087969  -0.593290   0.719024  -1.294909   0.489823   0.001000
 -0.351103  -0.087969  -0.593290   0.719024  -1.294909   0.489823   0.001000
 -0.335485  -0.068319  -0.594817   0.727306  -1.267423   0.741418   0.001000
 -0.336858  -0.082243  -0.606448   0.715530  -1.223060   0.429138   0.001000
 -0.336858  -0.082243  -0.606448   0.715530  -1.223060   0.429138   0.001000
 -0.336858  -0.082243  -0.606448   0.715530  -1.223060   0.429138   0.001000
 -0.336858  -0.082243  -0.606448   0.715530  -1.223060   0.429138   0.001000
 -0.336858  -0.082243  -0.606448   0.715530  -1.223060   0.429138   0.001000
 -0.336858  -0.082243  -0.606448   0.715530  -1.223060   0.429138   0.001000
 -0.336858  -0.082243  -0.606448   0.715530  -1.223060   0.429138   0.001000
 -0.336858  -0.082243  -0.606448   0.715530  -1.223060   0.429138   0.001000
 -0.336858  -0.082243  -0.606448   0.715530  -1.223060   0.429138   0.001000
 -0.336858  -0.082243  -0.606448   0.715530  -1.223060   0.429138   0.001000
 -0.336858  -0.082243  -0.606448   0.715530  -1.223060   0.429138   0.001000
 -0.336858  -0.082243  -0.606448   0.715530  -1.223060   0.429138   0.001000
 -0.336858  -0.082243  -0.606448   0.715530  -1.223060   0.429138   0.001000
 -0.336858  -0.082243  -0.606448   0.715530  -1.223060   0.429138   0.001000
 -0.336858  -0.082243  -0.606448   0.715530  -1.223060   0.429138   0.001000
 -0.336858  -0.082243  -0.606448   0.715530  -1.223060   0.429138   0.001000
 -0.336858  -0.082243  -0.606448   0.715530  -1.223060   0.429138   0.001000
 -0.336858  -0.082243  -0.606448   0.715530  -1.223060   0.429138   0.001000
 -0.336858  -0.082243  -0.606448   0.715530  -1.223060   0.429138   0.001000
 -0.336858  -0.082243  -0.606448   0.715530  -1.223060   0.429138   0.001000
 -0.336858  -0.082243  -0.606448   0.715530  -1.223060   0.429138   0.001000
 -0.339841  -0.095632  -0.622136   0.698792  -1.390183   0.429194   0.001000
 -0.339841  -0.095632  -0.622136   0.698792  -1.390183   0.429194   0.001000
 -0.345207  -0.083763  -0.591431   0.723896  -1.351528   0.366793   0.001000
 -0.345207  -0.083763  -0.591431   0.723896  -1.351528   0.366793   0.001000
 -0.345207  -0.083763  -0.591431   0.723896  -1.351528   0.366793   0.001000
 -0.345207  -0.083763  -0.591431   0.723896  -1.351528   0.366793   0.001000
 -0.345207  -0.083763  -0.591431   0.723896  -1.351528   0.366793   0.001000
 -0.345207  -0.083763  -0.591431   0.723896  -1.351528   0.366793   0.001000
 -0.339089  -0.083268  -0.603227   0.717079  -1.048049   0.696743   0.001000
 -0.339089  -0.083268  -0.603227   0.717079  -1.048049   0.696743   0.001000
 -0.339089  -0.083268  -0.603227   0.717079  -1.048049   0.696743   0.001000
 -0.339089  -0.083268  -0.603227   0.717079  -1.048049   0.696743   0.001000
 -0.341094  -0.069180  -0.601214   0.719313  -1.236598   0.768308   0.001000
 -0.341094  -0.069180  -0.601214   0.719313  -1.236598   0.768308   0.001000
 -0.335768  -0.085313  -0.593030   0.726840  -1.227748   0.523294   0.001000
 -0.335768  -0.085313  -0.593030   0.726840  -1.227748   0.523294   0.001000
 -0.335768  -0.085313  -0.593030   0.726840  -1.227748   0.523294   0.001000
 -0.335768  -0.085313  -0.593030   0.726840  -1.227748   0.523294   0.001000
 -0.335768  -0.085313  -0.593030   0.726840  -1.227748   0.523294   0.001000
 -0.335768  -0.085313  -0.593030   0.726840  -1.227748   0.523294   0.001000
 -0.335768  -0.085313  -0.593030   0.726840  -1.227748   0.523294   0.001000
 -0.335768  -0.085313  -0.593030   0.726840  -1.227748   0.523294   0.001000
 -0.335768  -0.085313  -0.593030   0.726840  -1.227748   0.523294   0.001000
 -0.335768  -0.085313  -0.593030   0.726840  -1.227748   0.523294   0.001000
 -0.359382  -0.071618  -0.600238   0.710936  -1.319481   0.814912   0.001000
 -0.359382  -0.071618  -0.600238   0.710936  -1.319481   0.814912   0.001000
 -0.342704  -0.081864  -0.598649   0.719355  -1.241430   0.642470   0.001000
 -0.342704  -0.081864  -0.598649   0.719355  -1.241430   0.642470   0.001000
 -0.342704  -0.081864  -0.598649   0.719355  -1.241430   0.642470   0.001000
 -0.342704  -0.081864  -0.598649   0.719355  -1.241430   0.642470   0.001000
 -0.342704  -0.081864  -0.598649   0.719355  -1.241430   0.642470   0.001000
 -0.342704  -0.081864  -0.598649   0.719355  -1.241430   0.642470   0.001000
 -0.342704  -0.081864  -0.598649   0.719355  -1.241430   0.642470   0.001000
 -0.342704  -0.081864  -0.598649   0.719355  -1.241430   0.642470   0.001000
 -0.342704  -0.081864  -0.598649   0.719355  -1.241430   0.642470   0.001000
 -0.342704  -0.081864  -0.598649   0.719355  -1.241430   0.642470   0.001000
 -0.342704  -0.081864  -0.598649   0.719355  -1.241430   0.642470   0.001000
 -0.342704  -0.081864  -0.598649   0.719355  -1.241430   0.642470   0.001000
 -0.342704  -0.081864  -0.598649   0.719355  -1.241430   0.642470   0.001000
 -0.342704  -0.081864  -0.598649   0.719355  -1.241430   0.642470   0.001000
 -0.342704  -0.081864  -0.598649   0.719355  -1.241430   0.642470   0.001000
 -0.342704  -0.081864  -0.598649   0.719355  -1.241430   0.642470   0.001000
 -0.342704  -0.081864  -0.598649   0.719355  -1.241430   0.642470   0.001000
 -0.342704  -0.081864  -0.598649   0.719355  -1.241430   0.642470   0.001000
 -0.342704  -0.081864  -0.598649   0.719355  -1.241430   0.642470   0.001000
 -0.342704  -0.081864  -0.598649   0.719355  -1.241430   0.642470   0.001000
 -0.342704  -0.081864  -0.598649   0.719355  -1.241430   0.642470   0.001000
 -0.342704  -0.081864  -0.598649   0.719355  -1.241430   0.642470   0.001000
 -0.342704  -0.081864  -0.598649   0.719355  -1.241430   0.642470   0.001000
 -0.342704  -0.081864  -0.598649   0.719355  -1.241430   0.642470   0.001000
 -0.342704  -0.081864  -0.598649   0.719355  -1.241430   0.642470   0.001000
 -0.342704  -0.081864  -0.598649   0.719355  -1.241430   0.642470   0.001000
 -0.342704  -0.081864  -0.598649   0.719355  -1.241430   0.642470   0.001000
 -0.342704  -0.081864  -0.598649   0.719355  -1.241430   0.642470   0.001000
 -0.342704  -0.081864  -0.598649   0.719355  -1.241430   0.642470   0.001000
 -0.342704  -0.081864  -0.598649   0.719355  -1.241430   0.642470   0.001000
 -0.342704  -0.081864  -0.598649   0.719355  -1.241430   0.642470   0.001000
 -0.342704  -0.081864  -0.598649   0.719355  -1.241430   0.642470   0.001000
 -0.342704  -0.081864  -0.598649   0.719355  -1.241430   0.642470   0.001000
 -0.342704  -0.081864  -0.598649   0.719355  -1.241430   0.642470   0.001000
 -0.342704  -0.081864  -0.598649   0.719355  -1.241430   0.642470   0.001000
 -0.342704  -0.081864  -0.598649   0.719355  -1.241430   0.642470   0.001000
 -0.342704  -0.081864  -0.598649   0.719355  -1.241430   0.642470   0.001000
 -0.342704  -0.081864  -0.598649   0.719355  -1.241430   0.642470   0.001000
 -0.342704  -0.081864  -0.598649   0.719355  -1.241430   0.642470   0.001000
 -0.342704  -0.081864  -0.598649   0.719355  -1.241430   0.642470   0.001000
 -0.342704  -0.081864  -0.598649   0.719355  -1.241430   0.642470   0.001000
 -0.342704  -0.081864  -0.598649   0.719355  -1.241430   0.642470   0.001000
 -0.342704  -0.081864  -0.598649   0.719355  -1.241430   0.642470   0.001000
 -0.342704  -0.081864  -0.598649   0.719355  -1.241430   0.642470   0.001000
 -0.342704  -0.081864  -0.598649   0.719355  -1.241430   0.642470   0.001000
 -0.342704  -0.081864  -0.598649   0.719355  -1.241430   0.642470   0.001000
 -0.342704  -0.081864  -0.598649   0.719355  -1.241430   0.642470   0.001000
 -0.342704  -0.081864  -0.598649   0.719355  -1.241430   0.642470   0.001000
 -0.342704  -0.081864  -0.598649   0.719355  -1.241430   0.642470   0.001000
 -0.342704  -0.081864  -0.598649   0.719355  -1.241430   0.642470   0.001000
 -0.342704  -0.081864  -0.598649   0.719355  -1.241430   0.642470   0.001000
 -0.342704  -0.081864  -0.598649   0.719355  -1.241430   0.642470   0.001000
 -0.342704  -0.081864  -0.598649   0.719355  -1.241430   0.642470   0.001000
 -0.342704  -0.081864  -0.598649   0.719355  -1.241430   0.642470   0.001000
 -0.342704  -0.081864  -0.598649   0.719355  -1.241430   0.642470   0.001000
 -0.342704  -0.081864  -0.598649   0.719355  -1.241430   0.642470   0.001000
 -0.342704  -0.081864  -0.598649   0.719355  -1.241430   0.642470   0.001000
 -0.342704  -0.081864  -0.598649   0.719355  -1.241430   0.642470   0.001000
 -0.342704  -0.081864  -0.598649   0.719355  -1.241430   0.642470   0.001000
 -0.342704  -0.081864  -0.598649   0.719355  -1.241430   0.642470   0.001000
 -0.342704  -0.081864  -0.598649   0.719355  -1.241430   0.642470   0.001000
 -0.342704  -0.081864  -0.598649   0.719355  -1.241430   0.642470   0.001000
 -0.342704  -0.081864  -0.598649   0.719355  -1.241430   0.642470   0.001000
 -0.342704  -0.081864  -0.598649   0.719355  -1.241430   0.642470   0.001000
 -0.342704  -0.081864  -0.598649   0.719355  -1.241430   0.642470   0.001000
 -0.342704  -0.081864  -0.598649   0.719355  -1.241430   0.642470   0.001000
 -0.342704  -0.081864  -0.598649   0.719355  -1.241430   0.642470   0.001000
 -0.342704  -0.081864  -0.598649   0.719355  -1.241430   0.642470   0.001000
 -0.342704  -0.081864  -0.598649   0.719355  -1.241430   0.642470   0.001000
 -0.342704  -0.081864  -0.598649   0.719355  -1.241430   0.642470   0.001000
 -0.342704  -0.081864  -0.598649   0.719355  -1.241430   0.642470   0.001000
 -0.342704  -0.081864  -0.598649   0.719355  -1.241430   0.642470   0.001000
 -0.342704  -0.081864  -0.598649   0.719355  -1.241430   0.642470   0.001000
 -0.342704  -0.081864  -0.598649   0.719355  -1.241430   0.642470   0.001000
 -0.342704  -0.081864  -0.598649   0.719355  -1.241430   0.642470   0.001000
 -0.342704  -0.081864  -0.598649   0.719355  -1.241430   0.642470   0.001000
 -0.342704  -0.081864  -0.598649   0.719355  -1.241430   0.642470   0.001000
 -0.342704  -0.081864  -0.598649   0.719355  -1.241430   0.642470   0.001000
 -0.342704  -0.081864  -0.598649   0.719355  -1.241430   0.642470   0.001000
 -0.342704  -0.081864  -0.598649   0.719355  -1.241430   0.642470   0.001000
 -0.342704  -0.081864  -0.598649   0.719355  -1.241430   0.642470   0.001000
 -0.342704  -0.081864  -0.598649   0.719355  -1.241430   0.642470   0.001000
 -0.342704  -0.081864  -0.598649   0.719355  -1.241430   0.642470   0.001000
 -0.338615  -0.072525  -0.596316   0.724215  -1.257286   0.512739   0.001000
 -0.338615  -0.072525  -0.596316   0.724215  -1.257286   0.512739   0.001000
 -0.338615  -0.072525  -0.596316   0.724215  -1.257286   0.512739   0.001000
 -0.338615  -0.072525  -0.596316   0.724215  -1.257286   0.512739   0.001000
 -0.338615  -0.072525  -0.596316   0.724215  -1.257286   0.512739   0.001000
 -0.338615  -0.072525  -0.596316   0.724215  -1.257286   0.512739   0.001000
 -0.338615  -0.072525  -0.596316   0.724215  -1.257286   0.512739   0.001000
 -0.338615  -0.072525  -0.596316   0.724215  -1.257286   0.512739   0.001000
 -0.357602  -0.081989  -0.606201   0.705634  -1.026195   0.640950   0.001000
 -0.338268  -0.068807  -0.605132   0.717395  -1.137772   0.648095   0.001000
 -0.338268  -0.068807  -0.605132   0.717395  -1.137772   0.648095   0.001000
 -0.338268  -0.068807  -0.605132   0.717395  -1.137772   0.648095   0.001000
 -0.338268  -0.068807  -0.605132   0.717395  -1.137772   0.648095   0.001000
 -0.350101  -0.089449  -0.599523   0.714143  -1.274672   0.558765   0.001000
 -0.350101  -0.089449  -0.599523   0.714143  -1.274672   0.558765   0.001000
 -0.350101  -0.089449  -0.599523   0.714143  -1.274672   0.558765   0.001000
 -0.350101  -0.089449  -0.599523   0.714143  -1.274672   0.558765   0.001000
 -0.350101  -0.089449  -0.599523   0.714143  -1.274672   0.558765   0.001000
 -0.350101  -0.089449  -0.599523   0.714143  -1.274672   0.558765   0.001000
 -0.350101  -0.089449  -0.599523   0.714143  -1.274672   0.558765   0.001000
 -0.350101  -0.089449  -0.599523   0.714143  -1.274672   0.558765   0.001000
 -0.350101  -0.089449  -0.599523   0.714143  -1.274672   0.558765   0.001000
 -0.350101  -0.089449  -0.599523   0.714143  -1.274672   0.558765   0.001000
 -0.345483  -0.075647  -0.607391   0.711333  -1.201664   0.609932   0.001000
 -0.345483  -0.075647  -0.607391   0.711333  -1.201664   0.609932   0.001000
 -0.346449  -0.073815  -0.596890   0.719894  -1.071138   0.512759   0.001000
 -0.346449  -0.073815  -0.596890   0.719894  -1.071138   0.512759   0.001000
 -0.346449  -0.073815  -0.596890   0.719894  -1.071138   0.512759   0.001000
 -0.346449  -0.073815  -0.596890   0.719894  -1.071138   0.512759   0.001000
 -0.352896  -0.070343  -0.592541   0.720702  -1.151881   0.498964   0.001000
 -0.348012  -0.070753  -0.600144   0.716735  -1.065234   0.645088   0.001000
 -0.355528  -0.070575  -0.590494   0.721066  -1.200842   0.358765   0.001000
 -0.346298  -0.071701  -0.589559   0.726193  -1.201394   0.514154   0.001000
 -0.346298  -0.071701  -0.589559   0.726193  -1.201394   0.514154   0.001000
 -0.345674  -0.095611  -0.588553   0.724550  -1.199434   0.531526   0.001000
 -0.323978  -0.077442  -0.597207   0.729647  -1.437853   0.475238   0.001000
 -0.323978  -0.077442  -0.597207   0.729647  -1.437853   0.475238   0.001000
 -0.323978  -0.077442  -0.597207   0.729647  -1.437853   0.475238   0.001000
 -0.323825  -0.091386  -0.609829   0.717562  -1.572051   0.295690   0.001000
 -0.331269  -0.096619  -0.595765   0.725251  -1.129528   0.416906   0.001000
 -0.331269  -0.096619  -0.595765   0.725251  -1.129528   0.416906   0.001000
 -0.331269  -0.096619  -0.595765   0.725251  -1.129528   0.416906   0.001000
 -0.331269  -0.096619  -0.595765   0.725251  -1.129528   0.416906   0.001000
 -0.331269  -0.096619  -0.595765   0.725251  -1.129528   0.416906   0.001000
 -0.331269  -0.096619  -0.595765   0.725251  -1.129528   0.416906   0.001000
 -0.331269  -0.096619  -0.595765   0.725251  -1.129528   0.416906   0.001000
 -0.324008  -0.081305  -0.598799   0.727907  -1.061000   0.593102   0.001000
 -0.344760  -0.084809  -0.591282   0.724109  -1.209899   0.586325   0.001000
 -0.344760  -0.084809  -0.591282   0.724109  -1.209899   0.586325   0.001000
 -0.344760  -0.084809  -0.591282   0.724109  -1.209899   0.586325   0.001000
 -0.344760  -0.084809  -0.591282   0.724109  -1.209899   0.586325   0.001000
 -0.344760  -0.084809  -0.591282   0.724109  -1.209899   0.586325   0.001000
 -0.344760  -0.084809  -0.591282   0.724109  -1.209899   0.586325   0.001000
 -0.344760  -0.084809  -0.591282   0.724109  -1.209899   0.586325   0.001000
 -0.364898  -0.072379  -0.594350   0.712993  -1.039527   0.433890   0.001000
 -0.364898  -0.072379  -0.594350   0.712993  -1.039527   0.433890   0.001000
 -0.364898  -0.072379  -0.594350   0.712993  -1.039527   0.433890   0.001000
 -0.317286  -0.077100  -0.627582   0.706771  -1.266767   0.464552   0.001000
 -0.347896  -0.075991  -0.609687   0.708149  -0.906132   0.700274   0.001000
 -0.344985  -0.080954  -0.594063   0.722165  -1.109608   0.656525   0.001000
 -0.344985  -0.080954  -0.594063   0.722165  -1.109608   0.656525   0.001000
 -0.344985  -0.080954  -0.594063   0.722165  -1.109608   0.656525   0.001000
 -0.357526  -0.053051  -0.602540   0.711553  -1.379853   0.436910   0.001000
 -0.335243  -0.093173  -0.602641   0.718161  -0.952195   0.501276   0.001000
 -0.328406  -0.094717  -0.600889   0.722573  -0.973408   0.419868   0.001000
 -0.328406  -0.094717  -0.600889   0.722573  -0.973408   0.419868   0.001000
 -0.328406  -0.094717  -0.600889   0.722573  -0.973408   0.419868   0.001000
 -0.328406  -0.094717  -0.600889   0.722573  -0.973408   0.419868   0.001000
 -0.328406  -0.094717  -0.600889   0.722573  -0.973408   0.419868   0.001000
 -0.328406  -0.094717  -0.600889   0.722573  -0.973408   0.419868   0.001000
 -0.335471  -0.099505  -0.588467   0.728879  -1.000856   0.371168   0.001000
 -0.340343  -0.085233  -0.603355   0.716146  -1.324790   0.846049   0.001000
 -0.340343  -0.085233  -0.603355   0.716146  -1.324790   0.846049   0.001000
 -0.340343  -0.085233  -0.603355   0.716146  -1.324790   0.846049   0.001000
 -0.340343  -0.085233  -0.603355   0.716146  -1.324790   0.846049   0.001000
 -0.340343  -0.085233  -0.603355   0.716146  -1.324790   0.846049   0.001000
 -0.340343  -0.085233  -0.603355   0.716146  -1.324790   0.846049   0.001000
 -0.340343  -0.085233  -0.603355   0.716146  -1.324790   0.846049   0.001000
 -0.340343  -0.085233  -0.603355   0.716146  -1.324790   0.846049   0.001000
 -0.350541  -0.084204  -0.600012   0.714154  -1.028222   0.359780   0.001000
 -0.350541  -0.084204  -0.600012   0.714154  -1.028222   0.359780   0.001000
 -0.350541  -0.084204  -0.600012   0.714154  -1.028222   0.359780   0.001000
 -0.348382  -0.078198  -0.599673   0.716175  -1.197539   0.643190   0.001000
 -0.348382  -0.078198  -0.599673   0.716175  -1.197539   0.643190   0.001000
 -0.348382  -0.078198  -0.599673   0.716175  -1.197539   0.643190   0.001000
 -0.348382  -0.078198  -0.599673   0.716175  -1.197539   0.643190   0.001000
 -0.348382  -0.078198  -0.599673   0.716175  -1.197539   0.643190   0.001000
 -0.348382  -0.078198  -0.599673   0.716175  -1.197539   0.643190   0.001000
 -0.348382  -0.078198  -0.599673   0.716175  -1.197539   0.643190   0.001000
 -0.348382  -0.078198  -0.599673   0.716175  -1.197539   0.643190   0.001000
 -0.348382  -0.078198  -0.599673   0.716175  -1.197539   0.643190   0.001000
 -0.348382  -0.078198  -0.599673   0.716175  -1.197539   0.643190   0.001000
 -0.345134  -0.090923  -0.592234   0.722409  -1.233083   0.769947   0.001000
 -0.345134  -0.090923  -0.592234   0.722409  -1.233083   0.769947   0.001000
 -0.352208  -0.079045  -0.594596   0.718441  -1.244921   0.628512   0.001000
 -0.352208  -0.079045  -0.594596   0.718441  -1.244921   0.628512   0.001000
 -0.347349  -0.086504  -0.600765   0.714805  -1.204599   0.861295   0.001000
 -0.349029  -0.091309  -0.601149   0.713064  -1.045267   0.537973   0.001000
 -0.350316  -0.070445  -0.607662   0.709269  -1.328344   0.641931   0.001000
 -0.344741  -0.077680  -0.589484   0.726380  -1.018732   0.788703   0.001000
 -0.346171  -0.081994  -0.600130   0.716440  -1.209286   0.767854   0.001000
 -0.346171  -0.081994  -0.600130   0.716440  -1.209286   0.767854   0.001000
 -0.346171  -0.081994  -0.600130   0.716440  -1.209286   0.767854   0.001000
 -0.333845  -0.086136  -0.599329   0.722449  -1.211537   0.670089   0.001000
 -0.333845  -0.086136  -0.599329   0.722449  -1.211537   0.670089   0.001000
 -0.333845  -0.086136  -0.599329   0.722449  -1.211537   0.670089   0.001000
 -0.333845  -0.086136  -0.599329   0.722449  -1.211537   0.670089   0.001000
 -0.333845  -0.086136  -0.599329   0.722449  -1.211537   0.670089   0.001000
 -0.333845  -0.086136  -0.599329   0.722449  -1.211537   0.670089   0.001000
 -0.333845  -0.086136  -0.599329   0.722449  -1.211537   0.670089   0.001000
 -0.353099  -0.074192  -0.599042   0.714818  -1.295510   0.049472   0.001000
 -0.353099  -0.074192  -0.599042   0.714818  -1.295510   0.049472   0.001000
 -0.353099  -0.074192  -0.599042   0.714818  -1.295510   0.049472   0.001000
 -0.353099  -0.074192  -0.599042   0.714818  -1.295510   0.049472   0.001000
 -0.325199  -0.096794  -0.600397   0.724155  -1.083255   0.489579   0.001000
 -0.325199  -0.096794  -0.600397   0.724155  -1.083255   0.489579   0.001000
 -0.325199  -0.096794  -0.600397   0.724155  -1.083255   0.489579   0.001000
 -0.325199  -0.096794  -0.600397   0.724155  -1.083255   0.489579   0.001000
 -0.339801  -0.080578  -0.598496   0.721003  -1.196591   0.517213   0.001000
 -0.339801  -0.080578  -0.598496   0.721003  -1.196591   0.517213   0.001000
 -0.339801  -0.080578  -0.598496   0.721003  -1.196591   0.517213   0.001000
 -0.339801  -0.080578  -0.598496   0.721003  -1.196591   0.517213   0.001000
 -0.339801  -0.080578  -0.598496   0.721003  -1.196591   0.517213   0.001000
 -0.339801  -0.080578  -0.598496   0.721003  -1.196591   0.517213   0.001000
 -0.339801  -0.080578  -0.598496   0.721003  -1.196591   0.517213   0.001000
 -0.339801  -0.080578  -0.598496   0.721003  -1.196591   0.517213   0.001000
 -0.339801  -0.080578  -0.598496   0.721003  -1.196591   0.517213   0.001000
 -0.339801  -0.080578  -0.598496   0.721003  -1.196591   0.517213   0.001000
 -0.339801  -0.080578  -0.598496   0.721003  -1.196591   0.517213   0.001000
 -0.339801  -0.080578  -0.598496   0.721003  -1.196591   0.517213   0.001000
 -0.339801  -0.080578  -0.598496   0.721003  -1.196591   0.517213   0.001000
 -0.339801  -0.080578  -0.598496   0.721003  -1.196591   0.517213   0.001000
 -0.339801  -0.080578  -0.598496   0.721003  -1.196591   0.517213   0.001000
 -0.339801  -0.080578  -0.598496   0.721003  -1.196591   0.517213   0.001000
 -0.339801  -0.080578  -0.598496   0.721003  -1.196591   0.517213   0.001000
 -0.339801  -0.080578  -0.598496   0.721003  -1.196591   0.517213   0.001000
 -0.339801  -0.080578  -0.598496   0.721003  -1.196591   0.517213   0.001000
 -0.339801  -0.080578  -0.598496   0.721003  -1.196591   0.517213   0.001000
 -0.339801  -0.080578  -0.598496   0.721003  -1.196591   0.517213   0.001000
 -0.339801  -0.080578  -0.598496   0.721003  -1.196591   0.517213   0.001000
 -0.339801  -0.080578  -0.598496   0.721003  -1.196591   0.517213   0.001000
 -0.339801  -0.080578  -0.598496   0.721003  -1.196591   0.517213   0.001000
 -0.339801  -0.080578  -0.598496   0.721003  -1.196591   0.517213   0.001000
 -0.339801  -0.080578  -0.598496   0.721003  -1.196591   0.517213   0.001000
 -0.339801  -0.080578  -0.598496   0.721003  -1.196591   0.517213   0.001000
 -0.339801  -0.080578  -0.598496   0.721003  -1.196591   0.517213   0.001000
 -0.339801  -0.080578  -0.598496   0.721003  -1.196591   0.517213   0.001000
 -0.339801  -0.080578  -0.598496   0.721003  -1.196591   0.517213   0.001000
 -0.339801  -0.080578  -0.598496   0.721003  -1.196591   0.517213   0.001000
 -0.342447  -0.074258  -0.595718   0.722728  -1.116762   0.474161   0.001000
 -0.380158  -0.091727  -0.637421   0.663898  -1.396055   0.381995   0.001000
 -0.355329  -0.086279  -0.601413   0.710351  -1.380600   0.480048   0.001000
 -0.355329  -0.086279  -0.601413   0.710351  -1.380600   0.480048   0.001000
 -0.345832  -0.088140  -0.600431   0.715621  -1.474668   0.504361   0.001000
 -0.336780  -0.090595  -0.603349   0.717176  -1.586141   0.450049   0.001000
 -0.336780  -0.090595  -0.603349   0.717176  -1.586141   0.450049   0.001000
 -0.336780  -0.090595  -0.603349   0.717176  -1.586141   0.450049   0.001000
 -0.336780  -0.090595  -0.603349   0.717176  -1.586141   0.450049   0.001000
 -0.353578  -0.083195  -0.592692   0.718872  -1.467886   0.083217   0.001000
 -0.353578  -0.083195  -0.592692   0.718872  -1.467886   0.083217   0.001000
 -0.353578  -0.083195  -0.592692   0.718872  -1.467886   0.083217   0.001000
 -0.353578  -0.083195  -0.592692   0.718872  -1.467886   0.083217   0.001000
 -0.353578  -0.083195  -0.592692   0.718872  -1.467886   0.083217   0.001000
 -0.353578  -0.083195  -0.592692   0.718872  -1.467886   0.083217   0.001000
 -0.353578  -0.083195  -0.592692   0.718872  -1.467886   0.083217   0.001000
 -0.353578  -0.083195  -0.592692   0.718872  -1.467886   0.083217   0.001000
 -0.353578  -0.083195  -0.592692   0.718872  -1.467886   0.083217   0.001000
 -0.353578  -0.083195  -0.592692   0.718872  -1.467886   0.083217   0.001000
 -0.353578  -0.083195  -0.592692   0.718872  -1.467886   0.083217   0.001000
 -0.353578  -0.083195  -0.592692   0.718872  -1.467886   0.083217   0.001000
 -0.353578  -0.083195  -0.592692   0.718872  -1.467886   0.083217   0.001000
 -0.353578  -0.083195  -0.592692   0.718872  -1.467886   0.083217   0.001000
 -0.353578  -0.083195  -0.592692   0.718872  -1.467886   0.083217   0.001000
 -0.353578  -0.083195  -0.592692   0.718872  -1.467886   0.083217   0.001000
 -0.353578  -0.083195  -0.592692   0.718872  -1.467886   0.083217   0.001000
 -0.353578  -0.083195  -0.592692   0.718872  -1.467886   0.083217   0.001000
 -0.353578  -0.083195  -0.592692   0.718872  -1.467886   0.083217   0.001000
 -0.353578  -0.083195  -0.592692   0.718872  -1.467886   0.083217   0.001000
 -0.341476  -0.081688  -0.595714   0.722389  -1.456434   0.416539   0.001000
 -0.341476  -0.081688  -0.595714   0.722389  -1.456434   0.416539   0.001000
 -0.341476  -0.081688  -0.595714   0.722389  -1.456434   0.416539   0.001000
 -0.341476  -0.081688  -0.595714   0.722389  -1.456434   0.416539   0.001000
 -0.341476  -0.081688  -0.595714   0.722389  -1.456434   0.416539   0.001000
 -0.341476  -0.081688  -0.595714   0.722389  -1.456434   0.416539   0.001000
 -0.341476  -0.081688  -0.595714   0.722389  -1.456434   0.416539   0.001000
 -0.341476  -0.081688  -0.595714   0.722389  -1.456434   0.416539   0.001000
 -0.341476  -0.081688  -0.595714   0.722389  -1.456434   0.416539   0.001000
 -0.341476  -0.081688  -0.595714   0.722389  -1.456434   0.416539   0.001000
 -0.341476  -0.081688  -0.595714   0.722389  -1.456434   0.416539   0.001000
 -0.341476  -0.081688  -0.595714   0.722389  -1.456434   0.416539   0.001000
 -0.341476  -0.081688  -0.595714   0.722389  -1.456434   0.416539   0.001000
 -0.341476  -0.081688  -0.595714   0.722389  -1.456434   0.416539   0.001000
 -0.341476  -0.081688  -0.595714   0.722389  -1.456434   0.416539   0.001000
 -0.341476  -0.081688  -0.595714   0.722389  -1.456434   0.416539   0.001000
 -0.341476  -0.081688  -0.595714   0.722389  -1.456434   0.416539   0.001000
 -0.341476  -0.081688  -0.595714   0.722389  -1.456434   0.416539   0.001000
 -0.341476  -0.081688  -0.595714   0.722389  -1.456434   0.416539   0.001000
 -0.341476  -0.081688  -0.595714   0.722389  -1.456434   0.416539   0.001000
 -0.341476  -0.081688  -0.595714   0.722389  -1.456434   0.416539   0.001000
 -0.341476  -0.081688  -0.595714   0.722389  -1.456434   0.416539   0.001000
 -0.340385  -0.081563  -0.603703   0.716260  -1.461152   0.209087   0.001000
 -0.340385  -0.081563  -0.603703   0.716260  -1.461152   0.209087   0.001000
 -0.342369  -0.066620  -0.585065   0.732150  -1.351367   0.425772   0.001000
 -0.341371  -0.082039  -0.605208   0.714464  -1.499303   0.248721   0.001000
 -0.341371  -0.082039  -0.605208   0.714464  -1.499303   0.248721   0.001000
 -0.341371  -0.082039  -0.605208   0.714464  -1.499303   0.248721   0.001000
 -0.341371  -0.082039  -0.605208   0.714464  -1.499303   0.248721   0.001000
 -0.341371  -0.082039  -0.605208   0.714464  -1.499303   0.248721   0.001000
 -0.341371  -0.082039  -0.605208   0.714464  -1.499303   0.248721   0.001000
 -0.341371  -0.082039  -0.605208   0.714464  -1.499303   0.248721   0.001000
 -0.341371  -0.082039  -0.605208   0.714464  -1.499303   0.248721   0.001000
 -0.341371  -0.082039  -0.605208   0.714464  -1.499303   0.248721   0.001000
 -0.341371  -0.082039  -0.605208   0.714464  -1.499303   0.248721   0.001000
 -0.341371  -0.082039  -0.605208   0.714464  -1.499303   0.248721   0.001000
 -0.341371  -0.082039  -0.605208   0.714464  -1.499303   0.248721   0.001000
 -0.341371  -0.082039  -0.605208   0.714464  -1.499303   0.248721   0.001000
 -0.341371  -0.082039  -0.605208   0.714464  -1.499303   0.248721   0.001000
 -0.341371  -0.082039  -0.605208   0.714464  -1.499303   0.248721   0.001000
 -0.341371  -0.082039  -0.605208   0.714464  -1.499303   0.248721   0.001000
 -0.341371  -0.082039  -0.605208   0.714464  -1.499303   0.248721   0.001000
 -0.341371  -0.082039  -0.605208   0.714464  -1.499303   0.248721   0.001000
 -0.341371  -0.082039  -0.605208   0.714464  -1.499303   0.248721   0.001000
 -0.341371  -0.082039  -0.605208   0.714464  -1.499303   0.248721   0.001000
 -0.341371  -0.082039  -0.605208   0.714464  -1.499303   0.248721   0.001000
 -0.341371  -0.082039  -0.605208   0.714464  -1.499303   0.248721   0.001000
 -0.341371  -0.082039  -0.605208   0.714464  -1.499303   0.248721   0.001000
 -0.341371  -0.082039  -0.605208   0.714464  -1.499303   0.248721   0.001000
 -0.341371  -0.082039  -0.605208   0.714464  -1.499303   0.248721   0.001000
 -0.341371  -0.082039  -0.605208   0.714464  -1.499303   0.248721   0.001000
 -0.341371  -0.082039  -0.605208   0.714464  -1.499303   0.248721   0.001000
 -0.341371  -0.082039  -0.605208   0.714464  -1.499303   0.248721   0.001000
 -0.343302  -0.084514  -0.604065   0.714218  -1.369967   0.243473   0.001000
 -0.343302  -0.084514  -0.604065   0.714218  -1.369967   0.243473   0.001000
 -0.343302  -0.084514  -0.604065   0.714218  -1.369967   0.243473   0.001000
 -0.343302  -0.084514  -0.604065   0.714218  -1.369967   0.243473   0.001000
 -0.343302  -0.084514  -0.604065   0.714218  -1.369967   0.243473   0.001000
 -0.343302  -0.084514  -0.604065   0.714218  -1.369967   0.243473   0.001000
 -0.343302  -0.084514  -0.604065   0.714218  -1.369967   0.243473   0.001000
 -0.342640  -0.086083  -0.611604   0.707904  -1.394671   0.215174   0.001000
 -0.337077  -0.093858  -0.587919   0.729330  -1.327393   0.166262   0.001000
 -0.337077  -0.093858  -0.587919   0.729330  -1.327393   0.166262   0.001000
 -0.337077  -0.093858  -0.587919   0.729330  -1.327393   0.166262   0.001000
 -0.337077  -0.093858  -0.587919   0.729330  -1.327393   0.166262   0.001000
 -0.337077  -0.093858  -0.587919   0.729330  -1.327393   0.166262   0.001000
 -0.337077  -0.093858  -0.587919   0.729330  -1.327393   0.166262   0.001000
 -0.337077  -0.093858  -0.587919   0.729330  -1.327393   0.166262   0.001000
 -0.337077  -0.093858  -0.587919   0.729330  -1.327393   0.166262   0.001000
 -0.332371  -0.085799  -0.599614   0.722932  -1.178135   0.328065   0.001000
 -0.332371  -0.085799  -0.599614   0.722932  -1.178135   0.328065   0.001000
 -0.332371  -0.085799  -0.599614   0.722932  -1.178135   0.328065   0.001000
 -0.332371  -0.085799  -0.599614   0.722932  -1.178135   0.328065   0.001000
 -0.332371  -0.085799  -0.599614   0.722932  -1.178135   0.328065   0.001000
 -0.332371  -0.085799  -0.599614   0.722932  -1.178135   0.328065   0.001000
 -0.332371  -0.085799  -0.599614   0.722932  -1.178135   0.328065   0.001000
 -0.332371  -0.085799  -0.599614   0.722932  -1.178135   0.328065   0.001000
 -0.332371  -0.085799  -0.599614   0.722932  -1.178135   0.328065   0.001000
 -0.332371  -0.085799  -0.599614   0.722932  -1.178135   0.328065   0.001000
 -0.332371  -0.085799  -0.599614   0.722932  -1.178135   0.328065   0.001000
 -0.341829  -0.086529  -0.592921   0.723954  -1.505048   0.083734   0.001000
 -0.354345  -0.071806  -0.536699   0.762389  -1.532899   0.208779   0.001000
 -0.361359  -0.074689  -0.602287   0.707878  -1.467218   0.051948   0.001000
 -0.338343  -0.067668  -0.603280   0.719026  -1.287009   0.004962   0.001000
 -0.340279  -0.073191  -0.593411   0.725753  -1.424712   0.563524   0.001000
 -0.340279  -0.073191  -0.593411   0.725753  -1.424712   0.563524   0.001000
 -0.340599  -0.084802  -0.589055   0.727884  -1.591661   0.450387   0.001000
 -0.346034  -0.089159  -0.597807   0.717592  -1.276370   0.276755   0.001000
 -0.346034  -0.089159  -0.597807   0.717592  -1.276370   0.276755   0.001000
 -0.346034  -0.089159  -0.597807   0.717592  -1.276370   0.276755   0.001000
 -0.341409  -0.089111  -0.597839   0.719783  -1.486219   0.185514   0.001000
 -0.341409  -0.089111  -0.597839   0.719783  -1.486219   0.185514   0.001000
 -0.346509  -0.077369  -0.604270   0.713304  -1.197977   0.364956   0.001000
 -0.346509  -0.077369  -0.604270   0.713304  -1.197977   0.364956   0.001000
 -0.361974  -0.076936  -0.597355   0.711493  -1.260040   0.179358   0.001000
 -0.336086  -0.077292  -0.596710   0.724576  -1.447098   0.137162   0.001000
 -0.336086  -0.077292  -0.596710   0.724576  -1.447098   0.137162   0.001000
 -0.367084  -0.045886  -0.613829   0.697394  -1.392522   0.163786   0.001000
 -0.362596  -0.106404  -0.613571   0.693349  -1.368659  -0.103826   0.001000
 -0.343007  -0.082753  -0.607641   0.711527  -1.445257   0.063467   0.001000
 -0.343007  -0.082753  -0.607641   0.711527  -1.445257   0.063467   0.001000
 -0.343007  -0.082753  -0.607641   0.711527  -1.445257   0.063467   0.001000
 -0.343691  -0.077760  -0.592977   0.724022  -1.315178   0.132361   0.001000
 -0.343691  -0.077760  -0.592977   0.724022  -1.315178   0.132361   0.001000
 -0.343691  -0.077760  -0.592977   0.724022  -1.315178   0.132361   0.001000
 -0.337996  -0.084478  -0.594140   0.724997  -1.344721   0.131999   0.001000
 -0.337996  -0.084478  -0.594140   0.724997  -1.344721   0.131999   0.001000
 -0.337996  -0.084478  -0.594140   0.724997  -1.344721   0.131999   0.001000
 -0.337996  -0.084478  -0.594140   0.724997  -1.344721   0.131999   0.001000
 -0.334185  -0.098477  -0.598273   0.721590  -1.226984   0.254569   0.001000
 -0.334185  -0.098477  -0.598273   0.721590  -1.226984   0.254569   0.001000
 -0.334185  -0.098477  -0.598273   0.721590  -1.226984   0.254569   0.001000
 -0.334185  -0.098477  -0.598273   0.721590  -1.226984   0.254569   0.001000
 -0.348989  -0.103034  -0.602134   0.710651  -1.533666   0.117344   0.001000
 -0.351670  -0.063922  -0.600244   0.715506  -1.444772   0.328313   0.001000
 -0.351670  -0.063922  -0.600244   0.715506  -1.444772   0.328313   0.001000
 -0.332974  -0.077750  -0.599873   0.723350  -1.635870   0.190968   0.001000
 -0.332974  -0.077750  -0.599873   0.723350  -1.635870   0.190968   0.001000
 -0.332974  -0.077750  -0.599873   0.723350  -1.635870   0.190968   0.001000
 -0.332974  -0.077750  -0.599873   0.723350  -1.635870   0.190968   0.001000
 -0.332974  -0.077750  -0.599873   0.723350  -1.635870   0.190968   0.001000
 -0.332974  -0.077750  -0.599873   0.723350  -1.635870   0.190968   0.001000
 -0.335233  -0.081261  -0.607143   0.715816  -1.517698   0.104350   0.001000
 -0.335233  -0.081261  -0.607143   0.715816  -1.517698   0.104350   0.001000
 -0.347424  -0.081069  -0.593759   0.721231  -1.671001   0.014358   0.001000
 -0.347424  -0.081069  -0.593759   0.721231  -1.671001   0.014358   0.001000
 -0.362089  -0.059338  -0.587250   0.721463  -1.519072   0.079942   0.001000
 -0.336330  -0.093476  -0.601768   0.718345  -1.663822   0.275298   0.001000
 -0.336330  -0.093476  -0.601768   0.718345  -1.663822   0.275298   0.001000
 -0.336330  -0.093476  -0.601768   0.718345  -1.663822   0.275298   0.001000
 -0.336330  -0.093476  -0.601768   0.718345  -1.663822   0.275298   0.001000
 -0.336330  -0.093476  -0.601768   0.718345  -1.663822   0.275298   0.001000
 -0.336330  -0.093476  -0.601768   0.718345  -1.663822   0.275298   0.001000
 -0.357653  -0.075413  -0.601719   0.710163  -1.713648   0.017767   0.001000
 -0.357653  -0.075413  -0.601719   0.710163  -1.713648   0.017767   0.001000
 -0.357653  -0.075413  -0.601719   0.710163  -1.713648   0.017767   0.001000
 -0.365632  -0.079349  -0.589513   0.715886  -1.563754   0.061241   0.001000
 -0.338693  -0.077329  -0.604256   0.717065  -1.300363   0.355976   0.001000
 -0.360211  -0.093849  -0.571941   0.730975  -1.491280   0.283725   0.001000
 -0.342994  -0.079536  -0.606058   0.713248  -1.279640   0.292770   0.001000
 -0.342994  -0.079536  -0.606058   0.713248  -1.279640   0.292770   0.001000
 -0.341702  -0.088480  -0.594667   0.722345  -1.652404   0.079540   0.001000
 -0.341702  -0.088480  -0.594667   0.722345  -1.652404   0.079540   0.001000
 -0.361483  -0.058640  -0.605803   0.706324  -1.540487   0.176302   0.001000
 -0.353510  -0.076369  -0.597020   0.716076  -1.351749   0.269970   0.001000
 -0.353510  -0.076369  -0.597020   0.716076  -1.351749   0.269970   0.001000
 -0.353510  -0.076369  -0.597020   0.716076  -1.351749   0.269970   0.001000
 -0.353510  -0.076369  -0.597020   0.716076  -1.351749   0.269970   0.001000
 -0.351620  -0.068454  -0.589055   0.724356  -1.381137   0.364052   0.001000
 -0.327085  -0.087902  -0.594326   0.729428  -1.261178   0.410381   0.001000
 -0.357627  -0.082673  -0.602491   0.708712  -1.270355   0.246706   0.001000
 -0.357627  -0.082673  -0.602491   0.708712  -1.270355   0.246706   0.001000
 -0.357627  -0.082673  -0.602491   0.708712  -1.270355   0.246706   0.001000
 -0.357627  -0.082673  -0.602491   0.708712  -1.270355   0.246706   0.001000
 -0.357627  -0.082673  -0.602491   0.708712  -1.270355   0.246706   0.001000
 -0.357627  -0.082673  -0.602491   0.708712  -1.270355   0.246706   0.001000
 -0.357627  -0.082673  -0.602491   0.708712  -1.270355   0.246706   0.001000
 -0.357627  -0.082673  -0.602491   0.708712  -1.270355   0.246706   0.001000
 -0.345111  -0.086968  -0.623369   0.696237  -1.243650   0.348886   0.001000
 -0.344428  -0.088839  -0.593337   0.722100  -1.653113   0.354691   0.001000
 -0.344428  -0.088839  -0.593337   0.722100  -1.653113   0.354691   0.001000
 -0.344428  -0.088839  -0.593337   0.722100  -1.653113   0.354691   0.001000
 -0.792620  -0.332735  -0.278608   0.428273  -1.620108   0.315618   0.001000
 -0.355025  -0.076864  -0.598435   0.714090  -1.738103   0.396306   0.001000
 -0.355025  -0.076864  -0.598435   0.714090  -1.738103   0.396306   0.001000
 -0.340559  -0.084038  -0.595876   0.722419  -1.555973   0.424186   0.001000
 -0.340559  -0.084038  -0.595876   0.722419  -1.555973   0.424186   0.001000
 -0.340559  -0.084038  -0.595876   0.722419  -1.555973   0.424186   0.001000
 -0.340559  -0.084038  -0.595876   0.722419  -1.555973   0.424186   0.001000
 -0.340559  -0.084038  -0.595876   0.722419  -1.555973   0.424186   0.001000
 -0.340559  -0.084038  -0.595876   0.722419  -1.555973   0.424186   0.001000
 -0.340559  -0.084038  -0.595876   0.722419  -1.555973   0.424186   0.001000
 -0.340559  -0.084038  -0.595876   0.722419  -1.555973   0.424186   0.001000
 -0.340559  -0.084038  -0.595876   0.722419  -1.555973   0.424186   0.001000
 -0.340559  -0.084038  -0.595876   0.722419  -1.555973   0.424186   0.001000
 -0.340559  -0.084038  -0.595876   0.722419  -1.555973   0.424186   0.001000
 -0.340559  -0.084038  -0.595876   0.722419  -1.555973   0.424186   0.001000
 -0.340559  -0.084038  -0.595876   0.722419  -1.555973   0.424186   0.001000
 -0.340559  -0.084038  -0.595876   0.722419  -1.555973   0.424186   0.001000
 -0.340559  -0.084038  -0.595876   0.722419  -1.555973   0.424186   0.001000
 -0.340559  -0.084038  -0.595876   0.722419  -1.555973   0.424186   0.001000
 -0.340559  -0.084038  -0.595876   0.722419  -1.555973   0.424186   0.001000
 -0.340559  -0.084038  -0.595876   0.722419  -1.555973   0.424186   0.001000
 -0.340559  -0.084038  -0.595876   0.722419  -1.555973   0.424186   0.001000
 -0.340559  -0.084038  -0.595876   0.722419  -1.555973   0.424186   0.001000
 -0.340559  -0.084038  -0.595876   0.722419  -1.555973   0.424186   0.001000
 -0.340559  -0.084038  -0.595876   0.722419  -1.555973   0.424186   0.001000
 -0.348616  -0.079234  -0.605330   0.711171  -1.307382   0.133963   0.001000
 -0.348616  -0.079234  -0.605330   0.711171  -1.307382   0.133963   0.001000
 -0.348616  -0.079234  -0.605330   0.711171  -1.307382   0.133963   0.001000
 -0.348616  -0.079234  -0.605330   0.711171  -1.307382   0.133963   0.001000
 -0.323702  -0.087694  -0.603343   0.723535  -1.441034   0.195547   0.001000
 -0.323702  -0.087694  -0.603343   0.723535  -1.441034   0.195547   0.001000
 -0.323702  -0.087694  -0.603343   0.723535  -1.441034   0.195547   0.001000
 -0.323702  -0.087694  -0.603343   0.723535  -1.441034   0.195547   0.001000
 -0.323702  -0.087694  -0.603343   0.723535  -1.441034   0.195547   0.001000
 -0.323702  -0.087694  -0.603343   0.723535  -1.441034   0.195547   0.001000
 -0.323702  -0.087694  -0.603343   0.723535  -1.441034   0.195547   0.001000
 -0.323702  -0.087694  -0.603343   0.723535  -1.441034   0.195547   0.001000
 -0.323702  -0.087694  -0.603343   0.723535  -1.441034   0.195547   0.001000
 -0.323702  -0.087694  -0.603343   0.723535  -1.441034   0.195547   0.001000
 -0.342483  -0.086718  -0.606629   0.712170  -1.394090   0.183866   0.001000
 -0.342483  -0.086718  -0.606629   0.712170  -1.394090   0.183866   0.001000
 -0.343277  -0.101778  -0.561847   0.745741  -1.501766   0.133708   0.001000
 -0.343277  -0.101778  -0.561847   0.745741  -1.501766   0.133708   0.001000
 -0.346129  -0.098839  -0.599051   0.715237  -1.443439   0.120208   0.001000
 -0.325640  -0.085227  -0.599714   0.725974  -1.347870   0.205421   0.001000
 -0.325640  -0.085227  -0.599714   0.725974  -1.347870   0.205421   0.001000
 -0.325640  -0.085227  -0.599714   0.725974  -1.347870   0.205421   0.001000
 -0.368316  -0.092328  -0.596874   0.706796  -1.162037   0.220170   0.001000
 -0.340617  -0.077702  -0.610384   0.710897  -1.344470   0.223830   0.001000
 -0.335245  -0.071311  -0.604345   0.719230  -1.276949   0.417580   0.001000
 -0.335245  -0.071311  -0.604345   0.719230  -1.276949   0.417580   0.001000
 -0.335245  -0.071311  -0.604345   0.719230  -1.276949   0.417580   0.001000
 -0.344271  -0.085951  -0.609533   0.708914  -1.184673   0.165202   0.001000
 -0.346551  -0.078341  -0.599329   0.717335  -1.205292   0.274248   0.001000
 -0.346551  -0.078341  -0.599329   0.717335  -1.205292   0.274248   0.001000
 -0.346551  -0.078341  -0.599329   0.717335  -1.205292   0.274248   0.001000
 -0.346551  -0.078341  -0.599329   0.717335  -1.205292   0.274248   0.001000
 -0.346551  -0.078341  -0.599329   0.717335  -1.205292   0.274248   0.001000
 -0.346551  -0.078341  -0.599329   0.717335  -1.205292   0.274248   0.001000
 -0.346551  -0.078341  -0.599329   0.717335  -1.205292   0.274248   0.001000
 -0.346551  -0.078341  -0.599329   0.717335  -1.205292   0.274248   0.001000
 -0.346551  -0.078341  -0.599329   0.717335  -1.205292   0.274248   0.001000
 -0.346551  -0.078341  -0.599329   0.717335  -1.205292   0.274248   0.001000
 -0.346551  -0.078341  -0.599329   0.717335  -1.205292   0.274248   0.001000
 -0.346551  -0.078341  -0.599329   0.717335  -1.205292   0.274248   0.001000
 -0.346551  -0.078341  -0.599329   0.717335  -1.205292   0.274248   0.001000
 -0.346551  -0.078341  -0.599329   0.717335  -1.205292   0.274248   0.001000
 -0.346551  -0.078341  -0.599329   0.717335  -1.205292   0.274248   0.001000
 -0.346551  -0.078341  -0.599329   0.717335  -1.205292   0.274248   0.001000
 -0.346551  -0.078341  -0.599329   0.717335  -1.205292   0.274248   0.001000
 -0.346551  -0.078341  -0.599329   0.717335  -1.205292   0.274248   0.001000
 -0.346551  -0.078341  -0.599329   0.717335  -1.205292   0.274248   0.001000
 -0.346551  -0.078341  -0.599329   0.717335  -1.205292   0.274248   0.001000
 -0.346551  -0.078341  -0.599329   0.717335  -1.205292   0.274248   0.001000
 -0.330759  -0.087591  -0.593136   0.728777  -1.294205   0.042305   0.001000
 -0.330759  -0.087591  -0.593136   0.728777  -1.294205   0.042305   0.001000
 -0.330759  -0.087591  -0.593136   0.728777  -1.294205   0.042305   0.001000
 -0.354178  -0.079997  -0.598419   0.714180  -1.376460   0.324653   0.001000
 -0.354178  -0.079997  -0.598419   0.714180  -1.376460   0.324653   0.001000
 -0.354178  -0.079997  -0.598419   0.714180  -1.376460   0.324653   0.001000
 -0.354178  -0.079997  -0.598419   0.714180  -1.376460   0.324653   0.001000
 -0.354178  -0.079997  -0.598419   0.714180  -1.376460   0.324653   0.001000
 -0.354178  -0.079997  -0.598419   0.714180  -1.376460   0.324653   0.001000
 -0.354178  -0.079997  -0.598419   0.714180  -1.376460   0.324653   0.001000
 -0.354178  -0.079997  -0.598419   0.714180  -1.376460   0.324653   0.001000
 -0.354178  -0.079997  -0.598419   0.714180  -1.376460   0.324653   0.001000
 -0.354178  -0.079997  -0.598419   0.714180  -1.376460   0.324653   0.001000
 -0.354178  -0.079997  -0.598419   0.714180  -1.376460   0.324653   0.001000
 -0.354178  -0.079997  -0.598419   0.714180  -1.376460   0.324653   0.001000
 -0.354178  -0.079997  -0.598419   0.714180  -1.376460   0.324653   0.001000
 -0.354178  -0.079997  -0.598419   0.714180  -1.376460   0.324653   0.001000
 -0.331262  -0.093790  -0.603987   0.718797  -1.402087   0.132740   0.001000
 -0.331262  -0.093790  -0.603987   0.718797  -1.402087   0.132740   0.001000
 -0.331262  -0.093790  -0.603987   0.718797  -1.402087   0.132740   0.001000
 -0.331262  -0.093790  -0.603987   0.718797  -1.402087   0.132740   0.001000
 -0.331262  -0.093790  -0.603987   0.718797  -1.402087   0.132740   0.001000
 -0.331262  -0.093790  -0.603987   0.718797  -1.402087   0.132740   0.001000
 -0.331262  -0.093790  -0.603987   0.718797  -1.402087   0.132740   0.001000
 -0.331262  -0.093790  -0.603987   0.718797  -1.402087   0.132740   0.001000
 -0.331262  -0.093790  -0.603987   0.718797  -1.402087   0.132740   0.001000
 -0.331262  -0.093790  -0.603987   0.718797  -1.402087   0.132740   0.001000
 -0.343790  -0.092225  -0.578424   0.733981  -1.407515   0.355706   0.001000
 -0.343790  -0.092225  -0.578424   0.733981  -1.407515   0.355706   0.001000
 -0.343790  -0.092225  -0.578424   0.733981  -1.407515   0.355706   0.001000
 -0.343790  -0.092225  -0.578424   0.733981  -1.407515   0.355706   0.001000
 -0.343790  -0.092225  -0.578424   0.733981  -1.407515   0.355706   0.001000
 -0.349706  -0.079410  -0.604774   0.711090  -1.200729   0.365934   0.001000
 -0.349706  -0.079410  -0.604774   0.711090  -1.200729   0.365934   0.001000
 -0.351638  -0.073738  -0.591064   0.722189  -1.302401   0.325102   0.001000
 -0.351638  -0.073738  -0.591064   0.722189  -1.302401   0.325102   0.001000
 -0.351638  -0.073738  -0.591064   0.722189  -1.302401   0.325102   0.001000
 -0.351638  -0.073738  -0.591064   0.722189  -1.302401   0.325102   0.001000
 -0.351638  -0.073738  -0.591064   0.722189  -1.302401   0.325102   0.001000
 -0.351638  -0.073738  -0.591064   0.722189  -1.302401   0.325102   0.001000
 -0.351638  -0.073738  -0.591064   0.722189  -1.302401   0.325102   0.001000
 -0.351638  -0.073738  -0.591064   0.722189  -1.302401   0.325102   0.001000
 -0.351638  -0.073738  -0.591064   0.722189  -1.302401   0.325102   0.001000
 -0.351638  -0.073738  -0.591064   0.722189  -1.302401   0.325102   0.001000
 -0.351638  -0.073738  -0.591064   0.722189  -1.302401   0.325102   0.001000
 -0.351638  -0.073738  -0.591064   0.722189  -1.302401   0.325102   0.001000
 -0.351638  -0.073738  -0.591064   0.722189  -1.302401   0.325102   0.001000
 -0.351638  -0.073738  -0.591064   0.722189  -1.302401   0.325102   0.001000
 -0.351638  -0.073738  -0.591064   0.722189  -1.302401   0.325102   0.001000
 -0.351638  -0.073738  -0.591064   0.722189  -1.302401   0.325102   0.001000
 -0.351638  -0.073738  -0.591064   0.722189  -1.302401   0.325102   0.001000
 -0.351638  -0.073738  -0.591064   0.722189  -1.302401   0.325102   0.001000
 -0.351638  -0.073738  -0.591064   0.722189  -1.302401   0.325102   0.001000
 -0.351638  -0.073738  -0.591064   0.722189  -1.302401   0.325102   0.001000
 -0.351638  -0.073738  -0.591064   0.722189  -1.302401   0.325102   0.001000
 -0.351638  -0.073738  -0.591064   0.722189  -1.302401   0.325102   0.001000
 -0.351638  -0.073738  -0.591064   0.722189  -1.302401   0.325102   0.001000
 -0.351638  -0.073738  -0.591064   0.722189  -1.302401   0.325102   0.001000
 -0.342324  -0.069104  -0.600612   0.719239  -1.272583   0.153472   0.001000
 -0.342324  -0.069104  -0.600612   0.719239  -1.272583   0.153472   0.001000
 -0.401336  -0.099697  -0.600462   0.684423  -1.328891   0.242037   0.001000
 -0.355120  -0.069192  -0.593698   0.718766  -1.541541   0.186146   0.001000
 -0.355120  -0.069192  -0.593698   0.718766  -1.541541   0.186146   0.001000
 -0.346982  -0.106992  -0.576052   0.732339  -1.387451   0.360758   0.001000
 -0.336669  -0.090241  -0.599678   0.720345  -1.265855   0.363261   0.001000
 -0.336669  -0.090241  -0.599678   0.720345  -1.265855   0.363261   0.001000
 -0.336669  -0.090241  -0.599678   0.720345  -1.265855   0.363261   0.001000
 -0.336669  -0.090241  -0.599678   0.720345  -1.265855   0.363261   0.001000
 -0.336669  -0.090241  -0.599678   0.720345  -1.265855   0.363261   0.001000
 -0.336669  -0.090241  -0.599678   0.720345  -1.265855   0.363261   0.001000
 -0.336669  -0.090241  -0.599678   0.720345  -1.265855   0.363261   0.001000
 -0.336669  -0.090241  -0.599678   0.720345  -1.265855   0.363261   0.001000
 -0.336669  -0.090241  -0.599678   0.720345  -1.265855   0.363261   0.001000
 -0.336669  -0.090241  -0.599678   0.720345  -1.265855   0.363261   0.001000
 -0.336669  -0.090241  -0.599678   0.720345  -1.265855   0.363261   0.001000
 -0.336669  -0.090241  -0.599678   0.720345  -1.265855   0.363261   0.001000
 -0.336669  -0.090241  -0.599678   0.720345  -1.265855   0.363261   0.001000
 -0.336669  -0.090241  -0.599678   0.720345  -1.265855   0.363261   0.001000
 -0.336669  -0.090241  -0.599678   0.720345  -1.265855   0.363261   0.001000
 -0.336669  -0.090241  -0.599678   0.720345  -1.265855   0.363261   0.001000
 -0.336669  -0.090241  -0.599678   0.720345  -1.265855   0.363261   0.001000
 -0.336669  -0.090241  -0.599678   0.720345  -1.265855   0.363261   0.001000
 -0.336669  -0.090241  -0.599678   0.720345  -1.265855   0.363261   0.001000
 -0.336669  -0.090241  -0.599678   0.720345  -1.265855   0.363261   0.001000
 -0.336669  -0.090241  -0.599678   0.720345  -1.265855   0.363261   0.001000
 -0.336669  -0.090241  -0.599678   0.720345  -1.265855   0.363261   0.001000
 -0.349071  -0.085526  -0.595792   0.718239  -1.529214   0.415487   0.001000
 -0.349071  -0.085526  -0.595792   0.718239  -1.529214   0.415487   0.001000
 -0.349071  -0.085526  -0.595792   0.718239  -1.529214   0.415487   0.001000
 -0.349071  -0.085526  -0.595792   0.718239  -1.529214   0.415487   0.001000
 -0.349071  -0.085526  -0.595792   0.718239  -1.529214   0.415487   0.001000
 -0.334835  -0.096220  -0.609711   0.711955  -1.589478   0.157402   0.001000
 -0.334835  -0.096220  -0.609711   0.711955  -1.589478   0.157402   0.001000
 -0.348237  -0.068405  -0.600731   0.716362  -1.226215   0.322026   0.001000
 -0.348237  -0.068405  -0.600731   0.716362  -1.226215   0.322026   0.001000
 -0.348237  -0.068405  -0.600731   0.716362  -1.226215   0.322026   0.001000
 -0.348237  -0.068405  -0.600731   0.716362  -1.226215   0.322026   0.001000
 -0.348237  -0.068405  -0.600731   0.716362  -1.226215   0.322026   0.001000
 -0.348237  -0.068405  -0.600731   0.716362  -1.226215   0.322026   0.001000
 -0.348237  -0.068405  -0.600731   0.716362  -1.226215   0.322026   0.001000
 -0.348237  -0.068405  -0.600731   0.716362  -1.226215   0.322026   0.001000
 -0.348237  -0.068405  -0.600731   0.716362  -1.226215   0.322026   0.001000
 -0.339731  -0.083201  -0.601415   0.718304  -1.248034   0.226184   0.001000
 -0.339731  -0.083201  -0.601415   0.718304  -1.248034   0.226184   0.001000
 -0.339731  -0.083201  -0.601415   0.718304  -1.248034   0.226184   0.001000
 -0.339731  -0.083201  -0.601415   0.718304  -1.248034   0.226184   0.001000
 -0.339731  -0.083201  -0.601415   0.718304  -1.248034   0.226184   0.001000
 -0.339731  -0.083201  -0.601415   0.718304  -1.248034   0.226184   0.001000
 -0.339731  -0.083201  -0.601415   0.718304  -1.248034   0.226184   0.001000
 -0.339731  -0.083201  -0.601415   0.718304  -1.248034   0.226184   0.001000
 -0.339731  -0.083201  -0.601415   0.718304  -1.248034   0.226184   0.001000
 -0.339731  -0.083201  -0.601415   0.718304  -1.248034   0.226184   0.001000
 -0.339731  -0.083201  -0.601415   0.718304  -1.248034   0.226184   0.001000
 -0.339731  -0.083201  -0.601415   0.718304  -1.248034   0.226184   0.001000
 -0.339731  -0.083201  -0.601415   0.718304  -1.248034   0.226184   0.001000
 -0.339731  -0.083201  -0.601415   0.718304  -1.248034   0.226184   0.001000
 -0.339731  -0.083201  -0.601415   0.718304  -1.248034   0.226184   0.001000
 -0.339731  -0.083201  -0.601415   0.718304  -1.248034   0.226184   0.001000
 -0.339731  -0.083201  -0.601415   0.718304  -1.248034   0.226184   0.001000
 -0.339731  -0.083201  -0.601415   0.718304  -1.248034   0.226184   0.001000
 -0.339731  -0.083201  -0.601415   0.718304  -1.248034   0.226184   0.001000
 -0.339731  -0.083201  -0.601415   0.718304  -1.248034   0.226184   0.001000
 -0.354428  -0.079636  -0.582776   0.726919  -1.336591   0.260193   0.001000
 -0.350349  -0.078782  -0.602778   0.712536  -1.414911   0.267738   0.001000
 -0.340531  -0.077650  -0.600588   0.719238  -1.448722   0.256485   0.001000
 -0.340531  -0.077650  -0.600588   0.719238  -1.448722   0.256485   0.001000
 -0.340531  -0.077650  -0.600588   0.719238  -1.448722   0.256485   0.001000
 -0.340531  -0.077650  -0.600588   0.719238  -1.448722   0.256485   0.001000
 -0.340531  -0.077650  -0.600588   0.719238  -1.448722   0.256485   0.001000
 -0.340531  -0.077650  -0.600588   0.719238  -1.448722   0.256485   0.001000
 -0.340531  -0.077650  -0.600588   0.719238  -1.448722   0.256485   0.001000
 -0.340531  -0.077650  -0.600588   0.719238  -1.448722   0.256485   0.001000
 -0.340531  -0.077650  -0.600588   0.719238  -1.448722   0.256485   0.001000
 -0.340531  -0.077650  -0.600588   0.719238  -1.448722   0.256485   0.001000
 -0.340531  -0.077650  -0.600588   0.719238  -1.448722   0.256485   0.001000
 -0.335381  -0.090420  -0.598021   0.722298  -1.680260   0.279786   0.001000
 -0.335381  -0.090420  -0.598021   0.722298  -1.680260   0.279786   0.001000
 -0.335381  -0.090420  -0.598021   0.722298  -1.680260   0.279786   0.001000
 -0.335381  -0.090420  -0.598021   0.722298  -1.680260   0.279786   0.001000
 -0.335381  -0.090420  -0.598021   0.722298  -1.680260   0.279786   0.001000
 -0.335381  -0.090420  -0.598021   0.722298  -1.680260   0.279786   0.001000
 -0.335381  -0.090420  -0.598021   0.722298  -1.680260   0.279786   0.001000
 -0.335381  -0.090420  -0.598021   0.722298  -1.680260   0.279786   0.001000
 -0.335381  -0.090420  -0.598021   0.722298  -1.680260   0.279786   0.001000
 -0.335381  -0.090420  -0.598021   0.722298  -1.680260   0.279786   0.001000
 -0.335381  -0.090420  -0.598021   0.722298  -1.680260   0.279786   0.001000
 -0.341447  -0.088682  -0.597712   0.719923  -1.757734   0.087260   0.001000
 -0.341447  -0.088682  -0.597712   0.719923  -1.757734   0.087260   0.001000
 -0.336915  -0.097090  -0.580513   0.734892  -1.223755   0.241560   0.001000
 -0.326320  -0.099751  -0.591578   0.730480  -1.155684   0.342829   0.001000
 -0.326320  -0.099751  -0.591578   0.730480  -1.155684   0.342829   0.001000
 -0.326320  -0.099751  -0.591578   0.730480  -1.155684   0.342829   0.001000
 -0.326320  -0.099751  -0.591578   0.730480  -1.155684   0.342829   0.001000
 -0.326320  -0.099751  -0.591578   0.730480  -1.155684   0.342829   0.001000
 -0.326320  -0.099751  -0.591578   0.730480  -1.155684   0.342829   0.001000
 -0.326320  -0.099751  -0.591578   0.730480  -1.155684   0.342829   0.001000
 -0.326320  -0.099751  -0.591578   0.730480  -1.155684   0.342829   0.001000
 -0.326320  -0.099751  -0.591578   0.730480  -1.155684   0.342829   0.001000
 -0.326320  -0.099751  -0.591578   0.730480  -1.155684   0.342829   0.001000
 -0.326320  -0.099751  -0.591578   0.730480  -1.155684   0.342829   0.001000
 -0.326320  -0.099751  -0.591578   0.730480  -1.155684   0.342829   0.001000
 -0.326320  -0.099751  -0.591578   0.730480  -1.155684   0.342829   0.001000
 -0.326320  -0.099751  -0.591578   0.730480  -1.155684   0.342829   0.001000
 -0.326320  -0.099751  -0.591578   0.730480  -1.155684   0.342829   0.001000
 -0.326320  -0.099751  -0.591578   0.730480  -1.155684   0.342829   0.001000
 -0.328626  -0.083085  -0.598238   0.726094  -1.450947   0.298472   0.001000
 -0.328626  -0.083085  -0.598238   0.726094  -1.450947   0.298472   0.001000
 -0.328626  -0.083085  -0.598238   0.726094  -1.450947   0.298472   0.001000
 -0.328626  -0.083085  -0.598238   0.726094  -1.450947   0.298472   0.001000
 -0.340646  -0.067649  -0.609617   0.712567  -1.432490   0.253613   0.001000
 -0.358908  -0.073297  -0.600444   0.710830  -1.376140   0.277429   0.001000
 -0.358908  -0.073297  -0.600444   0.710830  -1.376140   0.277429   0.001000
 -0.358908  -0.073297  -0.600444   0.710830  -1.376140   0.277429   0.001000
 -0.358908  -0.073297  -0.600444   0.710830  -1.376140   0.277429   0.001000
 -0.358908  -0.073297  -0.600444   0.710830  -1.376140   0.277429   0.001000
 -0.358908  -0.073297  -0.600444   0.710830  -1.376140   0.277429   0.001000
 -0.358908  -0.073297  -0.600444   0.710830  -1.376140   0.277429   0.001000
 -0.358908  -0.073297  -0.600444   0.710830  -1.376140   0.277429   0.001000
 -0.358908  -0.073297  -0.600444   0.710830  -1.376140   0.277429   0.001000
 -0.358908  -0.073297  -0.600444   0.710830  -1.376140   0.277429   0.001000
 -0.358908  -0.073297  -0.600444   0.710830  -1.376140   0.277429   0.001000
 -0.358908  -0.073297  -0.600444   0.710830  -1.376140   0.277429   0.001000
 -0.358908  -0.073297  -0.600444   0.710830  -1.376140   0.277429   0.001000
 -0.358908  -0.073297  -0.600444   0.710830  -1.376140   0.277429   0.001000
 -0.358908  -0.073297  -0.600444   0.710830  -1.376140   0.277429   0.001000
 -0.358908  -0.073297  -0.600444   0.710830  -1.376140   0.277429   0.001000
 -0.358908  -0.073297  -0.600444   0.710830  -1.376140   0.277429   0.001000
 -0.358908  -0.073297  -0.600444   0.710830  -1.376140   0.277429   0.001000
 -0.358908  -0.073297  -0.600444   0.710830  -1.376140   0.277429   0.001000
 -0.358908  -0.073297  -0.600444   0.710830  -1.376140   0.277429   0.001000
 -0.358908  -0.073297  -0.600444   0.710830  -1.376140   0.277429   0.001000
 -0.358908  -0.073297  -0.600444   0.710830  -1.376140   0.277429   0.001000
 -0.358908  -0.073297  -0.600444   0.710830  -1.376140   0.277429   0.001000
 -0.358908  -0.073297  -0.600444   0.710830  -1.376140   0.277429   0.001000
 -0.358908  -0.073297  -0.600444   0.710830  -1.376140   0.277429   0.001000
 -0.358908  -0.073297  -0.600444   0.710830  -1.376140   0.277429   0.001000
 -0.358908  -0.073297  -0.600444   0.710830  -1.376140   0.277429   0.001000
 -0.358908  -0.073297  -0.600444   0.710830  -1.376140   0.277429   0.001000
 -0.358908  -0.073297  -0.600444   0.710830  -1.376140   0.277429   0.001000
 -0.358908  -0.073297  -0.600444   0.710830  -1.376140   0.277429   0.001000
 -0.358908  -0.073297  -0.600444   0.710830  -1.376140   0.277429   0.001000
 -0.404150  -0.068771  -0.566045   0.715211  -1.441577   0.266566   0.001000
 -0.355083  -0.070688  -0.597317   0.715634  -1.266402   0.173427   0.001000
 -0.355083  -0.070688  -0.597317   0.715634  -1.266402   0.173427   0.001000
 -0.355083  -0.070688  -0.597317   0.715634  -1.266402   0.173427   0.001000
 -0.355083  -0.070688  -0.597317   0.715634  -1.266402   0.173427   0.001000
 -0.355083  -0.070688  -0.597317   0.715634  -1.266402   0.173427   0.001000
 -0.355083  -0.070688  -0.597317   0.715634  -1.266402   0.173427   0.001000
 -0.355083  -0.070688  -0.597317   0.715634  -1.266402   0.173427   0.001000
 -0.355083  -0.070688  -0.597317   0.715634  -1.266402   0.173427   0.001000
 -0.355083  -0.070688  -0.597317   0.715634  -1.266402   0.173427   0.001000
 -0.355083  -0.070688  -0.597317   0.715634  -1.266402   0.173427   0.001000
 -0.355083  -0.070688  -0.597317   0.715634  -1.266402   0.173427   0.001000
 -0.355083  -0.070688  -0.597317   0.715634  -1.266402   0.173427   0.001000
 -0.355083  -0.070688  -0.597317   0.715634  -1.266402   0.173427   0.001000
 -0.355083  -0.070688  -0.597317   0.715634  -1.266402   0.173427   0.001000
 -0.355083  -0.070688  -0.597317   0.715634  -1.266402   0.173427   0.001000
 -0.355083  -0.070688  -0.597317   0.715634  -1.266402   0.173427   0.001000
 -0.355083  -0.070688  -0.597317   0.715634  -1.266402   0.173427   0.001000
 -0.355083  -0.070688  -0.597317   0.715634  -1.266402   0.173427   0.001000
 -0.355083  -0.070688  -0.597317   0.715634  -1.266402   0.173427   0.001000
 -0.355083  -0.070688  -0.597317   0.715634  -1.266402   0.173427   0.001000
 -0.355083  -0.070688  -0.597317   0.715634  -1.266402   0.173427   0.001000
 -0.355083  -0.070688  -0.597317   0.715634  -1.266402   0.173427   0.001000
 -0.355083  -0.070688  -0.597317   0.715634  -1.266402   0.173427   0.001000
 -0.355083  -0.070688  -0.597317   0.715634  -1.266402   0.173427   0.001000
 -0.355083  -0.070688  -0.597317   0.715634  -1.266402   0.173427   0.001000
 -0.355083  -0.070688  -0.597317   0.715634  -1.266402   0.173427   0.001000
 -0.355083  -0.070688  -0.597317   0.715634  -1.266402   0.173427   0.001000
 -0.355083  -0.070688  -0.597317   0.715634  -1.266402   0.173427   0.001000
 -0.355083  -0.070688  -0.597317   0.715634  -1.266402   0.173427   0.001000
 -0.355083  -0.070688  -0.597317   0.715634  -1.266402   0.173427   0.001000
 -0.355083  -0.070688  -0.597317   0.715634  -1.266402   0.173427   0.001000
 -0.355083  -0.070688  -0.597317   0.715634  -1.266402   0.173427   0.001000
 -0.355083  -0.070688  -0.597317   0.715634  -1.266402   0.173427   0.001000
 -0.355083  -0.070688  -0.597317   0.715634  -1.266402   0.173427   0.001000
 -0.347377  -0.075061  -0.592674   0.722795  -1.390914   0.222862   0.001000
 -0.347377  -0.075061  -0.592674   0.722795  -1.390914   0.222862   0.001000
 -0.347377  -0.075061  -0.592674   0.722795  -1.390914   0.222862   0.001000
 -0.347377  -0.075061  -0.592674   0.722795  -1.390914   0.222862   0.001000
 -0.347377  -0.075061  -0.592674   0.722795  -1.390914   0.222862   0.001000
 -0.347377  -0.075061  -0.592674   0.722795  -1.390914   0.222862   0.001000
 -0.347377  -0.075061  -0.592674   0.722795  -1.390914   0.222862   0.001000
 -0.347377  -0.075061  -0.592674   0.722795  -1.390914   0.222862   0.001000
 -0.347377  -0.075061  -0.592674   0.722795  -1.390914   0.222862   0.001000
 -0.337108  -0.093390  -0.605319   0.715000  -1.453123   0.229533   0.001000
 -0.338148  -0.088234  -0.599395   0.720136  -1.394091   0.123593   0.001000
 -0.321420  -0.094324  -0.596971   0.728984  -1.640332  -0.029539   0.001000
 -0.321420  -0.094324  -0.596971   0.728984  -1.640332  -0.029539   0.001000
 -0.345233  -0.068832  -0.593636   0.723653  -1.375155   0.212451   0.001000
 -0.330450  -0.083456  -0.598255   0.725210  -1.522193   0.399728   0.001000
 -0.330450  -0.083456  -0.598255   0.725210  -1.522193   0.399728   0.001000
 -0.330450  -0.083456  -0.598255   0.725210  -1.522193   0.399728   0.001000
 -0.330450  -0.083456  -0.598255   0.725210  -1.522193   0.399728   0.001000
 -0.330450  -0.083456  -0.598255   0.725210  -1.522193   0.399728   0.001000
 -0.337298  -0.098861  -0.603437   0.715765  -1.478037   0.182580   0.001000
 -0.341756  -0.088105  -0.610411   0.709111  -1.292011   0.047765   0.001000
 -0.223558  -0.154993  -0.569632   0.775576  -1.014896   0.065256   0.001000
 -0.352105  -0.076360  -0.589706   0.722799  -1.596886   0.467537   0.001000
 -0.352105  -0.076360  -0.589706   0.722799  -1.596886   0.467537   0.001000
 -0.352105  -0.076360  -0.589706   0.722799  -1.596886   0.467537   0.001000
 -0.352105  -0.076360  -0.589706   0.722799  -1.596886   0.467537   0.001000
 -0.352105  -0.076360  -0.589706   0.722799  -1.596886   0.467537   0.001000
 -0.352105  -0.076360  -0.589706   0.722799  -1.596886   0.467537   0.001000
 -0.352105  -0.076360  -0.589706   0.722799  -1.596886   0.467537   0.001000
 -0.352105  -0.076360  -0.589706   0.722799  -1.596886   0.467537   0.001000
 -0.352105  -0.076360  -0.589706   0.722799  -1.596886   0.467537   0.001000
 -0.352105  -0.076360  -0.589706   0.722799  -1.596886   0.467537   0.001000
 -0.352105  -0.076360  -0.589706   0.722799  -1.596886   0.467537   0.001000
 -0.352105  -0.076360  -0.589706   0.722799  -1.596886   0.467537   0.001000
 -0.352105  -0.076360  -0.589706   0.722799  -1.596886   0.467537   0.001000
 -0.352105  -0.076360  -0.589706   0.722799  -1.596886   0.467537   0.001000
 -0.328426  -0.082740  -0.608295   0.717821  -1.612757   0.334153   0.001000
 -0.339874  -0.060844  -0.600174   0.721509  -1.411505   0.359533   0.001000
 -0.339874  -0.060844  -0.600174   0.721509  -1.411505   0.359533   0.001000
 -0.339874  -0.060844  -0.600174   0.721509  -1.411505   0.359533   0.001000
 -0.339874  -0.060844  -0.600174   0.721509  -1.411505   0.359533   0.001000
 -0.339874  -0.060844  -0.600174   0.721509  -1.411505   0.359533   0.001000
 -0.323896  -0.075690  -0.610780   0.718547  -1.635416   0.103089   0.001000
 -0.323896  -0.075690  -0.610780   0.718547  -1.635416   0.103089   0.001000
 -0.336243  -0.081525  -0.584573   0.733872  -1.595469   0.393193   0.001000
 -0.360143  -0.051438  -0.598724   0.713569  -1.603185   0.508540   0.001000
 -0.360143  -0.051438  -0.598724   0.713569  -1.603185   0.508540   0.001000
 -0.360143  -0.051438  -0.598724   0.713569  -1.603185   0.508540   0.001000
 -0.360143  -0.051438  -0.598724   0.713569  -1.603185   0.508540   0.001000
 -0.360143  -0.051438  -0.598724   0.713569  -1.603185   0.508540   0.001000
 -0.360143  -0.051438  -0.598724   0.713569  -1.603185   0.508540   0.001000
 -0.360143  -0.051438  -0.598724   0.713569  -1.603185   0.508540   0.001000
 -0.360143  -0.051438  -0.598724   0.713569  -1.603185   0.508540   0.001000
 -0.326199  -0.093315  -0.612324   0.714104  -1.341090   0.275589   0.001000
 -0.335330  -0.077898  -0.594777   0.726448  -1.279643   0.073709   0.001000
 -0.329311  -0.080796  -0.604838   0.720553  -1.455376   0.147512   0.001000
 -0.341925  -0.070501  -0.596064   0.723066  -1.413569   0.249879   0.001000
 -0.359978  -0.063802  -0.592572   0.717777  -1.372100   0.099984   0.001000
 -0.359978  -0.063802  -0.592572   0.717777  -1.372100   0.099984   0.001000
 -0.357387  -0.094500  -0.601164   0.708482  -1.311987   0.066735   0.001000
 -0.335400  -0.072869  -0.610824   0.713506  -1.457394   0.299595   0.001000
 -0.335400  -0.072869  -0.610824   0.713506  -1.457394   0.299595   0.001000
 -0.335400  -0.072869  -0.610824   0.713506  -1.457394   0.299595   0.001000
 -0.226141  -0.159224  -0.571115   0.772874  -1.634220   0.341734   0.001000
 -0.334271  -0.074876  -0.600490   0.722543  -1.537903   0.425723   0.001000
 -0.334271  -0.074876  -0.600490   0.722543  -1.537903   0.425723   0.001000
 -0.334271  -0.074876  -0.600490   0.722543  -1.537903   0.425723   0.001000
 -0.348883  -0.080324  -0.600737   0.714804  -1.473063  -0.075901   0.001000
 -0.348883  -0.080324  -0.600737   0.714804  -1.473063  -0.075901   0.001000
 -0.356221  -0.074707  -0.586587   0.723492  -1.426451   0.086993   0.001000
 -0.340867  -0.074452  -0.612565   0.709247  -1.621216   0.347477   0.001000
 -0.340867  -0.074452  -0.612565   0.709247  -1.621216   0.347477   0.001000
 -0.340867  -0.074452  -0.612565   0.709247  -1.621216   0.347477   0.001000
 -0.340867  -0.074452  -0.612565   0.709247  -1.621216   0.347477   0.001000
 -0.340867  -0.074452  -0.612565   0.709247  -1.621216   0.347477   0.001000
 -0.340867  -0.074452  -0.612565   0.709247  -1.621216   0.347477   0.001000
 -0.340867  -0.074452  -0.612565   0.709247  -1.621216   0.347477   0.001000
 -0.340867  -0.074452  -0.612565   0.709247  -1.621216   0.347477   0.001000
 -0.340867  -0.074452  -0.612565   0.709247  -1.621216   0.347477   0.001000
 -0.340867  -0.074452  -0.612565   0.709247  -1.621216   0.347477   0.001000
 -0.340867  -0.074452  -0.612565   0.709247  -1.621216   0.347477   0.001000
 -0.340867  -0.074452  -0.612565   0.709247  -1.621216   0.347477   0.001000
 -0.344498  -0.087299  -0.598037   0.718368  -1.483662   0.019397   0.001000
 -0.334192  -0.073652  -0.605469   0.718539  -1.460930   0.284088   0.001000
 -0.334192  -0.073652  -0.605469   0.718539  -1.460930   0.284088   0.001000
 -0.339829  -0.091350  -0.568734   0.743447  -1.687531   0.285221   0.001000
 -0.326610  -0.088784  -0.590777   0.732411  -1.470259   0.430920   0.001000
 -0.326610  -0.088784  -0.590777   0.732411  -1.470259   0.430920   0.001000
 -0.326610  -0.088784  -0.590777   0.732411  -1.470259   0.430920   0.001000
 -0.326610  -0.088784  -0.590777   0.732411  -1.470259   0.430920   0.001000
 -0.326610  -0.088784  -0.590777   0.732411  -1.470259   0.430920   0.001000
 -0.326610  -0.088784  -0.590777   0.732411  -1.470259   0.430920   0.001000
 -0.326610  -0.088784  -0.590777   0.732411  -1.470259   0.430920   0.001000
 -0.326610  -0.088784  -0.590777   0.732411  -1.470259   0.430920   0.001000
 -0.326610  -0.088784  -0.590777   0.732411  -1.470259   0.430920   0.001000
 -0.326610  -0.088784  -0.590777   0.732411  -1.470259   0.430920   0.001000
 -0.326610  -0.088784  -0.590777   0.732411  -1.470259   0.430920   0.001000
 -0.326610  -0.088784  -0.590777   0.732411  -1.470259   0.430920   0.001000
 -0.326610  -0.088784  -0.590777   0.732411  -1.470259   0.430920   0.001000
 -0.326610  -0.088784  -0.590777   0.732411  -1.470259   0.430920   0.001000
 -0.326610  -0.088784  -0.590777   0.732411  -1.470259   0.430920   0.001000
 -0.326610  -0.088784  -0.590777   0.732411  -1.470259   0.430920   0.001000
 -0.326610  -0.088784  -0.590777   0.732411  -1.470259   0.430920   0.001000
 -0.326610  -0.088784  -0.590777   0.732411  -1.470259   0.430920   0.001000
 -0.326610  -0.088784  -0.590777   0.732411  -1.470259   0.430920   0.001000
 -0.326610  -0.088784  -0.590777   0.732411  -1.470259   0.430920   0.001000
 -0.330684  -0.084149  -0.594694   0.727947  -1.712770   0.260217   0.001000
 -0.330684  -0.084149  -0.594694   0.727947  -1.712770   0.260217   0.001000
 -0.330684  -0.084149  -0.594694   0.727947  -1.712770   0.260217   0.001000
 -0.330684  -0.084149  -0.594694   0.727947  -1.712770   0.260217   0.001000
 -0.330684  -0.084149  -0.594694   0.727947  -1.712770   0.260217   0.001000
 -0.330684  -0.084149  -0.594694   0.727947  -1.712770   0.260217   0.001000
 -0.330684  -0.084149  -0.594694   0.727947  -1.712770   0.260217   0.001000
 -0.330684  -0.084149  -0.594694   0.727947  -1.712770   0.260217   0.001000
 -0.347948  -0.061298  -0.577473   0.736002  -1.595236  -0.040698   0.001000
 -0.287710  -0.119376  -0.600717   0.736282  -1.659390   0.068661   0.001000
 -0.334604  -0.109112  -0.600115   0.718329  -1.414330   0.129007   0.001000
 -0.335331  -0.085450  -0.600715   0.720690  -1.428745   0.385467   0.001000
 -0.335331  -0.085450  -0.600715   0.720690  -1.428745   0.385467   0.001000
 -0.335331  -0.085450  -0.600715   0.720690  -1.428745   0.385467   0.001000
 -0.335331  -0.085450  -0.600715   0.720690  -1.428745   0.385467   0.001000
 -0.335331  -0.085450  -0.600715   0.720690  -1.428745   0.385467   0.001000
 -0.335331  -0.085450  -0.600715   0.720690  -1.428745   0.385467   0.001000
 -0.335331  -0.085450  -0.600715   0.720690  -1.428745   0.385467   0.001000
 -0.335331  -0.085450  -0.600715   0.720690  -1.428745   0.385467   0.001000
 -0.335331  -0.085450  -0.600715   0.720690  -1.428745   0.385467   0.001000
 -0.335331  -0.085450  -0.600715   0.720690  -1.428745   0.385467   0.001000
 -0.335331  -0.085450  -0.600715   0.720690  -1.428745   0.385467   0.001000
 -0.335331  -0.085450  -0.600715   0.720690  -1.428745   0.385467   0.001000
 -0.335331  -0.085450  -0.600715   0.720690  -1.428745   0.385467   0.001000
 -0.335331  -0.085450  -0.600715   0.720690  -1.428745   0.385467   0.001000
 -0.335331  -0.085450  -0.600715   0.720690  -1.428745   0.385467   0.001000
 -0.335331  -0.085450  -0.600715   0.720690  -1.428745   0.385467   0.001000
 -0.335331  -0.085450  -0.600715   0.720690  -1.428745   0.385467   0.001000
 -0.335331  -0.085450  -0.600715   0.720690  -1.428745   0.385467   0.001000
 -0.335331  -0.085450  -0.600715   0.720690  -1.428745   0.385467   0.001000
 -0.335331  -0.085450  -0.600715   0.720690  -1.428745   0.385467   0.001000
 -0.335331  -0.085450  -0.600715   0.720690  -1.428745   0.385467   0.001000
 -0.335331  -0.085450  -0.600715   0.720690  -1.428745   0.385467   0.001000
 -0.335331  -0.085450  -0.600715   0.720690  -1.428745   0.385467   0.001000
 -0.335331  -0.085450  -0.600715   0.720690  -1.428745   0.385467   0.001000
 -0.335331  -0.085450  -0.600715   0.720690  -1.428745   0.385467   0.001000
 -0.335331  -0.085450  -0.600715   0.720690  -1.428745   0.385467   0.001000
 -0.335331  -0.085450  -0.600715   0.720690  -1.428745   0.385467   0.001000
 -0.335331  -0.085450  -0.600715   0.720690  -1.428745   0.385467   0.001000
 -0.335331  -0.085450  -0.600715   0.720690  -1.428745   0.385467   0.001000
 -0.335331  -0.085450  -0.600715   0.720690  -1.428745   0.385467   0.001000
 -0.335331  -0.085450  -0.600715   0.720690  -1.428745   0.385467   0.001000
 -0.335331  -0.085450  -0.600715   0.720690  -1.428745   0.385467   0.001000
 -0.335331  -0.085450  -0.600715   0.720690  -1.428745   0.385467   0.001000
 -0.335331  -0.085450  -0.600715   0.720690  -1.428745   0.385467   0.001000
 -0.335331  -0.085450  -0.600715   0.720690  -1.428745   0.385467   0.001000
 -0.335331  -0.085450  -0.600715   0.720690  -1.428745   0.385467   0.001000
 -0.335331  -0.085450  -0.600715   0.720690  -1.428745   0.385467   0.001000
 -0.335331  -0.085450  -0.600715   0.720690  -1.428745   0.385467   0.001000
 -0.335331  -0.085450  -0.600715   0.720690  -1.428745   0.385467   0.001000
 -0.335331  -0.085450  -0.600715   0.720690  -1.428745   0.385467   0.001000
 -0.335331  -0.085450  -0.600715   0.720690  -1.428745   0.385467   0.001000
 -0.335331  -0.085450  -0.600715   0.720690  -1.428745   0.385467   0.001000
 -0.335331  -0.085450  -0.600715   0.720690  -1.428745   0.385467   0.001000
 -0.335331  -0.085450  -0.600715   0.720690  -1.428745   0.385467   0.001000
 -0.370705  -0.066042  -0.596167   0.709084  -1.619245   0.168442   0.001000
 -0.337359  -0.085701  -0.600193   0.720148  -1.342154   0.067165   0.001000
 -0.240761  -0.152864  -0.556620   0.780283  -1.451902   0.278590   0.001000
 -0.344311  -0.076388  -0.602484   0.715981  -1.564623   0.142908   0.001000
 -0.344311  -0.076388  -0.602484   0.715981  -1.564623   0.142908   0.001000
 -0.343231  -0.086427  -0.607973   0.710698  -1.369955   0.246537   0.001000
 -0.343736  -0.090459  -0.597509   0.718781  -1.445955   0.240485   0.001000
 -0.343736  -0.090459  -0.597509   0.718781  -1.445955   0.240485   0.001000
 -0.343736  -0.090459  -0.597509   0.718781  -1.445955   0.240485   0.001000
 -0.343736  -0.090459  -0.597509   0.718781  -1.445955   0.240485   0.001000
 -0.343736  -0.090459  -0.597509   0.718781  -1.445955   0.240485   0.001000
 -0.343736  -0.090459  -0.597509   0.718781  -1.445955   0.240485   0.001000
 -0.321551  -0.104260  -0.598279   0.726497  -1.505851   0.336765   0.001000
 -0.321551  -0.104260  -0.598279   0.726497  -1.505851   0.336765   0.001000
 -0.321551  -0.104260  -0.598279   0.726497  -1.505851   0.336765   0.001000
 -0.321551  -0.104260  -0.598279   0.726497  -1.505851   0.336765   0.001000
 -0.321551  -0.104260  -0.598279   0.726497  -1.505851   0.336765   0.001000
 -0.321551  -0.104260  -0.598279   0.726497  -1.505851   0.336765   0.001000
 -0.321551  -0.104260  -0.598279   0.726497  -1.505851   0.336765   0.001000
 -0.294332  -0.117647  -0.589845   0.742705  -1.685617   0.459585   0.001000
 -0.294332  -0.117647  -0.589845   0.742705  -1.685617   0.459585   0.001000
 -0.252737  -0.117450  -0.789941   0.546189  -1.226813   0.180032   0.001000
 -0.254777  -0.113301  -0.787514   0.549612  -1.825966   0.521689   0.001000
 -0.254777  -0.113301  -0.787514   0.549612  -1.825966   0.521689   0.001000
 -0.254777  -0.113301  -0.787514   0.549612  -1.825966   0.521689   0.001000
 -0.241729  -0.117671  -0.787751   0.554228  -1.559814   0.722044   0.001000
 -0.256667  -0.105723  -0.788558   0.548744  -2.007129   0.277337   0.001000
 -0.240350  -0.129417  -0.792907   0.544776  -1.621567   0.670797   0.001000
 -0.252331  -0.082394  -0.787816   0.555776  -1.918685   0.493952   0.001000
 -0.254592  -0.111004  -0.787200   0.550616  -1.357561   0.660834   0.001000
 -0.258494  -0.107043  -0.798020   0.533748  -1.784574   0.576186   0.001000
 -0.251844  -0.111874  -0.797481   0.536733  -1.706634   0.594051   0.001000
 -0.247968  -0.143301  -0.783113   0.552006  -1.750282   0.608958   0.001000
