  0.282487   0.451668  -0.679214   0.504842  -0.065654  -0.082893   0.001000
  0.202860   0.550421  -0.587568   0.557359   0.265070   0.293155   0.001000
  0.279151   0.429399  -0.700358   0.497182   0.145444  -0.015958   0.001000
  0.279151   0.429399  -0.700358   0.497182   0.145444  -0.015958   0.001000
  0.279151   0.429399  -0.700358   0.497182   0.145444  -0.015958   0.001000
  0.294958   0.431196  -0.679116   0.515627   0.025535   0.133943   0.001000
  0.294958   0.431196  -0.679116   0.515627   0.025535   0.133943   0.001000
  0.295763   0.434687  -0.672008   0.521514   0.052565   0.195247   0.001000
  0.295763   0.434687  -0.672008   0.521514   0.052565   0.195247   0.001000
  0.295763   0.434687  -0.672008   0.521514   0.052565   0.195247   0.001000
  0.295763   0.434687  -0.672008   0.521514   0.052565   0.195247   0.001000
  0.295763   0.434687  -0.672008   0.521514   0.052565   0.195247   0.001000
  0.307449   0.432569  -0.682339   0.502764   0.245083   0.144994   0.001000
  0.307449   0.432569  -0.682339   0.502764   0.245083   0.144994   0.001000
  0.192191   0.518816  -0.616084   0.560654  -0.005286   0.517808   0.001000
  0.279988   0.451962  -0.666774   0.522254   0.433489   0.490891   0.001000
  0.318829   0.428936  -0.645467   0.545650   0.210009   0.199121   0.001000
  0.318829   0.428936  -0.645467   0.545650   0.210009   0.199121   0.001000
  0.305022   0.444301  -0.671452   0.508636   0.325603   0.265583   0.001000
  0.305022   0.444301  -0.671452   0.508636   0.325603   0.265583   0.001000
  0.299175   0.444174  -0.671132   0.512626   0.287424   0.465355   0.001000
  0.285743   0.450121  -0.672263   0.513618   0.452941   0.183247   0.001000
  0.285743   0.450121  -0.672263   0.513618   0.452941   0.183247   0.001000
  0.285743   0.450121  -0.672263   0.513618   0.452941   0.183247   0.001000
  0.285743   0.450121  -0.672263   0.513618   0.452941   0.183247   0.001000
  0.301106   0.429862  -0.674420   0.519338   0.351913   0.267782   0.001000
  0.301106   0.429862  -0.674420   0.519338   0.351913   0.267782   0.001000
  0.301106   0.429862  -0.674420   0.519338   0.351913   0.267782   0.001000
  0.301106   0.429862  -0.674420   0.519338   0.351913   0.267782   0.001000
  0.301106   0.429862  -0.674420   0.519338   0.351913   0.267782   0.001000
  0.297823   0.451290  -0.671594   0.506557   0.338745   0.119152   0.001000
  0.297823   0.451290  -0.671594   0.506557   0.338745   0.119152   0.001000
  0.197165   0.568193  -0.590038   0.538644   0.283823  -0.121479   0.001000
  0.293671   0.431218  -0.686669   0.506255   0.454943   0.515048   0.001000
  0.206541   0.549873  -0.576835   0.567664   0.166993   0.520459   0.001000
  0.292913   0.419218  -0.670370   0.537645   0.194980   0.122080   0.001000
  0.292722   0.445703  -0.672447   0.513301   0.234609   0.105207   0.001000
  0.292722   0.445703  -0.672447   0.513301   0.234609   0.105207   0.001000
  0.292722   0.445703  -0.672447   0.513301   0.234609   0.105207   0.001000
  0.292722   0.445703  -0.672447   0.513301   0.234609   0.105207   0.001000
  0.292722   0.445703  -0.672447   0.513301   0.234609   0.105207   0.001000
  0.292722   0.445703  -0.672447   0.513301   0.234609   0.105207   0.001000
  0.292722   0.445703  -0.672447   0.513301   0.234609   0.105207   0.001000
  0.292722   0.445703  -0.672447   0.513301   0.234609   0.105207   0.001000
  0.292722   0.445703  -0.672447   0.513301   0.234609   0.105207   0.001000
  0.292722   0.445703  -0.672447   0.513301   0.234609   0.105207   0.001000
  0.294288   0.420293  -0.668883   0.537908   0.395436   0.076489   0.001000
  0.294288   0.420293  -0.668883   0.537908   0.395436   0.076489   0.001000
  0.294288   0.420293  -0.668883   0.537908   0.395436   0.076489   0.001000
  0.296641   0.416745  -0.681226   0.523698   0.197627   0.092391   0.001000
  0.296641   0.416745  -0.681226   0.523698   0.197627   0.092391   0.001000
  0.296641   0.416745  -0.681226   0.523698   0.197627   0.092391   0.001000
  0.296641   0.416745  -0.681226   0.523698   0.197627   0.092391   0.001000
  0.296922   0.446046  -0.681956   0.497812   0.333859   0.284354   0.001000
  0.296922   0.446046  -0.681956   0.497812   0.333859   0.284354   0.001000
  0.296922   0.446046  -0.681956   0.497812   0.333859   0.284354   0.001000
  0.296922   0.446046  -0.681956   0.497812   0.333859   0.284354   0.001000
  0.296922   0.446046  -0.681956   0.497812   0.333859   0.284354   0.001000
  0.300549   0.432505  -0.677961   0.512814   0.379019   0.134756   0.001000
  0.300549   0.432505  -0.677961   0.512814   0.379019   0.134756   0.001000
  0.300549   0.432505  -0.677961   0.512814   0.379019   0.134756   0.001000
  0.285497   0.453667  -0.685810   0.492283   0.325937   0.140050   0.001000
  0.285497   0.453667  -0.685810   0.492283   0.325937   0.140050   0.001000
  0.286800   0.452644  -0.669216   0.514790   0.434045   0.316259   0.001000
  0.286800   0.452644  -0.669216   0.514790   0.434045   0.316259   0.001000
  0.286800   0.452644  -0.669216   0.514790   0.434045   0.316259   0.001000
  0.286800   0.452644  -0.669216   0.514790   0.434045   0.316259   0.001000
  0.286800   0.452644  -0.669216   0.514790   0.434045   0.316259   0.001000
  0.286800   0.452644  -0.669216   0.514790   0.434045   0.316259   0.001000
  0.286800   0.452644  -0.669216   0.514790   0.434045   0.316259   0.001000
  0.286800   0.452644  -0.669216   0.514790   0.434045   0.316259   0.001000
  0.286800   0.452644  -0.669216   0.514790   0.434045   0.316259   0.001000
  0.286800   0.452644  -0.669216   0.514790   0.434045   0.316259   0.001000
  0.286800   0.452644  -0.669216   0.514790   0.434045   0.316259   0.001000
  0.286800   0.452644  -0.669216   0.514790   0.434045   0.316259   0.001000
  0.286800   0.452644  -0.669216   0.514790   0.434045   0.316259   0.001000
  0.286800   0.452644  -0.669216   0.514790   0.434045   0.316259   0.001000
  0.286800   0.452644  -0.669216   0.514790   0.434045   0.316259   0.001000
  0.286800   0.452644  -0.669216   0.514790   0.434045   0.316259   0.001000
  0.286800   0.452644  -0.669216   0.514790   0.434045   0.316259   0.001000
  0.286800   0.452644  -0.669216   0.514790   0.434045   0.316259   0.001000
  0.286800   0.452644  -0.669216   0.514790   0.434045   0.316259   0.001000
  0.286800   0.452644  -0.669216   0.514790   0.434045   0.316259   0.001000
  0.286800   0.452644  -0.669216   0.514790   0.434045   0.316259   0.001000
  0.286800   0.452644  -0.669216   0.514790   0.434045   0.316259   0.001000
  0.286800   0.452644  -0.669216   0.514790   0.434045   0.316259   0.001000
  0.286800   0.452644  -0.669216   0.514790   0.434045   0.316259   0.001000
  0.286800   0.452644  -0.669216   0.514790   0.434045   0.316259   0.001000
  0.286800   0.452644  -0.669216   0.514790   0.434045   0.316259   0.001000
  0.286800   0.452644  -0.669216   0.514790   0.434045   0.316259   0.001000
  0.286800   0.452644  -0.669216   0.514790   0.434045   0.316259   0.001000
  0.286800   0.452644  -0.669216   0.514790   0.434045   0.316259   0.001000
  0.286800   0.452644  -0.669216   0.514790   0.434045   0.316259   0.001000
  0.286800   0.452644  -0.669216   0.514790   0.434045   0.316259   0.001000
  0.286800   0.452644  -0.669216   0.514790   0.434045   0.316259   0.001000
  0.286800   0.452644  -0.669216   0.514790   0.434045   0.316259   0.001000
  0.286800   0.452644  -0.669216   0.514790   0.434045   0.316259   0.001000
  0.286800   0.452644  -0.669216   0.514790   0.434045   0.316259   0.001000
  0.286800   0.452644  -0.669216   0.514790   0.434045   0.316259   0.001000
  0.286800   0.452644  -0.669216   0.514790   0.434045   0.316259   0.001000
  0.286800   0.452644  -0.669216   0.514790   0.434045   0.316259   0.001000
  0.286800   0.452644  -0.669216   0.514790   0.434045   0.316259   0.001000
  0.286800   0.452644  -0.669216   0.514790   0.434045   0.316259   0.001000
  0.286800   0.452644  -0.669216   0.514790   0.434045   0.316259   0.001000
  0.298507   0.454900  -0.676235   0.496655   0.335382  -0.049703   0.001000
  0.302120   0.441283  -0.678266   0.503933   0.238025   0.033721   0.001000
  0.302120   0.441283  -0.678266   0.503933   0.238025   0.033721   0.001000
  0.302120   0.441283  -0.678266   0.503933   0.238025   0.033721   0.001000
  0.302120   0.441283  -0.678266   0.503933   0.238025   0.033721   0.001000
  0.302120   0.441283  -0.678266   0.503933   0.238025   0.033721   0.001000
  0.302120   0.441283  -0.678266   0.503933   0.238025   0.033721   0.001000
  0.302120   0.441283  -0.678266   0.503933   0.238025   0.033721   0.001000
  0.302120   0.441283  -0.678266   0.503933   0.238025   0.033721   0.001000
  0.302120   0.441283  -0.678266   0.503933   0.238025   0.033721   0.001000
  0.302120   0.441283  -0.678266   0.503933   0.238025   0.033721   0.001000
  0.302120   0.441283  -0.678266   0.503933   0.238025   0.033721   0.001000
  0.302120   0.441283  -0.678266   0.503933   0.238025   0.033721   0.001000
  0.302120   0.441283  -0.678266   0.503933   0.238025   0.033721   0.001000
  0.302120   0.441283  -0.678266   0.503933   0.238025   0.033721   0.001000
  0.302120   0.441283  -0.678266   0.503933   0.238025   0.033721   0.001000
  0.302120   0.441283  -0.678266   0.503933   0.238025   0.033721   0.001000
  0.302120   0.441283  -0.678266   0.503933   0.238025   0.033721   0.001000
  0.302120   0.441283  -0.678266   0.503933   0.238025   0.033721   0.001000
  0.302120   0.441283  -0.678266   0.503933   0.238025   0.033721   0.001000
  0.302120   0.441283  -0.678266   0.503933   0.238025   0.033721   0.001000
  0.302120   0.441283  -0.678266   0.503933   0.238025   0.033721   0.001000
  0.302120   0.441283  -0.678266   0.503933   0.238025   0.033721   0.001000
  0.302120   0.441283  -0.678266   0.503933   0.238025   0.033721   0.001000
  0.302120   0.441283  -0.678266   0.503933   0.238025   0.033721   0.001000
  0.302120   0.441283  -0.678266   0.503933   0.238025   0.033721   0.001000
  0.302120   0.441283  -0.678266   0.503933   0.238025   0.033721   0.001000
  0.302120   0.441283  -0.678266   0.503933   0.238025   0.033721   0.001000
  0.302120   0.441283  -0.678266   0.503933   0.238025   0.033721   0.001000
  0.302120   0.441283  -0.678266   0.503933   0.238025   0.033721   0.001000
  0.302120   0.441283  -0.678266   0.503933   0.238025   0.033721   0.001000
  0.302120   0.441283  -0.678266   0.503933   0.238025   0.033721   0.001000
  0.302120   0.441283  -0.678266   0.503933   0.238025   0.033721   0.001000
  0.302120   0.441283  -0.678266   0.503933   0.238025   0.033721   0.001000
  0.302120   0.441283  -0.678266   0.503933   0.238025   0.033721   0.001000
  0.302120   0.441283  -0.678266   0.503933   0.238025   0.033721   0.001000
  0.302120   0.441283  -0.678266   0.503933   0.238025   0.033721   0.001000
  0.302120   0.441283  -0.678266   0.503933   0.238025   0.033721   0.001000
  0.302120   0.441283  -0.678266   0.503933   0.238025   0.033721   0.001000
  0.302120   0.441283  -0.678266   0.503933   0.238025   0.033721   0.001000
  0.302120   0.441283  -0.678266   0.503933   0.238025   0.033721   0.001000
  0.302120   0.441283  -0.678266   0.503933   0.238025   0.033721   0.001000
  0.302120   0.441283  -0.678266   0.503933   0.238025   0.033721   0.001000
  0.302120   0.441283  -0.678266   0.503933   0.238025   0.033721   0.001000
  0.302120   0.441283  -0.678266   0.503933   0.238025   0.033721   0.001000
  0.302120   0.441283  -0.678266   0.503933   0.238025   0.033721   0.001000
  0.302120   0.441283  -0.678266   0.503933   0.238025   0.033721   0.001000
  0.302120   0.441283  -0.678266   0.503933   0.238025   0.033721   0.001000
  0.302120   0.441283  -0.678266   0.503933   0.238025   0.033721   0.001000
  0.302120   0.441283  -0.678266   0.503933   0.238025   0.033721   0.001000
  0.302120   0.441283  -0.678266   0.503933   0.238025   0.033721   0.001000
  0.302120   0.441283  -0.678266   0.503933   0.238025   0.033721   0.001000
  0.302120   0.441283  -0.678266   0.503933   0.238025   0.033721   0.001000
  0.302120   0.441283  -0.678266   0.503933   0.238025   0.033721   0.001000
  0.302120   0.441283  -0.678266   0.503933   0.238025   0.033721   0.001000
  0.302120   0.441283  -0.678266   0.503933   0.238025   0.033721   0.001000
  0.302120   0.441283  -0.678266   0.503933   0.238025   0.033721   0.001000
  0.302120   0.441283  -0.678266   0.503933   0.238025   0.033721   0.001000
  0.302120   0.441283  -0.678266   0.503933   0.238025   0.033721   0.001000
  0.302120   0.441283  -0.678266   0.503933   0.238025   0.033721   0.001000
  0.302120   0.441283  -0.678266   0.503933   0.238025   0.033721   0.001000
  0.302120   0.441283  -0.678266   0.503933   0.238025   0.033721   0.001000
  0.302120   0.441283  -0.678266   0.503933   0.238025   0.033721   0.001000
  0.302120   0.441283  -0.678266   0.503933   0.238025   0.033721   0.001000
  0.302120   0.441283  -0.678266   0.503933   0.238025   0.033721   0.001000
  0.302120   0.441283  -0.678266   0.503933   0.238025   0.033721   0.001000
  0.302120   0.441283  -0.678266   0.503933   0.238025   0.033721   0.001000
  0.302120   0.441283  -0.678266   0.503933   0.238025   0.033721   0.001000
  0.302120   0.441283  -0.678266   0.503933   0.238025   0.033721   0.001000
  0.302120   0.441283  -0.678266   0.503933   0.238025   0.033721   0.001000
  0.302120   0.441283  -0.678266   0.503933   0.238025   0.033721   0.001000
  0.302120   0.441283  -0.678266   0.503933   0.238025   0.033721   0.001000
  0.302120   0.441283  -0.678266   0.503933   0.238025   0.033721   0.001000
  0.302120   0.441283  -0.678266   0.503933   0.238025   0.033721   0.001000
  0.302120   0.441283  -0.678266   0.503933   0.238025   0.033721   0.001000
  0.302120   0.441283  -0.678266   0.503933   0.238025   0.033721   0.001000
  0.302120   0.441283  -0.678266   0.503933   0.238025   0.033721   0.001000
  0.302120   0.441283  -0.678266   0.503933   0.238025   0.033721   0.001000
  0.302120   0.441283  -0.678266   0.503933   0.238025   0.033721   0.001000
  0.302120   0.441283  -0.678266   0.503933   0.238025   0.033721   0.001000
  0.302120   0.441283  -0.678266   0.503933   0.238025   0.033721   0.001000
  0.301164   0.424750  -0.684509   0.510231   0.405724   0.248516   0.001000
  0.301164   0.424750  -0.684509   0.510231   0.405724   0.248516   0.001000
  0.301164   0.424750  -0.684509   0.510231   0.405724   0.248516   0.001000
  0.301164   0.424750  -0.684509   0.510231   0.405724   0.248516   0.001000
  0.301164   0.424750  -0.684509   0.510231   0.405724   0.248516   0.001000
  0.301164   0.424750  -0.684509   0.510231   0.405724   0.248516   0.001000
  0.301164   0.424750  -0.684509   0.510231   0.405724   0.248516   0.001000
  0.301164   0.424750  -0.684509   0.510231   0.405724   0.248516   0.001000
  0.301164   0.424750  -0.684509   0.510231   0.405724   0.248516   0.001000
  0.301164   0.424750  -0.684509   0.510231   0.405724   0.248516   0.001000
  0.301164   0.424750  -0.684509   0.510231   0.405724   0.248516   0.001000
  0.301164   0.424750  -0.684509   0.510231   0.405724   0.248516   0.001000
  0.301164   0.424750  -0.684509   0.510231   0.405724   0.248516   0.001000
  0.301164   0.424750  -0.684509   0.510231   0.405724   0.248516   0.001000
  0.301164   0.424750  -0.684509   0.510231   0.405724   0.248516   0.001000
  0.301164   0.424750  -0.684509   0.510231   0.405724   0.248516   0.001000
  0.301164   0.424750  -0.684509   0.510231   0.405724   0.248516   0.001000
  0.301164   0.424750  -0.684509   0.510231   0.405724   0.248516   0.001000
  0.301164   0.424750  -0.684509   0.510231   0.405724   0.248516   0.001000
  0.301164   0.424750  -0.684509   0.510231   0.405724   0.248516   0.001000
  0.301164   0.424750  -0.684509   0.510231   0.405724   0.248516   0.001000
  0.301164   0.424750  -0.684509   0.510231   0.405724   0.248516   0.001000
  0.301164   0.424750  -0.684509   0.510231   0.405724   0.248516   0.001000
  0.301164   0.424750  -0.684509   0.510231   0.405724   0.248516   0.001000
  0.301164   0.424750  -0.684509   0.510231   0.405724   0.248516   0.001000
  0.301164   0.424750  -0.684509   0.510231   0.405724   0.248516   0.001000
  0.297988   0.438194  -0.675224   0.513090   0.262231   0.244953   0.001000
  0.297988   0.438194  -0.675224   0.513090   0.262231   0.244953   0.001000
  0.297988   0.438194  -0.675224   0.513090   0.262231   0.244953   0.001000
  0.297988   0.438194  -0.675224   0.513090   0.262231   0.244953   0.001000
  0.297988   0.438194  -0.675224   0.513090   0.262231   0.244953   0.001000
  0.297988   0.438194  -0.675224   0.513090   0.262231   0.244953   0.001000
  0.297988   0.438194  -0.675224   0.513090   0.262231   0.244953   0.001000
  0.297988   0.438194  -0.675224   0.513090   0.262231   0.244953   0.001000
  0.295856   0.470034  -0.672824   0.488718   0.235002   0.213864   0.001000
  0.304130   0.435061  -0.685763   0.497951   0.246719   0.268728   0.001000
  0.304130   0.435061  -0.685763   0.497951   0.246719   0.268728   0.001000
  0.304130   0.435061  -0.685763   0.497951   0.246719   0.268728   0.001000
  0.304130   0.435061  -0.685763   0.497951   0.246719   0.268728   0.001000
  0.304130   0.435061  -0.685763   0.497951   0.246719   0.268728   0.001000
  0.304130   0.435061  -0.685763   0.497951   0.246719   0.268728   0.001000
  0.291590   0.430852  -0.678830   0.518201   0.308242   0.140047   0.001000
  0.291590   0.430852  -0.678830   0.518201   0.308242   0.140047   0.001000
  0.291590   0.430852  -0.678830   0.518201   0.308242   0.140047   0.001000
  0.291590   0.430852  -0.678830   0.518201   0.308242   0.140047   0.001000
  0.291590   0.430852  -0.678830   0.518201   0.308242   0.140047   0.001000
  0.291590   0.430852  -0.678830   0.518201   0.308242   0.140047   0.001000
  0.291590   0.430852  -0.678830   0.518201   0.308242   0.140047   0.001000
  0.291590   0.430852  -0.678830   0.518201   0.308242   0.140047   0.001000
  0.298178   0.457166  -0.670226   0.502878   0.310393   0.419791   0.001000
  0.292487   0.451326  -0.679812   0.498610   0.271625   0.165808   0.001000
  0.292487   0.451326  -0.679812   0.498610   0.271625   0.165808   0.001000
  0.292487   0.451326  -0.679812   0.498610   0.271625   0.165808   0.001000
  0.292487   0.451326  -0.679812   0.498610   0.271625   0.165808   0.001000
  0.286551   0.420255  -0.692044   0.512200   0.360077   0.152196   0.001000
  0.286551   0.420255  -0.692044   0.512200   0.360077   0.152196   0.001000
  0.286551   0.420255  -0.692044   0.512200   0.360077   0.152196   0.001000
  0.286551   0.420255  -0.692044   0.512200   0.360077   0.152196   0.001000
  0.299349   0.429352  -0.682001   0.510805   0.241847   0.221538   0.001000
  0.299349   0.429352  -0.682001   0.510805   0.241847   0.221538   0.001000
  0.299349   0.429352  -0.682001   0.510805   0.241847   0.221538   0.001000
  0.299349   0.429352  -0.682001   0.510805   0.241847   0.221538   0.001000
  0.299349   0.429352  -0.682001   0.510805   0.241847   0.221538   0.001000
  0.299349   0.429352  -0.682001   0.510805   0.241847   0.221538   0.001000
  0.299349   0.429352  -0.682001   0.510805   0.241847   0.221538   0.001000
  0.299349   0.429352  -0.682001   0.510805   0.241847   0.221538   0.001000
  0.304122   0.439381  -0.687249   0.492080   0.335815   0.213407   0.001000
  0.304122   0.439381  -0.687249   0.492080   0.335815   0.213407   0.001000
  0.299141   0.449805  -0.682451   0.492393   0.207923   0.327871   0.001000
  0.309758   0.439267  -0.679735   0.499055   0.267399   0.301879   0.001000
  0.309758   0.439267  -0.679735   0.499055   0.267399   0.301879   0.001000
  0.309758   0.439267  -0.679735   0.499055   0.267399   0.301879   0.001000
  0.309758   0.439267  -0.679735   0.499055   0.267399   0.301879   0.001000
  0.309758   0.439267  -0.679735   0.499055   0.267399   0.301879   0.001000
  0.309758   0.439267  -0.679735   0.499055   0.267399   0.301879   0.001000
  0.309758   0.439267  -0.679735   0.499055   0.267399   0.301879   0.001000
  0.309758   0.439267  -0.679735   0.499055   0.267399   0.301879   0.001000
  0.309758   0.439267  -0.679735   0.499055   0.267399   0.301879   0.001000
  0.309758   0.439267  -0.679735   0.499055   0.267399   0.301879   0.001000
  0.309758   0.439267  -0.679735   0.499055   0.267399   0.301879   0.001000
  0.309758   0.439267  -0.679735   0.499055   0.267399   0.301879   0.001000
  0.309758   0.439267  -0.679735   0.499055   0.267399   0.301879   0.001000
  0.309758   0.439267  -0.679735   0.499055   0.267399   0.301879   0.001000
  0.309758   0.439267  -0.679735   0.499055   0.267399   0.301879   0.001000
  0.309758   0.439267  -0.679735   0.499055   0.267399   0.301879   0.001000
  0.292632   0.445498  -0.677315   0.507092   0.383759   0.292150   0.001000
  0.292632   0.445498  -0.677315   0.507092   0.383759   0.292150   0.001000
  0.292632   0.445498  -0.677315   0.507092   0.383759   0.292150   0.001000
  0.292632   0.445498  -0.677315   0.507092   0.383759   0.292150   0.001000
  0.292632   0.445498  -0.677315   0.507092   0.383759   0.292150   0.001000
  0.292632   0.445498  -0.677315   0.507092   0.383759   0.292150   0.001000
  0.292632   0.445498  -0.677315   0.507092   0.383759   0.292150   0.001000
  0.292632   0.445498  -0.677315   0.507092   0.383759   0.292150   0.001000
  0.292632   0.445498  -0.677315   0.507092   0.383759   0.292150   0.001000
  0.292632   0.445498  -0.677315   0.507092   0.383759   0.292150   0.001000
  0.292632   0.445498  -0.677315   0.507092   0.383759   0.292150   0.001000
  0.292632   0.445498  -0.677315   0.507092   0.383759   0.292150   0.001000
  0.307252   0.431855  -0.678705   0.508386   0.306607   0.141301   0.001000
  0.307252   0.431855  -0.678705   0.508386   0.306607   0.141301   0.001000
  0.307252   0.431855  -0.678705   0.508386   0.306607   0.141301   0.001000
  0.307252   0.431855  -0.678705   0.508386   0.306607   0.141301   0.001000
  0.307252   0.431855  -0.678705   0.508386   0.306607   0.141301   0.001000
  0.307252   0.431855  -0.678705   0.508386   0.306607   0.141301   0.001000
  0.288737   0.443000  -0.656469   0.537987   0.331546   0.147103   0.001000
  0.288737   0.443000  -0.656469   0.537987   0.331546   0.147103   0.001000
  0.288737   0.443000  -0.656469   0.537987   0.331546   0.147103   0.001000
  0.300718   0.470229  -0.681262   0.473640   0.225767   0.108221   0.001000
  0.292269   0.448020  -0.681815   0.498985   0.284543   0.219096   0.001000
  0.292269   0.448020  -0.681815   0.498985   0.284543   0.219096   0.001000
  0.292269   0.448020  -0.681815   0.498985   0.284543   0.219096   0.001000
  0.292269   0.448020  -0.681815   0.498985   0.284543   0.219096   0.001000
  0.292269   0.448020  -0.681815   0.498985   0.284543   0.219096   0.001000
  0.292269   0.448020  -0.681815   0.498985   0.284543   0.219096   0.001000
  0.292269   0.448020  -0.681815   0.498985   0.284543   0.219096   0.001000
  0.292269   0.448020  -0.681815   0.498985   0.284543   0.219096   0.001000
  0.292269   0.448020  -0.681815   0.498985   0.284543   0.219096   0.001000
  0.292269   0.448020  -0.681815   0.498985   0.284543   0.219096   0.001000
  0.292269   0.448020  -0.681815   0.498985   0.284543   0.219096   0.001000
  0.292269   0.448020  -0.681815   0.498985   0.284543   0.219096   0.001000
  0.206525   0.569073  -0.584496   0.540248   0.311794   0.101452   0.001000
  0.206525   0.569073  -0.584496   0.540248   0.311794   0.101452   0.001000
  0.206525   0.569073  -0.584496   0.540248   0.311794   0.101452   0.001000
  0.206525   0.569073  -0.584496   0.540248   0.311794   0.101452   0.001000
  0.206525   0.569073  -0.584496   0.540248   0.311794   0.101452   0.001000
  0.206525   0.569073  -0.584496   0.540248   0.311794   0.101452   0.001000
  0.273073   0.451934  -0.675927   0.514110   0.367874   0.142854   0.001000
  0.273073   0.451934  -0.675927   0.514110   0.367874   0.142854   0.001000
  0.200314   0.563420  -0.583828   0.549161   0.252837   0.089689   0.001000
  0.200314   0.563420  -0.583828   0.549161   0.252837   0.089689   0.001000
  0.200314   0.563420  -0.583828   0.549161   0.252837   0.089689   0.001000
  0.306760   0.433901  -0.681316   0.503425   0.262639   0.101609   0.001000
  0.306760   0.433901  -0.681316   0.503425   0.262639   0.101609   0.001000
  0.306760   0.433901  -0.681316   0.503425   0.262639   0.101609   0.001000
  0.306760   0.433901  -0.681316   0.503425   0.262639   0.101609   0.001000
  0.306760   0.433901  -0.681316   0.503425   0.262639   0.101609   0.001000
  0.306760   0.433901  -0.681316   0.503425   0.262639   0.101609   0.001000
  0.306760   0.433901  -0.681316   0.503425   0.262639   0.101609   0.001000
  0.306760   0.433901  -0.681316   0.503425   0.262639   0.101609   0.001000
  0.290846   0.441676  -0.681581   0.505745   0.271046   0.025707   0.001000
  0.290846   0.441676  -0.681581   0.505745   0.271046   0.025707   0.001000
  0.292059   0.440570  -0.682575   0.504670   0.200935  -0.039634   0.001000
  0.292059   0.440570  -0.682575   0.504670   0.200935  -0.039634   0.001000
  0.292059   0.440570  -0.682575   0.504670   0.200935  -0.039634   0.001000
  0.292059   0.440570  -0.682575   0.504670   0.200935  -0.039634   0.001000
  0.292059   0.440570  -0.682575   0.504670   0.200935  -0.039634   0.001000
  0.292059   0.440570  -0.682575   0.504670   0.200935  -0.039634   0.001000
  0.292059   0.440570  -0.682575   0.504670   0.200935  -0.039634   0.001000
  0.292059   0.440570  -0.682575   0.504670   0.200935  -0.039634   0.001000
  0.292059   0.440570  -0.682575   0.504670   0.200935  -0.039634   0.001000
  0.292059   0.440570  -0.682575   0.504670   0.200935  -0.039634   0.001000
  0.292059   0.440570  -0.682575   0.504670   0.200935  -0.039634   0.001000
  0.292059   0.440570  -0.682575   0.504670   0.200935  -0.039634   0.001000
  0.292059   0.440570  -0.682575   0.504670   0.200935  -0.039634   0.001000
  0.292059   0.440570  -0.682575   0.504670   0.200935  -0.039634   0.001000
  0.292059   0.440570  -0.682575   0.504670   0.200935  -0.039634   0.001000
  0.292059   0.440570  -0.682575   0.504670   0.200935  -0.039634   0.001000
  0.292059   0.440570  -0.682575   0.504670   0.200935  -0.039634   0.001000
  0.291740   0.435879  -0.692192   0.495748   0.358197   0.147710   0.001000
  0.291740   0.435879  -0.692192   0.495748   0.358197   0.147710   0.001000
  0.291740   0.435879  -0.692192   0.495748   0.358197   0.147710   0.001000
  0.291740   0.435879  -0.692192   0.495748   0.358197   0.147710   0.001000
  0.291740   0.435879  -0.692192   0.495748   0.358197   0.147710   0.001000
  0.291740   0.435879  -0.692192   0.495748   0.358197   0.147710   0.001000
  0.291740   0.435879  -0.692192   0.495748   0.358197   0.147710   0.001000
  0.291740   0.435879  -0.692192   0.495748   0.358197   0.147710   0.001000
  0.291740   0.435879  -0.692192   0.495748   0.358197   0.147710   0.001000
  0.291740   0.435879  -0.692192   0.495748   0.358197   0.147710   0.001000
  0.291740   0.435879  -0.692192   0.495748   0.358197   0.147710   0.001000
  0.291740   0.435879  -0.692192   0.495748   0.358197   0.147710   0.001000
  0.291740   0.435879  -0.692192   0.495748   0.358197   0.147710   0.001000
  0.291740   0.435879  -0.692192   0.495748   0.358197   0.147710   0.001000
  0.291740   0.435879  -0.692192   0.495748   0.358197   0.147710   0.001000
  0.291740   0.435879  -0.692192   0.495748   0.358197   0.147710   0.001000
  0.291740   0.435879  -0.692192   0.495748   0.358197   0.147710   0.001000
  0.277016   0.449918  -0.688425   0.496898   0.424801   0.218563   0.001000
  0.277016   0.449918  -0.688425   0.496898   0.424801   0.218563   0.001000
  0.287214   0.448869  -0.677585   0.506856   0.380466   0.149963   0.001000
  0.287214   0.448869  -0.677585   0.506856   0.380466   0.149963   0.001000
  0.287214   0.448869  -0.677585   0.506856   0.380466   0.149963   0.001000
  0.287214   0.448869  -0.677585   0.506856   0.380466   0.149963   0.001000
  0.287214   0.448869  -0.677585   0.506856   0.380466   0.149963   0.001000
  0.287214   0.448869  -0.677585   0.506856   0.380466   0.149963   0.001000
  0.287214   0.448869  -0.677585   0.506856   0.380466   0.149963   0.001000
  0.287214   0.448869  -0.677585   0.506856   0.380466   0.149963   0.001000
  0.287214   0.448869  -0.677585   0.506856   0.380466   0.149963   0.001000
  0.287214   0.448869  -0.677585   0.506856   0.380466   0.149963   0.001000
  0.287214   0.448869  -0.677585   0.506856   0.380466   0.149963   0.001000
  0.287214   0.448869  -0.677585   0.506856   0.380466   0.149963   0.001000
  0.287214   0.448869  -0.677585   0.506856   0.380466   0.149963   0.001000
  0.287214   0.448869  -0.677585   0.506856   0.380466   0.149963   0.001000
  0.287214   0.448869  -0.677585   0.506856   0.380466   0.149963   0.001000
  0.287214   0.448869  -0.677585   0.506856   0.380466   0.149963   0.001000
  0.287214   0.448869  -0.677585   0.506856   0.380466   0.149963   0.001000
  0.287214   0.448869  -0.677585   0.506856   0.380466   0.149963   0.001000
  0.287214   0.448869  -0.677585   0.506856   0.380466   0.149963   0.001000
  0.287214   0.448869  -0.677585   0.506856   0.380466   0.149963   0.001000
  0.287214   0.448869  -0.677585   0.506856   0.380466   0.149963   0.001000
  0.287214   0.448869  -0.677585   0.506856   0.380466   0.149963   0.001000
  0.287214   0.448869  -0.677585   0.506856   0.380466   0.149963   0.001000
  0.287214   0.448869  -0.677585   0.506856   0.380466   0.149963   0.001000
  0.287214   0.448869  -0.677585   0.506856   0.380466   0.149963   0.001000
  0.287214   0.448869  -0.677585   0.506856   0.380466   0.149963   0.001000
  0.287214   0.448869  -0.677585   0.506856   0.380466   0.149963   0.001000
  0.287214   0.448869  -0.677585   0.506856   0.380466   0.149963   0.001000
  0.287214   0.448869  -0.677585   0.506856   0.380466   0.149963   0.001000
  0.287214   0.448869  -0.677585   0.506856   0.380466   0.149963   0.001000
  0.287214   0.448869  -0.677585   0.506856   0.380466   0.149963   0.001000
  0.287214   0.448869  -0.677585   0.506856   0.380466   0.149963   0.001000
  0.287214   0.448869  -0.677585   0.506856   0.380466   0.149963   0.001000
  0.306452   0.440972  -0.661554   0.523428   0.197430   0.235080   0.001000
  0.279028   0.446451  -0.698638   0.484488   0.361438   0.336105   0.001000
  0.279028   0.446451  -0.698638   0.484488   0.361438   0.336105   0.001000
  0.279028   0.446451  -0.698638   0.484488   0.361438   0.336105   0.001000
  0.279028   0.446451  -0.698638   0.484488   0.361438   0.336105   0.001000
  0.279028   0.446451  -0.698638   0.484488   0.361438   0.336105   0.001000
  0.279028   0.446451  -0.698638   0.484488   0.361438   0.336105   0.001000
  0.303671   0.443588  -0.673059   0.507943   0.214861   0.509904   0.001000
  0.303671   0.443588  -0.673059   0.507943   0.214861   0.509904   0.001000
  0.294937   0.459130  -0.661169   0.514847   0.227961   0.103209   0.001000
  0.295863   0.435532  -0.690802   0.495549   0.301861   0.121290   0.001000
  0.295863   0.435532  -0.690802   0.495549   0.301861   0.121290   0.001000
  0.295863   0.435532  -0.690802   0.495549   0.301861   0.121290   0.001000
  0.295863   0.435532  -0.690802   0.495549   0.301861   0.121290   0.001000
  0.295863   0.435532  -0.690802   0.495549   0.301861   0.121290   0.001000
  0.295863   0.435532  -0.690802   0.495549   0.301861   0.121290   0.001000
  0.295863   0.435532  -0.690802   0.495549   0.301861   0.121290   0.001000
  0.295863   0.435532  -0.690802   0.495549   0.301861   0.121290   0.001000
  0.295863   0.435532  -0.690802   0.495549   0.301861   0.121290   0.001000
  0.295863   0.435532  -0.690802   0.495549   0.301861   0.121290   0.001000
  0.295863   0.435532  -0.690802   0.495549   0.301861   0.121290   0.001000
  0.295863   0.435532  -0.690802   0.495549   0.301861   0.121290   0.001000
  0.295863   0.435532  -0.690802   0.495549   0.301861   0.121290   0.001000
  0.295863   0.435532  -0.690802   0.495549   0.301861   0.121290   0.001000
  0.295863   0.435532  -0.690802   0.495549   0.301861   0.121290   0.001000
  0.295863   0.435532  -0.690802   0.495549   0.301861   0.121290   0.001000
  0.295863   0.435532  -0.690802   0.495549   0.301861   0.121290   0.001000
  0.295863   0.435532  -0.690802   0.495549   0.301861   0.121290   0.001000
  0.295863   0.435532  -0.690802   0.495549   0.301861   0.121290   0.001000
  0.295863   0.435532  -0.690802   0.495549   0.301861   0.121290   0.001000
  0.295863   0.435532  -0.690802   0.495549   0.301861   0.121290   0.001000
  0.295863   0.435532  -0.690802   0.495549   0.301861   0.121290   0.001000
  0.295863   0.435532  -0.690802   0.495549   0.301861   0.121290   0.001000
  0.295863   0.435532  -0.690802   0.495549   0.301861   0.121290   0.001000
  0.295863   0.435532  -0.690802   0.495549   0.301861   0.121290   0.001000
  0.295863   0.435532  -0.690802   0.495549   0.301861   0.121290   0.001000
  0.295863   0.435532  -0.690802   0.495549   0.301861   0.121290   0.001000
  0.295863   0.435532  -0.690802   0.495549   0.301861   0.121290   0.001000
  0.295863   0.435532  -0.690802   0.495549   0.301861   0.121290   0.001000
  0.295863   0.435532  -0.690802   0.495549   0.301861   0.121290   0.001000
  0.295863   0.435532  -0.690802   0.495549   0.301861   0.121290   0.001000
  0.295863   0.435532  -0.690802   0.495549   0.301861   0.121290   0.001000
  0.295863   0.435532  -0.690802   0.495549   0.301861   0.121290   0.001000
  0.295863   0.435532  -0.690802   0.495549   0.301861   0.121290   0.001000
  0.295863   0.435532  -0.690802   0.495549   0.301861   0.121290   0.001000
  0.295863   0.435532  -0.690802   0.495549   0.301861   0.121290   0.001000
  0.295863   0.435532  -0.690802   0.495549   0.301861   0.121290   0.001000
  0.295863   0.435532  -0.690802   0.495549   0.301861   0.121290   0.001000
  0.295863   0.435532  -0.690802   0.495549   0.301861   0.121290   0.001000
  0.295863   0.435532  -0.690802   0.495549   0.301861   0.121290   0.001000
  0.295863   0.435532  -0.690802   0.495549   0.301861   0.121290   0.001000
  0.295863   0.435532  -0.690802   0.495549   0.301861   0.121290   0.001000
  0.295863   0.435532  -0.690802   0.495549   0.301861   0.121290   0.001000
  0.283174   0.449028  -0.683324   0.501252   0.305889   0.143960   0.001000
  0.283174   0.449028  -0.683324   0.501252   0.305889   0.143960   0.001000
  0.283174   0.449028  -0.683324   0.501252   0.305889   0.143960   0.001000
  0.283174   0.449028  -0.683324   0.501252   0.305889   0.143960   0.001000
  0.283174   0.449028  -0.683324   0.501252   0.305889   0.143960   0.001000
  0.283174   0.449028  -0.683324   0.501252   0.305889   0.143960   0.001000
  0.283174   0.449028  -0.683324   0.501252   0.305889   0.143960   0.001000
  0.283174   0.449028  -0.683324   0.501252   0.305889   0.143960   0.001000
  0.283174   0.449028  -0.683324   0.501252   0.305889   0.143960   0.001000
  0.283174   0.449028  -0.683324   0.501252   0.305889   0.143960   0.001000
  0.283174   0.449028  -0.683324   0.501252   0.305889   0.143960   0.001000
  0.283174   0.449028  -0.683324   0.501252   0.305889   0.143960   0.001000
  0.287467   0.444493  -0.681156   0.505781   0.187435   0.303387   0.001000
  0.287467   0.444493  -0.681156   0.505781   0.187435   0.303387   0.001000
  0.287467   0.444493  -0.681156   0.505781   0.187435   0.303387   0.001000
  0.287467   0.444493  -0.681156   0.505781   0.187435   0.303387   0.001000
  0.287467   0.444493  -0.681156   0.505781   0.187435   0.303387   0.001000
  0.287467   0.444493  -0.681156   0.505781   0.187435   0.303387   0.001000
  0.287467   0.444493  -0.681156   0.505781   0.187435   0.303387   0.001000
  0.287467   0.444493  -0.681156   0.505781   0.187435   0.303387   0.001000
  0.287467   0.444493  -0.681156   0.505781   0.187435   0.303387   0.001000
  0.287467   0.444493  -0.681156   0.505781   0.187435   0.303387   0.001000
  0.287467   0.444493  -0.681156   0.505781   0.187435   0.303387   0.001000
  0.287467   0.444493  -0.681156   0.505781   0.187435   0.303387   0.001000
  0.287467   0.444493  -0.681156   0.505781   0.187435   0.303387   0.001000
  0.287467   0.444493  -0.681156   0.505781   0.187435   0.303387   0.001000
  0.287467   0.444493  -0.681156   0.505781   0.187435   0.303387   0.001000
  0.287467   0.444493  -0.681156   0.505781   0.187435   0.303387   0.001000
  0.287467   0.444493  -0.681156   0.505781   0.187435   0.303387   0.001000
  0.287467   0.444493  -0.681156   0.505781   0.187435   0.303387   0.001000
  0.287467   0.444493  -0.681156   0.505781   0.187435   0.303387   0.001000
  0.287467   0.444493  -0.681156   0.505781   0.187435   0.303387   0.001000
  0.287467   0.444493  -0.681156   0.505781   0.187435   0.303387   0.001000
  0.287467   0.444493  -0.681156   0.505781   0.187435   0.303387   0.001000
  0.287467   0.444493  -0.681156   0.505781   0.187435   0.303387   0.001000
  0.287467   0.444493  -0.681156   0.505781   0.187435   0.303387   0.001000
  0.283074   0.459212  -0.657716   0.525741   0.322078   0.047201   0.001000
  0.283074   0.459212  -0.657716   0.525741   0.322078   0.047201   0.001000
  0.283074   0.459212  -0.657716   0.525741   0.322078   0.047201   0.001000
  0.283074   0.459212  -0.657716   0.525741   0.322078   0.047201   0.001000
  0.283074   0.459212  -0.657716   0.525741   0.322078   0.047201   0.001000
  0.283074   0.459212  -0.657716   0.525741   0.322078   0.047201   0.001000
  0.283074   0.459212  -0.657716   0.525741   0.322078   0.047201   0.001000
  0.300363   0.432095  -0.680126   0.510397   0.367458   0.199638   0.001000
  0.300363   0.432095  -0.680126   0.510397   0.367458   0.199638   0.001000
  0.300363   0.432095  -0.680126   0.510397   0.367458   0.199638   0.001000
  0.300363   0.432095  -0.680126   0.510397   0.367458   0.199638   0.001000
  0.300363   0.432095  -0.680126   0.510397   0.367458   0.199638   0.001000
  0.300363   0.432095  -0.680126   0.510397   0.367458   0.199638   0.001000
  0.300363   0.432095  -0.680126   0.510397   0.367458   0.199638   0.001000
  0.300363   0.432095  -0.680126   0.510397   0.367458   0.199638   0.001000
  0.300363   0.432095  -0.680126   0.510397   0.367458   0.199638   0.001000
  0.300363   0.432095  -0.680126   0.510397   0.367458   0.199638   0.001000
  0.300363   0.432095  -0.680126   0.510397   0.367458   0.199638   0.001000
  0.300363   0.432095  -0.680126   0.510397   0.367458   0.199638   0.001000
  0.300363   0.432095  -0.680126   0.510397   0.367458   0.199638   0.001000
  0.300363   0.432095  -0.680126   0.510397   0.367458   0.199638   0.001000
  0.300363   0.432095  -0.680126   0.510397   0.367458   0.199638   0.001000
  0.300363   0.432095  -0.680126   0.510397   0.367458   0.199638   0.001000
  0.300363   0.432095  -0.680126   0.510397   0.367458   0.199638   0.001000
  0.300363   0.432095  -0.680126   0.510397   0.367458   0.199638   0.001000
  0.300363   0.432095  -0.680126   0.510397   0.367458   0.199638   0.001000
  0.300363   0.432095  -0.680126   0.510397   0.367458   0.199638   0.001000
  0.300363   0.432095  -0.680126   0.510397   0.367458   0.199638   0.001000
  0.300363   0.432095  -0.680126   0.510397   0.367458   0.199638   0.001000
  0.300363   0.432095  -0.680126   0.510397   0.367458   0.199638   0.001000
  0.300363   0.432095  -0.680126   0.510397   0.367458   0.199638   0.001000
  0.300363   0.432095  -0.680126   0.510397   0.367458   0.199638   0.001000
  0.300363   0.432095  -0.680126   0.510397   0.367458   0.199638   0.001000
  0.300363   0.432095  -0.680126   0.510397   0.367458   0.199638   0.001000
  0.300363   0.432095  -0.680126   0.510397   0.367458   0.199638   0.001000
  0.300363   0.432095  -0.680126   0.510397   0.367458   0.199638   0.001000
  0.300363   0.432095  -0.680126   0.510397   0.367458   0.199638   0.001000
  0.300363   0.432095  -0.680126   0.510397   0.367458   0.199638   0.001000
  0.300363   0.432095  -0.680126   0.510397   0.367458   0.199638   0.001000
  0.300462   0.443290  -0.678369   0.503022   0.213687   0.250152   0.001000
  0.299362   0.435923  -0.679871   0.508064   0.254755   0.134465   0.001000
  0.299362   0.435923  -0.679871   0.508064   0.254755   0.134465   0.001000
  0.299362   0.435923  -0.679871   0.508064   0.254755   0.134465   0.001000
  0.299362   0.435923  -0.679871   0.508064   0.254755   0.134465   0.001000
  0.299362   0.435923  -0.679871   0.508064   0.254755   0.134465   0.001000
  0.299362   0.435923  -0.679871   0.508064   0.254755   0.134465   0.001000
  0.299362   0.435923  -0.679871   0.508064   0.254755   0.134465   0.001000
  0.299362   0.435923  -0.679871   0.508064   0.254755   0.134465   0.001000
  0.299362   0.435923  -0.679871   0.508064   0.254755   0.134465   0.001000
  0.299362   0.435923  -0.679871   0.508064   0.254755   0.134465   0.001000
  0.299362   0.435923  -0.679871   0.508064   0.254755   0.134465   0.001000
  0.299362   0.435923  -0.679871   0.508064   0.254755   0.134465   0.001000
  0.299362   0.435923  -0.679871   0.508064   0.254755   0.134465   0.001000
  0.299362   0.435923  -0.679871   0.508064   0.254755   0.134465   0.001000
  0.299362   0.435923  -0.679871   0.508064   0.254755   0.134465   0.001000
  0.299362   0.435923  -0.679871   0.508064   0.254755   0.134465   0.001000
  0.299362   0.435923  -0.679871   0.508064   0.254755   0.134465   0.001000
  0.299362   0.435923  -0.679871   0.508064   0.254755   0.134465   0.001000
  0.299362   0.435923  -0.679871   0.508064   0.254755   0.134465   0.001000
  0.299362   0.435923  -0.679871   0.508064   0.254755   0.134465   0.001000
  0.299362   0.435923  -0.679871   0.508064   0.254755   0.134465   0.001000
  0.299362   0.435923  -0.679871   0.508064   0.254755   0.134465   0.001000
  0.299362   0.435923  -0.679871   0.508064   0.254755   0.134465   0.001000
  0.299362   0.435923  -0.679871   0.508064   0.254755   0.134465   0.001000
  0.276966   0.437005  -0.701272   0.490443   0.225201   0.238879   0.001000
  0.276966   0.437005  -0.701272   0.490443   0.225201   0.238879   0.001000
  0.286532   0.438342  -0.682419   0.509960   0.313536   0.185514   0.001000
  0.286532   0.438342  -0.682419   0.509960   0.313536   0.185514   0.001000
  0.289514   0.436141  -0.686085   0.505223   0.168453   0.102162   0.001000
  0.289514   0.436141  -0.686085   0.505223   0.168453   0.102162   0.001000
  0.302036   0.435461  -0.680542   0.505975   0.189452   0.051551   0.001000
  0.302036   0.435461  -0.680542   0.505975   0.189452   0.051551   0.001000
  0.302036   0.435461  -0.680542   0.505975   0.189452   0.051551   0.001000
  0.302036   0.435461  -0.680542   0.505975   0.189452   0.051551   0.001000
  0.302036   0.435461  -0.680542   0.505975   0.189452   0.051551   0.001000
  0.302036   0.435461  -0.680542   0.505975   0.189452   0.051551   0.001000
  0.302036   0.435461  -0.680542   0.505975   0.189452   0.051551   0.001000
  0.302036   0.435461  -0.680542   0.505975   0.189452   0.051551   0.001000
  0.302036   0.435461  -0.680542   0.505975   0.189452   0.051551   0.001000
  0.302036   0.435461  -0.680542   0.505975   0.189452   0.051551   0.001000
  0.302036   0.435461  -0.680542   0.505975   0.189452   0.051551   0.001000
  0.302036   0.435461  -0.680542   0.505975   0.189452   0.051551   0.001000
  0.302036   0.435461  -0.680542   0.505975   0.189452   0.051551   0.001000
  0.302036   0.435461  -0.680542   0.505975   0.189452   0.051551   0.001000
  0.302036   0.435461  -0.680542   0.505975   0.189452   0.051551   0.001000
  0.302036   0.435461  -0.680542   0.505975   0.189452   0.051551   0.001000
  0.302036   0.435461  -0.680542   0.505975   0.189452   0.051551   0.001000
  0.302036   0.435461  -0.680542   0.505975   0.189452   0.051551   0.001000
  0.302036   0.435461  -0.680542   0.505975   0.189452   0.051551   0.001000
  0.302036   0.435461  -0.680542   0.505975   0.189452   0.051551   0.001000
  0.302036   0.435461  -0.680542   0.505975   0.189452   0.051551   0.001000
  0.302036   0.435461  -0.680542   0.505975   0.189452   0.051551   0.001000
  0.302036   0.435461  -0.680542   0.505975   0.189452   0.051551   0.001000
  0.302036   0.435461  -0.680542   0.505975   0.189452   0.051551   0.001000
  0.302036   0.435461  -0.680542   0.505975   0.189452   0.051551   0.001000
  0.302036   0.435461  -0.680542   0.505975   0.189452   0.051551   0.001000
  0.302036   0.435461  -0.680542   0.505975   0.189452   0.051551   0.001000
  0.302036   0.435461  -0.680542   0.505975   0.189452   0.051551   0.001000
  0.302036   0.435461  -0.680542   0.505975   0.189452   0.051551   0.001000
  0.302036   0.435461  -0.680542   0.505975   0.189452   0.051551   0.001000
  0.302036   0.435461  -0.680542   0.505975   0.189452   0.051551   0.001000
  0.302036   0.435461  -0.680542   0.505975   0.189452   0.051551   0.001000
  0.302036   0.435461  -0.680542   0.505975   0.189452   0.051551   0.001000
  0.302036   0.435461  -0.680542   0.505975   0.189452   0.051551   0.001000
  0.302036   0.435461  -0.680542   0.505975   0.189452   0.051551   0.001000
  0.302036   0.435461  -0.680542   0.505975   0.189452   0.051551   0.001000
  0.302036   0.435461  -0.680542   0.505975   0.189452   0.051551   0.001000
  0.302036   0.435461  -0.680542   0.505975   0.189452   0.051551   0.001000
  0.302036   0.435461  -0.680542   0.505975   0.189452   0.051551   0.001000
  0.302036   0.435461  -0.680542   0.505975   0.189452   0.051551   0.001000
  0.302036   0.435461  -0.680542   0.505975   0.189452   0.051551   0.001000
  0.302036   0.435461  -0.680542   0.505975   0.189452   0.051551   0.001000
  0.302036   0.435461  -0.680542   0.505975   0.189452   0.051551   0.001000
  0.302036   0.435461  -0.680542   0.505975   0.189452   0.051551   0.001000
  0.302036   0.435461  -0.680542   0.505975   0.189452   0.051551   0.001000
  0.302036   0.435461  -0.680542   0.505975   0.189452   0.051551   0.001000
  0.302036   0.435461  -0.680542   0.505975   0.189452   0.051551   0.001000
  0.302036   0.435461  -0.680542   0.505975   0.189452   0.051551   0.001000
  0.302036   0.435461  -0.680542   0.505975   0.189452   0.051551   0.001000
  0.302036   0.435461  -0.680542   0.505975   0.189452   0.051551   0.001000
  0.302036   0.435461  -0.680542   0.505975   0.189452   0.051551   0.001000
  0.302036   0.435461  -0.680542   0.505975   0.189452   0.051551   0.001000
  0.302036   0.435461  -0.680542   0.505975   0.189452   0.051551   0.001000
  0.302036   0.435461  -0.680542   0.505975   0.189452   0.051551   0.001000
  0.302036   0.435461  -0.680542   0.505975   0.189452   0.051551   0.001000
  0.302036   0.435461  -0.680542   0.505975   0.189452   0.051551   0.001000
  0.302036   0.435461  -0.680542   0.505975   0.189452   0.051551   0.001000
  0.302036   0.435461  -0.680542   0.505975   0.189452   0.051551   0.001000
  0.287228   0.441571  -0.676774   0.514288   0.299952  -0.015396   0.001000
  0.287228   0.441571  -0.676774   0.514288   0.299952  -0.015396   0.001000
  0.287228   0.441571  -0.676774   0.514288   0.299952  -0.015396   0.001000
  0.287228   0.441571  -0.676774   0.514288   0.299952  -0.015396   0.001000
  0.287228   0.441571  -0.676774   0.514288   0.299952  -0.015396   0.001000
  0.299837   0.442228  -0.669504   0.516039   0.278706  -0.094574   0.001000
  0.299837   0.442228  -0.669504   0.516039   0.278706  -0.094574   0.001000
  0.299837   0.442228  -0.669504   0.516039   0.278706  -0.094574   0.001000
  0.301384   0.453191  -0.677680   0.494505   0.240244  -0.066454   0.001000
  0.313240   0.463957  -0.651077   0.512565   0.199105  -0.014788   0.001000
  0.300011   0.441820  -0.650701   0.539794   0.262838   0.522698   0.001000
  0.315415   0.432736  -0.665276   0.520250   0.145390   0.229552   0.001000
  0.299367   0.451378  -0.670017   0.507655   0.143138  -0.103598   0.001000
  0.299367   0.451378  -0.670017   0.507655   0.143138  -0.103598   0.001000
  0.299367   0.451378  -0.670017   0.507655   0.143138  -0.103598   0.001000
  0.299367   0.451378  -0.670017   0.507655   0.143138  -0.103598   0.001000
  0.299367   0.451378  -0.670017   0.507655   0.143138  -0.103598   0.001000
  0.301867   0.429303  -0.686711   0.502994  -0.046339   0.270744   0.001000
  0.301867   0.429303  -0.686711   0.502994  -0.046339   0.270744   0.001000
  0.286687   0.439479  -0.678332   0.514329  -0.056143   0.103145   0.001000
  0.286687   0.439479  -0.678332   0.514329  -0.056143   0.103145   0.001000
  0.295883   0.442108  -0.684475   0.498487  -0.045660   0.174804   0.001000
  0.295883   0.442108  -0.684475   0.498487  -0.045660   0.174804   0.001000
  0.295883   0.442108  -0.684475   0.498487  -0.045660   0.174804   0.001000
  0.303875   0.425633  -0.685328   0.506776  -0.030656   0.184005   0.001000
  0.303764   0.427128  -0.672828   0.522104   0.077871   0.232984   0.001000
  0.303764   0.427128  -0.672828   0.522104   0.077871   0.232984   0.001000
  0.304071   0.432544  -0.686404   0.499297   0.122312   0.422012   0.001000
  0.304071   0.432544  -0.686404   0.499297   0.122312   0.422012   0.001000
  0.313866   0.437572  -0.667248   0.514587   0.155659   0.157648   0.001000
  0.311102   0.440137  -0.665294   0.516604   0.252862   0.028479   0.001000
  0.305272   0.427193  -0.685430   0.504481   0.148198  -0.161270   0.001000
  0.305272   0.427193  -0.685430   0.504481   0.148198  -0.161270   0.001000
  0.305272   0.427193  -0.685430   0.504481   0.148198  -0.161270   0.001000
  0.292489   0.443753  -0.675526   0.511076   0.206798  -0.079203   0.001000
  0.292489   0.443753  -0.675526   0.511076   0.206798  -0.079203   0.001000
  0.319972   0.429074  -0.672892   0.510617   0.332984  -0.154016   0.001000
  0.319972   0.429074  -0.672892   0.510617   0.332984  -0.154016   0.001000
  0.319972   0.429074  -0.672892   0.510617   0.332984  -0.154016   0.001000
  0.297086   0.440633  -0.673519   0.513765   0.161327   0.159935   0.001000
  0.307019   0.432075  -0.679729   0.506970   0.362812   0.191442   0.001000
  0.304323   0.426946  -0.677831   0.515411  -0.031011   0.326614   0.001000
  0.304323   0.426946  -0.677831   0.515411  -0.031011   0.326614   0.001000
  0.316639   0.446216  -0.659008   0.516081   0.000768   0.058733   0.001000
  0.204105   0.557254  -0.583845   0.554016   0.125106  -0.039690   0.001000
  0.204105   0.557254  -0.583845   0.554016   0.125106  -0.039690   0.001000
  0.292414   0.431168  -0.681126   0.514447   0.115291   0.468680   0.001000
  0.299624   0.436337  -0.671006   0.519217   0.299318   0.256565   0.001000
  0.299624   0.436337  -0.671006   0.519217   0.299318   0.256565   0.001000
  0.299624   0.436337  -0.671006   0.519217   0.299318   0.256565   0.001000
  0.299624   0.436337  -0.671006   0.519217   0.299318   0.256565   0.001000
  0.296030   0.437287  -0.671220   0.520201   0.193114   0.326522   0.001000
  0.296030   0.437287  -0.671220   0.520201   0.193114   0.326522   0.001000
  0.296030   0.437287  -0.671220   0.520201   0.193114   0.326522   0.001000
  0.304403   0.428186  -0.675290   0.517666   0.109715   0.641531   0.001000
  0.304403   0.428186  -0.675290   0.517666   0.109715   0.641531   0.001000
  0.316969   0.417505  -0.670663   0.524816   0.159240   0.444350   0.001000
  0.316969   0.417505  -0.670663   0.524816   0.159240   0.444350   0.001000
  0.304956   0.434643  -0.678627   0.507497  -0.012184   0.475324   0.001000
  0.287106   0.440884  -0.680231   0.510370   0.046900   0.563743   0.001000
  0.294264   0.441104  -0.678617   0.508247   0.169586   0.441761   0.001000
  0.294264   0.441104  -0.678617   0.508247   0.169586   0.441761   0.001000
  0.307761   0.438188  -0.680457   0.500253   0.004133   0.143255   0.001000
  0.318665   0.461920  -0.660965   0.498205   0.028354   0.074459   0.001000
  0.312683   0.424816  -0.672283   0.519420   0.146881   0.102700   0.001000
  0.304816   0.440204  -0.671657   0.512040   0.129736   0.052104   0.001000
  0.304816   0.440204  -0.671657   0.512040   0.129736   0.052104   0.001000
  0.304816   0.440204  -0.671657   0.512040   0.129736   0.052104   0.001000
  0.304816   0.440204  -0.671657   0.512040   0.129736   0.052104   0.001000
  0.304816   0.440204  -0.671657   0.512040   0.129736   0.052104   0.001000
  0.304816   0.440204  -0.671657   0.512040   0.129736   0.052104   0.001000
  0.304816   0.440204  -0.671657   0.512040   0.129736   0.052104   0.001000
  0.304816   0.440204  -0.671657   0.512040   0.129736   0.052104   0.001000
  0.310291   0.417599  -0.675344   0.522724   0.083415   0.279830   0.001000
  0.310291   0.417599  -0.675344   0.522724   0.083415   0.279830   0.001000
  0.310291   0.417599  -0.675344   0.522724   0.083415   0.279830   0.001000
  0.330121   0.393151  -0.622190   0.591044   0.023294   0.302024   0.001000
  0.278532   0.453261  -0.683939   0.499201   0.164059   0.144924   0.001000
  0.201795   0.560684  -0.586317   0.548766   0.173916   0.210803   0.001000
  0.299088   0.457060  -0.666949   0.506776   0.019525   0.094036   0.001000
  0.288617   0.441126  -0.667691   0.525640   0.108602  -0.014013   0.001000
  0.307684   0.443011  -0.666498   0.514638  -0.186230   0.060750   0.001000
  0.296508   0.431893  -0.678155   0.515419   0.165860   0.253521   0.001000
  0.296508   0.431893  -0.678155   0.515419   0.165860   0.253521   0.001000
  0.296508   0.431893  -0.678155   0.515419   0.165860   0.253521   0.001000
  0.296508   0.431893  -0.678155   0.515419   0.165860   0.253521   0.001000
  0.296508   0.431893  -0.678155   0.515419   0.165860   0.253521   0.001000
  0.296508   0.431893  -0.678155   0.515419   0.165860   0.253521   0.001000
  0.290562   0.439252  -0.673545   0.518622   0.326007   0.111638   0.001000
  0.290562   0.439252  -0.673545   0.518622   0.326007   0.111638   0.001000
  0.290562   0.439252  -0.673545   0.518622   0.326007   0.111638   0.001000
  0.290562   0.439252  -0.673545   0.518622   0.326007   0.111638   0.001000
  0.290562   0.439252  -0.673545   0.518622   0.326007   0.111638   0.001000
  0.290562   0.439252  -0.673545   0.518622   0.326007   0.111638   0.001000
  0.290562   0.439252  -0.673545   0.518622   0.326007   0.111638   0.001000
  0.290562   0.439252  -0.673545   0.518622   0.326007   0.111638   0.001000
  0.290562   0.439252  -0.673545   0.518622   0.326007   0.111638   0.001000
  0.302578   0.438184  -0.678638   0.505857   0.235146   0.138427   0.001000
  0.302578   0.438184  -0.678638   0.505857   0.235146   0.138427   0.001000
  0.302578   0.438184  -0.678638   0.505857   0.235146   0.138427   0.001000
  0.274880   0.439576  -0.693815   0.499835   0.283832   0.132364   0.001000
  0.294592   0.443457  -0.668119   0.519787  -0.158639   0.243391   0.001000
  0.308647   0.414155  -0.680633   0.519568  -0.143870   0.317135   0.001000
  0.279206   0.474034  -0.640725   0.535543   0.507998   0.150209   0.001000
  0.298017   0.443135  -0.678957   0.503820   0.395296   0.280133   0.001000
  0.298017   0.443135  -0.678957   0.503820   0.395296   0.280133   0.001000
  0.298017   0.443135  -0.678957   0.503820   0.395296   0.280133   0.001000
  0.298017   0.443135  -0.678957   0.503820   0.395296   0.280133   0.001000
  0.298017   0.443135  -0.678957   0.503820   0.395296   0.280133   0.001000
  0.298017   0.443135  -0.678957   0.503820   0.395296   0.280133   0.001000
  0.298017   0.443135  -0.678957   0.503820   0.395296   0.280133   0.001000
  0.298017   0.443135  -0.678957   0.503820   0.395296   0.280133   0.001000
  0.298017   0.443135  -0.678957   0.503820   0.395296   0.280133   0.001000
  0.298017   0.443135  -0.678957   0.503820   0.395296   0.280133   0.001000
  0.298017   0.443135  -0.678957   0.503820   0.395296   0.280133   0.001000
  0.298017   0.443135  -0.678957   0.503820   0.395296   0.280133   0.001000
  0.298017   0.443135  -0.678957   0.503820   0.395296   0.280133   0.001000
  0.304888   0.462260  -0.659309   0.508597   0.339892   0.086418   0.001000
  0.294998   0.427958  -0.696962   0.494036   0.450697   0.249290   0.001000
  0.308442   0.432561  -0.677299   0.508942   0.493266   0.165387   0.001000
  0.308442   0.432561  -0.677299   0.508942   0.493266   0.165387   0.001000
  0.308442   0.432561  -0.677299   0.508942   0.493266   0.165387   0.001000
  0.308442   0.432561  -0.677299   0.508942   0.493266   0.165387   0.001000
  0.308442   0.432561  -0.677299   0.508942   0.493266   0.165387   0.001000
  0.287176   0.447248  -0.669892   0.518404   0.486504   0.355559   0.001000
  0.287176   0.447248  -0.669892   0.518404   0.486504   0.355559   0.001000
  0.287176   0.447248  -0.669892   0.518404   0.486504   0.355559   0.001000
  0.287176   0.447248  -0.669892   0.518404   0.486504   0.355559   0.001000
  0.295620   0.442532  -0.669682   0.517978   0.378034   0.360456   0.001000
  0.295620   0.442532  -0.669682   0.517978   0.378034   0.360456   0.001000
  0.295620   0.442532  -0.669682   0.517978   0.378034   0.360456   0.001000
  0.302392   0.434029  -0.670330   0.520419   0.373063   0.260727   0.001000
  0.302392   0.434029  -0.670330   0.520419   0.373063   0.260727   0.001000
  0.305061   0.431223  -0.672578   0.518289   0.030953   0.587957   0.001000
  0.304473   0.429188  -0.684797   0.504130   0.011215   0.624504   0.001000
  0.298378   0.457230  -0.666498   0.507633   0.119171  -0.221337   0.001000
  0.312290   0.442163  -0.670248   0.507675   0.142265   0.259882   0.001000
  0.319343   0.434132  -0.665248   0.516716   0.132486  -0.006731   0.001000
  0.298514   0.425626  -0.677511   0.520298   0.094285   0.143813   0.001000
  0.298514   0.425626  -0.677511   0.520298   0.094285   0.143813   0.001000
  0.298514   0.425626  -0.677511   0.520298   0.094285   0.143813   0.001000
  0.299943   0.456783  -0.667793   0.505406   0.125955   0.098124   0.001000
  0.299943   0.456783  -0.667793   0.505406   0.125955   0.098124   0.001000
  0.308446   0.421626  -0.685375   0.507300   0.174803   0.409160   0.001000
  0.293281   0.450325  -0.677086   0.502740   0.201829   0.341380   0.001000
  0.293281   0.450325  -0.677086   0.502740   0.201829   0.341380   0.001000
  0.305890   0.422990  -0.685666   0.507319   0.292575   0.482862   0.001000
  0.305890   0.422990  -0.685666   0.507319   0.292575   0.482862   0.001000
  0.289660   0.429809  -0.686167   0.510428   0.305015   0.254524   0.001000
  0.289660   0.429809  -0.686167   0.510428   0.305015   0.254524   0.001000
  0.289660   0.429809  -0.686167   0.510428   0.305015   0.254524   0.001000
  0.296240   0.448386  -0.688277   0.487305   0.248778   0.146657   0.001000
  0.290432   0.456936  -0.678612   0.496332   0.137138   0.433762   0.001000
  0.294752   0.436679  -0.684641   0.503685   0.172742   0.651245   0.001000
  0.294752   0.436679  -0.684641   0.503685   0.172742   0.651245   0.001000
  0.294752   0.436679  -0.684641   0.503685   0.172742   0.651245   0.001000
  0.294752   0.436679  -0.684641   0.503685   0.172742   0.651245   0.001000
  0.294752   0.436679  -0.684641   0.503685   0.172742   0.651245   0.001000
  0.302238   0.443355  -0.666807   0.517162   0.248950   0.357002   0.001000
  0.302238   0.443355  -0.666807   0.517162   0.248950   0.357002   0.001000
  0.302238   0.443355  -0.666807   0.517162   0.248950   0.357002   0.001000
  0.298132   0.432508  -0.687628   0.501220   0.096717  -0.114150   0.001000
  0.298132   0.432508  -0.687628   0.501220   0.096717  -0.114150   0.001000
  0.306913   0.428048  -0.684539   0.503970   0.148409  -0.091610   0.001000
  0.300698   0.449571  -0.659492   0.522051   0.004548   0.016003   0.001000
  0.280787   0.451268  -0.669314   0.519167   0.032584   0.241636   0.001000
  0.307352   0.452832  -0.664956   0.508243   0.062473  -0.260773   0.001000
  0.287809   0.447086  -0.679124   0.506034   0.103597  -0.342290   0.001000
  0.287809   0.447086  -0.679124   0.506034   0.103597  -0.342290   0.001000
  0.287809   0.447086  -0.679124   0.506034   0.103597  -0.342290   0.001000
  0.287809   0.447086  -0.679124   0.506034   0.103597  -0.342290   0.001000
  0.287809   0.447086  -0.679124   0.506034   0.103597  -0.342290   0.001000
  0.303805   0.434631  -0.668124   0.521928   0.250354  -0.137480   0.001000
  0.303805   0.434631  -0.668124   0.521928   0.250354  -0.137480   0.001000
  0.292804   0.451256  -0.680784   0.497159   0.165404  -0.194823   0.001000
  0.292804   0.451256  -0.680784   0.497159   0.165404  -0.194823   0.001000
  0.296511   0.485533  -0.653470   0.499315   0.074886  -0.405758   0.001000
  0.303820   0.444004  -0.671379   0.509710   0.001960  -0.234373   0.001000
  0.303820   0.444004  -0.671379   0.509710   0.001960  -0.234373   0.001000
  0.303820   0.444004  -0.671379   0.509710   0.001960  -0.234373   0.001000
  0.303820   0.444004  -0.671379   0.509710   0.001960  -0.234373   0.001000
  0.303820   0.444004  -0.671379   0.509710   0.001960  -0.234373   0.001000
  0.303820   0.444004  -0.671379   0.509710   0.001960  -0.234373   0.001000
  0.303820   0.444004  -0.671379   0.509710   0.001960  -0.234373   0.001000
  0.303820   0.444004  -0.671379   0.509710   0.001960  -0.234373   0.001000
  0.287013   0.445139  -0.691613   0.491067   0.170751  -0.230203   0.001000
  0.300502   0.444734  -0.663664   0.521020   0.138259  -0.352939   0.001000
  0.300502   0.444734  -0.663664   0.521020   0.138259  -0.352939   0.001000
  0.300502   0.444734  -0.663664   0.521020   0.138259  -0.352939   0.001000
  0.300502   0.444734  -0.663664   0.521020   0.138259  -0.352939   0.001000
  0.296001   0.436575  -0.689208   0.496769   0.064605  -0.116252   0.001000
  0.296001   0.436575  -0.689208   0.496769   0.064605  -0.116252   0.001000
  0.291330   0.435045  -0.685776   0.505542   0.096440  -0.192916   0.001000
  0.291465   0.431247  -0.680616   0.515594   0.027561  -0.259642   0.001000
  0.291465   0.431247  -0.680616   0.515594   0.027561  -0.259642   0.001000
  0.283933   0.448293  -0.665569   0.524818   0.041788  -0.174117   0.001000
  0.298832   0.457226  -0.653781   0.523654   0.062620  -0.084589   0.001000
  0.287786   0.436502  -0.704667   0.479676   0.078235  -0.328402   0.001000
  0.274253   0.441393  -0.691472   0.501820   0.062222  -0.526777   0.001000
  0.300834   0.445993  -0.674388   0.505758   0.075943  -0.233081   0.001000
  0.300834   0.445993  -0.674388   0.505758   0.075943  -0.233081   0.001000
  0.300834   0.445993  -0.674388   0.505758   0.075943  -0.233081   0.001000
  0.300834   0.445993  -0.674388   0.505758   0.075943  -0.233081   0.001000
  0.288355   0.432985  -0.678815   0.518252  -0.012313  -0.330716   0.001000
  0.288355   0.432985  -0.678815   0.518252  -0.012313  -0.330716   0.001000
  0.170327   0.500376  -0.763331   0.371400   0.110886   0.015445   0.001000
  0.292551   0.436827  -0.669621   0.524599   0.144954  -0.331956   0.001000
  0.286573   0.456927  -0.684992   0.489775   0.088611   0.312211   0.001000
  0.299580   0.436615  -0.683095   0.502991   0.107587   0.119697   0.001000
  0.299580   0.436615  -0.683095   0.502991   0.107587   0.119697   0.001000
  0.299580   0.436615  -0.683095   0.502991   0.107587   0.119697   0.001000
  0.299580   0.436615  -0.683095   0.502991   0.107587   0.119697   0.001000
  0.296084   0.443160  -0.675070   0.510122   0.096749  -0.112762   0.001000
  0.296084   0.443160  -0.675070   0.510122   0.096749  -0.112762   0.001000
  0.296084   0.443160  -0.675070   0.510122   0.096749  -0.112762   0.001000
  0.296084   0.443160  -0.675070   0.510122   0.096749  -0.112762   0.001000
  0.296084   0.443160  -0.675070   0.510122   0.096749  -0.112762   0.001000
  0.296084   0.443160  -0.675070   0.510122   0.096749  -0.112762   0.001000
  0.296084   0.443160  -0.675070   0.510122   0.096749  -0.112762   0.001000
  0.296084   0.443160  -0.675070   0.510122   0.096749  -0.112762   0.001000
  0.296084   0.443160  -0.675070   0.510122   0.096749  -0.112762   0.001000
  0.296084   0.443160  -0.675070   0.510122   0.096749  -0.112762   0.001000
  0.296084   0.443160  -0.675070   0.510122   0.096749  -0.112762   0.001000
  0.296084   0.443160  -0.675070   0.510122   0.096749  -0.112762   0.001000
  0.296084   0.443160  -0.675070   0.510122   0.096749  -0.112762   0.001000
  0.296084   0.443160  -0.675070   0.510122   0.096749  -0.112762   0.001000
  0.296084   0.443160  -0.675070   0.510122   0.096749  -0.112762   0.001000
  0.296084   0.443160  -0.675070   0.510122   0.096749  -0.112762   0.001000
  0.296084   0.443160  -0.675070   0.510122   0.096749  -0.112762   0.001000
  0.296084   0.443160  -0.675070   0.510122   0.096749  -0.112762   0.001000
  0.296084   0.443160  -0.675070   0.510122   0.096749  -0.112762   0.001000
  0.296084   0.443160  -0.675070   0.510122   0.096749  -0.112762   0.001000
  0.296084   0.443160  -0.675070   0.510122   0.096749  -0.112762   0.001000
  0.232979   0.545670  -0.557026   0.581109   0.066810  -0.122694   0.001000
  0.299754   0.445130  -0.680605   0.498783  -0.022569  -0.260160   0.001000
  0.293486   0.453071  -0.666312   0.514413   0.158799   0.114469   0.001000
  0.293486   0.453071  -0.666312   0.514413   0.158799   0.114469   0.001000
  0.307393   0.442793  -0.660948   0.522102  -0.007238   0.214806   0.001000
  0.293778   0.450830  -0.662473   0.521130   0.143007   0.176569   0.001000
  0.280665   0.455871  -0.658549   0.528888   0.177813   0.079005   0.001000
  0.269365   0.469955  -0.683102   0.489853   0.108345  -0.004724   0.001000
  0.269365   0.469955  -0.683102   0.489853   0.108345  -0.004724   0.001000
  0.307421   0.419125  -0.672092   0.527370   0.078675   0.197908   0.001000
  0.303455   0.445615  -0.673373   0.505877   0.078023   0.063833   0.001000
  0.303455   0.445615  -0.673373   0.505877   0.078023   0.063833   0.001000
  0.303455   0.445615  -0.673373   0.505877   0.078023   0.063833   0.001000
  0.303455   0.445615  -0.673373   0.505877   0.078023   0.063833   0.001000
  0.303455   0.445615  -0.673373   0.505877   0.078023   0.063833   0.001000
  0.303455   0.445615  -0.673373   0.505877   0.078023   0.063833   0.001000
  0.308080   0.431860  -0.670274   0.518957   0.043571  -0.052559   0.001000
  0.308080   0.431860  -0.670274   0.518957   0.043571  -0.052559   0.001000
  0.302199   0.448055  -0.667893   0.511704   0.049406   0.015340   0.001000
  0.272775   0.456220  -0.679841   0.505246   0.041758   0.239006   0.001000
  0.296938   0.427178  -0.684584   0.510580   0.223608  -0.501395   0.001000
  0.296938   0.427178  -0.684584   0.510580   0.223608  -0.501395   0.001000
  0.306227   0.443480  -0.669252   0.511520   0.103494  -0.222499   0.001000
  0.306227   0.443480  -0.669252   0.511520   0.103494  -0.222499   0.001000
  0.290446   0.469522  -0.650516   0.521554   0.121804  -0.100888   0.001000
  0.303703   0.419268  -0.683847   0.514133   0.251478  -0.217732   0.001000
  0.299301   0.428101  -0.677262   0.518136  -0.116358  -0.347319   0.001000
  0.309380   0.429807  -0.661975   0.530413   0.151008  -0.052084   0.001000
  0.309380   0.429807  -0.661975   0.530413   0.151008  -0.052084   0.001000
  0.309380   0.429807  -0.661975   0.530413   0.151008  -0.052084   0.001000
  0.309380   0.429807  -0.661975   0.530413   0.151008  -0.052084   0.001000
  0.309380   0.429807  -0.661975   0.530413   0.151008  -0.052084   0.001000
  0.281019   0.446706  -0.679312   0.509919   0.140548  -0.265431   0.001000
  0.306866   0.428752  -0.677692   0.512580   0.025055  -0.436704   0.001000
  0.306866   0.428752  -0.677692   0.512580   0.025055  -0.436704   0.001000
  0.306866   0.428752  -0.677692   0.512580   0.025055  -0.436704   0.001000
  0.306866   0.428752  -0.677692   0.512580   0.025055  -0.436704   0.001000
  0.306830   0.444336  -0.683453   0.491236   0.187537  -0.473312   0.001000
  0.302881   0.432687  -0.682758   0.504863   0.022200  -0.362423   0.001000
  0.302881   0.432687  -0.682758   0.504863   0.022200  -0.362423   0.001000
  0.302881   0.432687  -0.682758   0.504863   0.022200  -0.362423   0.001000
  0.302881   0.432687  -0.682758   0.504863   0.022200  -0.362423   0.001000
  0.288779   0.440461  -0.679447   0.510835   0.016835  -0.011831   0.001000
  0.288779   0.440461  -0.679447   0.510835   0.016835  -0.011831   0.001000
  0.288779   0.440461  -0.679447   0.510835   0.016835  -0.011831   0.001000
  0.298403   0.442363  -0.678803   0.504478   0.096630   0.061985   0.001000
  0.298403   0.442363  -0.678803   0.504478   0.096630   0.061985   0.001000
  0.298403   0.442363  -0.678803   0.504478   0.096630   0.061985   0.001000
  0.298403   0.442363  -0.678803   0.504478   0.096630   0.061985   0.001000
  0.298403   0.442363  -0.678803   0.504478   0.096630   0.061985   0.001000
  0.298403   0.442363  -0.678803   0.504478   0.096630   0.061985   0.001000
  0.289071   0.446534  -0.675150   0.511095   0.256618   0.305933   0.001000
  0.289071   0.446534  -0.675150   0.511095   0.256618   0.305933   0.001000
  0.289071   0.446534  -0.675150   0.511095   0.256618   0.305933   0.001000
  0.310537   0.431341  -0.672841   0.514584   0.072535   0.091819   0.001000
  0.310537   0.431341  -0.672841   0.514584   0.072535   0.091819   0.001000
  0.310537   0.431341  -0.672841   0.514584   0.072535   0.091819   0.001000
  0.303914   0.416304  -0.680534   0.520769   0.255280  -0.048328   0.001000
  0.308258   0.436409  -0.679004   0.503466   0.118291  -0.054095   0.001000
  0.308258   0.436409  -0.679004   0.503466   0.118291  -0.054095   0.001000
  0.299384   0.441103  -0.670228   0.516326  -0.113736  -0.086775   0.001000
  0.302169   0.428252  -0.677192   0.516435   0.066552  -0.205095   0.001000
  0.312320   0.426175  -0.670467   0.520870  -0.047504  -0.118502   0.001000
  0.289502   0.439955  -0.687290   0.500260   0.133477  -0.038704   0.001000
  0.289502   0.439955  -0.687290   0.500260   0.133477  -0.038704   0.001000
  0.289502   0.439955  -0.687290   0.500260   0.133477  -0.038704   0.001000
  0.296022   0.438267  -0.683129   0.503615   0.058682  -0.004649   0.001000
  0.296022   0.438267  -0.683129   0.503615   0.058682  -0.004649   0.001000
  0.296022   0.438267  -0.683129   0.503615   0.058682  -0.004649   0.001000
  0.296022   0.438267  -0.683129   0.503615   0.058682  -0.004649   0.001000
  0.217375   0.558526  -0.578275   0.553530   0.184557  -0.163940   0.001000
  0.306985   0.413737  -0.686231   0.513487   0.163908  -0.014194   0.001000
  0.292088   0.421231  -0.689272   0.512009   0.200051   0.196193   0.001000
  0.292088   0.421231  -0.689272   0.512009   0.200051   0.196193   0.001000
  0.292088   0.421231  -0.689272   0.512009   0.200051   0.196193   0.001000
  0.295028   0.414660  -0.687502   0.518031   0.020940   0.206176   0.001000
  0.302447   0.424095  -0.691900   0.499944   0.226649   0.052888   0.001000
  0.302447   0.424095  -0.691900   0.499944   0.226649   0.052888   0.001000
  0.302447   0.424095  -0.691900   0.499944   0.226649   0.052888   0.001000
  0.282684   0.448697  -0.683114   0.502112   0.077985   0.224282   0.001000
  0.298131   0.435882  -0.684054   0.503185  -0.017568   0.067278   0.001000
  0.298131   0.435882  -0.684054   0.503185  -0.017568   0.067278   0.001000
  0.298131   0.435882  -0.684054   0.503185  -0.017568   0.067278   0.001000
  0.298131   0.435882  -0.684054   0.503185  -0.017568   0.067278   0.001000
  0.298131   0.435882  -0.684054   0.503185  -0.017568   0.067278   0.001000
  0.305513   0.424783  -0.687320   0.503798   0.070170   0.001329   0.001000
  0.305513   0.424783  -0.687320   0.503798   0.070170   0.001329   0.001000
  0.305513   0.424783  -0.687320   0.503798   0.070170   0.001329   0.001000
  0.305513   0.424783  -0.687320   0.503798   0.070170   0.001329   0.001000
  0.305513   0.424783  -0.687320   0.503798   0.070170   0.001329   0.001000
  0.305513   0.424783  -0.687320   0.503798   0.070170   0.001329   0.001000
  0.293931   0.432616  -0.691349   0.498482   0.042607   0.147461   0.001000
  0.293931   0.432616  -0.691349   0.498482   0.042607   0.147461   0.001000
  0.293931   0.432616  -0.691349   0.498482   0.042607   0.147461   0.001000
  0.319060   0.428257  -0.663007   0.524612  -0.011535   0.495853   0.001000
  0.285145   0.443371  -0.669598   0.523215   0.127694   0.435475   0.001000
  0.297488   0.434740  -0.689734   0.496758  -0.162398  -0.118343   0.001000
  0.291969   0.448323  -0.681164   0.499776   0.264417   0.353519   0.001000
  0.291969   0.448323  -0.681164   0.499776   0.264417   0.353519   0.001000
  0.291969   0.448323  -0.681164   0.499776   0.264417   0.353519   0.001000
  0.291969   0.448323  -0.681164   0.499776   0.264417   0.353519   0.001000
  0.291969   0.448323  -0.681164   0.499776   0.264417   0.353519   0.001000
  0.291969   0.448323  -0.681164   0.499776   0.264417   0.353519   0.001000
  0.291969   0.448323  -0.681164   0.499776   0.264417   0.353519   0.001000
  0.291969   0.448323  -0.681164   0.499776   0.264417   0.353519   0.001000
  0.280363   0.444435  -0.660264   0.536587   0.300902   0.089689   0.001000
  0.300523   0.438900  -0.686783   0.495360   0.204247   0.436689   0.001000
  0.300523   0.438900  -0.686783   0.495360   0.204247   0.436689   0.001000
  0.315270   0.423602  -0.680301   0.508288   0.125790   0.645223   0.001000
  0.293034   0.437906  -0.686100   0.501633   0.131417   0.126464   0.001000
  0.293034   0.437906  -0.686100   0.501633   0.131417   0.126464   0.001000
  0.333359   0.466579  -0.664509   0.479169   0.129413   0.625100   0.001000
  0.306576   0.430277  -0.690902   0.493485   0.206812  -0.250958   0.001000
  0.302745   0.439252  -0.678767   0.504657   0.042392  -0.369854   0.001000
  0.302745   0.439252  -0.678767   0.504657   0.042392  -0.369854   0.001000
  0.302745   0.439252  -0.678767   0.504657   0.042392  -0.369854   0.001000
  0.302745   0.439252  -0.678767   0.504657   0.042392  -0.369854   0.001000
  0.302745   0.439252  -0.678767   0.504657   0.042392  -0.369854   0.001000
  0.302745   0.439252  -0.678767   0.504657   0.042392  -0.369854   0.001000
  0.300424   0.439987  -0.676881   0.507926   0.211292  -0.267365   0.001000
  0.300424   0.439987  -0.676881   0.507926   0.211292  -0.267365   0.001000
  0.300424   0.439987  -0.676881   0.507926   0.211292  -0.267365   0.001000
  0.300424   0.439987  -0.676881   0.507926   0.211292  -0.267365   0.001000
  0.300424   0.439987  -0.676881   0.507926   0.211292  -0.267365   0.001000
  0.300424   0.439987  -0.676881   0.507926   0.211292  -0.267365   0.001000
  0.300424   0.439987  -0.676881   0.507926   0.211292  -0.267365   0.001000
  0.300424   0.439987  -0.676881   0.507926   0.211292  -0.267365   0.001000
  0.300424   0.439987  -0.676881   0.507926   0.211292  -0.267365   0.001000
  0.317978   0.434194  -0.668301   0.513555   0.157019  -0.512448   0.001000
  0.317978   0.434194  -0.668301   0.513555   0.157019  -0.512448   0.001000
  0.317978   0.434194  -0.668301   0.513555   0.157019  -0.512448   0.001000
  0.307901   0.467921  -0.658877   0.502124   0.187989  -0.248358   0.001000
  0.279034   0.453075  -0.686366   0.495746  -0.147300  -0.251016   0.001000
  0.279034   0.453075  -0.686366   0.495746  -0.147300  -0.251016   0.001000
  0.304623   0.435645  -0.669558   0.518758  -0.136048  -0.216298   0.001000
  0.304623   0.435645  -0.669558   0.518758  -0.136048  -0.216298   0.001000
  0.304623   0.435645  -0.669558   0.518758  -0.136048  -0.216298   0.001000
  0.304623   0.435645  -0.669558   0.518758  -0.136048  -0.216298   0.001000
  0.304623   0.435645  -0.669558   0.518758  -0.136048  -0.216298   0.001000
  0.306454   0.424536  -0.677594   0.516451  -0.109196  -0.142296   0.001000
  0.306454   0.424536  -0.677594   0.516451  -0.109196  -0.142296   0.001000
  0.302503   0.427643  -0.687803   0.502534  -0.219778   0.017875   0.001000
  0.288581   0.446153  -0.680218   0.504947  -0.021800  -0.613894   0.001000
  0.300141   0.431398  -0.668752   0.525910   0.063159  -0.529474   0.001000
  0.263775   0.335288  -0.678686   0.597821   0.151554  -0.310977   0.001000
  0.287870   0.443953  -0.676597   0.512107   0.064009  -0.522653   0.001000
  0.287870   0.443953  -0.676597   0.512107   0.064009  -0.522653   0.001000
  0.282450   0.446749  -0.673222   0.517116  -0.081370  -0.168910   0.001000
  0.282450   0.446749  -0.673222   0.517116  -0.081370  -0.168910   0.001000
  0.290656   0.434788  -0.683280   0.509517   0.046380   0.032697   0.001000
  0.290656   0.434788  -0.683280   0.509517   0.046380   0.032697   0.001000
  0.290656   0.434788  -0.683280   0.509517   0.046380   0.032697   0.001000
  0.290656   0.434788  -0.683280   0.509517   0.046380   0.032697   0.001000
  0.302658   0.432274  -0.676600   0.513566   0.010195  -0.263712   0.001000
  0.284267   0.447572  -0.689159   0.493894   0.091991  -0.532229   0.001000
  0.291640   0.448726  -0.652048   0.537052   0.244494  -0.438866   0.001000
