  0.272601   0.855514  -0.417119   0.140698   0.856369   0.172783   0.001000
  0.272697   0.859025  -0.406433   0.150085   0.914281   0.076956   0.001000
  0.259833   0.863733  -0.409152   0.138011   1.123084  -0.027177   0.001000
  0.259833   0.863733  -0.409152   0.138011   1.123084  -0.027177   0.001000
  0.260941   0.864482  -0.407825   0.135131   0.932321  -0.184624   0.001000
  0.245983   0.921915  -0.232049   0.188993   0.964715  -0.232724   0.001000
  0.278784   0.852995  -0.415176   0.149357   0.970440  -0.007683   0.001000
  0.259535   0.870168  -0.396804   0.134145   1.005237  -0.077828   0.001000
  0.253979   0.866754  -0.401195   0.152563   0.980385  -0.147951   0.001000
  0.275140   0.861603  -0.403475   0.138370   1.052698  -0.201177   0.001000
  0.275140   0.861603  -0.403475   0.138370   1.052698  -0.201177   0.001000
  0.275140   0.861603  -0.403475   0.138370   1.052698  -0.201177   0.001000
  0.275140   0.861603  -0.403475   0.138370   1.052698  -0.201177   0.001000
  0.275140   0.861603  -0.403475   0.138370   1.052698  -0.201177   0.001000
  0.262769   0.866793  -0.399543   0.141376   0.964893   0.008169   0.001000
  0.262769   0.866793  -0.399543   0.141376   0.964893   0.008169   0.001000
  0.262769   0.866793  -0.399543   0.141376   0.964893   0.008169   0.001000
  0.262769   0.866793  -0.399543   0.141376   0.964893   0.008169   0.001000
  0.262769   0.866793  -0.399543   0.141376   0.964893   0.008169   0.001000
  0.262769   0.866793  -0.399543   0.141376   0.964893   0.008169   0.001000
  0.262769   0.866793  -0.399543   0.141376   0.964893   0.008169   0.001000
  0.262769   0.866793  -0.399543   0.141376   0.964893   0.008169   0.001000
  0.262769   0.866793  -0.399543   0.141376   0.964893   0.008169   0.001000
  0.262769   0.866793  -0.399543   0.141376   0.964893   0.008169   0.001000
  0.262769   0.866793  -0.399543   0.141376   0.964893   0.008169   0.001000
  0.256073   0.866313  -0.407294   0.134312   0.908638   0.110230   0.001000
  0.259947   0.868161  -0.399839   0.137308   0.897696  -0.045366   0.001000
  0.259200   0.872813  -0.386891   0.146037   1.067968  -0.070023   0.001000
  0.259200   0.872813  -0.386891   0.146037   1.067968  -0.070023   0.001000
  0.252034   0.871724  -0.396533   0.139063   1.152880   0.032057   0.001000
  0.271132   0.862427  -0.405857   0.134116   0.899414   0.039914   0.001000
  0.271132   0.862427  -0.405857   0.134116   0.899414   0.039914   0.001000
  0.269505   0.861972  -0.407940   0.133998   1.174646  -0.176018   0.001000
  0.269505   0.861972  -0.407940   0.133998   1.174646  -0.176018   0.001000
  0.269505   0.861972  -0.407940   0.133998   1.174646  -0.176018   0.001000
  0.265528   0.869442  -0.393401   0.137116   1.184419  -0.190158   0.001000
  0.260133   0.879321  -0.374248   0.138074   1.083484  -0.181798   0.001000
  0.258725   0.869962  -0.396751   0.137170   0.918980  -0.224712   0.001000
  0.258725   0.869962  -0.396751   0.137170   0.918980  -0.224712   0.001000
  0.258725   0.869962  -0.396751   0.137170   0.918980  -0.224712   0.001000
  0.258725   0.869962  -0.396751   0.137170   0.918980  -0.224712   0.001000
  0.258725   0.869962  -0.396751   0.137170   0.918980  -0.224712   0.001000
  0.264945   0.873862  -0.382899   0.139850   1.006250  -0.164297   0.001000
  0.264945   0.873862  -0.382899   0.139850   1.006250  -0.164297   0.001000
  0.264945   0.873862  -0.382899   0.139850   1.006250  -0.164297   0.001000
  0.264945   0.873862  -0.382899   0.139850   1.006250  -0.164297   0.001000
  0.264945   0.873862  -0.382899   0.139850   1.006250  -0.164297   0.001000
  0.263002   0.870624  -0.391538   0.139795   0.947959   0.010811   0.001000
  0.257744   0.861123  -0.405347   0.166521   0.996135  -0.034223   0.001000
  0.266355   0.860948  -0.408562   0.144570   0.998165   0.075900   0.001000
  0.249621   0.871001  -0.394903   0.151982   0.949803  -0.121042   0.001000
  0.253625   0.873188  -0.390558   0.143811   1.077238  -0.203369   0.001000
  0.256947   0.875062  -0.384712   0.142269   0.882286  -0.358206   0.001000
  0.256947   0.875062  -0.384712   0.142269   0.882286  -0.358206   0.001000
  0.262536   0.861854  -0.410923   0.139373   0.832604  -0.331237   0.001000
  0.262536   0.861854  -0.410923   0.139373   0.832604  -0.331237   0.001000
  0.262536   0.861854  -0.410923   0.139373   0.832604  -0.331237   0.001000
  0.262536   0.861854  -0.410923   0.139373   0.832604  -0.331237   0.001000
  0.262536   0.861854  -0.410923   0.139373   0.832604  -0.331237   0.001000
  0.262536   0.861854  -0.410923   0.139373   0.832604  -0.331237   0.001000
  0.262536   0.861854  -0.410923   0.139373   0.832604  -0.331237   0.001000
  0.262536   0.861854  -0.410923   0.139373   0.832604  -0.331237   0.001000
  0.262536   0.861854  -0.410923   0.139373   0.832604  -0.331237   0.001000
  0.262536   0.861854  -0.410923   0.139373   0.832604  -0.331237   0.001000
  0.262536   0.861854  -0.410923   0.139373   0.832604  -0.331237   0.001000
  0.274601   0.862020  -0.402452   0.139812   0.762283  -0.285530   0.001000
  0.274601   0.862020  -0.402452   0.139812   0.762283  -0.285530   0.001000
  0.274601   0.862020  -0.402452   0.139812   0.762283  -0.285530   0.001000
  0.275031   0.865677  -0.396142   0.134283   0.978999  -0.223271   0.001000
  0.278660   0.860073  -0.403608   0.140439   1.137003  -0.080840   0.001000
  0.270581   0.860276  -0.408095   0.142023   0.993990   0.063646   0.001000
  0.270581   0.860276  -0.408095   0.142023   0.993990   0.063646   0.001000
  0.274049   0.866292  -0.393577   0.139759   1.264648  -0.276428   0.001000
  0.258262   0.874673  -0.382390   0.148413   1.117850  -0.092510   0.001000
  0.267124   0.874548  -0.379154   0.141605   1.013763  -0.140574   0.001000
  0.257125   0.876563  -0.381832   0.140461   0.738231  -0.577696   0.001000
  0.270941   0.869737  -0.386324   0.144575   0.670853  -0.272506   0.001000
  0.285900   0.870711  -0.376119   0.136595   0.635263  -0.329202   0.001000
  0.271165   0.869995  -0.384248   0.148093   0.719715  -0.522345   0.001000
  0.271165   0.869995  -0.384248   0.148093   0.719715  -0.522345   0.001000
  0.277467   0.862886  -0.398509   0.140107   0.708745  -0.236848   0.001000
  0.277467   0.862886  -0.398509   0.140107   0.708745  -0.236848   0.001000
  0.277467   0.862886  -0.398509   0.140107   0.708745  -0.236848   0.001000
  0.277467   0.862886  -0.398509   0.140107   0.708745  -0.236848   0.001000
  0.277467   0.862886  -0.398509   0.140107   0.708745  -0.236848   0.001000
  0.277467   0.862886  -0.398509   0.140107   0.708745  -0.236848   0.001000
  0.277467   0.862886  -0.398509   0.140107   0.708745  -0.236848   0.001000
  0.277467   0.862886  -0.398509   0.140107   0.708745  -0.236848   0.001000
  0.277467   0.862886  -0.398509   0.140107   0.708745  -0.236848   0.001000
  0.277467   0.862886  -0.398509   0.140107   0.708745  -0.236848   0.001000
  0.277467   0.862886  -0.398509   0.140107   0.708745  -0.236848   0.001000
  0.277467   0.862886  -0.398509   0.140107   0.708745  -0.236848   0.001000
  0.277467   0.862886  -0.398509   0.140107   0.708745  -0.236848   0.001000
  0.277467   0.862886  -0.398509   0.140107   0.708745  -0.236848   0.001000
  0.277080   0.859201  -0.404725   0.145595   0.426788  -0.169096   0.001000
  0.277080   0.859201  -0.404725   0.145595   0.426788  -0.169096   0.001000
  0.277080   0.859201  -0.404725   0.145595   0.426788  -0.169096   0.001000
  0.277080   0.859201  -0.404725   0.145595   0.426788  -0.169096   0.001000
  0.277080   0.859201  -0.404725   0.145595   0.426788  -0.169096   0.001000
  0.277080   0.859201  -0.404725   0.145595   0.426788  -0.169096   0.001000
  0.277080   0.859201  -0.404725   0.145595   0.426788  -0.169096   0.001000
  0.277080   0.859201  -0.404725   0.145595   0.426788  -0.169096   0.001000
  0.278150   0.857209  -0.408106   0.145858   0.620075  -0.225369   0.001000
  0.271850   0.860891  -0.407931   0.136221   0.604864  -0.330792   0.001000
  0.264120   0.872023  -0.389626   0.134191   1.114186  -0.177646   0.001000
  0.269220   0.858553  -0.413669   0.138871   1.005817  -0.010241   0.001000
  0.272218   0.867069  -0.389220   0.150319   0.733028  -0.157173   0.001000
  0.269236   0.865796  -0.391983   0.155751   0.914077  -0.109357   0.001000
  0.258763   0.868907  -0.398873   0.137633   0.897331  -0.131541   0.001000
  0.258763   0.868907  -0.398873   0.137633   0.897331  -0.131541   0.001000
  0.258763   0.868907  -0.398873   0.137633   0.897331  -0.131541   0.001000
  0.258763   0.868907  -0.398873   0.137633   0.897331  -0.131541   0.001000
  0.272538   0.867961  -0.391849   0.137189   0.892215  -0.318111   0.001000
  0.272538   0.867961  -0.391849   0.137189   0.892215  -0.318111   0.001000
  0.268521   0.868208  -0.388048   0.153392   1.160507  -0.214011   0.001000
  0.262849   0.870613  -0.391494   0.140273   1.298989  -0.221748   0.001000
  0.262849   0.870613  -0.391494   0.140273   1.298989  -0.221748   0.001000
  0.262849   0.870613  -0.391494   0.140273   1.298989  -0.221748   0.001000
  0.262849   0.870613  -0.391494   0.140273   1.298989  -0.221748   0.001000
  0.262849   0.870613  -0.391494   0.140273   1.298989  -0.221748   0.001000
  0.262849   0.870613  -0.391494   0.140273   1.298989  -0.221748   0.001000
  0.268438   0.866957  -0.392721   0.148653   1.264318  -0.275581   0.001000
  0.254399   0.928192  -0.201820   0.181686   1.198244  -0.224947   0.001000
  0.279915   0.853399  -0.417589   0.137756   1.057130   0.083644   0.001000
  0.252270   0.865814  -0.406467   0.146667   1.071118  -0.124982   0.001000
  0.269809   0.858620  -0.415290   0.132319   1.234929  -0.054409   0.001000
  0.275255   0.863323  -0.397078   0.145729   1.077556   0.066550   0.001000
  0.248574   0.864978  -0.411558   0.143681   1.007491   0.011845   0.001000
  0.237134   0.931390  -0.217100   0.170727   0.991678   0.205847   0.001000
  0.254688   0.872973  -0.391684   0.140126   1.151753  -0.085385   0.001000
  0.254688   0.872973  -0.391684   0.140126   1.151753  -0.085385   0.001000
  0.254688   0.872973  -0.391684   0.140126   1.151753  -0.085385   0.001000
  0.254688   0.872973  -0.391684   0.140126   1.151753  -0.085385   0.001000
  0.254688   0.872973  -0.391684   0.140126   1.151753  -0.085385   0.001000
  0.254688   0.872973  -0.391684   0.140126   1.151753  -0.085385   0.001000
  0.240105   0.926989  -0.233732   0.168555   1.031205   0.033905   0.001000
  0.240105   0.926989  -0.233732   0.168555   1.031205   0.033905   0.001000
  0.262765   0.863447  -0.406916   0.140832   0.885748   0.105183   0.001000
  0.262765   0.863447  -0.406916   0.140832   0.885748   0.105183   0.001000
  0.262765   0.863447  -0.406916   0.140832   0.885748   0.105183   0.001000
  0.262765   0.863447  -0.406916   0.140832   0.885748   0.105183   0.001000
  0.262765   0.863447  -0.406916   0.140832   0.885748   0.105183   0.001000
  0.275235   0.866911  -0.389231   0.145638   1.182988  -0.163331   0.001000
  0.275235   0.866911  -0.389231   0.145638   1.182988  -0.163331   0.001000
  0.275235   0.866911  -0.389231   0.145638   1.182988  -0.163331   0.001000
  0.275235   0.866911  -0.389231   0.145638   1.182988  -0.163331   0.001000
  0.275235   0.866911  -0.389231   0.145638   1.182988  -0.163331   0.001000
  0.275235   0.866911  -0.389231   0.145638   1.182988  -0.163331   0.001000
  0.281752   0.869568  -0.380001   0.141654   1.054560  -0.085730   0.001000
  0.281752   0.869568  -0.380001   0.141654   1.054560  -0.085730   0.001000
  0.261565   0.865894  -0.402170   0.141670   1.113352   0.086815   0.001000
  0.261565   0.865894  -0.402170   0.141670   1.113352   0.086815   0.001000
  0.261565   0.865894  -0.402170   0.141670   1.113352   0.086815   0.001000
  0.261565   0.865894  -0.402170   0.141670   1.113352   0.086815   0.001000
  0.261565   0.865894  -0.402170   0.141670   1.113352   0.086815   0.001000
  0.261565   0.865894  -0.402170   0.141670   1.113352   0.086815   0.001000
  0.261565   0.865894  -0.402170   0.141670   1.113352   0.086815   0.001000
  0.261565   0.865894  -0.402170   0.141670   1.113352   0.086815   0.001000
  0.278100   0.865953  -0.394663   0.130486   1.017882  -0.058043   0.001000
  0.278100   0.865953  -0.394663   0.130486   1.017882  -0.058043   0.001000
  0.275405   0.854051  -0.413835   0.153263   1.038812   0.000631   0.001000
  0.264538   0.865892  -0.397385   0.149452   1.357641   0.101732   0.001000
  0.252953   0.872550  -0.390695   0.148420   1.128999  -0.031896   0.001000
  0.260155   0.864776  -0.405774   0.140815   1.112220  -0.048977   0.001000
  0.268239   0.867800  -0.389122   0.153478   1.048773   0.005783   0.001000
  0.268239   0.867800  -0.389122   0.153478   1.048773   0.005783   0.001000
  0.268239   0.867800  -0.389122   0.153478   1.048773   0.005783   0.001000
  0.259466   0.864358  -0.405141   0.146367   1.439791  -0.093467   0.001000
  0.266007   0.862310  -0.409871   0.132920   1.325718  -0.082533   0.001000
  0.266007   0.862310  -0.409871   0.132920   1.325718  -0.082533   0.001000
  0.268351   0.861385  -0.405792   0.146071   1.257717  -0.482559   0.001000
  0.254235   0.871106  -0.401568   0.123618   1.240316   0.071742   0.001000
  0.261105   0.870163  -0.394008   0.139274   1.273494   0.003066   0.001000
  0.225028   0.929357  -0.234167   0.175568   1.475163  -0.157745   0.001000
  0.265392   0.867081  -0.401689   0.127999   1.252242  -0.197440   0.001000
  0.260153   0.865250  -0.406530   0.135632   1.211601  -0.224090   0.001000
  0.260153   0.865250  -0.406530   0.135632   1.211601  -0.224090   0.001000
  0.260153   0.865250  -0.406530   0.135632   1.211601  -0.224090   0.001000
  0.260153   0.865250  -0.406530   0.135632   1.211601  -0.224090   0.001000
  0.252486   0.870714  -0.398557   0.138783   1.246270  -0.159101   0.001000
  0.252486   0.870714  -0.398557   0.138783   1.246270  -0.159101   0.001000
  0.252486   0.870714  -0.398557   0.138783   1.246270  -0.159101   0.001000
  0.252486   0.870714  -0.398557   0.138783   1.246270  -0.159101   0.001000
  0.252486   0.870714  -0.398557   0.138783   1.246270  -0.159101   0.001000
  0.266564   0.868581  -0.393837   0.139295   1.132743  -0.085057   0.001000
  0.266564   0.868581  -0.393837   0.139295   1.132743  -0.085057   0.001000
  0.266564   0.868581  -0.393837   0.139295   1.132743  -0.085057   0.001000
  0.266564   0.868581  -0.393837   0.139295   1.132743  -0.085057   0.001000
  0.266564   0.868581  -0.393837   0.139295   1.132743  -0.085057   0.001000
  0.266564   0.868581  -0.393837   0.139295   1.132743  -0.085057   0.001000
  0.266564   0.868581  -0.393837   0.139295   1.132743  -0.085057   0.001000
  0.266564   0.868581  -0.393837   0.139295   1.132743  -0.085057   0.001000
  0.266564   0.868581  -0.393837   0.139295   1.132743  -0.085057   0.001000
  0.266564   0.868581  -0.393837   0.139295   1.132743  -0.085057   0.001000
  0.266564   0.868581  -0.393837   0.139295   1.132743  -0.085057   0.001000
  0.266564   0.868581  -0.393837   0.139295   1.132743  -0.085057   0.001000
  0.264017   0.862853  -0.409417   0.134750   1.084811   0.015744   0.001000
  0.264017   0.862853  -0.409417   0.134750   1.084811   0.015744   0.001000
  0.230112   0.928057  -0.232236   0.178394   1.397711   0.031444   0.001000
  0.262967   0.866234  -0.405463   0.126832   1.122535  -0.055508   0.001000
  0.260259   0.879149  -0.370099   0.149632   1.099664  -0.001870   0.001000
  0.260259   0.879149  -0.370099   0.149632   1.099664  -0.001870   0.001000
  0.256472   0.873619  -0.391020   0.134597   1.107629   0.199816   0.001000
  0.259551   0.868236  -0.400983   0.134209   1.187114  -0.049856   0.001000
  0.266008   0.867055  -0.398942   0.135283   1.299829  -0.038064   0.001000
  0.266008   0.867055  -0.398942   0.135283   1.299829  -0.038064   0.001000
  0.266008   0.867055  -0.398942   0.135283   1.299829  -0.038064   0.001000
  0.266008   0.867055  -0.398942   0.135283   1.299829  -0.038064   0.001000
  0.266008   0.867055  -0.398942   0.135283   1.299829  -0.038064   0.001000
  0.266008   0.867055  -0.398942   0.135283   1.299829  -0.038064   0.001000
  0.266008   0.867055  -0.398942   0.135283   1.299829  -0.038064   0.001000
  0.266008   0.867055  -0.398942   0.135283   1.299829  -0.038064   0.001000
  0.266040   0.864401  -0.407751   0.125591   1.354874  -0.231324   0.001000
  0.258346   0.865853  -0.406155   0.136356   1.294873  -0.069042   0.001000
  0.243015   0.924857  -0.225935   0.185842   1.201171  -0.148645   0.001000
  0.262791   0.869681  -0.395777   0.134004   1.274551  -0.607802   0.001000
  0.271478   0.867257  -0.390911   0.146131   0.782961  -0.491391   0.001000
  0.271478   0.867257  -0.390911   0.146131   0.782961  -0.491391   0.001000
  0.271478   0.867257  -0.390911   0.146131   0.782961  -0.491391   0.001000
  0.271478   0.867257  -0.390911   0.146131   0.782961  -0.491391   0.001000
  0.271478   0.867257  -0.390911   0.146131   0.782961  -0.491391   0.001000
  0.271478   0.867257  -0.390911   0.146131   0.782961  -0.491391   0.001000
  0.271478   0.867257  -0.390911   0.146131   0.782961  -0.491391   0.001000
  0.271478   0.867257  -0.390911   0.146131   0.782961  -0.491391   0.001000
  0.271478   0.867257  -0.390911   0.146131   0.782961  -0.491391   0.001000
  0.271478   0.867257  -0.390911   0.146131   0.782961  -0.491391   0.001000
  0.271478   0.867257  -0.390911   0.146131   0.782961  -0.491391   0.001000
  0.271478   0.867257  -0.390911   0.146131   0.782961  -0.491391   0.001000
  0.271478   0.867257  -0.390911   0.146131   0.782961  -0.491391   0.001000
  0.271478   0.867257  -0.390911   0.146131   0.782961  -0.491391   0.001000
  0.271478   0.867257  -0.390911   0.146131   0.782961  -0.491391   0.001000
  0.271664   0.862778  -0.400921   0.145176   0.876672  -0.551538   0.001000
  0.271664   0.862778  -0.400921   0.145176   0.876672  -0.551538   0.001000
  0.271664   0.862778  -0.400921   0.145176   0.876672  -0.551538   0.001000
  0.271664   0.862778  -0.400921   0.145176   0.876672  -0.551538   0.001000
  0.271664   0.862778  -0.400921   0.145176   0.876672  -0.551538   0.001000
  0.271664   0.862778  -0.400921   0.145176   0.876672  -0.551538   0.001000
  0.271664   0.862778  -0.400921   0.145176   0.876672  -0.551538   0.001000
  0.271664   0.862778  -0.400921   0.145176   0.876672  -0.551538   0.001000
  0.271664   0.862778  -0.400921   0.145176   0.876672  -0.551538   0.001000
  0.271664   0.862778  -0.400921   0.145176   0.876672  -0.551538   0.001000
  0.271664   0.862778  -0.400921   0.145176   0.876672  -0.551538   0.001000
  0.262502   0.867447  -0.400183   0.135947   0.779474  -0.571215   0.001000
  0.262502   0.867447  -0.400183   0.135947   0.779474  -0.571215   0.001000
  0.262502   0.867447  -0.400183   0.135947   0.779474  -0.571215   0.001000
  0.262502   0.867447  -0.400183   0.135947   0.779474  -0.571215   0.001000
  0.262502   0.867447  -0.400183   0.135947   0.779474  -0.571215   0.001000
  0.242056   0.923973  -0.228657   0.188146   0.870116  -0.514976   0.001000
  0.264068   0.863866  -0.406486   0.137015   0.869387  -0.505370   0.001000
  0.264068   0.863866  -0.406486   0.137015   0.869387  -0.505370   0.001000
  0.264068   0.863866  -0.406486   0.137015   0.869387  -0.505370   0.001000
  0.264068   0.863866  -0.406486   0.137015   0.869387  -0.505370   0.001000
  0.264068   0.863866  -0.406486   0.137015   0.869387  -0.505370   0.001000
  0.264068   0.863866  -0.406486   0.137015   0.869387  -0.505370   0.001000
  0.264068   0.863866  -0.406486   0.137015   0.869387  -0.505370   0.001000
  0.264068   0.863866  -0.406486   0.137015   0.869387  -0.505370   0.001000
  0.264068   0.863866  -0.406486   0.137015   0.869387  -0.505370   0.001000
  0.264068   0.863866  -0.406486   0.137015   0.869387  -0.505370   0.001000
  0.264068   0.863866  -0.406486   0.137015   0.869387  -0.505370   0.001000
  0.264068   0.863866  -0.406486   0.137015   0.869387  -0.505370   0.001000
  0.269689   0.867308  -0.393835   0.141205   0.939014  -0.437391   0.001000
  0.269689   0.867308  -0.393835   0.141205   0.939014  -0.437391   0.001000
  0.269689   0.867308  -0.393835   0.141205   0.939014  -0.437391   0.001000
  0.269689   0.867308  -0.393835   0.141205   0.939014  -0.437391   0.001000
  0.269689   0.867308  -0.393835   0.141205   0.939014  -0.437391   0.001000
  0.269689   0.867308  -0.393835   0.141205   0.939014  -0.437391   0.001000
  0.270684   0.861308  -0.406882   0.139016   0.880075  -0.585670   0.001000
  0.270684   0.861308  -0.406882   0.139016   0.880075  -0.585670   0.001000
  0.270684   0.861308  -0.406882   0.139016   0.880075  -0.585670   0.001000
  0.270684   0.861308  -0.406882   0.139016   0.880075  -0.585670   0.001000
  0.270684   0.861308  -0.406882   0.139016   0.880075  -0.585670   0.001000
  0.270684   0.861308  -0.406882   0.139016   0.880075  -0.585670   0.001000
  0.270684   0.861308  -0.406882   0.139016   0.880075  -0.585670   0.001000
  0.270684   0.861308  -0.406882   0.139016   0.880075  -0.585670   0.001000
  0.270684   0.861308  -0.406882   0.139016   0.880075  -0.585670   0.001000
  0.270684   0.861308  -0.406882   0.139016   0.880075  -0.585670   0.001000
  0.270684   0.861308  -0.406882   0.139016   0.880075  -0.585670   0.001000
  0.270684   0.861308  -0.406882   0.139016   0.880075  -0.585670   0.001000
  0.270684   0.861308  -0.406882   0.139016   0.880075  -0.585670   0.001000
  0.270684   0.861308  -0.406882   0.139016   0.880075  -0.585670   0.001000
  0.270684   0.861308  -0.406882   0.139016   0.880075  -0.585670   0.001000
  0.270684   0.861308  -0.406882   0.139016   0.880075  -0.585670   0.001000
  0.270684   0.861308  -0.406882   0.139016   0.880075  -0.585670   0.001000
  0.270684   0.861308  -0.406882   0.139016   0.880075  -0.585670   0.001000
  0.270684   0.861308  -0.406882   0.139016   0.880075  -0.585670   0.001000
  0.270684   0.861308  -0.406882   0.139016   0.880075  -0.585670   0.001000
  0.270684   0.861308  -0.406882   0.139016   0.880075  -0.585670   0.001000
  0.270684   0.861308  -0.406882   0.139016   0.880075  -0.585670   0.001000
  0.270684   0.861308  -0.406882   0.139016   0.880075  -0.585670   0.001000
  0.270684   0.861308  -0.406882   0.139016   0.880075  -0.585670   0.001000
  0.270684   0.861308  -0.406882   0.139016   0.880075  -0.585670   0.001000
  0.270684   0.861308  -0.406882   0.139016   0.880075  -0.585670   0.001000
  0.270684   0.861308  -0.406882   0.139016   0.880075  -0.585670   0.001000
  0.270684   0.861308  -0.406882   0.139016   0.880075  -0.585670   0.001000
  0.270684   0.861308  -0.406882   0.139016   0.880075  -0.585670   0.001000
  0.270684   0.861308  -0.406882   0.139016   0.880075  -0.585670   0.001000
  0.270684   0.861308  -0.406882   0.139016   0.880075  -0.585670   0.001000
  0.270684   0.861308  -0.406882   0.139016   0.880075  -0.585670   0.001000
  0.270684   0.861308  -0.406882   0.139016   0.880075  -0.585670   0.001000
  0.270684   0.861308  -0.406882   0.139016   0.880075  -0.585670   0.001000
  0.266246   0.862681  -0.405321   0.143558   0.687031  -0.495552   0.001000
  0.266246   0.862681  -0.405321   0.143558   0.687031  -0.495552   0.001000
  0.266246   0.862681  -0.405321   0.143558   0.687031  -0.495552   0.001000
  0.266246   0.862681  -0.405321   0.143558   0.687031  -0.495552   0.001000
  0.266246   0.862681  -0.405321   0.143558   0.687031  -0.495552   0.001000
  0.266246   0.862681  -0.405321   0.143558   0.687031  -0.495552   0.001000
  0.266246   0.862681  -0.405321   0.143558   0.687031  -0.495552   0.001000
  0.266246   0.862681  -0.405321   0.143558   0.687031  -0.495552   0.001000
  0.266246   0.862681  -0.405321   0.143558   0.687031  -0.495552   0.001000
  0.266246   0.862681  -0.405321   0.143558   0.687031  -0.495552   0.001000
  0.266246   0.862681  -0.405321   0.143558   0.687031  -0.495552   0.001000
  0.266246   0.862681  -0.405321   0.143558   0.687031  -0.495552   0.001000
  0.266246   0.862681  -0.405321   0.143558   0.687031  -0.495552   0.001000
  0.266246   0.862681  -0.405321   0.143558   0.687031  -0.495552   0.001000
  0.266246   0.862681  -0.405321   0.143558   0.687031  -0.495552   0.001000
  0.266246   0.862681  -0.405321   0.143558   0.687031  -0.495552   0.001000
  0.266246   0.862681  -0.405321   0.143558   0.687031  -0.495552   0.001000
  0.266246   0.862681  -0.405321   0.143558   0.687031  -0.495552   0.001000
  0.266246   0.862681  -0.405321   0.143558   0.687031  -0.495552   0.001000
  0.266246   0.862681  -0.405321   0.143558   0.687031  -0.495552   0.001000
  0.266246   0.862681  -0.405321   0.143558   0.687031  -0.495552   0.001000
  0.266246   0.862681  -0.405321   0.143558   0.687031  -0.495552   0.001000
  0.266246   0.862681  -0.405321   0.143558   0.687031  -0.495552   0.001000
  0.266246   0.862681  -0.405321   0.143558   0.687031  -0.495552   0.001000
  0.266246   0.862681  -0.405321   0.143558   0.687031  -0.495552   0.001000
  0.266246   0.862681  -0.405321   0.143558   0.687031  -0.495552   0.001000
  0.266246   0.862681  -0.405321   0.143558   0.687031  -0.495552   0.001000
  0.266246   0.862681  -0.405321   0.143558   0.687031  -0.495552   0.001000
  0.266246   0.862681  -0.405321   0.143558   0.687031  -0.495552   0.001000
  0.266246   0.862681  -0.405321   0.143558   0.687031  -0.495552   0.001000
  0.266246   0.862681  -0.405321   0.143558   0.687031  -0.495552   0.001000
  0.266246   0.862681  -0.405321   0.143558   0.687031  -0.495552   0.001000
  0.260067   0.868157  -0.398230   0.141710   0.711216  -0.530189   0.001000
  0.260067   0.868157  -0.398230   0.141710   0.711216  -0.530189   0.001000
  0.260067   0.868157  -0.398230   0.141710   0.711216  -0.530189   0.001000
  0.260067   0.868157  -0.398230   0.141710   0.711216  -0.530189   0.001000
  0.260067   0.868157  -0.398230   0.141710   0.711216  -0.530189   0.001000
  0.260067   0.868157  -0.398230   0.141710   0.711216  -0.530189   0.001000
  0.279355   0.862330  -0.399972   0.135540   0.676786  -0.726249   0.001000
  0.285700   0.856075  -0.407851   0.138452   0.817131  -0.513644   0.001000
  0.269164   0.867306  -0.396628   0.134227   0.876711  -0.516540   0.001000
  0.269164   0.867306  -0.396628   0.134227   0.876711  -0.516540   0.001000
  0.269164   0.867306  -0.396628   0.134227   0.876711  -0.516540   0.001000
  0.269164   0.867306  -0.396628   0.134227   0.876711  -0.516540   0.001000
  0.269164   0.867306  -0.396628   0.134227   0.876711  -0.516540   0.001000
  0.269164   0.867306  -0.396628   0.134227   0.876711  -0.516540   0.001000
  0.269164   0.867306  -0.396628   0.134227   0.876711  -0.516540   0.001000
  0.269164   0.867306  -0.396628   0.134227   0.876711  -0.516540   0.001000
  0.269164   0.867306  -0.396628   0.134227   0.876711  -0.516540   0.001000
  0.269164   0.867306  -0.396628   0.134227   0.876711  -0.516540   0.001000
  0.269164   0.867306  -0.396628   0.134227   0.876711  -0.516540   0.001000
  0.269164   0.867306  -0.396628   0.134227   0.876711  -0.516540   0.001000
  0.269164   0.867306  -0.396628   0.134227   0.876711  -0.516540   0.001000
  0.269164   0.867306  -0.396628   0.134227   0.876711  -0.516540   0.001000
  0.269164   0.867306  -0.396628   0.134227   0.876711  -0.516540   0.001000
  0.269164   0.867306  -0.396628   0.134227   0.876711  -0.516540   0.001000
  0.269164   0.867306  -0.396628   0.134227   0.876711  -0.516540   0.001000
  0.269164   0.867306  -0.396628   0.134227   0.876711  -0.516540   0.001000
  0.241965   0.875661  -0.396548   0.131987   0.732562  -0.494310   0.001000
  0.265541   0.874216  -0.383180   0.135672   0.953612  -0.309143   0.001000
  0.281637   0.857608  -0.404955   0.145602   0.988658  -0.380362   0.001000
  0.268820   0.861395  -0.409395   0.134648   0.905988  -0.437049   0.001000
  0.268820   0.861395  -0.409395   0.134648   0.905988  -0.437049   0.001000
  0.268820   0.861395  -0.409395   0.134648   0.905988  -0.437049   0.001000
  0.268820   0.861395  -0.409395   0.134648   0.905988  -0.437049   0.001000
  0.268820   0.861395  -0.409395   0.134648   0.905988  -0.437049   0.001000
  0.268820   0.861395  -0.409395   0.134648   0.905988  -0.437049   0.001000
  0.268820   0.861395  -0.409395   0.134648   0.905988  -0.437049   0.001000
  0.268820   0.861395  -0.409395   0.134648   0.905988  -0.437049   0.001000
  0.268820   0.861395  -0.409395   0.134648   0.905988  -0.437049   0.001000
  0.268820   0.861395  -0.409395   0.134648   0.905988  -0.437049   0.001000
  0.268820   0.861395  -0.409395   0.134648   0.905988  -0.437049   0.001000
  0.268820   0.861395  -0.409395   0.134648   0.905988  -0.437049   0.001000
  0.268820   0.861395  -0.409395   0.134648   0.905988  -0.437049   0.001000
  0.268820   0.861395  -0.409395   0.134648   0.905988  -0.437049   0.001000
  0.268820   0.861395  -0.409395   0.134648   0.905988  -0.437049   0.001000
  0.268820   0.861395  -0.409395   0.134648   0.905988  -0.437049   0.001000
  0.268820   0.861395  -0.409395   0.134648   0.905988  -0.437049   0.001000
  0.268820   0.861395  -0.409395   0.134648   0.905988  -0.437049   0.001000
  0.268820   0.861395  -0.409395   0.134648   0.905988  -0.437049   0.001000
  0.268820   0.861395  -0.409395   0.134648   0.905988  -0.437049   0.001000
  0.268820   0.861395  -0.409395   0.134648   0.905988  -0.437049   0.001000
  0.268820   0.861395  -0.409395   0.134648   0.905988  -0.437049   0.001000
  0.268820   0.861395  -0.409395   0.134648   0.905988  -0.437049   0.001000
  0.268820   0.861395  -0.409395   0.134648   0.905988  -0.437049   0.001000
  0.268820   0.861395  -0.409395   0.134648   0.905988  -0.437049   0.001000
  0.268820   0.861395  -0.409395   0.134648   0.905988  -0.437049   0.001000
  0.268820   0.861395  -0.409395   0.134648   0.905988  -0.437049   0.001000
  0.268820   0.861395  -0.409395   0.134648   0.905988  -0.437049   0.001000
  0.268820   0.861395  -0.409395   0.134648   0.905988  -0.437049   0.001000
  0.268820   0.861395  -0.409395   0.134648   0.905988  -0.437049   0.001000
  0.268820   0.861395  -0.409395   0.134648   0.905988  -0.437049   0.001000
  0.268820   0.861395  -0.409395   0.134648   0.905988  -0.437049   0.001000
  0.268820   0.861395  -0.409395   0.134648   0.905988  -0.437049   0.001000
  0.268820   0.861395  -0.409395   0.134648   0.905988  -0.437049   0.001000
  0.268820   0.861395  -0.409395   0.134648   0.905988  -0.437049   0.001000
  0.268820   0.861395  -0.409395   0.134648   0.905988  -0.437049   0.001000
  0.268820   0.861395  -0.409395   0.134648   0.905988  -0.437049   0.001000
  0.264440   0.863798  -0.404350   0.142918   1.156825  -0.370541   0.001000
  0.264440   0.863798  -0.404350   0.142918   1.156825  -0.370541   0.001000
  0.264440   0.863798  -0.404350   0.142918   1.156825  -0.370541   0.001000
  0.264440   0.863798  -0.404350   0.142918   1.156825  -0.370541   0.001000
  0.264440   0.863798  -0.404350   0.142918   1.156825  -0.370541   0.001000
  0.264440   0.863798  -0.404350   0.142918   1.156825  -0.370541   0.001000
  0.264440   0.863798  -0.404350   0.142918   1.156825  -0.370541   0.001000
  0.264440   0.863798  -0.404350   0.142918   1.156825  -0.370541   0.001000
  0.264440   0.863798  -0.404350   0.142918   1.156825  -0.370541   0.001000
  0.264440   0.863798  -0.404350   0.142918   1.156825  -0.370541   0.001000
  0.259868   0.864672  -0.398253   0.161882   1.014273  -0.240753   0.001000
  0.264320   0.860848  -0.411604   0.140207   1.018105  -0.408747   0.001000
  0.264320   0.860848  -0.411604   0.140207   1.018105  -0.408747   0.001000
  0.264320   0.860848  -0.411604   0.140207   1.018105  -0.408747   0.001000
  0.264320   0.860848  -0.411604   0.140207   1.018105  -0.408747   0.001000
  0.269896   0.861280  -0.405585   0.144407   1.016476  -0.216116   0.001000
  0.269896   0.861280  -0.405585   0.144407   1.016476  -0.216116   0.001000
  0.269896   0.861280  -0.405585   0.144407   1.016476  -0.216116   0.001000
  0.269896   0.861280  -0.405585   0.144407   1.016476  -0.216116   0.001000
  0.269896   0.861280  -0.405585   0.144407   1.016476  -0.216116   0.001000
  0.269896   0.861280  -0.405585   0.144407   1.016476  -0.216116   0.001000
  0.269896   0.861280  -0.405585   0.144407   1.016476  -0.216116   0.001000
  0.269896   0.861280  -0.405585   0.144407   1.016476  -0.216116   0.001000
  0.264092   0.873035  -0.383081   0.145992   0.974282  -0.346340   0.001000
  0.272250   0.856153  -0.413955   0.146707   0.961718  -0.401226   0.001000
  0.250001   0.859237  -0.422598   0.143604   0.885287  -0.378716   0.001000
  0.271170   0.859472  -0.409966   0.140363   1.056304  -0.262157   0.001000
  0.271170   0.859472  -0.409966   0.140363   1.056304  -0.262157   0.001000
  0.271170   0.859472  -0.409966   0.140363   1.056304  -0.262157   0.001000
  0.271170   0.859472  -0.409966   0.140363   1.056304  -0.262157   0.001000
  0.271170   0.859472  -0.409966   0.140363   1.056304  -0.262157   0.001000
  0.271170   0.859472  -0.409966   0.140363   1.056304  -0.262157   0.001000
  0.271170   0.859472  -0.409966   0.140363   1.056304  -0.262157   0.001000
  0.276988   0.862908  -0.400480   0.135216   0.980902  -0.261112   0.001000
  0.258266   0.881572  -0.366722   0.147120   0.888691  -0.325708   0.001000
  0.258324   0.861604  -0.414222   0.139020   1.067347  -0.416065   0.001000
  0.258324   0.861604  -0.414222   0.139020   1.067347  -0.416065   0.001000
  0.228676   0.930472  -0.239885   0.156156   1.097592  -0.516195   0.001000
  0.274878   0.864349  -0.397553   0.138904   1.047327  -0.372518   0.001000
  0.274878   0.864349  -0.397553   0.138904   1.047327  -0.372518   0.001000
  0.274878   0.864349  -0.397553   0.138904   1.047327  -0.372518   0.001000
  0.274878   0.864349  -0.397553   0.138904   1.047327  -0.372518   0.001000
  0.274878   0.864349  -0.397553   0.138904   1.047327  -0.372518   0.001000
  0.274878   0.864349  -0.397553   0.138904   1.047327  -0.372518   0.001000
  0.244312   0.926350  -0.218758   0.185289   0.897468  -0.177284   0.001000
  0.262466   0.860565  -0.407878   0.155484   1.047209  -0.382665   0.001000
  0.262466   0.860565  -0.407878   0.155484   1.047209  -0.382665   0.001000
  0.262466   0.860565  -0.407878   0.155484   1.047209  -0.382665   0.001000
  0.284125   0.854123  -0.413207   0.137865   0.996977  -0.294112   0.001000
  0.284125   0.854123  -0.413207   0.137865   0.996977  -0.294112   0.001000
  0.264106   0.881245  -0.366529   0.138965   0.892649  -0.295900   0.001000
  0.262683   0.863632  -0.405606   0.143602   0.884310  -0.398876   0.001000
  0.261471   0.866219  -0.401698   0.141196   0.876667  -0.378802   0.001000
  0.261471   0.866219  -0.401698   0.141196   0.876667  -0.378802   0.001000
  0.261471   0.866219  -0.401698   0.141196   0.876667  -0.378802   0.001000
  0.261471   0.866219  -0.401698   0.141196   0.876667  -0.378802   0.001000
  0.261471   0.866219  -0.401698   0.141196   0.876667  -0.378802   0.001000
  0.261471   0.866219  -0.401698   0.141196   0.876667  -0.378802   0.001000
  0.261610   0.863792  -0.406720   0.141430   0.947823  -0.218936   0.001000
  0.261610   0.863792  -0.406720   0.141430   0.947823  -0.218936   0.001000
  0.264967   0.866393  -0.400285   0.137577   0.809652  -0.349037   0.001000
  0.264967   0.866393  -0.400285   0.137577   0.809652  -0.349037   0.001000
  0.264967   0.866393  -0.400285   0.137577   0.809652  -0.349037   0.001000
  0.264967   0.866393  -0.400285   0.137577   0.809652  -0.349037   0.001000
  0.264967   0.866393  -0.400285   0.137577   0.809652  -0.349037   0.001000
  0.264967   0.866393  -0.400285   0.137577   0.809652  -0.349037   0.001000
  0.264967   0.866393  -0.400285   0.137577   0.809652  -0.349037   0.001000
  0.264967   0.866393  -0.400285   0.137577   0.809652  -0.349037   0.001000
  0.264967   0.866393  -0.400285   0.137577   0.809652  -0.349037   0.001000
  0.264967   0.866393  -0.400285   0.137577   0.809652  -0.349037   0.001000
  0.264967   0.866393  -0.400285   0.137577   0.809652  -0.349037   0.001000
  0.264967   0.866393  -0.400285   0.137577   0.809652  -0.349037   0.001000
  0.264967   0.866393  -0.400285   0.137577   0.809652  -0.349037   0.001000
  0.264967   0.866393  -0.400285   0.137577   0.809652  -0.349037   0.001000
  0.264967   0.866393  -0.400285   0.137577   0.809652  -0.349037   0.001000
  0.264967   0.866393  -0.400285   0.137577   0.809652  -0.349037   0.001000
  0.264967   0.866393  -0.400285   0.137577   0.809652  -0.349037   0.001000
  0.264967   0.866393  -0.400285   0.137577   0.809652  -0.349037   0.001000
  0.264967   0.866393  -0.400285   0.137577   0.809652  -0.349037   0.001000
  0.264967   0.866393  -0.400285   0.137577   0.809652  -0.349037   0.001000
  0.264967   0.866393  -0.400285   0.137577   0.809652  -0.349037   0.001000
  0.264967   0.866393  -0.400285   0.137577   0.809652  -0.349037   0.001000
  0.264967   0.866393  -0.400285   0.137577   0.809652  -0.349037   0.001000
  0.264967   0.866393  -0.400285   0.137577   0.809652  -0.349037   0.001000
  0.264967   0.866393  -0.400285   0.137577   0.809652  -0.349037   0.001000
  0.264967   0.866393  -0.400285   0.137577   0.809652  -0.349037   0.001000
  0.264967   0.866393  -0.400285   0.137577   0.809652  -0.349037   0.001000
  0.264967   0.866393  -0.400285   0.137577   0.809652  -0.349037   0.001000
  0.264967   0.866393  -0.400285   0.137577   0.809652  -0.349037   0.001000
  0.264967   0.866393  -0.400285   0.137577   0.809652  -0.349037   0.001000
  0.264967   0.866393  -0.400285   0.137577   0.809652  -0.349037   0.001000
  0.264967   0.866393  -0.400285   0.137577   0.809652  -0.349037   0.001000
  0.264967   0.866393  -0.400285   0.137577   0.809652  -0.349037   0.001000
  0.264967   0.866393  -0.400285   0.137577   0.809652  -0.349037   0.001000
  0.264967   0.866393  -0.400285   0.137577   0.809652  -0.349037   0.001000
  0.264967   0.866393  -0.400285   0.137577   0.809652  -0.349037   0.001000
  0.264967   0.866393  -0.400285   0.137577   0.809652  -0.349037   0.001000
  0.270279   0.868457  -0.391216   0.140288   0.816630  -0.331627   0.001000
  0.270279   0.868457  -0.391216   0.140288   0.816630  -0.331627   0.001000
  0.270279   0.868457  -0.391216   0.140288   0.816630  -0.331627   0.001000
  0.270279   0.868457  -0.391216   0.140288   0.816630  -0.331627   0.001000
  0.270279   0.868457  -0.391216   0.140288   0.816630  -0.331627   0.001000
  0.270279   0.868457  -0.391216   0.140288   0.816630  -0.331627   0.001000
  0.270279   0.868457  -0.391216   0.140288   0.816630  -0.331627   0.001000
  0.270279   0.868457  -0.391216   0.140288   0.816630  -0.331627   0.001000
  0.270279   0.868457  -0.391216   0.140288   0.816630  -0.331627   0.001000
  0.270279   0.868457  -0.391216   0.140288   0.816630  -0.331627   0.001000
  0.270279   0.868457  -0.391216   0.140288   0.816630  -0.331627   0.001000
  0.270279   0.868457  -0.391216   0.140288   0.816630  -0.331627   0.001000
  0.270279   0.868457  -0.391216   0.140288   0.816630  -0.331627   0.001000
  0.270279   0.868457  -0.391216   0.140288   0.816630  -0.331627   0.001000
  0.270279   0.868457  -0.391216   0.140288   0.816630  -0.331627   0.001000
  0.270279   0.868457  -0.391216   0.140288   0.816630  -0.331627   0.001000
  0.270279   0.868457  -0.391216   0.140288   0.816630  -0.331627   0.001000
  0.270279   0.868457  -0.391216   0.140288   0.816630  -0.331627   0.001000
  0.270279   0.868457  -0.391216   0.140288   0.816630  -0.331627   0.001000
  0.270279   0.868457  -0.391216   0.140288   0.816630  -0.331627   0.001000
  0.270279   0.868457  -0.391216   0.140288   0.816630  -0.331627   0.001000
  0.270279   0.868457  -0.391216   0.140288   0.816630  -0.331627   0.001000
  0.270279   0.868457  -0.391216   0.140288   0.816630  -0.331627   0.001000
  0.270279   0.868457  -0.391216   0.140288   0.816630  -0.331627   0.001000
  0.270279   0.868457  -0.391216   0.140288   0.816630  -0.331627   0.001000
  0.270279   0.868457  -0.391216   0.140288   0.816630  -0.331627   0.001000
  0.270279   0.868457  -0.391216   0.140288   0.816630  -0.331627   0.001000
  0.270279   0.868457  -0.391216   0.140288   0.816630  -0.331627   0.001000
  0.270279   0.868457  -0.391216   0.140288   0.816630  -0.331627   0.001000
  0.270279   0.868457  -0.391216   0.140288   0.816630  -0.331627   0.001000
  0.270279   0.868457  -0.391216   0.140288   0.816630  -0.331627   0.001000
  0.270279   0.868457  -0.391216   0.140288   0.816630  -0.331627   0.001000
  0.270279   0.868457  -0.391216   0.140288   0.816630  -0.331627   0.001000
  0.270279   0.868457  -0.391216   0.140288   0.816630  -0.331627   0.001000
  0.270279   0.868457  -0.391216   0.140288   0.816630  -0.331627   0.001000
  0.270279   0.868457  -0.391216   0.140288   0.816630  -0.331627   0.001000
  0.270279   0.868457  -0.391216   0.140288   0.816630  -0.331627   0.001000
  0.270279   0.868457  -0.391216   0.140288   0.816630  -0.331627   0.001000
  0.270279   0.868457  -0.391216   0.140288   0.816630  -0.331627   0.001000
  0.270279   0.868457  -0.391216   0.140288   0.816630  -0.331627   0.001000
  0.270279   0.868457  -0.391216   0.140288   0.816630  -0.331627   0.001000
  0.274401   0.865715  -0.392648   0.145151   0.824700  -0.346092   0.001000
  0.274401   0.865715  -0.392648   0.145151   0.824700  -0.346092   0.001000
  0.274401   0.865715  -0.392648   0.145151   0.824700  -0.346092   0.001000
  0.274401   0.865715  -0.392648   0.145151   0.824700  -0.346092   0.001000
  0.274401   0.865715  -0.392648   0.145151   0.824700  -0.346092   0.001000
  0.274401   0.865715  -0.392648   0.145151   0.824700  -0.346092   0.001000
  0.274401   0.865715  -0.392648   0.145151   0.824700  -0.346092   0.001000
  0.274401   0.865715  -0.392648   0.145151   0.824700  -0.346092   0.001000
  0.274401   0.865715  -0.392648   0.145151   0.824700  -0.346092   0.001000
  0.274401   0.865715  -0.392648   0.145151   0.824700  -0.346092   0.001000
  0.274401   0.865715  -0.392648   0.145151   0.824700  -0.346092   0.001000
  0.274401   0.865715  -0.392648   0.145151   0.824700  -0.346092   0.001000
  0.274401   0.865715  -0.392648   0.145151   0.824700  -0.346092   0.001000
  0.274401   0.865715  -0.392648   0.145151   0.824700  -0.346092   0.001000
  0.274401   0.865715  -0.392648   0.145151   0.824700  -0.346092   0.001000
  0.274401   0.865715  -0.392648   0.145151   0.824700  -0.346092   0.001000
  0.274401   0.865715  -0.392648   0.145151   0.824700  -0.346092   0.001000
  0.274401   0.865715  -0.392648   0.145151   0.824700  -0.346092   0.001000
  0.273754   0.871716  -0.380812   0.141959   0.800274  -0.441235   0.001000
  0.263131   0.870869  -0.394202   0.130208   0.773265  -0.257457   0.001000
  0.262565   0.865800  -0.404865   0.132414   0.971478  -0.417079   0.001000
  0.262565   0.865800  -0.404865   0.132414   0.971478  -0.417079   0.001000
  0.262565   0.865800  -0.404865   0.132414   0.971478  -0.417079   0.001000
  0.262565   0.865800  -0.404865   0.132414   0.971478  -0.417079   0.001000
  0.262565   0.865800  -0.404865   0.132414   0.971478  -0.417079   0.001000
  0.262565   0.865800  -0.404865   0.132414   0.971478  -0.417079   0.001000
  0.262565   0.865800  -0.404865   0.132414   0.971478  -0.417079   0.001000
  0.262565   0.865800  -0.404865   0.132414   0.971478  -0.417079   0.001000
  0.262565   0.865800  -0.404865   0.132414   0.971478  -0.417079   0.001000
  0.262565   0.865800  -0.404865   0.132414   0.971478  -0.417079   0.001000
  0.262565   0.865800  -0.404865   0.132414   0.971478  -0.417079   0.001000
  0.262565   0.865800  -0.404865   0.132414   0.971478  -0.417079   0.001000
  0.262565   0.865800  -0.404865   0.132414   0.971478  -0.417079   0.001000
  0.262565   0.865800  -0.404865   0.132414   0.971478  -0.417079   0.001000
  0.262565   0.865800  -0.404865   0.132414   0.971478  -0.417079   0.001000
  0.262565   0.865800  -0.404865   0.132414   0.971478  -0.417079   0.001000
  0.262565   0.865800  -0.404865   0.132414   0.971478  -0.417079   0.001000
  0.262565   0.865800  -0.404865   0.132414   0.971478  -0.417079   0.001000
  0.262565   0.865800  -0.404865   0.132414   0.971478  -0.417079   0.001000
  0.241022   0.932068  -0.205597   0.175749   0.992671  -0.590142   0.001000
  0.241022   0.932068  -0.205597   0.175749   0.992671  -0.590142   0.001000
  0.241022   0.932068  -0.205597   0.175749   0.992671  -0.590142   0.001000
  0.255567   0.864665  -0.404476   0.153098   0.840881  -0.448711   0.001000
  0.258629   0.860781  -0.418559   0.130290   0.983867  -0.280944   0.001000
  0.273533   0.862561  -0.402590   0.138164   1.019074  -0.251759   0.001000
  0.273533   0.862561  -0.402590   0.138164   1.019074  -0.251759   0.001000
  0.273533   0.862561  -0.402590   0.138164   1.019074  -0.251759   0.001000
  0.273533   0.862561  -0.402590   0.138164   1.019074  -0.251759   0.001000
  0.273533   0.862561  -0.402590   0.138164   1.019074  -0.251759   0.001000
  0.273533   0.862561  -0.402590   0.138164   1.019074  -0.251759   0.001000
  0.273533   0.862561  -0.402590   0.138164   1.019074  -0.251759   0.001000
  0.273533   0.862561  -0.402590   0.138164   1.019074  -0.251759   0.001000
  0.273533   0.862561  -0.402590   0.138164   1.019074  -0.251759   0.001000
  0.273533   0.862561  -0.402590   0.138164   1.019074  -0.251759   0.001000
  0.273533   0.862561  -0.402590   0.138164   1.019074  -0.251759   0.001000
  0.273533   0.862561  -0.402590   0.138164   1.019074  -0.251759   0.001000
  0.273533   0.862561  -0.402590   0.138164   1.019074  -0.251759   0.001000
  0.273533   0.862561  -0.402590   0.138164   1.019074  -0.251759   0.001000
  0.273533   0.862561  -0.402590   0.138164   1.019074  -0.251759   0.001000
  0.273533   0.862561  -0.402590   0.138164   1.019074  -0.251759   0.001000
  0.273533   0.862561  -0.402590   0.138164   1.019074  -0.251759   0.001000
  0.273533   0.862561  -0.402590   0.138164   1.019074  -0.251759   0.001000
  0.273533   0.862561  -0.402590   0.138164   1.019074  -0.251759   0.001000
  0.273533   0.862561  -0.402590   0.138164   1.019074  -0.251759   0.001000
  0.273533   0.862561  -0.402590   0.138164   1.019074  -0.251759   0.001000
  0.273533   0.862561  -0.402590   0.138164   1.019074  -0.251759   0.001000
  0.273533   0.862561  -0.402590   0.138164   1.019074  -0.251759   0.001000
  0.273533   0.862561  -0.402590   0.138164   1.019074  -0.251759   0.001000
  0.273533   0.862561  -0.402590   0.138164   1.019074  -0.251759   0.001000
  0.273533   0.862561  -0.402590   0.138164   1.019074  -0.251759   0.001000
  0.273533   0.862561  -0.402590   0.138164   1.019074  -0.251759   0.001000
  0.273533   0.862561  -0.402590   0.138164   1.019074  -0.251759   0.001000
  0.273533   0.862561  -0.402590   0.138164   1.019074  -0.251759   0.001000
  0.273533   0.862561  -0.402590   0.138164   1.019074  -0.251759   0.001000
  0.273533   0.862561  -0.402590   0.138164   1.019074  -0.251759   0.001000
  0.273533   0.862561  -0.402590   0.138164   1.019074  -0.251759   0.001000
  0.273533   0.862561  -0.402590   0.138164   1.019074  -0.251759   0.001000
  0.273533   0.862561  -0.402590   0.138164   1.019074  -0.251759   0.001000
  0.273533   0.862561  -0.402590   0.138164   1.019074  -0.251759   0.001000
  0.273533   0.862561  -0.402590   0.138164   1.019074  -0.251759   0.001000
  0.273533   0.862561  -0.402590   0.138164   1.019074  -0.251759   0.001000
  0.273533   0.862561  -0.402590   0.138164   1.019074  -0.251759   0.001000
  0.273533   0.862561  -0.402590   0.138164   1.019074  -0.251759   0.001000
  0.273533   0.862561  -0.402590   0.138164   1.019074  -0.251759   0.001000
  0.273533   0.862561  -0.402590   0.138164   1.019074  -0.251759   0.001000
  0.273533   0.862561  -0.402590   0.138164   1.019074  -0.251759   0.001000
  0.273533   0.862561  -0.402590   0.138164   1.019074  -0.251759   0.001000
  0.273533   0.862561  -0.402590   0.138164   1.019074  -0.251759   0.001000
  0.273533   0.862561  -0.402590   0.138164   1.019074  -0.251759   0.001000
  0.273533   0.862561  -0.402590   0.138164   1.019074  -0.251759   0.001000
  0.273533   0.862561  -0.402590   0.138164   1.019074  -0.251759   0.001000
  0.273533   0.862561  -0.402590   0.138164   1.019074  -0.251759   0.001000
  0.273533   0.862561  -0.402590   0.138164   1.019074  -0.251759   0.001000
  0.273533   0.862561  -0.402590   0.138164   1.019074  -0.251759   0.001000
  0.273533   0.862561  -0.402590   0.138164   1.019074  -0.251759   0.001000
  0.273533   0.862561  -0.402590   0.138164   1.019074  -0.251759   0.001000
  0.273533   0.862561  -0.402590   0.138164   1.019074  -0.251759   0.001000
  0.273533   0.862561  -0.402590   0.138164   1.019074  -0.251759   0.001000
  0.273533   0.862561  -0.402590   0.138164   1.019074  -0.251759   0.001000
  0.273533   0.862561  -0.402590   0.138164   1.019074  -0.251759   0.001000
  0.273533   0.862561  -0.402590   0.138164   1.019074  -0.251759   0.001000
  0.273533   0.862561  -0.402590   0.138164   1.019074  -0.251759   0.001000
  0.273533   0.862561  -0.402590   0.138164   1.019074  -0.251759   0.001000
  0.273533   0.862561  -0.402590   0.138164   1.019074  -0.251759   0.001000
  0.273533   0.862561  -0.402590   0.138164   1.019074  -0.251759   0.001000
  0.273533   0.862561  -0.402590   0.138164   1.019074  -0.251759   0.001000
  0.273533   0.862561  -0.402590   0.138164   1.019074  -0.251759   0.001000
  0.266990   0.861219  -0.407803   0.143929   1.101848  -0.420652   0.001000
  0.260959   0.857044  -0.419386   0.146603   1.036358  -0.394085   0.001000
  0.267159   0.864056  -0.404821   0.134736   0.893090  -0.370235   0.001000
  0.270369   0.864827  -0.401436   0.133505   1.015874  -0.565121   0.001000
  0.270369   0.864827  -0.401436   0.133505   1.015874  -0.565121   0.001000
  0.270369   0.864827  -0.401436   0.133505   1.015874  -0.565121   0.001000
  0.270369   0.864827  -0.401436   0.133505   1.015874  -0.565121   0.001000
  0.270369   0.864827  -0.401436   0.133505   1.015874  -0.565121   0.001000
  0.270369   0.864827  -0.401436   0.133505   1.015874  -0.565121   0.001000
  0.270369   0.864827  -0.401436   0.133505   1.015874  -0.565121   0.001000
  0.270369   0.864827  -0.401436   0.133505   1.015874  -0.565121   0.001000
  0.270369   0.864827  -0.401436   0.133505   1.015874  -0.565121   0.001000
  0.270369   0.864827  -0.401436   0.133505   1.015874  -0.565121   0.001000
  0.270369   0.864827  -0.401436   0.133505   1.015874  -0.565121   0.001000
  0.270369   0.864827  -0.401436   0.133505   1.015874  -0.565121   0.001000
  0.268112   0.866282  -0.398291   0.137967   1.059032  -0.403725   0.001000
  0.268112   0.866282  -0.398291   0.137967   1.059032  -0.403725   0.001000
  0.268112   0.866282  -0.398291   0.137967   1.059032  -0.403725   0.001000
  0.268112   0.866282  -0.398291   0.137967   1.059032  -0.403725   0.001000
  0.268112   0.866282  -0.398291   0.137967   1.059032  -0.403725   0.001000
  0.268112   0.866282  -0.398291   0.137967   1.059032  -0.403725   0.001000
  0.268112   0.866282  -0.398291   0.137967   1.059032  -0.403725   0.001000
  0.268112   0.866282  -0.398291   0.137967   1.059032  -0.403725   0.001000
  0.268112   0.866282  -0.398291   0.137967   1.059032  -0.403725   0.001000
  0.268112   0.866282  -0.398291   0.137967   1.059032  -0.403725   0.001000
  0.268112   0.866282  -0.398291   0.137967   1.059032  -0.403725   0.001000
  0.264151   0.851446  -0.428733   0.146464   0.894715  -0.468949   0.001000
  0.264151   0.851446  -0.428733   0.146464   0.894715  -0.468949   0.001000
  0.264151   0.851446  -0.428733   0.146464   0.894715  -0.468949   0.001000
  0.264151   0.851446  -0.428733   0.146464   0.894715  -0.468949   0.001000
  0.264151   0.851446  -0.428733   0.146464   0.894715  -0.468949   0.001000
  0.264151   0.851446  -0.428733   0.146464   0.894715  -0.468949   0.001000
  0.264151   0.851446  -0.428733   0.146464   0.894715  -0.468949   0.001000
  0.262055   0.920551  -0.230766   0.175099   0.958133  -0.438852   0.001000
  0.261283   0.877138  -0.378487   0.138234   1.183761  -0.247458   0.001000
  0.261283   0.877138  -0.378487   0.138234   1.183761  -0.247458   0.001000
  0.261283   0.877138  -0.378487   0.138234   1.183761  -0.247458   0.001000
  0.265697   0.871581  -0.382930   0.152044   1.233290  -0.098867   0.001000
  0.265697   0.871581  -0.382930   0.152044   1.233290  -0.098867   0.001000
  0.265697   0.871581  -0.382930   0.152044   1.233290  -0.098867   0.001000
  0.262932   0.866547  -0.401851   0.135939   1.161774  -0.006226   0.001000
  0.262932   0.866547  -0.401851   0.135939   1.161774  -0.006226   0.001000
  0.262932   0.866547  -0.401851   0.135939   1.161774  -0.006226   0.001000
  0.255212   0.922225  -0.218140   0.191786   1.240586  -0.145425   0.001000
  0.247589   0.867095  -0.411143   0.133446   1.187778  -0.171085   0.001000
  0.268321   0.866951  -0.396812   0.137620   1.213228   0.101192   0.001000
  0.259454   0.872526  -0.389138   0.141256   1.190803   0.044437   0.001000
  0.259454   0.872526  -0.389138   0.141256   1.190803   0.044437   0.001000
  0.267697   0.867492  -0.396471   0.136405   1.029410   0.173037   0.001000
  0.267697   0.867492  -0.396471   0.136405   1.029410   0.173037   0.001000
  0.276970   0.864920  -0.389760   0.152606   0.842148  -0.375965   0.001000
  0.272201   0.856723  -0.414772   0.141052   0.841511  -0.483185   0.001000
  0.272201   0.856723  -0.414772   0.141052   0.841511  -0.483185   0.001000
  0.272201   0.856723  -0.414772   0.141052   0.841511  -0.483185   0.001000
  0.272201   0.856723  -0.414772   0.141052   0.841511  -0.483185   0.001000
  0.272201   0.856723  -0.414772   0.141052   0.841511  -0.483185   0.001000
  0.272201   0.856723  -0.414772   0.141052   0.841511  -0.483185   0.001000
  0.272201   0.856723  -0.414772   0.141052   0.841511  -0.483185   0.001000
  0.268179   0.864715  -0.399197   0.144877   0.784902  -0.290285   0.001000
  0.268179   0.864715  -0.399197   0.144877   0.784902  -0.290285   0.001000
  0.268179   0.864715  -0.399197   0.144877   0.784902  -0.290285   0.001000
  0.268179   0.864715  -0.399197   0.144877   0.784902  -0.290285   0.001000
  0.267186   0.867452  -0.390821   0.152965   0.788568  -0.138697   0.001000
  0.262320   0.868935  -0.395635   0.140045   0.866792  -0.218799   0.001000
  0.280078   0.863493  -0.393454   0.145359   0.658436  -0.142032   0.001000
  0.258318   0.884235  -0.360703   0.145923   1.064965  -0.298753   0.001000
  0.272612   0.860324  -0.410507   0.130418   0.915200  -0.226347   0.001000
  0.272014   0.866468  -0.394353   0.140452   0.884325  -0.299873   0.001000
  0.272014   0.866468  -0.394353   0.140452   0.884325  -0.299873   0.001000
  0.272014   0.866468  -0.394353   0.140452   0.884325  -0.299873   0.001000
  0.272014   0.866468  -0.394353   0.140452   0.884325  -0.299873   0.001000
  0.272014   0.866468  -0.394353   0.140452   0.884325  -0.299873   0.001000
  0.272014   0.866468  -0.394353   0.140452   0.884325  -0.299873   0.001000
  0.272014   0.866468  -0.394353   0.140452   0.884325  -0.299873   0.001000
  0.272014   0.866468  -0.394353   0.140452   0.884325  -0.299873   0.001000
  0.272014   0.866468  -0.394353   0.140452   0.884325  -0.299873   0.001000
  0.272014   0.866468  -0.394353   0.140452   0.884325  -0.299873   0.001000
  0.272014   0.866468  -0.394353   0.140452   0.884325  -0.299873   0.001000
  0.272014   0.866468  -0.394353   0.140452   0.884325  -0.299873   0.001000
  0.272014   0.866468  -0.394353   0.140452   0.884325  -0.299873   0.001000
  0.272014   0.866468  -0.394353   0.140452   0.884325  -0.299873   0.001000
  0.272014   0.866468  -0.394353   0.140452   0.884325  -0.299873   0.001000
  0.272014   0.866468  -0.394353   0.140452   0.884325  -0.299873   0.001000
  0.264137   0.866367  -0.401974   0.134378   1.005481  -0.390735   0.001000
  0.264137   0.866367  -0.401974   0.134378   1.005481  -0.390735   0.001000
  0.264137   0.866367  -0.401974   0.134378   1.005481  -0.390735   0.001000
  0.264137   0.866367  -0.401974   0.134378   1.005481  -0.390735   0.001000
  0.264137   0.866367  -0.401974   0.134378   1.005481  -0.390735   0.001000
  0.252177   0.868397  -0.408573   0.123940   0.999380  -0.321500   0.001000
  0.286888   0.860932  -0.396806   0.137969   0.947422  -0.406024   0.001000
  0.286888   0.860932  -0.396806   0.137969   0.947422  -0.406024   0.001000
  0.286888   0.860932  -0.396806   0.137969   0.947422  -0.406024   0.001000
  0.286888   0.860932  -0.396806   0.137969   0.947422  -0.406024   0.001000
  0.286888   0.860932  -0.396806   0.137969   0.947422  -0.406024   0.001000
  0.286888   0.860932  -0.396806   0.137969   0.947422  -0.406024   0.001000
  0.286888   0.860932  -0.396806   0.137969   0.947422  -0.406024   0.001000
  0.286888   0.860932  -0.396806   0.137969   0.947422  -0.406024   0.001000
  0.286888   0.860932  -0.396806   0.137969   0.947422  -0.406024   0.001000
  0.286888   0.860932  -0.396806   0.137969   0.947422  -0.406024   0.001000
  0.286888   0.860932  -0.396806   0.137969   0.947422  -0.406024   0.001000
  0.286888   0.860932  -0.396806   0.137969   0.947422  -0.406024   0.001000
  0.253574   0.868081  -0.400734   0.146792   0.998917  -0.387517   0.001000
  0.253574   0.868081  -0.400734   0.146792   0.998917  -0.387517   0.001000
  0.262838   0.861891  -0.402325   0.161845   1.048427  -0.333254   0.001000
  0.273312   0.862593  -0.404650   0.132257   1.095085  -0.313298   0.001000
  0.273312   0.862593  -0.404650   0.132257   1.095085  -0.313298   0.001000
  0.273312   0.862593  -0.404650   0.132257   1.095085  -0.313298   0.001000
  0.273312   0.862593  -0.404650   0.132257   1.095085  -0.313298   0.001000
  0.273312   0.862593  -0.404650   0.132257   1.095085  -0.313298   0.001000
  0.273312   0.862593  -0.404650   0.132257   1.095085  -0.313298   0.001000
  0.273312   0.862593  -0.404650   0.132257   1.095085  -0.313298   0.001000
  0.273312   0.862593  -0.404650   0.132257   1.095085  -0.313298   0.001000
  0.273312   0.862593  -0.404650   0.132257   1.095085  -0.313298   0.001000
  0.273312   0.862593  -0.404650   0.132257   1.095085  -0.313298   0.001000
  0.273312   0.862593  -0.404650   0.132257   1.095085  -0.313298   0.001000
  0.276903   0.873328  -0.377554   0.134447   0.936686  -0.347178   0.001000
  0.276903   0.873328  -0.377554   0.134447   0.936686  -0.347178   0.001000
  0.276903   0.873328  -0.377554   0.134447   0.936686  -0.347178   0.001000
  0.276903   0.873328  -0.377554   0.134447   0.936686  -0.347178   0.001000
  0.276903   0.873328  -0.377554   0.134447   0.936686  -0.347178   0.001000
  0.276903   0.873328  -0.377554   0.134447   0.936686  -0.347178   0.001000
  0.247230   0.920774  -0.237807   0.185743   0.930157  -0.383634   0.001000
  0.247230   0.920774  -0.237807   0.185743   0.930157  -0.383634   0.001000
  0.264219   0.867208  -0.399630   0.135771   0.841974  -0.361870   0.001000
  0.264219   0.867208  -0.399630   0.135771   0.841974  -0.361870   0.001000
  0.262280   0.864157  -0.405427   0.141676   0.986499  -0.373140   0.001000
  0.262280   0.864157  -0.405427   0.141676   0.986499  -0.373140   0.001000
  0.262280   0.864157  -0.405427   0.141676   0.986499  -0.373140   0.001000
  0.262280   0.864157  -0.405427   0.141676   0.986499  -0.373140   0.001000
  0.262280   0.864157  -0.405427   0.141676   0.986499  -0.373140   0.001000
  0.262280   0.864157  -0.405427   0.141676   0.986499  -0.373140   0.001000
  0.262280   0.864157  -0.405427   0.141676   0.986499  -0.373140   0.001000
  0.262280   0.864157  -0.405427   0.141676   0.986499  -0.373140   0.001000
  0.262280   0.864157  -0.405427   0.141676   0.986499  -0.373140   0.001000
  0.262280   0.864157  -0.405427   0.141676   0.986499  -0.373140   0.001000
  0.262280   0.864157  -0.405427   0.141676   0.986499  -0.373140   0.001000
  0.262280   0.864157  -0.405427   0.141676   0.986499  -0.373140   0.001000
  0.262280   0.864157  -0.405427   0.141676   0.986499  -0.373140   0.001000
  0.262280   0.864157  -0.405427   0.141676   0.986499  -0.373140   0.001000
  0.262280   0.864157  -0.405427   0.141676   0.986499  -0.373140   0.001000
  0.262280   0.864157  -0.405427   0.141676   0.986499  -0.373140   0.001000
  0.267564   0.870737  -0.392345   0.127637   0.943332  -0.264330   0.001000
  0.267564   0.870737  -0.392345   0.127637   0.943332  -0.264330   0.001000
  0.256498   0.878874  -0.379946   0.132025   0.916485  -0.445467   0.001000
  0.256498   0.878874  -0.379946   0.132025   0.916485  -0.445467   0.001000
  0.273362   0.867736  -0.392828   0.134141   1.054738  -0.351740   0.001000
  0.271463   0.865951  -0.397773   0.134958   1.105948  -0.195956   0.001000
  0.271463   0.865951  -0.397773   0.134958   1.105948  -0.195956   0.001000
  0.271463   0.865951  -0.397773   0.134958   1.105948  -0.195956   0.001000
  0.271463   0.865951  -0.397773   0.134958   1.105948  -0.195956   0.001000
  0.271463   0.865951  -0.397773   0.134958   1.105948  -0.195956   0.001000
  0.271463   0.865951  -0.397773   0.134958   1.105948  -0.195956   0.001000
  0.265546   0.865714  -0.394035   0.157355   1.092933  -0.373977   0.001000
  0.265546   0.865714  -0.394035   0.157355   1.092933  -0.373977   0.001000
  0.265546   0.865714  -0.394035   0.157355   1.092933  -0.373977   0.001000
  0.265546   0.865714  -0.394035   0.157355   1.092933  -0.373977   0.001000
  0.265546   0.865714  -0.394035   0.157355   1.092933  -0.373977   0.001000
  0.265546   0.865714  -0.394035   0.157355   1.092933  -0.373977   0.001000
  0.260094   0.875262  -0.381815   0.143124   0.936524  -0.380413   0.001000
  0.260094   0.875262  -0.381815   0.143124   0.936524  -0.380413   0.001000
  0.260094   0.875262  -0.381815   0.143124   0.936524  -0.380413   0.001000
  0.260094   0.875262  -0.381815   0.143124   0.936524  -0.380413   0.001000
  0.260094   0.875262  -0.381815   0.143124   0.936524  -0.380413   0.001000
  0.260094   0.875262  -0.381815   0.143124   0.936524  -0.380413   0.001000
  0.260094   0.875262  -0.381815   0.143124   0.936524  -0.380413   0.001000
  0.260094   0.875262  -0.381815   0.143124   0.936524  -0.380413   0.001000
  0.260094   0.875262  -0.381815   0.143124   0.936524  -0.380413   0.001000
  0.260094   0.875262  -0.381815   0.143124   0.936524  -0.380413   0.001000
  0.260094   0.875262  -0.381815   0.143124   0.936524  -0.380413   0.001000
  0.226703   0.927127  -0.238197   0.179733   0.881932  -0.488459   0.001000
  0.270932   0.864903  -0.395819   0.147871   0.899945  -0.294016   0.001000
  0.270932   0.864903  -0.395819   0.147871   0.899945  -0.294016   0.001000
  0.270932   0.864903  -0.395819   0.147871   0.899945  -0.294016   0.001000
  0.270932   0.864903  -0.395819   0.147871   0.899945  -0.294016   0.001000
  0.270932   0.864903  -0.395819   0.147871   0.899945  -0.294016   0.001000
  0.270932   0.864903  -0.395819   0.147871   0.899945  -0.294016   0.001000
  0.270932   0.864903  -0.395819   0.147871   0.899945  -0.294016   0.001000
  0.270932   0.864903  -0.395819   0.147871   0.899945  -0.294016   0.001000
  0.270932   0.864903  -0.395819   0.147871   0.899945  -0.294016   0.001000
  0.268834   0.868771  -0.395204   0.129533   1.077113  -0.414069   0.001000
  0.262415   0.865828  -0.405678   0.130021   0.971640  -0.411509   0.001000
  0.274869   0.853744  -0.418384   0.143262   0.875738  -0.258188   0.001000
  0.282034   0.853926  -0.414438   0.139674   0.835391  -0.343925   0.001000
  0.267975   0.865661  -0.398858   0.140473   1.072069  -0.331249   0.001000
  0.267975   0.865661  -0.398858   0.140473   1.072069  -0.331249   0.001000
  0.267975   0.865661  -0.398858   0.140473   1.072069  -0.331249   0.001000
  0.267975   0.865661  -0.398858   0.140473   1.072069  -0.331249   0.001000
  0.267975   0.865661  -0.398858   0.140473   1.072069  -0.331249   0.001000
  0.267975   0.865661  -0.398858   0.140473   1.072069  -0.331249   0.001000
  0.267975   0.865661  -0.398858   0.140473   1.072069  -0.331249   0.001000
  0.267975   0.865661  -0.398858   0.140473   1.072069  -0.331249   0.001000
  0.267975   0.865661  -0.398858   0.140473   1.072069  -0.331249   0.001000
  0.267975   0.865661  -0.398858   0.140473   1.072069  -0.331249   0.001000
  0.267975   0.865661  -0.398858   0.140473   1.072069  -0.331249   0.001000
  0.267975   0.865661  -0.398858   0.140473   1.072069  -0.331249   0.001000
  0.267975   0.865661  -0.398858   0.140473   1.072069  -0.331249   0.001000
  0.267975   0.865661  -0.398858   0.140473   1.072069  -0.331249   0.001000
  0.267975   0.865661  -0.398858   0.140473   1.072069  -0.331249   0.001000
  0.267975   0.865661  -0.398858   0.140473   1.072069  -0.331249   0.001000
  0.267975   0.865661  -0.398858   0.140473   1.072069  -0.331249   0.001000
  0.267975   0.865661  -0.398858   0.140473   1.072069  -0.331249   0.001000
  0.266630   0.860452  -0.410166   0.142461   0.739304  -0.110004   0.001000
  0.259925   0.868613  -0.395166   0.147629   0.929359  -0.154492   0.001000
  0.269351   0.863138  -0.399775   0.150409   0.846095  -0.195526   0.001000
  0.259741   0.873379  -0.387195   0.140794   0.836916  -0.043628   0.001000
  0.259741   0.873379  -0.387195   0.140794   0.836916  -0.043628   0.001000
  0.259741   0.873379  -0.387195   0.140794   0.836916  -0.043628   0.001000
  0.259741   0.873379  -0.387195   0.140794   0.836916  -0.043628   0.001000
  0.259741   0.873379  -0.387195   0.140794   0.836916  -0.043628   0.001000
  0.259741   0.873379  -0.387195   0.140794   0.836916  -0.043628   0.001000
  0.258897   0.870681  -0.398242   0.127631   0.931992  -0.120191   0.001000
  0.258897   0.870681  -0.398242   0.127631   0.931992  -0.120191   0.001000
  0.278041   0.857579  -0.408592   0.142494   0.798941   0.108779   0.001000
  0.259394   0.870847  -0.396210   0.131745   0.933443   0.008429   0.001000
  0.258565   0.870724  -0.392896   0.143583   0.976297  -0.161064   0.001000
  0.258565   0.870724  -0.392896   0.143583   0.976297  -0.161064   0.001000
  0.261252   0.870010  -0.396537   0.132623   0.986794  -0.119005   0.001000
  0.272703   0.865989  -0.394539   0.141545   1.110597  -0.094810   0.001000
  0.272703   0.865989  -0.394539   0.141545   1.110597  -0.094810   0.001000
  0.272703   0.865989  -0.394539   0.141545   1.110597  -0.094810   0.001000
  0.272703   0.865989  -0.394539   0.141545   1.110597  -0.094810   0.001000
  0.272703   0.865989  -0.394539   0.141545   1.110597  -0.094810   0.001000
  0.272703   0.865989  -0.394539   0.141545   1.110597  -0.094810   0.001000
  0.272703   0.865989  -0.394539   0.141545   1.110597  -0.094810   0.001000
  0.270543   0.867843  -0.389416   0.148359   0.993229  -0.098348   0.001000
  0.266883   0.873216  -0.388601   0.123515   0.892372  -0.027666   0.001000
  0.244827   0.914190  -0.254069   0.199413   0.876583  -0.081468   0.001000
  0.269914   0.865029  -0.398386   0.141984   0.991712  -0.074293   0.001000
  0.269914   0.865029  -0.398386   0.141984   0.991712  -0.074293   0.001000
  0.269914   0.865029  -0.398386   0.141984   0.991712  -0.074293   0.001000
  0.269914   0.865029  -0.398386   0.141984   0.991712  -0.074293   0.001000
  0.269914   0.865029  -0.398386   0.141984   0.991712  -0.074293   0.001000
  0.269914   0.865029  -0.398386   0.141984   0.991712  -0.074293   0.001000
  0.269914   0.865029  -0.398386   0.141984   0.991712  -0.074293   0.001000
  0.269914   0.865029  -0.398386   0.141984   0.991712  -0.074293   0.001000
  0.269914   0.865029  -0.398386   0.141984   0.991712  -0.074293   0.001000
  0.269914   0.865029  -0.398386   0.141984   0.991712  -0.074293   0.001000
  0.269914   0.865029  -0.398386   0.141984   0.991712  -0.074293   0.001000
  0.269914   0.865029  -0.398386   0.141984   0.991712  -0.074293   0.001000
  0.269914   0.865029  -0.398386   0.141984   0.991712  -0.074293   0.001000
  0.269914   0.865029  -0.398386   0.141984   0.991712  -0.074293   0.001000
  0.269914   0.865029  -0.398386   0.141984   0.991712  -0.074293   0.001000
  0.269914   0.865029  -0.398386   0.141984   0.991712  -0.074293   0.001000
  0.269914   0.865029  -0.398386   0.141984   0.991712  -0.074293   0.001000
  0.269914   0.865029  -0.398386   0.141984   0.991712  -0.074293   0.001000
  0.259375   0.868519  -0.396655   0.145134   0.957798  -0.151821   0.001000
  0.259375   0.868519  -0.396655   0.145134   0.957798  -0.151821   0.001000
  0.259375   0.868519  -0.396655   0.145134   0.957798  -0.151821   0.001000
  0.259375   0.868519  -0.396655   0.145134   0.957798  -0.151821   0.001000
  0.272140   0.867190  -0.397804   0.125191   1.070903  -0.295813   0.001000
  0.266655   0.861562  -0.410348   0.134981   1.145622  -0.134850   0.001000
  0.266655   0.861562  -0.410348   0.134981   1.145622  -0.134850   0.001000
  0.266655   0.861562  -0.410348   0.134981   1.145622  -0.134850   0.001000
  0.263684   0.866190  -0.396348   0.151966   0.993042  -0.265585   0.001000
  0.275475   0.857913  -0.410003   0.141409   0.799894  -0.224067   0.001000
  0.274590   0.866643  -0.391077   0.143491   0.823649  -0.103570   0.001000
  0.275371   0.853885  -0.416393   0.147203   0.871654  -0.132294   0.001000
  0.273252   0.863976  -0.397861   0.143479   0.796456  -0.125490   0.001000
  0.273252   0.863976  -0.397861   0.143479   0.796456  -0.125490   0.001000
  0.273252   0.863976  -0.397861   0.143479   0.796456  -0.125490   0.001000
  0.273252   0.863976  -0.397861   0.143479   0.796456  -0.125490   0.001000
  0.273252   0.863976  -0.397861   0.143479   0.796456  -0.125490   0.001000
  0.273252   0.863976  -0.397861   0.143479   0.796456  -0.125490   0.001000
  0.273252   0.863976  -0.397861   0.143479   0.796456  -0.125490   0.001000
  0.273252   0.863976  -0.397861   0.143479   0.796456  -0.125490   0.001000
  0.273252   0.863976  -0.397861   0.143479   0.796456  -0.125490   0.001000
  0.273252   0.863976  -0.397861   0.143479   0.796456  -0.125490   0.001000
  0.273252   0.863976  -0.397861   0.143479   0.796456  -0.125490   0.001000
  0.270639   0.861297  -0.406800   0.139414   1.384681   0.189561   0.001000
  0.258557   0.875249  -0.382751   0.143491   1.373910  -0.037545   0.001000
  0.276559   0.863087  -0.399415   0.138073   1.433950  -0.339155   0.001000
  0.275824   0.863588  -0.401451   0.130287   1.219840   0.007276   0.001000
  0.275824   0.863588  -0.401451   0.130287   1.219840   0.007276   0.001000
  0.259620   0.868027  -0.401393   0.134203   1.311350   0.006048   0.001000
  0.259620   0.868027  -0.401393   0.134203   1.311350   0.006048   0.001000
  0.259620   0.868027  -0.401393   0.134203   1.311350   0.006048   0.001000
  0.264544   0.866629  -0.399690   0.138631   1.257337  -0.180777   0.001000
  0.264544   0.866629  -0.399690   0.138631   1.257337  -0.180777   0.001000
  0.264544   0.866629  -0.399690   0.138631   1.257337  -0.180777   0.001000
  0.264544   0.866629  -0.399690   0.138631   1.257337  -0.180777   0.001000
  0.264544   0.866629  -0.399690   0.138631   1.257337  -0.180777   0.001000
  0.273306   0.870451  -0.382641   0.145621   1.203687  -0.179357   0.001000
  0.261799   0.863207  -0.411717   0.129705   1.386679   0.002059   0.001000
  0.257156   0.870264  -0.397957   0.134689   1.392820   0.006513   0.001000
  0.262131   0.869581  -0.391964   0.146561   0.996402  -0.130135   0.001000
  0.268806   0.864637  -0.400004   0.141925   1.061410  -0.279391   0.001000
  0.268806   0.864637  -0.400004   0.141925   1.061410  -0.279391   0.001000
  0.268806   0.864637  -0.400004   0.141925   1.061410  -0.279391   0.001000
  0.268806   0.864637  -0.400004   0.141925   1.061410  -0.279391   0.001000
  0.268806   0.864637  -0.400004   0.141925   1.061410  -0.279391   0.001000
  0.268806   0.864637  -0.400004   0.141925   1.061410  -0.279391   0.001000
  0.268806   0.864637  -0.400004   0.141925   1.061410  -0.279391   0.001000
  0.268806   0.864637  -0.400004   0.141925   1.061410  -0.279391   0.001000
  0.268806   0.864637  -0.400004   0.141925   1.061410  -0.279391   0.001000
  0.272568   0.861626  -0.404405   0.140583   1.120394  -0.195580   0.001000
  0.270286   0.860740  -0.410664   0.132012   1.272064  -0.040448   0.001000
  0.254035   0.883916  -0.363887   0.147463   1.266794  -0.109167   0.001000
  0.263727   0.871347  -0.390227   0.137567   1.457660   0.061465   0.001000
  0.262099   0.867910  -0.395206   0.147815   1.285407   0.015108   0.001000
  0.262099   0.867910  -0.395206   0.147815   1.285407   0.015108   0.001000
  0.269876   0.867503  -0.395067   0.136113   1.035710  -0.158778   0.001000
  0.269876   0.867503  -0.395067   0.136113   1.035710  -0.158778   0.001000
  0.269876   0.867503  -0.395067   0.136113   1.035710  -0.158778   0.001000
  0.269876   0.867503  -0.395067   0.136113   1.035710  -0.158778   0.001000
  0.269876   0.867503  -0.395067   0.136113   1.035710  -0.158778   0.001000
  0.231900   0.883017  -0.378825   0.151643   0.741348  -0.057459   0.001000
  0.237322   0.921472  -0.247012   0.183173   0.775115  -0.346249   0.001000
  0.265188   0.862854  -0.403858   0.148514   0.900704  -0.409840   0.001000
  0.265188   0.862854  -0.403858   0.148514   0.900704  -0.409840   0.001000
  0.265188   0.862854  -0.403858   0.148514   0.900704  -0.409840   0.001000
  0.265188   0.862854  -0.403858   0.148514   0.900704  -0.409840   0.001000
  0.265188   0.862854  -0.403858   0.148514   0.900704  -0.409840   0.001000
  0.265188   0.862854  -0.403858   0.148514   0.900704  -0.409840   0.001000
  0.265188   0.862854  -0.403858   0.148514   0.900704  -0.409840   0.001000
  0.265188   0.862854  -0.403858   0.148514   0.900704  -0.409840   0.001000
  0.265188   0.862854  -0.403858   0.148514   0.900704  -0.409840   0.001000
  0.265188   0.862854  -0.403858   0.148514   0.900704  -0.409840   0.001000
  0.269036   0.860505  -0.412379   0.130748   0.847364  -0.348087   0.001000
  0.300426   0.912895  -0.194592   0.196217   0.814389  -0.505809   0.001000
  0.259075   0.863333  -0.410316   0.138480   0.748780  -0.520806   0.001000
  0.259075   0.863333  -0.410316   0.138480   0.748780  -0.520806   0.001000
  0.275996   0.857945  -0.408374   0.144871   0.825543  -0.289487   0.001000
  0.275996   0.857945  -0.408374   0.144871   0.825543  -0.289487   0.001000
  0.275996   0.857945  -0.408374   0.144871   0.825543  -0.289487   0.001000
  0.275996   0.857945  -0.408374   0.144871   0.825543  -0.289487   0.001000
  0.275996   0.857945  -0.408374   0.144871   0.825543  -0.289487   0.001000
  0.270180   0.862730  -0.405845   0.134126   0.769120  -0.389340   0.001000
  0.270180   0.862730  -0.405845   0.134126   0.769120  -0.389340   0.001000
  0.254389   0.883998  -0.373083   0.121006   0.900665  -0.137319   0.001000
  0.260127   0.870446  -0.391197   0.147050   0.731362  -0.203997   0.001000
  0.260127   0.870446  -0.391197   0.147050   0.731362  -0.203997   0.001000
  0.260127   0.870446  -0.391197   0.147050   0.731362  -0.203997   0.001000
  0.260127   0.870446  -0.391197   0.147050   0.731362  -0.203997   0.001000
  0.260127   0.870446  -0.391197   0.147050   0.731362  -0.203997   0.001000
  0.260127   0.870446  -0.391197   0.147050   0.731362  -0.203997   0.001000
  0.260127   0.870446  -0.391197   0.147050   0.731362  -0.203997   0.001000
  0.268651   0.866649  -0.400404   0.128147   0.744901  -0.343958   0.001000
  0.268651   0.866649  -0.400404   0.128147   0.744901  -0.343958   0.001000
  0.268651   0.866649  -0.400404   0.128147   0.744901  -0.343958   0.001000
  0.268651   0.866649  -0.400404   0.128147   0.744901  -0.343958   0.001000
  0.268651   0.866649  -0.400404   0.128147   0.744901  -0.343958   0.001000
  0.268651   0.866649  -0.400404   0.128147   0.744901  -0.343958   0.001000
  0.268651   0.866649  -0.400404   0.128147   0.744901  -0.343958   0.001000
  0.268651   0.866649  -0.400404   0.128147   0.744901  -0.343958   0.001000
  0.268651   0.866649  -0.400404   0.128147   0.744901  -0.343958   0.001000
  0.268651   0.866649  -0.400404   0.128147   0.744901  -0.343958   0.001000
  0.274038   0.861420  -0.405999   0.134252   0.402120  -0.309707   0.001000
  0.264556   0.877975  -0.370472   0.148057   0.881956  -0.140283   0.001000
  0.264556   0.877975  -0.370472   0.148057   0.881956  -0.140283   0.001000
  0.265745   0.868039  -0.398203   0.131615   0.967661  -0.140216   0.001000
  0.265745   0.868039  -0.398203   0.131615   0.967661  -0.140216   0.001000
  0.265745   0.868039  -0.398203   0.131615   0.967661  -0.140216   0.001000
  0.265745   0.868039  -0.398203   0.131615   0.967661  -0.140216   0.001000
  0.265745   0.868039  -0.398203   0.131615   0.967661  -0.140216   0.001000
  0.268433   0.868503  -0.393022   0.138491   0.901780  -0.237239   0.001000
  0.268433   0.868503  -0.393022   0.138491   0.901780  -0.237239   0.001000
  0.272252   0.872107  -0.376831   0.152661   0.986861  -0.369102   0.001000
