 -0.382956  -0.361507  -0.606966   0.595190   0.045210  -0.925345   0.001000
 -0.381569  -0.358058  -0.608584   0.596511   0.084623  -0.995626   0.001000
 -0.380739  -0.361448  -0.607934   0.595659   0.106551  -0.747379   0.001000
 -0.382678  -0.358365  -0.610369   0.593785   0.061087  -0.596256   0.001000
 -0.383020  -0.356901  -0.611011   0.593787  -0.006644  -0.610633   0.001000
 -0.383020  -0.356901  -0.611011   0.593787  -0.006644  -0.610633   0.001000
 -0.380852  -0.358497  -0.610392   0.594856   0.085175  -0.726714   0.001000
 -0.381756  -0.353570  -0.614802   0.592679   0.186057  -0.661510   0.001000
 -0.382036  -0.353651  -0.611362   0.595999   0.109305  -0.753553   0.001000
 -0.381589  -0.360186  -0.608541   0.595259  -0.011934  -0.786283   0.001000
 -0.382137  -0.358787  -0.606857   0.597468   0.095936  -0.668527   0.001000
 -0.381778  -0.356572  -0.609835   0.595989   0.215890  -0.647791   0.001000
 -0.380540  -0.355479  -0.613824   0.593332  -0.118587  -0.792636   0.001000
 -0.379387  -0.352438  -0.612646   0.597091  -0.007213  -0.661894   0.001000
 -0.384861  -0.354387  -0.613664   0.591362  -0.107997  -0.609399   0.001000
 -0.380645  -0.354764  -0.613906   0.593609  -0.024170  -0.675036   0.001000
 -0.380645  -0.354764  -0.613906   0.593609  -0.024170  -0.675036   0.001000
 -0.377883  -0.355587  -0.614584   0.594179  -0.061404  -0.697560   0.001000
 -0.380821  -0.358193  -0.612364   0.593029  -0.034101  -0.752190   0.001000
 -0.381255  -0.352628  -0.615492   0.592847   0.083637  -0.776142   0.001000
 -0.383098  -0.357911  -0.609768   0.594406   0.030531  -0.707132   0.001000
 -0.383098  -0.357911  -0.609768   0.594406   0.030531  -0.707132   0.001000
 -0.383098  -0.357911  -0.609768   0.594406   0.030531  -0.707132   0.001000
 -0.379352  -0.354181  -0.613618   0.595080  -0.072204  -0.643442   0.001000
 -0.382016  -0.356203  -0.612606   0.593209  -0.004322  -0.635803   0.001000
 -0.376849  -0.354491  -0.606601   0.603620   0.179073  -0.618406   0.001000
 -0.382438  -0.358435  -0.612184   0.592027   0.020706  -0.666775   0.001000
 -0.378878  -0.352250  -0.611986   0.598202   0.016818  -0.648726   0.001000
 -0.382611  -0.357929  -0.613124   0.591248  -0.087261  -0.657882   0.001000
 -0.387412  -0.352847  -0.618075   0.585998   0.050031  -0.521528   0.001000
 -0.381919  -0.357859  -0.611712   0.593197   0.107153  -0.741912   0.001000
 -0.382942  -0.355956  -0.609627   0.595824   0.040855  -0.541818   0.001000
 -0.379968  -0.353379  -0.611448   0.597394   0.005020  -0.515665   0.001000
 -0.380239  -0.355273  -0.614525   0.592924  -0.120216  -0.513910   0.001000
 -0.380239  -0.355273  -0.614525   0.592924  -0.120216  -0.513910   0.001000
 -0.381151  -0.354075  -0.610992   0.596694  -0.092730  -0.546509   0.001000
 -0.381165  -0.352543  -0.614432   0.594054   0.050672  -0.654710   0.001000
 -0.378552  -0.359372  -0.608828   0.597393  -0.019593  -0.609058   0.001000
 -0.384353  -0.359182  -0.610088   0.592498  -0.070351  -0.510908   0.001000
 -0.386090  -0.356771  -0.609259   0.593676   0.069930  -0.719451   0.001000
 -0.386090  -0.356771  -0.609259   0.593676   0.069930  -0.719451   0.001000
 -0.386090  -0.356771  -0.609259   0.593676   0.069930  -0.719451   0.001000
 -0.386090  -0.356771  -0.609259   0.593676   0.069930  -0.719451   0.001000
 -0.386090  -0.356771  -0.609259   0.593676   0.069930  -0.719451   0.001000
 -0.385422  -0.357677  -0.611519   0.591238   0.058715  -0.779062   0.001000
 -0.379292  -0.356262  -0.614884   0.592564   0.148198  -0.697052   0.001000
 -0.388998  -0.352136  -0.612024   0.591699   0.009711  -0.514496   0.001000
 -0.381397  -0.357440  -0.609236   0.596326  -0.053158  -0.568818   0.001000
 -0.378570  -0.357957  -0.610615   0.596406   0.057665  -0.445743   0.001000
 -0.382217  -0.347422  -0.616661   0.594085   0.089374  -0.611115   0.001000
 -0.378020  -0.383900  -0.603886   0.587403   0.041814  -0.513126   0.001000
 -0.382046  -0.353866  -0.614243   0.592895   0.037189  -0.420664   0.001000
 -0.382349  -0.356539  -0.612220   0.593191  -0.073539  -0.471251   0.001000
 -0.382144  -0.356144  -0.611869   0.593922  -0.041155  -0.463808   0.001000
 -0.384492  -0.355679  -0.612016   0.592532   0.103790  -0.594064   0.001000
 -0.384492  -0.355679  -0.612016   0.592532   0.103790  -0.594064   0.001000
 -0.382882  -0.361345  -0.611157   0.591032  -0.044122  -0.526599   0.001000
 -0.382882  -0.361345  -0.611157   0.591032  -0.044122  -0.526599   0.001000
 -0.382572  -0.353819  -0.613858   0.592983  -0.075961  -0.543944   0.001000
 -0.382572  -0.353819  -0.613858   0.592983  -0.075961  -0.543944   0.001000
 -0.382572  -0.353819  -0.613858   0.592983  -0.075961  -0.543944   0.001000
 -0.382572  -0.353819  -0.613858   0.592983  -0.075961  -0.543944   0.001000
 -0.382572  -0.353819  -0.613858   0.592983  -0.075961  -0.543944   0.001000
 -0.382572  -0.353819  -0.613858   0.592983  -0.075961  -0.543944   0.001000
 -0.382572  -0.353819  -0.613858   0.592983  -0.075961  -0.543944   0.001000
 -0.382572  -0.353819  -0.613858   0.592983  -0.075961  -0.543944   0.001000
 -0.382572  -0.353819  -0.613858   0.592983  -0.075961  -0.543944   0.001000
 -0.382572  -0.353819  -0.613858   0.592983  -0.075961  -0.543944   0.001000
 -0.382572  -0.353819  -0.613858   0.592983  -0.075961  -0.543944   0.001000
 -0.385869  -0.356749  -0.610913   0.592132   0.138664  -0.604737   0.001000
 -0.383991  -0.358104  -0.608989   0.594512   0.038844  -0.628974   0.001000
 -0.383991  -0.358104  -0.608989   0.594512   0.038844  -0.628974   0.001000
 -0.383991  -0.358104  -0.608989   0.594512   0.038844  -0.628974   0.001000
 -0.379092  -0.359213  -0.614257   0.591560   0.153208  -0.633085   0.001000
 -0.382823  -0.357301  -0.609940   0.594773   0.057864  -0.721559   0.001000
 -0.382823  -0.357301  -0.609940   0.594773   0.057864  -0.721559   0.001000
 -0.382205  -0.353612  -0.611036   0.596248   0.040995  -0.690249   0.001000
 -0.387494  -0.352221  -0.611727   0.592941   0.030110  -0.618345   0.001000
 -0.382959  -0.357858  -0.611742   0.592496  -0.023264  -0.609305   0.001000
 -0.382959  -0.357858  -0.611742   0.592496  -0.023264  -0.609305   0.001000
 -0.382959  -0.357858  -0.611742   0.592496  -0.023264  -0.609305   0.001000
 -0.382959  -0.357858  -0.611742   0.592496  -0.023264  -0.609305   0.001000
 -0.382959  -0.357858  -0.611742   0.592496  -0.023264  -0.609305   0.001000
 -0.381933  -0.357331  -0.612528   0.592664  -0.007900  -0.609617   0.001000
 -0.381933  -0.357331  -0.612528   0.592664  -0.007900  -0.609617   0.001000
 -0.386545  -0.352487  -0.609661   0.595524   0.030807  -0.659870   0.001000
 -0.380419  -0.355849  -0.612575   0.594479  -0.021722  -0.655674   0.001000
 -0.385962  -0.346290  -0.616525   0.592464   0.064526  -0.582050   0.001000
 -0.381222  -0.356486  -0.613181   0.592955   0.049816  -0.532552   0.001000
 -0.380503  -0.357247  -0.609869   0.596365   0.033500  -0.595824   0.001000
 -0.380590  -0.355179  -0.613052   0.594279   0.098711  -0.756976   0.001000
 -0.380590  -0.355179  -0.613052   0.594279   0.098711  -0.756976   0.001000
 -0.379649  -0.361666  -0.607168   0.597002   0.052716  -0.682974   0.001000
 -0.379649  -0.361666  -0.607168   0.597002   0.052716  -0.682974   0.001000
 -0.379649  -0.361666  -0.607168   0.597002   0.052716  -0.682974   0.001000
 -0.381974  -0.354753  -0.609212   0.597584   0.242853  -0.746833   0.001000
 -0.382991  -0.353821  -0.609341   0.597355  -0.054256  -0.424251   0.001000
 -0.377804  -0.356631  -0.611112   0.597177  -0.055600  -0.469537   0.001000
 -0.379448  -0.359170  -0.609602   0.596156  -0.068906  -0.526131   0.001000
 -0.383486  -0.352079  -0.614189   0.593086  -0.124845  -0.479142   0.001000
 -0.383486  -0.352079  -0.614189   0.593086  -0.124845  -0.479142   0.001000
 -0.383486  -0.352079  -0.614189   0.593086  -0.124845  -0.479142   0.001000
 -0.383486  -0.352079  -0.614189   0.593086  -0.124845  -0.479142   0.001000
 -0.376352  -0.357403  -0.611068   0.597678  -0.221121  -0.405034   0.001000
 -0.376352  -0.357403  -0.611068   0.597678  -0.221121  -0.405034   0.001000
 -0.392840  -0.354098  -0.609241   0.590861  -0.105512  -0.473783   0.001000
 -0.379207  -0.356244  -0.608993   0.598682  -0.182480  -0.448496   0.001000
 -0.385363  -0.351986  -0.608655   0.597613  -0.235739  -0.604635   0.001000
 -0.385363  -0.351986  -0.608655   0.597613  -0.235739  -0.604635   0.001000
 -0.385363  -0.351986  -0.608655   0.597613  -0.235739  -0.604635   0.001000
 -0.385363  -0.351986  -0.608655   0.597613  -0.235739  -0.604635   0.001000
 -0.385363  -0.351986  -0.608655   0.597613  -0.235739  -0.604635   0.001000
 -0.385363  -0.351986  -0.608655   0.597613  -0.235739  -0.604635   0.001000
 -0.385363  -0.351986  -0.608655   0.597613  -0.235739  -0.604635   0.001000
 -0.384930  -0.350786  -0.617432   0.589539  -0.092578  -0.480441   0.001000
 -0.383677  -0.354897  -0.612161   0.593380  -0.084176  -0.524051   0.001000
 -0.383677  -0.354897  -0.612161   0.593380  -0.084176  -0.524051   0.001000
 -0.383677  -0.354897  -0.612161   0.593380  -0.084176  -0.524051   0.001000
 -0.383677  -0.354897  -0.612161   0.593380  -0.084176  -0.524051   0.001000
 -0.383677  -0.354897  -0.612161   0.593380  -0.084176  -0.524051   0.001000
 -0.383677  -0.354897  -0.612161   0.593380  -0.084176  -0.524051   0.001000
 -0.378269  -0.355457  -0.611925   0.596751   0.081715  -0.477055   0.001000
 -0.377446  -0.363597  -0.607564   0.596823   0.096440  -0.496782   0.001000
 -0.379528  -0.356339  -0.611670   0.595685   0.257995  -0.503781   0.001000
 -0.383409  -0.354427  -0.612786   0.593189   0.199592  -0.706831   0.001000
 -0.382064  -0.354379  -0.611254   0.595660   0.205907  -0.800029   0.001000
 -0.377120  -0.355970  -0.612432   0.596651   0.034001  -0.498246   0.001000
 -0.380950  -0.357949  -0.609702   0.595830   0.015902  -0.666123   0.001000
 -0.380800  -0.361513  -0.612716   0.590659  -0.114859  -0.555692   0.001000
 -0.385278  -0.353472  -0.609085   0.596351   0.125286  -0.770826   0.001000
 -0.385278  -0.353472  -0.609085   0.596351   0.125286  -0.770826   0.001000
 -0.372875  -0.358545  -0.610505   0.599745   0.079859  -0.756703   0.001000
 -0.380640  -0.355369  -0.611949   0.595268   0.104050  -0.799355   0.001000
 -0.382541  -0.346462  -0.613757   0.597435   0.032533  -0.716705   0.001000
 -0.383583  -0.351904  -0.608789   0.598668   0.090939  -0.855056   0.001000
 -0.382877  -0.353763  -0.613639   0.593047   0.316660  -0.624630   0.001000
 -0.382536  -0.351422  -0.612335   0.595999  -0.050993  -0.772728   0.001000
 -0.382536  -0.351422  -0.612335   0.595999  -0.050993  -0.772728   0.001000
 -0.382536  -0.351422  -0.612335   0.595999  -0.050993  -0.772728   0.001000
 -0.382612  -0.361953  -0.611878   0.590088  -0.009916  -0.764739   0.001000
 -0.384276  -0.351618  -0.612043   0.595063   0.029504  -0.727033   0.001000
 -0.384276  -0.351618  -0.612043   0.595063   0.029504  -0.727033   0.001000
 -0.372786  -0.362867  -0.608572   0.599164   0.109690  -0.654636   0.001000
 -0.381674  -0.357499  -0.609241   0.596109  -0.101465  -0.574651   0.001000
 -0.381674  -0.357499  -0.609241   0.596109  -0.101465  -0.574651   0.001000
 -0.388819  -0.356652  -0.604368   0.596958  -0.181275  -0.575738   0.001000
 -0.384374  -0.358557  -0.609799   0.593160  -0.140682  -0.662660   0.001000
 -0.384374  -0.358557  -0.609799   0.593160  -0.140682  -0.662660   0.001000
 -0.384374  -0.358557  -0.609799   0.593160  -0.140682  -0.662660   0.001000
 -0.384374  -0.358557  -0.609799   0.593160  -0.140682  -0.662660   0.001000
 -0.384374  -0.358557  -0.609799   0.593160  -0.140682  -0.662660   0.001000
 -0.384374  -0.358557  -0.609799   0.593160  -0.140682  -0.662660   0.001000
 -0.384374  -0.358557  -0.609799   0.593160  -0.140682  -0.662660   0.001000
 -0.384374  -0.358557  -0.609799   0.593160  -0.140682  -0.662660   0.001000
 -0.384374  -0.358557  -0.609799   0.593160  -0.140682  -0.662660   0.001000
 -0.384374  -0.358557  -0.609799   0.593160  -0.140682  -0.662660   0.001000
 -0.384374  -0.358557  -0.609799   0.593160  -0.140682  -0.662660   0.001000
 -0.383257  -0.358410  -0.604913   0.598946  -0.199692  -0.668506   0.001000
 -0.383257  -0.358410  -0.604913   0.598946  -0.199692  -0.668506   0.001000
 -0.384308  -0.352421  -0.612339   0.594263  -0.054749  -0.597843   0.001000
 -0.384308  -0.352421  -0.612339   0.594263  -0.054749  -0.597843   0.001000
 -0.384308  -0.352421  -0.612339   0.594263  -0.054749  -0.597843   0.001000
 -0.384308  -0.352421  -0.612339   0.594263  -0.054749  -0.597843   0.001000
 -0.384308  -0.352421  -0.612339   0.594263  -0.054749  -0.597843   0.001000
 -0.384308  -0.352421  -0.612339   0.594263  -0.054749  -0.597843   0.001000
 -0.384308  -0.352421  -0.612339   0.594263  -0.054749  -0.597843   0.001000
 -0.384308  -0.352421  -0.612339   0.594263  -0.054749  -0.597843   0.001000
 -0.384308  -0.352421  -0.612339   0.594263  -0.054749  -0.597843   0.001000
 -0.384308  -0.352421  -0.612339   0.594263  -0.054749  -0.597843   0.001000
 -0.384308  -0.352421  -0.612339   0.594263  -0.054749  -0.597843   0.001000
 -0.384308  -0.352421  -0.612339   0.594263  -0.054749  -0.597843   0.001000
 -0.384308  -0.352421  -0.612339   0.594263  -0.054749  -0.597843   0.001000
 -0.384308  -0.352421  -0.612339   0.594263  -0.054749  -0.597843   0.001000
 -0.384308  -0.352421  -0.612339   0.594263  -0.054749  -0.597843   0.001000
 -0.384308  -0.352421  -0.612339   0.594263  -0.054749  -0.597843   0.001000
 -0.384308  -0.352421  -0.612339   0.594263  -0.054749  -0.597843   0.001000
 -0.384308  -0.352421  -0.612339   0.594263  -0.054749  -0.597843   0.001000
 -0.384308  -0.352421  -0.612339   0.594263  -0.054749  -0.597843   0.001000
 -0.384308  -0.352421  -0.612339   0.594263  -0.054749  -0.597843   0.001000
 -0.384308  -0.352421  -0.612339   0.594263  -0.054749  -0.597843   0.001000
 -0.384308  -0.352421  -0.612339   0.594263  -0.054749  -0.597843   0.001000
 -0.384308  -0.352421  -0.612339   0.594263  -0.054749  -0.597843   0.001000
 -0.384308  -0.352421  -0.612339   0.594263  -0.054749  -0.597843   0.001000
 -0.384308  -0.352421  -0.612339   0.594263  -0.054749  -0.597843   0.001000
 -0.384308  -0.352421  -0.612339   0.594263  -0.054749  -0.597843   0.001000
 -0.384308  -0.352421  -0.612339   0.594263  -0.054749  -0.597843   0.001000
 -0.384308  -0.352421  -0.612339   0.594263  -0.054749  -0.597843   0.001000
 -0.380018  -0.356169  -0.611789   0.595352  -0.072428  -0.599197   0.001000
 -0.380018  -0.356169  -0.611789   0.595352  -0.072428  -0.599197   0.001000
 -0.386028  -0.353536  -0.615362   0.589343  -0.174614  -0.589968   0.001000
 -0.386028  -0.353536  -0.615362   0.589343  -0.174614  -0.589968   0.001000
 -0.386028  -0.353536  -0.615362   0.589343  -0.174614  -0.589968   0.001000
 -0.386028  -0.353536  -0.615362   0.589343  -0.174614  -0.589968   0.001000
 -0.381533  -0.360000  -0.613249   0.590557  -0.086665  -0.606541   0.001000
 -0.381533  -0.360000  -0.613249   0.590557  -0.086665  -0.606541   0.001000
 -0.381533  -0.360000  -0.613249   0.590557  -0.086665  -0.606541   0.001000
 -0.380191  -0.351594  -0.614671   0.594993  -0.057208  -0.486981   0.001000
 -0.380191  -0.351594  -0.614671   0.594993  -0.057208  -0.486981   0.001000
 -0.380191  -0.351594  -0.614671   0.594993  -0.057208  -0.486981   0.001000
 -0.380191  -0.351594  -0.614671   0.594993  -0.057208  -0.486981   0.001000
 -0.383448  -0.348138  -0.613867   0.595764  -0.078353  -0.655228   0.001000
 -0.383448  -0.348138  -0.613867   0.595764  -0.078353  -0.655228   0.001000
 -0.383448  -0.348138  -0.613867   0.595764  -0.078353  -0.655228   0.001000
 -0.383448  -0.348138  -0.613867   0.595764  -0.078353  -0.655228   0.001000
 -0.383448  -0.348138  -0.613867   0.595764  -0.078353  -0.655228   0.001000
 -0.383448  -0.348138  -0.613867   0.595764  -0.078353  -0.655228   0.001000
 -0.383448  -0.348138  -0.613867   0.595764  -0.078353  -0.655228   0.001000
 -0.383448  -0.348138  -0.613867   0.595764  -0.078353  -0.655228   0.001000
 -0.383448  -0.348138  -0.613867   0.595764  -0.078353  -0.655228   0.001000
 -0.383448  -0.348138  -0.613867   0.595764  -0.078353  -0.655228   0.001000
 -0.383448  -0.348138  -0.613867   0.595764  -0.078353  -0.655228   0.001000
 -0.383448  -0.348138  -0.613867   0.595764  -0.078353  -0.655228   0.001000
 -0.383448  -0.348138  -0.613867   0.595764  -0.078353  -0.655228   0.001000
 -0.383448  -0.348138  -0.613867   0.595764  -0.078353  -0.655228   0.001000
 -0.383448  -0.348138  -0.613867   0.595764  -0.078353  -0.655228   0.001000
 -0.383448  -0.348138  -0.613867   0.595764  -0.078353  -0.655228   0.001000
 -0.387064  -0.362715  -0.603517   0.595304  -0.021331  -0.584381   0.001000
 -0.387064  -0.362715  -0.603517   0.595304  -0.021331  -0.584381   0.001000
 -0.387064  -0.362715  -0.603517   0.595304  -0.021331  -0.584381   0.001000
 -0.383182  -0.358993  -0.609416   0.594061  -0.068209  -0.637524   0.001000
 -0.383182  -0.358993  -0.609416   0.594061  -0.068209  -0.637524   0.001000
 -0.385491  -0.355762  -0.608635   0.595310   0.044575  -0.540344   0.001000
 -0.385491  -0.355762  -0.608635   0.595310   0.044575  -0.540344   0.001000
 -0.379843  -0.355632  -0.613755   0.593759  -0.100648  -0.528349   0.001000
 -0.379843  -0.355632  -0.613755   0.593759  -0.100648  -0.528349   0.001000
 -0.379843  -0.355632  -0.613755   0.593759  -0.100648  -0.528349   0.001000
 -0.379843  -0.355632  -0.613755   0.593759  -0.100648  -0.528349   0.001000
 -0.379843  -0.355632  -0.613755   0.593759  -0.100648  -0.528349   0.001000
 -0.386462  -0.358139  -0.609438   0.592426   0.021783  -0.591766   0.001000
 -0.386462  -0.358139  -0.609438   0.592426   0.021783  -0.591766   0.001000
 -0.386462  -0.358139  -0.609438   0.592426   0.021783  -0.591766   0.001000
 -0.383555  -0.357392  -0.610031   0.594154  -0.011400  -0.634535   0.001000
 -0.383555  -0.357392  -0.610031   0.594154  -0.011400  -0.634535   0.001000
 -0.383555  -0.357392  -0.610031   0.594154  -0.011400  -0.634535   0.001000
 -0.383555  -0.357392  -0.610031   0.594154  -0.011400  -0.634535   0.001000
 -0.383555  -0.357392  -0.610031   0.594154  -0.011400  -0.634535   0.001000
 -0.383555  -0.357392  -0.610031   0.594154  -0.011400  -0.634535   0.001000
 -0.383555  -0.357392  -0.610031   0.594154  -0.011400  -0.634535   0.001000
 -0.383555  -0.357392  -0.610031   0.594154  -0.011400  -0.634535   0.001000
 -0.383555  -0.357392  -0.610031   0.594154  -0.011400  -0.634535   0.001000
 -0.383555  -0.357392  -0.610031   0.594154  -0.011400  -0.634535   0.001000
 -0.383555  -0.357392  -0.610031   0.594154  -0.011400  -0.634535   0.001000
 -0.383555  -0.357392  -0.610031   0.594154  -0.011400  -0.634535   0.001000
 -0.383555  -0.357392  -0.610031   0.594154  -0.011400  -0.634535   0.001000
 -0.383555  -0.357392  -0.610031   0.594154  -0.011400  -0.634535   0.001000
 -0.383555  -0.357392  -0.610031   0.594154  -0.011400  -0.634535   0.001000
 -0.383555  -0.357392  -0.610031   0.594154  -0.011400  -0.634535   0.001000
 -0.383555  -0.357392  -0.610031   0.594154  -0.011400  -0.634535   0.001000
 -0.383555  -0.357392  -0.610031   0.594154  -0.011400  -0.634535   0.001000
 -0.379543  -0.360022  -0.609850   0.595327  -0.132869  -0.626173   0.001000
 -0.379543  -0.360022  -0.609850   0.595327  -0.132869  -0.626173   0.001000
 -0.379543  -0.360022  -0.609850   0.595327  -0.132869  -0.626173   0.001000
 -0.379543  -0.360022  -0.609850   0.595327  -0.132869  -0.626173   0.001000
 -0.379543  -0.360022  -0.609850   0.595327  -0.132869  -0.626173   0.001000
 -0.379543  -0.360022  -0.609850   0.595327  -0.132869  -0.626173   0.001000
 -0.379543  -0.360022  -0.609850   0.595327  -0.132869  -0.626173   0.001000
 -0.379543  -0.360022  -0.609850   0.595327  -0.132869  -0.626173   0.001000
 -0.379543  -0.360022  -0.609850   0.595327  -0.132869  -0.626173   0.001000
 -0.379543  -0.360022  -0.609850   0.595327  -0.132869  -0.626173   0.001000
 -0.379543  -0.360022  -0.609850   0.595327  -0.132869  -0.626173   0.001000
 -0.379543  -0.360022  -0.609850   0.595327  -0.132869  -0.626173   0.001000
 -0.379543  -0.360022  -0.609850   0.595327  -0.132869  -0.626173   0.001000
 -0.379543  -0.360022  -0.609850   0.595327  -0.132869  -0.626173   0.001000
 -0.379543  -0.360022  -0.609850   0.595327  -0.132869  -0.626173   0.001000
 -0.379543  -0.360022  -0.609850   0.595327  -0.132869  -0.626173   0.001000
 -0.379543  -0.360022  -0.609850   0.595327  -0.132869  -0.626173   0.001000
 -0.379543  -0.360022  -0.609850   0.595327  -0.132869  -0.626173   0.001000
 -0.379543  -0.360022  -0.609850   0.595327  -0.132869  -0.626173   0.001000
 -0.379543  -0.360022  -0.609850   0.595327  -0.132869  -0.626173   0.001000
 -0.379543  -0.360022  -0.609850   0.595327  -0.132869  -0.626173   0.001000
 -0.379543  -0.360022  -0.609850   0.595327  -0.132869  -0.626173   0.001000
 -0.388015  -0.355524  -0.609984   0.592425  -0.041761  -0.615166   0.001000
 -0.388015  -0.355524  -0.609984   0.592425  -0.041761  -0.615166   0.001000
 -0.388015  -0.355524  -0.609984   0.592425  -0.041761  -0.615166   0.001000
 -0.388015  -0.355524  -0.609984   0.592425  -0.041761  -0.615166   0.001000
 -0.388015  -0.355524  -0.609984   0.592425  -0.041761  -0.615166   0.001000
 -0.388015  -0.355524  -0.609984   0.592425  -0.041761  -0.615166   0.001000
 -0.388015  -0.355524  -0.609984   0.592425  -0.041761  -0.615166   0.001000
 -0.381019  -0.352947  -0.616281   0.591988  -0.021114  -0.590919   0.001000
 -0.381019  -0.352947  -0.616281   0.591988  -0.021114  -0.590919   0.001000
 -0.381019  -0.352947  -0.616281   0.591988  -0.021114  -0.590919   0.001000
 -0.386023  -0.355886  -0.612381   0.591034  -0.043195  -0.549908   0.001000
 -0.386023  -0.355886  -0.612381   0.591034  -0.043195  -0.549908   0.001000
 -0.381523  -0.351924  -0.613188   0.595475  -0.064034  -0.696877   0.001000
 -0.381523  -0.351924  -0.613188   0.595475  -0.064034  -0.696877   0.001000
 -0.381523  -0.351924  -0.613188   0.595475  -0.064034  -0.696877   0.001000
 -0.381523  -0.351924  -0.613188   0.595475  -0.064034  -0.696877   0.001000
 -0.381523  -0.351924  -0.613188   0.595475  -0.064034  -0.696877   0.001000
 -0.381523  -0.351924  -0.613188   0.595475  -0.064034  -0.696877   0.001000
 -0.381523  -0.351924  -0.613188   0.595475  -0.064034  -0.696877   0.001000
 -0.382450  -0.356779  -0.612640   0.592548   0.052661  -0.638051   0.001000
 -0.382450  -0.356779  -0.612640   0.592548   0.052661  -0.638051   0.001000
 -0.382450  -0.356779  -0.612640   0.592548   0.052661  -0.638051   0.001000
 -0.382450  -0.356779  -0.612640   0.592548   0.052661  -0.638051   0.001000
 -0.382450  -0.356779  -0.612640   0.592548   0.052661  -0.638051   0.001000
 -0.384293  -0.355627  -0.608043   0.596768   0.084004  -0.580079   0.001000
 -0.384293  -0.355627  -0.608043   0.596768   0.084004  -0.580079   0.001000
 -0.385425  -0.355336  -0.608952   0.595283  -0.107669  -0.594790   0.001000
 -0.385425  -0.355336  -0.608952   0.595283  -0.107669  -0.594790   0.001000
 -0.385425  -0.355336  -0.608952   0.595283  -0.107669  -0.594790   0.001000
 -0.385425  -0.355336  -0.608952   0.595283  -0.107669  -0.594790   0.001000
 -0.385425  -0.355336  -0.608952   0.595283  -0.107669  -0.594790   0.001000
 -0.385425  -0.355336  -0.608952   0.595283  -0.107669  -0.594790   0.001000
 -0.385425  -0.355336  -0.608952   0.595283  -0.107669  -0.594790   0.001000
 -0.385425  -0.355336  -0.608952   0.595283  -0.107669  -0.594790   0.001000
 -0.385425  -0.355336  -0.608952   0.595283  -0.107669  -0.594790   0.001000
 -0.385425  -0.355336  -0.608952   0.595283  -0.107669  -0.594790   0.001000
 -0.385425  -0.355336  -0.608952   0.595283  -0.107669  -0.594790   0.001000
 -0.385425  -0.355336  -0.608952   0.595283  -0.107669  -0.594790   0.001000
 -0.385425  -0.355336  -0.608952   0.595283  -0.107669  -0.594790   0.001000
 -0.385425  -0.355336  -0.608952   0.595283  -0.107669  -0.594790   0.001000
 -0.385425  -0.355336  -0.608952   0.595283  -0.107669  -0.594790   0.001000
 -0.385425  -0.355336  -0.608952   0.595283  -0.107669  -0.594790   0.001000
 -0.385425  -0.355336  -0.608952   0.595283  -0.107669  -0.594790   0.001000
 -0.385425  -0.355336  -0.608952   0.595283  -0.107669  -0.594790   0.001000
 -0.385425  -0.355336  -0.608952   0.595283  -0.107669  -0.594790   0.001000
 -0.385425  -0.355336  -0.608952   0.595283  -0.107669  -0.594790   0.001000
 -0.386927  -0.354900  -0.612510   0.590901  -0.203091  -0.682206   0.001000
 -0.386927  -0.354900  -0.612510   0.590901  -0.203091  -0.682206   0.001000
 -0.386927  -0.354900  -0.612510   0.590901  -0.203091  -0.682206   0.001000
 -0.386927  -0.354900  -0.612510   0.590901  -0.203091  -0.682206   0.001000
 -0.386927  -0.354900  -0.612510   0.590901  -0.203091  -0.682206   0.001000
 -0.386927  -0.354900  -0.612510   0.590901  -0.203091  -0.682206   0.001000
 -0.386927  -0.354900  -0.612510   0.590901  -0.203091  -0.682206   0.001000
 -0.386927  -0.354900  -0.612510   0.590901  -0.203091  -0.682206   0.001000
 -0.386927  -0.354900  -0.612510   0.590901  -0.203091  -0.682206   0.001000
 -0.386927  -0.354900  -0.612510   0.590901  -0.203091  -0.682206   0.001000
 -0.386927  -0.354900  -0.612510   0.590901  -0.203091  -0.682206   0.001000
 -0.386927  -0.354900  -0.612510   0.590901  -0.203091  -0.682206   0.001000
 -0.386927  -0.354900  -0.612510   0.590901  -0.203091  -0.682206   0.001000
 -0.386927  -0.354900  -0.612510   0.590901  -0.203091  -0.682206   0.001000
 -0.386927  -0.354900  -0.612510   0.590901  -0.203091  -0.682206   0.001000
 -0.386927  -0.354900  -0.612510   0.590901  -0.203091  -0.682206   0.001000
 -0.386927  -0.354900  -0.612510   0.590901  -0.203091  -0.682206   0.001000
 -0.386927  -0.354900  -0.612510   0.590901  -0.203091  -0.682206   0.001000
 -0.386927  -0.354900  -0.612510   0.590901  -0.203091  -0.682206   0.001000
 -0.386927  -0.354900  -0.612510   0.590901  -0.203091  -0.682206   0.001000
 -0.386927  -0.354900  -0.612510   0.590901  -0.203091  -0.682206   0.001000
 -0.386927  -0.354900  -0.612510   0.590901  -0.203091  -0.682206   0.001000
 -0.380609  -0.358198  -0.610305   0.595281  -0.111514  -0.692597   0.001000
 -0.380609  -0.358198  -0.610305   0.595281  -0.111514  -0.692597   0.001000
 -0.380609  -0.358198  -0.610305   0.595281  -0.111514  -0.692597   0.001000
 -0.380609  -0.358198  -0.610305   0.595281  -0.111514  -0.692597   0.001000
 -0.380609  -0.358198  -0.610305   0.595281  -0.111514  -0.692597   0.001000
 -0.380609  -0.358198  -0.610305   0.595281  -0.111514  -0.692597   0.001000
 -0.380609  -0.358198  -0.610305   0.595281  -0.111514  -0.692597   0.001000
 -0.380609  -0.358198  -0.610305   0.595281  -0.111514  -0.692597   0.001000
 -0.380609  -0.358198  -0.610305   0.595281  -0.111514  -0.692597   0.001000
 -0.380609  -0.358198  -0.610305   0.595281  -0.111514  -0.692597   0.001000
 -0.380609  -0.358198  -0.610305   0.595281  -0.111514  -0.692597   0.001000
 -0.380609  -0.358198  -0.610305   0.595281  -0.111514  -0.692597   0.001000
 -0.380609  -0.358198  -0.610305   0.595281  -0.111514  -0.692597   0.001000
 -0.388146  -0.356814  -0.611476   0.590020   0.035079  -0.611034   0.001000
 -0.388146  -0.356814  -0.611476   0.590020   0.035079  -0.611034   0.001000
 -0.381496  -0.366839  -0.614467   0.585081  -0.049922  -0.581548   0.001000
 -0.383346  -0.355912  -0.612575   0.592557  -0.056619  -0.615709   0.001000
 -0.383346  -0.355912  -0.612575   0.592557  -0.056619  -0.615709   0.001000
 -0.383346  -0.355912  -0.612575   0.592557  -0.056619  -0.615709   0.001000
 -0.383346  -0.355912  -0.612575   0.592557  -0.056619  -0.615709   0.001000
 -0.383346  -0.355912  -0.612575   0.592557  -0.056619  -0.615709   0.001000
 -0.383346  -0.355912  -0.612575   0.592557  -0.056619  -0.615709   0.001000
 -0.383346  -0.355912  -0.612575   0.592557  -0.056619  -0.615709   0.001000
 -0.383346  -0.355912  -0.612575   0.592557  -0.056619  -0.615709   0.001000
 -0.383346  -0.355912  -0.612575   0.592557  -0.056619  -0.615709   0.001000
 -0.383346  -0.355912  -0.612575   0.592557  -0.056619  -0.615709   0.001000
 -0.383346  -0.355912  -0.612575   0.592557  -0.056619  -0.615709   0.001000
 -0.383346  -0.355912  -0.612575   0.592557  -0.056619  -0.615709   0.001000
 -0.383346  -0.355912  -0.612575   0.592557  -0.056619  -0.615709   0.001000
 -0.383346  -0.355912  -0.612575   0.592557  -0.056619  -0.615709   0.001000
 -0.383346  -0.355912  -0.612575   0.592557  -0.056619  -0.615709   0.001000
 -0.387935  -0.354159  -0.616202   0.586833  -0.003972  -0.679163   0.001000
 -0.387935  -0.354159  -0.616202   0.586833  -0.003972  -0.679163   0.001000
 -0.387935  -0.354159  -0.616202   0.586833  -0.003972  -0.679163   0.001000
 -0.387935  -0.354159  -0.616202   0.586833  -0.003972  -0.679163   0.001000
 -0.387935  -0.354159  -0.616202   0.586833  -0.003972  -0.679163   0.001000
 -0.383384  -0.357013  -0.610745   0.593758  -0.144411  -0.597162   0.001000
 -0.383384  -0.357013  -0.610745   0.593758  -0.144411  -0.597162   0.001000
 -0.383384  -0.357013  -0.610745   0.593758  -0.144411  -0.597162   0.001000
 -0.383384  -0.357013  -0.610745   0.593758  -0.144411  -0.597162   0.001000
 -0.383384  -0.357013  -0.610745   0.593758  -0.144411  -0.597162   0.001000
 -0.383384  -0.357013  -0.610745   0.593758  -0.144411  -0.597162   0.001000
 -0.383384  -0.357013  -0.610745   0.593758  -0.144411  -0.597162   0.001000
 -0.383384  -0.357013  -0.610745   0.593758  -0.144411  -0.597162   0.001000
 -0.383384  -0.357013  -0.610745   0.593758  -0.144411  -0.597162   0.001000
 -0.383384  -0.357013  -0.610745   0.593758  -0.144411  -0.597162   0.001000
 -0.383384  -0.357013  -0.610745   0.593758  -0.144411  -0.597162   0.001000
 -0.383384  -0.357013  -0.610745   0.593758  -0.144411  -0.597162   0.001000
 -0.383384  -0.357013  -0.610745   0.593758  -0.144411  -0.597162   0.001000
 -0.383384  -0.357013  -0.610745   0.593758  -0.144411  -0.597162   0.001000
 -0.383384  -0.357013  -0.610745   0.593758  -0.144411  -0.597162   0.001000
 -0.383384  -0.357013  -0.610745   0.593758  -0.144411  -0.597162   0.001000
 -0.383384  -0.357013  -0.610745   0.593758  -0.144411  -0.597162   0.001000
 -0.383384  -0.357013  -0.610745   0.593758  -0.144411  -0.597162   0.001000
 -0.383384  -0.357013  -0.610745   0.593758  -0.144411  -0.597162   0.001000
 -0.383384  -0.357013  -0.610745   0.593758  -0.144411  -0.597162   0.001000
 -0.383384  -0.357013  -0.610745   0.593758  -0.144411  -0.597162   0.001000
 -0.383384  -0.357013  -0.610745   0.593758  -0.144411  -0.597162   0.001000
 -0.383384  -0.357013  -0.610745   0.593758  -0.144411  -0.597162   0.001000
 -0.383384  -0.357013  -0.610745   0.593758  -0.144411  -0.597162   0.001000
 -0.383384  -0.357013  -0.610745   0.593758  -0.144411  -0.597162   0.001000
 -0.383384  -0.357013  -0.610745   0.593758  -0.144411  -0.597162   0.001000
 -0.383384  -0.357013  -0.610745   0.593758  -0.144411  -0.597162   0.001000
 -0.383384  -0.357013  -0.610745   0.593758  -0.144411  -0.597162   0.001000
 -0.383384  -0.357013  -0.610745   0.593758  -0.144411  -0.597162   0.001000
 -0.383384  -0.357013  -0.610745   0.593758  -0.144411  -0.597162   0.001000
 -0.383384  -0.357013  -0.610745   0.593758  -0.144411  -0.597162   0.001000
 -0.383384  -0.357013  -0.610745   0.593758  -0.144411  -0.597162   0.001000
 -0.383384  -0.357013  -0.610745   0.593758  -0.144411  -0.597162   0.001000
 -0.383384  -0.357013  -0.610745   0.593758  -0.144411  -0.597162   0.001000
 -0.383384  -0.357013  -0.610745   0.593758  -0.144411  -0.597162   0.001000
 -0.383384  -0.357013  -0.610745   0.593758  -0.144411  -0.597162   0.001000
 -0.386678  -0.358031  -0.616397   0.585106  -0.134701  -0.589678   0.001000
 -0.382893  -0.356890  -0.613820   0.590971  -0.001309  -0.624833   0.001000
 -0.382893  -0.356890  -0.613820   0.590971  -0.001309  -0.624833   0.001000
 -0.397824  -0.352694  -0.609039   0.588570  -0.012898  -0.608604   0.001000
 -0.397824  -0.352694  -0.609039   0.588570  -0.012898  -0.608604   0.001000
 -0.383645  -0.355948  -0.608880   0.596140  -0.106097  -0.587956   0.001000
 -0.383645  -0.355948  -0.608880   0.596140  -0.106097  -0.587956   0.001000
 -0.383645  -0.355948  -0.608880   0.596140  -0.106097  -0.587956   0.001000
 -0.383645  -0.355948  -0.608880   0.596140  -0.106097  -0.587956   0.001000
 -0.383645  -0.355948  -0.608880   0.596140  -0.106097  -0.587956   0.001000
 -0.383645  -0.355948  -0.608880   0.596140  -0.106097  -0.587956   0.001000
 -0.383645  -0.355948  -0.608880   0.596140  -0.106097  -0.587956   0.001000
 -0.383645  -0.355948  -0.608880   0.596140  -0.106097  -0.587956   0.001000
 -0.383645  -0.355948  -0.608880   0.596140  -0.106097  -0.587956   0.001000
 -0.383645  -0.355948  -0.608880   0.596140  -0.106097  -0.587956   0.001000
 -0.383645  -0.355948  -0.608880   0.596140  -0.106097  -0.587956   0.001000
 -0.383645  -0.355948  -0.608880   0.596140  -0.106097  -0.587956   0.001000
 -0.383645  -0.355948  -0.608880   0.596140  -0.106097  -0.587956   0.001000
 -0.384364  -0.354338  -0.608822   0.596694   0.031028  -0.701583   0.001000
 -0.384364  -0.354338  -0.608822   0.596694   0.031028  -0.701583   0.001000
 -0.384364  -0.354338  -0.608822   0.596694   0.031028  -0.701583   0.001000
 -0.384364  -0.354338  -0.608822   0.596694   0.031028  -0.701583   0.001000
 -0.383643  -0.359082  -0.607696   0.595469   0.005687  -0.578326   0.001000
 -0.383643  -0.359082  -0.607696   0.595469   0.005687  -0.578326   0.001000
 -0.383643  -0.359082  -0.607696   0.595469   0.005687  -0.578326   0.001000
 -0.390497  -0.361161  -0.612216   0.585036  -0.046337  -0.661291   0.001000
 -0.380216  -0.360951  -0.609757   0.594430  -0.109658  -0.651859   0.001000
 -0.383130  -0.359614  -0.607137   0.596049  -0.102699  -0.639215   0.001000
 -0.380457  -0.348280  -0.614146   0.597310   0.097117  -0.625317   0.001000
 -0.380457  -0.348280  -0.614146   0.597310   0.097117  -0.625317   0.001000
 -0.383331  -0.358322  -0.610960   0.592782  -0.182932  -0.613813   0.001000
 -0.383331  -0.358322  -0.610960   0.592782  -0.182932  -0.613813   0.001000
 -0.383331  -0.358322  -0.610960   0.592782  -0.182932  -0.613813   0.001000
 -0.383331  -0.358322  -0.610960   0.592782  -0.182932  -0.613813   0.001000
 -0.383331  -0.358322  -0.610960   0.592782  -0.182932  -0.613813   0.001000
 -0.383331  -0.358322  -0.610960   0.592782  -0.182932  -0.613813   0.001000
 -0.383331  -0.358322  -0.610960   0.592782  -0.182932  -0.613813   0.001000
 -0.383331  -0.358322  -0.610960   0.592782  -0.182932  -0.613813   0.001000
 -0.383331  -0.358322  -0.610960   0.592782  -0.182932  -0.613813   0.001000
 -0.383331  -0.358322  -0.610960   0.592782  -0.182932  -0.613813   0.001000
 -0.383331  -0.358322  -0.610960   0.592782  -0.182932  -0.613813   0.001000
 -0.383178  -0.354387  -0.611171   0.595025  -0.036752  -0.504859   0.001000
 -0.383178  -0.354387  -0.611171   0.595025  -0.036752  -0.504859   0.001000
 -0.383178  -0.354387  -0.611171   0.595025  -0.036752  -0.504859   0.001000
 -0.383178  -0.354387  -0.611171   0.595025  -0.036752  -0.504859   0.001000
 -0.383178  -0.354387  -0.611171   0.595025  -0.036752  -0.504859   0.001000
 -0.383178  -0.354387  -0.611171   0.595025  -0.036752  -0.504859   0.001000
 -0.383178  -0.354387  -0.611171   0.595025  -0.036752  -0.504859   0.001000
 -0.383178  -0.354387  -0.611171   0.595025  -0.036752  -0.504859   0.001000
 -0.383178  -0.354387  -0.611171   0.595025  -0.036752  -0.504859   0.001000
 -0.383178  -0.354387  -0.611171   0.595025  -0.036752  -0.504859   0.001000
 -0.382458  -0.357736  -0.610708   0.593959   0.071788  -0.815167   0.001000
 -0.381253  -0.343729  -0.613215   0.600386  -0.134398  -0.534299   0.001000
 -0.380221  -0.357885  -0.611006   0.594998  -0.109812  -0.566298   0.001000
 -0.380221  -0.357885  -0.611006   0.594998  -0.109812  -0.566298   0.001000
 -0.380221  -0.357885  -0.611006   0.594998  -0.109812  -0.566298   0.001000
 -0.380221  -0.357885  -0.611006   0.594998  -0.109812  -0.566298   0.001000
 -0.386693  -0.340245  -0.618620   0.593305  -0.196308  -0.725535   0.001000
 -0.386693  -0.340245  -0.618620   0.593305  -0.196308  -0.725535   0.001000
 -0.383387  -0.356667  -0.611673   0.593008  -0.050171  -0.643114   0.001000
 -0.383387  -0.356667  -0.611673   0.593008  -0.050171  -0.643114   0.001000
 -0.389592  -0.353806  -0.616293   0.585851  -0.032494  -0.586482   0.001000
 -0.381691  -0.358066  -0.611010   0.593943  -0.061936  -0.609511   0.001000
 -0.383579  -0.359687  -0.610473   0.592296  -0.040119  -0.602640   0.001000
 -0.383579  -0.359687  -0.610473   0.592296  -0.040119  -0.602640   0.001000
 -0.376892  -0.360357  -0.613632   0.592917  -0.013942  -0.615303   0.001000
 -0.385812  -0.354107  -0.608334   0.596395  -0.047948  -0.608640   0.001000
 -0.377700  -0.356384  -0.615319   0.593057   0.023611  -0.778792   0.001000
 -0.389946  -0.363280  -0.610435   0.585951  -0.103116  -0.817116   0.001000
 -0.382347  -0.353736  -0.613191   0.593867  -0.018035  -0.910743   0.001000
 -0.382347  -0.353736  -0.613191   0.593867  -0.018035  -0.910743   0.001000
 -0.382347  -0.353736  -0.613191   0.593867  -0.018035  -0.910743   0.001000
 -0.388745  -0.357034  -0.611356   0.589616  -0.078290  -0.898939   0.001000
 -0.384399  -0.357236  -0.612096   0.591573   0.155891  -0.906769   0.001000
 -0.381327  -0.356046  -0.612825   0.593520   0.090630  -0.704357   0.001000
 -0.384058  -0.355734  -0.611329   0.593490   0.103725  -0.940800   0.001000
 -0.384058  -0.355734  -0.611329   0.593490   0.103725  -0.940800   0.001000
 -0.379960  -0.357495  -0.614614   0.591673   0.161212  -0.865191   0.001000
 -0.377641  -0.356939  -0.612633   0.595536   0.139344  -0.893068   0.001000
 -0.384771  -0.359636  -0.610009   0.592033  -0.016223  -0.881663   0.001000
 -0.382005  -0.353495  -0.612423   0.595023   0.106525  -0.854262   0.001000
 -0.381199  -0.356561  -0.613639   0.592452   0.169667  -0.875999   0.001000
 -0.380392  -0.350909  -0.612518   0.597483   0.254369  -0.712951   0.001000
 -0.382683  -0.358077  -0.608437   0.595935  -0.268989  -0.442596   0.001000
 -0.378264  -0.356873  -0.612007   0.595823  -0.041822  -0.452468   0.001000
 -0.382595  -0.357127  -0.610344   0.594611  -0.005472  -0.547619   0.001000
 -0.380995  -0.355754  -0.612492   0.594253  -0.036804  -0.448309   0.001000
 -0.380995  -0.355754  -0.612492   0.594253  -0.036804  -0.448309   0.001000
 -0.381020  -0.356978  -0.616883   0.588936  -0.098646  -0.668272   0.001000
 -0.380010  -0.355088  -0.613101   0.594653  -0.135154  -0.537258   0.001000
 -0.380010  -0.355088  -0.613101   0.594653  -0.135154  -0.537258   0.001000
 -0.379652  -0.355177  -0.613259   0.594666   0.050272  -0.507217   0.001000
 -0.380968  -0.355335  -0.610267   0.596804   0.143836  -0.670776   0.001000
 -0.382747  -0.353784  -0.611430   0.595395   0.210618  -0.864376   0.001000
 -0.384264  -0.352839  -0.613786   0.592547   0.091932  -0.772503   0.001000
 -0.384264  -0.352839  -0.613786   0.592547   0.091932  -0.772503   0.001000
 -0.384264  -0.352839  -0.613786   0.592547   0.091932  -0.772503   0.001000
 -0.384264  -0.352839  -0.613786   0.592547   0.091932  -0.772503   0.001000
 -0.384264  -0.352839  -0.613786   0.592547   0.091932  -0.772503   0.001000
 -0.384264  -0.352839  -0.613786   0.592547   0.091932  -0.772503   0.001000
 -0.387643  -0.359823  -0.616059   0.583722   0.031795  -0.832436   0.001000
 -0.383692  -0.356721  -0.610105   0.594393   0.089744  -0.785270   0.001000
 -0.383692  -0.356721  -0.610105   0.594393   0.089744  -0.785270   0.001000
 -0.383692  -0.356721  -0.610105   0.594393   0.089744  -0.785270   0.001000
 -0.383692  -0.356721  -0.610105   0.594393   0.089744  -0.785270   0.001000
 -0.383692  -0.356721  -0.610105   0.594393   0.089744  -0.785270   0.001000
 -0.383692  -0.356721  -0.610105   0.594393   0.089744  -0.785270   0.001000
 -0.380056  -0.353809  -0.610623   0.597926   0.055100  -0.701929   0.001000
 -0.380056  -0.353809  -0.610623   0.597926   0.055100  -0.701929   0.001000
 -0.382714  -0.357144  -0.607856   0.597067   0.111288  -0.850533   0.001000
 -0.382714  -0.357144  -0.607856   0.597067   0.111288  -0.850533   0.001000
 -0.380854  -0.357531  -0.610752   0.595067   0.157696  -0.716753   0.001000
 -0.380854  -0.357531  -0.610752   0.595067   0.157696  -0.716753   0.001000
 -0.382975  -0.352583  -0.612117   0.595255   0.089227  -0.782361   0.001000
 -0.382975  -0.352583  -0.612117   0.595255   0.089227  -0.782361   0.001000
 -0.382975  -0.352583  -0.612117   0.595255   0.089227  -0.782361   0.001000
 -0.382085  -0.359722  -0.608646   0.595115   0.116865  -0.692480   0.001000
 -0.382085  -0.359722  -0.608646   0.595115   0.116865  -0.692480   0.001000
 -0.382228  -0.363840  -0.603751   0.597500   0.120002  -0.803711   0.001000
 -0.382842  -0.354201  -0.611707   0.594800   0.000823  -0.717001   0.001000
 -0.382842  -0.354201  -0.611707   0.594800   0.000823  -0.717001   0.001000
 -0.382842  -0.354201  -0.611707   0.594800   0.000823  -0.717001   0.001000
 -0.382842  -0.354201  -0.611707   0.594800   0.000823  -0.717001   0.001000
 -0.382842  -0.354201  -0.611707   0.594800   0.000823  -0.717001   0.001000
 -0.382842  -0.354201  -0.611707   0.594800   0.000823  -0.717001   0.001000
 -0.380888  -0.357403  -0.616950   0.588693  -0.009338  -0.869108   0.001000
 -0.384430  -0.346644  -0.612033   0.597886   0.060101  -0.807170   0.001000
 -0.381068  -0.361806  -0.607927   0.595238   0.082207  -0.757841   0.001000
 -0.381068  -0.361806  -0.607927   0.595238   0.082207  -0.757841   0.001000
 -0.379914  -0.357256  -0.609877   0.596728   0.128709  -0.702469   0.001000
 -0.379914  -0.357256  -0.609877   0.596728   0.128709  -0.702469   0.001000
 -0.389129  -0.351710  -0.610930   0.592995   0.070964  -0.815306   0.001000
 -0.389129  -0.351710  -0.610930   0.592995   0.070964  -0.815306   0.001000
 -0.389129  -0.351710  -0.610930   0.592995   0.070964  -0.815306   0.001000
 -0.389129  -0.351710  -0.610930   0.592995   0.070964  -0.815306   0.001000
 -0.389129  -0.351710  -0.610930   0.592995   0.070964  -0.815306   0.001000
 -0.389129  -0.351710  -0.610930   0.592995   0.070964  -0.815306   0.001000
 -0.389129  -0.351710  -0.610930   0.592995   0.070964  -0.815306   0.001000
 -0.389129  -0.351710  -0.610930   0.592995   0.070964  -0.815306   0.001000
 -0.389129  -0.351710  -0.610930   0.592995   0.070964  -0.815306   0.001000
 -0.389129  -0.351710  -0.610930   0.592995   0.070964  -0.815306   0.001000
 -0.389129  -0.351710  -0.610930   0.592995   0.070964  -0.815306   0.001000
 -0.389129  -0.351710  -0.610930   0.592995   0.070964  -0.815306   0.001000
 -0.389129  -0.351710  -0.610930   0.592995   0.070964  -0.815306   0.001000
 -0.389129  -0.351710  -0.610930   0.592995   0.070964  -0.815306   0.001000
 -0.389129  -0.351710  -0.610930   0.592995   0.070964  -0.815306   0.001000
 -0.389129  -0.351710  -0.610930   0.592995   0.070964  -0.815306   0.001000
 -0.389129  -0.351710  -0.610930   0.592995   0.070964  -0.815306   0.001000
 -0.389129  -0.351710  -0.610930   0.592995   0.070964  -0.815306   0.001000
 -0.382051  -0.356994  -0.610190   0.595199   0.151583  -0.838341   0.001000
 -0.382051  -0.356994  -0.610190   0.595199   0.151583  -0.838341   0.001000
 -0.382051  -0.356994  -0.610190   0.595199   0.151583  -0.838341   0.001000
 -0.382509  -0.354972  -0.610132   0.596172   0.088592  -0.819433   0.001000
 -0.382509  -0.354972  -0.610132   0.596172   0.088592  -0.819433   0.001000
 -0.382509  -0.354972  -0.610132   0.596172   0.088592  -0.819433   0.001000
 -0.382509  -0.354972  -0.610132   0.596172   0.088592  -0.819433   0.001000
 -0.377295  -0.359820  -0.610770   0.595934   0.146958  -0.790001   0.001000
 -0.381428  -0.355350  -0.612049   0.594672   0.102375  -0.776470   0.001000
 -0.382203  -0.354962  -0.610301   0.596201   0.108799  -0.781864   0.001000
 -0.382203  -0.354962  -0.610301   0.596201   0.108799  -0.781864   0.001000
 -0.380941  -0.358830  -0.606454   0.598614   0.169432  -0.818715   0.001000
 -0.378715  -0.357797  -0.610042   0.596996   0.251353  -0.822860   0.001000
 -0.387424  -0.350694  -0.612586   0.593004   0.133252  -0.774944   0.001000
 -0.387424  -0.350694  -0.612586   0.593004   0.133252  -0.774944   0.001000
 -0.387424  -0.350694  -0.612586   0.593004   0.133252  -0.774944   0.001000
 -0.387424  -0.350694  -0.612586   0.593004   0.133252  -0.774944   0.001000
 -0.387424  -0.350694  -0.612586   0.593004   0.133252  -0.774944   0.001000
 -0.387424  -0.350694  -0.612586   0.593004   0.133252  -0.774944   0.001000
 -0.387424  -0.350694  -0.612586   0.593004   0.133252  -0.774944   0.001000
 -0.376714  -0.353818  -0.623720   0.586406   0.183162  -0.921969   0.001000
 -0.383789  -0.360066  -0.611248   0.591130  -0.096966  -0.738444   0.001000
 -0.383789  -0.360066  -0.611248   0.591130  -0.096966  -0.738444   0.001000
 -0.378934  -0.360018  -0.612115   0.593390   0.161588  -0.719737   0.001000
 -0.382920  -0.355780  -0.610490   0.595059   0.156347  -0.903280   0.001000
 -0.382920  -0.355780  -0.610490   0.595059   0.156347  -0.903280   0.001000
 -0.383514  -0.357208  -0.610538   0.593771   0.019535  -0.790509   0.001000
 -0.383514  -0.357208  -0.610538   0.593771   0.019535  -0.790509   0.001000
 -0.383514  -0.357208  -0.610538   0.593771   0.019535  -0.790509   0.001000
 -0.383514  -0.357208  -0.610538   0.593771   0.019535  -0.790509   0.001000
 -0.383514  -0.357208  -0.610538   0.593771   0.019535  -0.790509   0.001000
 -0.383514  -0.357208  -0.610538   0.593771   0.019535  -0.790509   0.001000
 -0.383514  -0.357208  -0.610538   0.593771   0.019535  -0.790509   0.001000
 -0.383514  -0.357208  -0.610538   0.593771   0.019535  -0.790509   0.001000
 -0.383514  -0.357208  -0.610538   0.593771   0.019535  -0.790509   0.001000
 -0.383514  -0.357208  -0.610538   0.593771   0.019535  -0.790509   0.001000
 -0.383514  -0.357208  -0.610538   0.593771   0.019535  -0.790509   0.001000
 -0.383514  -0.357208  -0.610538   0.593771   0.019535  -0.790509   0.001000
 -0.383514  -0.357208  -0.610538   0.593771   0.019535  -0.790509   0.001000
 -0.383514  -0.357208  -0.610538   0.593771   0.019535  -0.790509   0.001000
 -0.384775  -0.353964  -0.610090   0.595356   0.128656  -0.744040   0.001000
 -0.384775  -0.353964  -0.610090   0.595356   0.128656  -0.744040   0.001000
 -0.384775  -0.353964  -0.610090   0.595356   0.128656  -0.744040   0.001000
 -0.384775  -0.353964  -0.610090   0.595356   0.128656  -0.744040   0.001000
 -0.387643  -0.355136  -0.614189   0.588544   0.073666  -0.791649   0.001000
 -0.383389  -0.353940  -0.611393   0.594927   0.163490  -0.796571   0.001000
 -0.383389  -0.353940  -0.611393   0.594927   0.163490  -0.796571   0.001000
 -0.387914  -0.353309  -0.608956   0.594869   0.216859  -0.857269   0.001000
 -0.383291  -0.357007  -0.608910   0.595703   0.007495  -0.684464   0.001000
 -0.383291  -0.357007  -0.608910   0.595703   0.007495  -0.684464   0.001000
 -0.383291  -0.357007  -0.608910   0.595703   0.007495  -0.684464   0.001000
 -0.383291  -0.357007  -0.608910   0.595703   0.007495  -0.684464   0.001000
 -0.383291  -0.357007  -0.608910   0.595703   0.007495  -0.684464   0.001000
 -0.383291  -0.357007  -0.608910   0.595703   0.007495  -0.684464   0.001000
 -0.383291  -0.357007  -0.608910   0.595703   0.007495  -0.684464   0.001000
 -0.383291  -0.357007  -0.608910   0.595703   0.007495  -0.684464   0.001000
 -0.383291  -0.357007  -0.608910   0.595703   0.007495  -0.684464   0.001000
 -0.383291  -0.357007  -0.608910   0.595703   0.007495  -0.684464   0.001000
 -0.383291  -0.357007  -0.608910   0.595703   0.007495  -0.684464   0.001000
 -0.383291  -0.357007  -0.608910   0.595703   0.007495  -0.684464   0.001000
 -0.381630  -0.354647  -0.610583   0.596466   0.187233  -0.709132   0.001000
 -0.382093  -0.355553  -0.612771   0.593379   0.168260  -0.881378   0.001000
 -0.382093  -0.355553  -0.612771   0.593379   0.168260  -0.881378   0.001000
 -0.382093  -0.355553  -0.612771   0.593379   0.168260  -0.881378   0.001000
 -0.383169  -0.358768  -0.608155   0.595495   0.081307  -0.803909   0.001000
 -0.383169  -0.358768  -0.608155   0.595495   0.081307  -0.803909   0.001000
 -0.385232  -0.358476  -0.612263   0.590106   0.076305  -0.728066   0.001000
 -0.379501  -0.358531  -0.609645   0.596463   0.131386  -0.765817   0.001000
 -0.379501  -0.358531  -0.609645   0.596463   0.131386  -0.765817   0.001000
 -0.386579  -0.355188  -0.611147   0.592366   0.190203  -0.686691   0.001000
 -0.386579  -0.355188  -0.611147   0.592366   0.190203  -0.686691   0.001000
 -0.386579  -0.355188  -0.611147   0.592366   0.190203  -0.686691   0.001000
 -0.382537  -0.357192  -0.611223   0.593705   0.063556  -0.829832   0.001000
 -0.382537  -0.357192  -0.611223   0.593705   0.063556  -0.829832   0.001000
 -0.382537  -0.357192  -0.611223   0.593705   0.063556  -0.829832   0.001000
 -0.382537  -0.357192  -0.611223   0.593705   0.063556  -0.829832   0.001000
 -0.382537  -0.357192  -0.611223   0.593705   0.063556  -0.829832   0.001000
 -0.382537  -0.357192  -0.611223   0.593705   0.063556  -0.829832   0.001000
 -0.382537  -0.357192  -0.611223   0.593705   0.063556  -0.829832   0.001000
 -0.378795  -0.358816  -0.609942   0.596436   0.005841  -0.832566   0.001000
 -0.384145  -0.357762  -0.610982   0.592571   0.055839  -0.790127   0.001000
 -0.384145  -0.357762  -0.610982   0.592571   0.055839  -0.790127   0.001000
 -0.379129  -0.357221  -0.614364   0.592630   0.108422  -0.738863   0.001000
 -0.379129  -0.357221  -0.614364   0.592630   0.108422  -0.738863   0.001000
 -0.382126  -0.353256  -0.611417   0.596120   0.127335  -0.806915   0.001000
 -0.382126  -0.353256  -0.611417   0.596120   0.127335  -0.806915   0.001000
 -0.382126  -0.353256  -0.611417   0.596120   0.127335  -0.806915   0.001000
 -0.380751  -0.351591  -0.613756   0.595581   0.188677  -0.812077   0.001000
 -0.378276  -0.357191  -0.616708   0.590756   0.064576  -0.886795   0.001000
 -0.383615  -0.353484  -0.609643   0.596844   0.078276  -0.778902   0.001000
 -0.383615  -0.353484  -0.609643   0.596844   0.078276  -0.778902   0.001000
 -0.383615  -0.353484  -0.609643   0.596844   0.078276  -0.778902   0.001000
 -0.382540  -0.358874  -0.611091   0.592824   0.077029  -0.771088   0.001000
 -0.382540  -0.358874  -0.611091   0.592824   0.077029  -0.771088   0.001000
 -0.382540  -0.358874  -0.611091   0.592824   0.077029  -0.771088   0.001000
 -0.382540  -0.358874  -0.611091   0.592824   0.077029  -0.771088   0.001000
 -0.384561  -0.355879  -0.609428   0.595029   0.250975  -0.830760   0.001000
 -0.380726  -0.358532  -0.609529   0.595799   0.103383  -0.795000   0.001000
 -0.380726  -0.358532  -0.609529   0.595799   0.103383  -0.795000   0.001000
 -0.380726  -0.358532  -0.609529   0.595799   0.103383  -0.795000   0.001000
 -0.381640  -0.355271  -0.610467   0.596208   0.125311  -0.790508   0.001000
 -0.381640  -0.355271  -0.610467   0.596208   0.125311  -0.790508   0.001000
 -0.380186  -0.357533  -0.610208   0.596049   0.096666  -0.809517   0.001000
 -0.380186  -0.357533  -0.610208   0.596049   0.096666  -0.809517   0.001000
 -0.381857  -0.355246  -0.609520   0.597052   0.102654  -0.808265   0.001000
 -0.381857  -0.355246  -0.609520   0.597052   0.102654  -0.808265   0.001000
 -0.379408  -0.362362  -0.618549   0.584928   0.007467  -0.806807   0.001000
 -0.384146  -0.352259  -0.611303   0.595528   0.113583  -0.707317   0.001000
 -0.384146  -0.352259  -0.611303   0.595528   0.113583  -0.707317   0.001000
 -0.384146  -0.352259  -0.611303   0.595528   0.113583  -0.707317   0.001000
 -0.385867  -0.355596  -0.613643   0.590000   0.006388  -0.811512   0.001000
 -0.385867  -0.355596  -0.613643   0.590000   0.006388  -0.811512   0.001000
 -0.381720  -0.354681  -0.614645   0.592202   0.073039  -0.566998   0.001000
 -0.382770  -0.358419  -0.609853   0.594223  -0.309370  -0.756972   0.001000
 -0.379497  -0.355282  -0.613563   0.594388  -0.200024  -0.677170   0.001000
 -0.379497  -0.355282  -0.613563   0.594388  -0.200024  -0.677170   0.001000
 -0.378966  -0.358050  -0.612767   0.593886  -0.226775  -0.785981   0.001000
 -0.379447  -0.355982  -0.612934   0.594651  -0.287621  -0.649316   0.001000
 -0.379447  -0.355982  -0.612934   0.594651  -0.287621  -0.649316   0.001000
 -0.384679  -0.355265  -0.612159   0.592512  -0.305017  -0.664470   0.001000
 -0.384679  -0.355265  -0.612159   0.592512  -0.305017  -0.664470   0.001000
 -0.381612  -0.357266  -0.610245   0.595260  -0.303707  -0.698785   0.001000
 -0.381612  -0.357266  -0.610245   0.595260  -0.303707  -0.698785   0.001000
 -0.381612  -0.357266  -0.610245   0.595260  -0.303707  -0.698785   0.001000
 -0.381612  -0.357266  -0.610245   0.595260  -0.303707  -0.698785   0.001000
 -0.381612  -0.357266  -0.610245   0.595260  -0.303707  -0.698785   0.001000
 -0.381612  -0.357266  -0.610245   0.595260  -0.303707  -0.698785   0.001000
 -0.381612  -0.357266  -0.610245   0.595260  -0.303707  -0.698785   0.001000
 -0.381612  -0.357266  -0.610245   0.595260  -0.303707  -0.698785   0.001000
 -0.381612  -0.357266  -0.610245   0.595260  -0.303707  -0.698785   0.001000
 -0.380711  -0.348675  -0.616230   0.594766  -0.163749  -0.701182   0.001000
 -0.380711  -0.348675  -0.616230   0.594766  -0.163749  -0.701182   0.001000
 -0.380711  -0.348675  -0.616230   0.594766  -0.163749  -0.701182   0.001000
 -0.380711  -0.348675  -0.616230   0.594766  -0.163749  -0.701182   0.001000
 -0.380711  -0.348675  -0.616230   0.594766  -0.163749  -0.701182   0.001000
 -0.385006  -0.362920  -0.609313   0.590591  -0.237287  -0.668529   0.001000
 -0.382773  -0.357453  -0.612381   0.592201  -0.208108  -0.681164   0.001000
 -0.378237  -0.357313  -0.617987   0.589369  -0.155674  -0.616067   0.001000
 -0.381618  -0.356896  -0.613025   0.592615  -0.205806  -0.717200   0.001000
 -0.381618  -0.356896  -0.613025   0.592615  -0.205806  -0.717200   0.001000
 -0.382841  -0.363286  -0.605846   0.595320  -0.227306  -0.613333   0.001000
 -0.382841  -0.363286  -0.605846   0.595320  -0.227306  -0.613333   0.001000
 -0.382841  -0.363286  -0.605846   0.595320  -0.227306  -0.613333   0.001000
 -0.383095  -0.359447  -0.609959   0.593284  -0.151294  -0.680851   0.001000
 -0.383095  -0.359447  -0.609959   0.593284  -0.151294  -0.680851   0.001000
 -0.377437  -0.356676  -0.611747   0.596732  -0.307663  -0.576325   0.001000
 -0.377437  -0.356676  -0.611747   0.596732  -0.307663  -0.576325   0.001000
 -0.377437  -0.356676  -0.611747   0.596732  -0.307663  -0.576325   0.001000
 -0.381082  -0.350503  -0.609428   0.600434  -0.204015  -0.557411   0.001000
 -0.381082  -0.350503  -0.609428   0.600434  -0.204015  -0.557411   0.001000
 -0.378014  -0.363743  -0.606871   0.597079  -0.104869  -0.681166   0.001000
 -0.376622  -0.359325  -0.612685   0.594692   0.071448  -0.494953   0.001000
 -0.377114  -0.354011  -0.620032   0.589934   0.066029  -0.774758   0.001000
 -0.380656  -0.360841  -0.607191   0.596837   0.104821  -0.560172   0.001000
 -0.379088  -0.359165  -0.612260   0.593659   0.229711  -0.641250   0.001000
 -0.380894  -0.357370  -0.612470   0.593369  -0.057621  -0.595947   0.001000
 -0.381002  -0.355313  -0.612174   0.594839   0.029633  -0.682942   0.001000
 -0.381002  -0.355313  -0.612174   0.594839   0.029633  -0.682942   0.001000
 -0.380834  -0.359451  -0.610484   0.594197   0.079805  -0.616784   0.001000
 -0.381186  -0.350610  -0.613943   0.595688   0.017766  -0.612829   0.001000
 -0.382030  -0.354125  -0.611026   0.596067  -0.026072  -0.801563   0.001000
 -0.382030  -0.354125  -0.611026   0.596067  -0.026072  -0.801563   0.001000
 -0.382030  -0.354125  -0.611026   0.596067  -0.026072  -0.801563   0.001000
 -0.382030  -0.354125  -0.611026   0.596067  -0.026072  -0.801563   0.001000
 -0.378039  -0.354875  -0.611670   0.597503  -0.035786  -0.858866   0.001000
 -0.378039  -0.354875  -0.611670   0.597503  -0.035786  -0.858866   0.001000
 -0.382278  -0.359370  -0.614714   0.588934  -0.032061  -0.926754   0.001000
 -0.380359  -0.357897  -0.612265   0.593606  -0.163435  -0.901227   0.001000
 -0.380359  -0.357897  -0.612265   0.593606  -0.163435  -0.901227   0.001000
 -0.380359  -0.357897  -0.612265   0.593606  -0.163435  -0.901227   0.001000
 -0.380605  -0.353737  -0.612689   0.595502  -0.207557  -0.876904   0.001000
 -0.380605  -0.353737  -0.612689   0.595502  -0.207557  -0.876904   0.001000
 -0.380605  -0.353737  -0.612689   0.595502  -0.207557  -0.876904   0.001000
 -0.380605  -0.353737  -0.612689   0.595502  -0.207557  -0.876904   0.001000
 -0.380605  -0.353737  -0.612689   0.595502  -0.207557  -0.876904   0.001000
 -0.381112  -0.351695  -0.614156   0.594875  -0.058495  -1.020686   0.001000
 -0.376382  -0.350387  -0.612912   0.599920  -0.159102  -0.886477   0.001000
 -0.368075  -0.363464  -0.621725   0.588110  -0.242346  -0.935179   0.001000
 -0.378474  -0.358761  -0.618140   0.588176  -0.076470  -0.867143   0.001000
 -0.383468  -0.355224  -0.612215   0.593263   0.013168  -0.898185   0.001000
 -0.383468  -0.355224  -0.612215   0.593263   0.013168  -0.898185   0.001000
 -0.383468  -0.355224  -0.612215   0.593263   0.013168  -0.898185   0.001000
 -0.376295  -0.359736  -0.613992   0.593301  -0.044125  -0.894211   0.001000
 -0.379095  -0.356184  -0.613084   0.594599  -0.085260  -0.757269   0.001000
 -0.382395  -0.352234  -0.614074   0.593817  -0.120869  -0.951062   0.001000
 -0.380144  -0.356599  -0.611873   0.594928  -0.102042  -0.874946   0.001000
 -0.380144  -0.356599  -0.611873   0.594928  -0.102042  -0.874946   0.001000
 -0.381965  -0.359158  -0.607099   0.597109  -0.010851  -0.841832   0.001000
 -0.382394  -0.355298  -0.611971   0.594163  -0.144195  -0.918330   0.001000
 -0.382394  -0.355298  -0.611971   0.594163  -0.144195  -0.918330   0.001000
 -0.382394  -0.355298  -0.611971   0.594163  -0.144195  -0.918330   0.001000
 -0.382394  -0.355298  -0.611971   0.594163  -0.144195  -0.918330   0.001000
 -0.382394  -0.355298  -0.611971   0.594163  -0.144195  -0.918330   0.001000
 -0.382394  -0.355298  -0.611971   0.594163  -0.144195  -0.918330   0.001000
 -0.382394  -0.355298  -0.611971   0.594163  -0.144195  -0.918330   0.001000
 -0.379673  -0.354366  -0.612555   0.595861  -0.142616  -0.813554   0.001000
 -0.379673  -0.354366  -0.612555   0.595861  -0.142616  -0.813554   0.001000
 -0.379673  -0.354366  -0.612555   0.595861  -0.142616  -0.813554   0.001000
 -0.381630  -0.357328  -0.611714   0.593702  -0.068338  -0.861096   0.001000
 -0.381630  -0.357328  -0.611714   0.593702  -0.068338  -0.861096   0.001000
 -0.383388  -0.357693  -0.614205   0.589764   0.091876  -0.768524   0.001000
 -0.382750  -0.355169  -0.611178   0.594827   0.028000  -0.944147   0.001000
 -0.381502  -0.356133  -0.613049   0.593124  -0.062254  -0.882568   0.001000
 -0.381502  -0.356133  -0.613049   0.593124  -0.062254  -0.882568   0.001000
 -0.381502  -0.356133  -0.613049   0.593124  -0.062254  -0.882568   0.001000
 -0.384669  -0.354281  -0.612562   0.592691  -0.134942  -0.778826   0.001000
 -0.384669  -0.354281  -0.612562   0.592691  -0.134942  -0.778826   0.001000
 -0.384669  -0.354281  -0.612562   0.592691  -0.134942  -0.778826   0.001000
 -0.384669  -0.354281  -0.612562   0.592691  -0.134942  -0.778826   0.001000
 -0.384669  -0.354281  -0.612562   0.592691  -0.134942  -0.778826   0.001000
 -0.384669  -0.354281  -0.612562   0.592691  -0.134942  -0.778826   0.001000
 -0.384669  -0.354281  -0.612562   0.592691  -0.134942  -0.778826   0.001000
 -0.384669  -0.354281  -0.612562   0.592691  -0.134942  -0.778826   0.001000
 -0.384669  -0.354281  -0.612562   0.592691  -0.134942  -0.778826   0.001000
 -0.384669  -0.354281  -0.612562   0.592691  -0.134942  -0.778826   0.001000
 -0.384669  -0.354281  -0.612562   0.592691  -0.134942  -0.778826   0.001000
 -0.384669  -0.354281  -0.612562   0.592691  -0.134942  -0.778826   0.001000
 -0.384669  -0.354281  -0.612562   0.592691  -0.134942  -0.778826   0.001000
 -0.384669  -0.354281  -0.612562   0.592691  -0.134942  -0.778826   0.001000
 -0.384669  -0.354281  -0.612562   0.592691  -0.134942  -0.778826   0.001000
 -0.384669  -0.354281  -0.612562   0.592691  -0.134942  -0.778826   0.001000
 -0.384669  -0.354281  -0.612562   0.592691  -0.134942  -0.778826   0.001000
 -0.384669  -0.354281  -0.612562   0.592691  -0.134942  -0.778826   0.001000
 -0.384669  -0.354281  -0.612562   0.592691  -0.134942  -0.778826   0.001000
 -0.384669  -0.354281  -0.612562   0.592691  -0.134942  -0.778826   0.001000
 -0.384669  -0.354281  -0.612562   0.592691  -0.134942  -0.778826   0.001000
 -0.384669  -0.354281  -0.612562   0.592691  -0.134942  -0.778826   0.001000
 -0.384669  -0.354281  -0.612562   0.592691  -0.134942  -0.778826   0.001000
 -0.384669  -0.354281  -0.612562   0.592691  -0.134942  -0.778826   0.001000
 -0.384669  -0.354281  -0.612562   0.592691  -0.134942  -0.778826   0.001000
 -0.384669  -0.354281  -0.612562   0.592691  -0.134942  -0.778826   0.001000
 -0.384669  -0.354281  -0.612562   0.592691  -0.134942  -0.778826   0.001000
 -0.384669  -0.354281  -0.612562   0.592691  -0.134942  -0.778826   0.001000
 -0.384669  -0.354281  -0.612562   0.592691  -0.134942  -0.778826   0.001000
 -0.384669  -0.354281  -0.612562   0.592691  -0.134942  -0.778826   0.001000
 -0.384669  -0.354281  -0.612562   0.592691  -0.134942  -0.778826   0.001000
 -0.384669  -0.354281  -0.612562   0.592691  -0.134942  -0.778826   0.001000
 -0.384669  -0.354281  -0.612562   0.592691  -0.134942  -0.778826   0.001000
 -0.384669  -0.354281  -0.612562   0.592691  -0.134942  -0.778826   0.001000
 -0.384669  -0.354281  -0.612562   0.592691  -0.134942  -0.778826   0.001000
 -0.384669  -0.354281  -0.612562   0.592691  -0.134942  -0.778826   0.001000
 -0.384669  -0.354281  -0.612562   0.592691  -0.134942  -0.778826   0.001000
 -0.384669  -0.354281  -0.612562   0.592691  -0.134942  -0.778826   0.001000
 -0.384669  -0.354281  -0.612562   0.592691  -0.134942  -0.778826   0.001000
 -0.384669  -0.354281  -0.612562   0.592691  -0.134942  -0.778826   0.001000
 -0.384669  -0.354281  -0.612562   0.592691  -0.134942  -0.778826   0.001000
 -0.384669  -0.354281  -0.612562   0.592691  -0.134942  -0.778826   0.001000
 -0.384669  -0.354281  -0.612562   0.592691  -0.134942  -0.778826   0.001000
 -0.384669  -0.354281  -0.612562   0.592691  -0.134942  -0.778826   0.001000
 -0.384669  -0.354281  -0.612562   0.592691  -0.134942  -0.778826   0.001000
 -0.384669  -0.354281  -0.612562   0.592691  -0.134942  -0.778826   0.001000
 -0.384669  -0.354281  -0.612562   0.592691  -0.134942  -0.778826   0.001000
 -0.384669  -0.354281  -0.612562   0.592691  -0.134942  -0.778826   0.001000
 -0.385040  -0.354796  -0.612509   0.592196  -0.087665  -0.890729   0.001000
 -0.385040  -0.354796  -0.612509   0.592196  -0.087665  -0.890729   0.001000
 -0.385040  -0.354796  -0.612509   0.592196  -0.087665  -0.890729   0.001000
 -0.385040  -0.354796  -0.612509   0.592196  -0.087665  -0.890729   0.001000
 -0.385040  -0.354796  -0.612509   0.592196  -0.087665  -0.890729   0.001000
 -0.385040  -0.354796  -0.612509   0.592196  -0.087665  -0.890729   0.001000
 -0.385040  -0.354796  -0.612509   0.592196  -0.087665  -0.890729   0.001000
 -0.385040  -0.354796  -0.612509   0.592196  -0.087665  -0.890729   0.001000
 -0.385040  -0.354796  -0.612509   0.592196  -0.087665  -0.890729   0.001000
 -0.385040  -0.354796  -0.612509   0.592196  -0.087665  -0.890729   0.001000
 -0.385040  -0.354796  -0.612509   0.592196  -0.087665  -0.890729   0.001000
 -0.385040  -0.354796  -0.612509   0.592196  -0.087665  -0.890729   0.001000
 -0.385040  -0.354796  -0.612509   0.592196  -0.087665  -0.890729   0.001000
 -0.385040  -0.354796  -0.612509   0.592196  -0.087665  -0.890729   0.001000
 -0.385040  -0.354796  -0.612509   0.592196  -0.087665  -0.890729   0.001000
 -0.385040  -0.354796  -0.612509   0.592196  -0.087665  -0.890729   0.001000
 -0.385040  -0.354796  -0.612509   0.592196  -0.087665  -0.890729   0.001000
 -0.385040  -0.354796  -0.612509   0.592196  -0.087665  -0.890729   0.001000
 -0.385040  -0.354796  -0.612509   0.592196  -0.087665  -0.890729   0.001000
 -0.385040  -0.354796  -0.612509   0.592196  -0.087665  -0.890729   0.001000
 -0.385040  -0.354796  -0.612509   0.592196  -0.087665  -0.890729   0.001000
 -0.385040  -0.354796  -0.612509   0.592196  -0.087665  -0.890729   0.001000
 -0.385040  -0.354796  -0.612509   0.592196  -0.087665  -0.890729   0.001000
 -0.385040  -0.354796  -0.612509   0.592196  -0.087665  -0.890729   0.001000
 -0.385040  -0.354796  -0.612509   0.592196  -0.087665  -0.890729   0.001000
 -0.385040  -0.354796  -0.612509   0.592196  -0.087665  -0.890729   0.001000
 -0.385040  -0.354796  -0.612509   0.592196  -0.087665  -0.890729   0.001000
 -0.385040  -0.354796  -0.612509   0.592196  -0.087665  -0.890729   0.001000
 -0.385040  -0.354796  -0.612509   0.592196  -0.087665  -0.890729   0.001000
 -0.385040  -0.354796  -0.612509   0.592196  -0.087665  -0.890729   0.001000
 -0.385040  -0.354796  -0.612509   0.592196  -0.087665  -0.890729   0.001000
 -0.385040  -0.354796  -0.612509   0.592196  -0.087665  -0.890729   0.001000
 -0.385040  -0.354796  -0.612509   0.592196  -0.087665  -0.890729   0.001000
 -0.385040  -0.354796  -0.612509   0.592196  -0.087665  -0.890729   0.001000
 -0.385040  -0.354796  -0.612509   0.592196  -0.087665  -0.890729   0.001000
 -0.385040  -0.354796  -0.612509   0.592196  -0.087665  -0.890729   0.001000
 -0.385040  -0.354796  -0.612509   0.592196  -0.087665  -0.890729   0.001000
 -0.385040  -0.354796  -0.612509   0.592196  -0.087665  -0.890729   0.001000
 -0.385040  -0.354796  -0.612509   0.592196  -0.087665  -0.890729   0.001000
 -0.385040  -0.354796  -0.612509   0.592196  -0.087665  -0.890729   0.001000
 -0.385040  -0.354796  -0.612509   0.592196  -0.087665  -0.890729   0.001000
 -0.385040  -0.354796  -0.612509   0.592196  -0.087665  -0.890729   0.001000
 -0.385040  -0.354796  -0.612509   0.592196  -0.087665  -0.890729   0.001000
 -0.385040  -0.354796  -0.612509   0.592196  -0.087665  -0.890729   0.001000
 -0.385040  -0.354796  -0.612509   0.592196  -0.087665  -0.890729   0.001000
 -0.385040  -0.354796  -0.612509   0.592196  -0.087665  -0.890729   0.001000
 -0.385040  -0.354796  -0.612509   0.592196  -0.087665  -0.890729   0.001000
 -0.385040  -0.354796  -0.612509   0.592196  -0.087665  -0.890729   0.001000
 -0.385040  -0.354796  -0.612509   0.592196  -0.087665  -0.890729   0.001000
 -0.385040  -0.354796  -0.612509   0.592196  -0.087665  -0.890729   0.001000
 -0.385040  -0.354796  -0.612509   0.592196  -0.087665  -0.890729   0.001000
 -0.385040  -0.354796  -0.612509   0.592196  -0.087665  -0.890729   0.001000
 -0.385040  -0.354796  -0.612509   0.592196  -0.087665  -0.890729   0.001000
 -0.385040  -0.354796  -0.612509   0.592196  -0.087665  -0.890729   0.001000
 -0.385040  -0.354796  -0.612509   0.592196  -0.087665  -0.890729   0.001000
 -0.385040  -0.354796  -0.612509   0.592196  -0.087665  -0.890729   0.001000
 -0.385040  -0.354796  -0.612509   0.592196  -0.087665  -0.890729   0.001000
 -0.385040  -0.354796  -0.612509   0.592196  -0.087665  -0.890729   0.001000
 -0.385040  -0.354796  -0.612509   0.592196  -0.087665  -0.890729   0.001000
 -0.385040  -0.354796  -0.612509   0.592196  -0.087665  -0.890729   0.001000
 -0.385040  -0.354796  -0.612509   0.592196  -0.087665  -0.890729   0.001000
 -0.385040  -0.354796  -0.612509   0.592196  -0.087665  -0.890729   0.001000
 -0.385040  -0.354796  -0.612509   0.592196  -0.087665  -0.890729   0.001000
 -0.385040  -0.354796  -0.612509   0.592196  -0.087665  -0.890729   0.001000
 -0.385040  -0.354796  -0.612509   0.592196  -0.087665  -0.890729   0.001000
 -0.385040  -0.354796  -0.612509   0.592196  -0.087665  -0.890729   0.001000
 -0.385040  -0.354796  -0.612509   0.592196  -0.087665  -0.890729   0.001000
 -0.385040  -0.354796  -0.612509   0.592196  -0.087665  -0.890729   0.001000
 -0.385040  -0.354796  -0.612509   0.592196  -0.087665  -0.890729   0.001000
 -0.385040  -0.354796  -0.612509   0.592196  -0.087665  -0.890729   0.001000
 -0.385040  -0.354796  -0.612509   0.592196  -0.087665  -0.890729   0.001000
 -0.385040  -0.354796  -0.612509   0.592196  -0.087665  -0.890729   0.001000
 -0.385040  -0.354796  -0.612509   0.592196  -0.087665  -0.890729   0.001000
 -0.385040  -0.354796  -0.612509   0.592196  -0.087665  -0.890729   0.001000
 -0.385040  -0.354796  -0.612509   0.592196  -0.087665  -0.890729   0.001000
 -0.385040  -0.354796  -0.612509   0.592196  -0.087665  -0.890729   0.001000
 -0.385040  -0.354796  -0.612509   0.592196  -0.087665  -0.890729   0.001000
 -0.385040  -0.354796  -0.612509   0.592196  -0.087665  -0.890729   0.001000
 -0.385040  -0.354796  -0.612509   0.592196  -0.087665  -0.890729   0.001000
 -0.385040  -0.354796  -0.612509   0.592196  -0.087665  -0.890729   0.001000
 -0.385040  -0.354796  -0.612509   0.592196  -0.087665  -0.890729   0.001000
 -0.385040  -0.354796  -0.612509   0.592196  -0.087665  -0.890729   0.001000
 -0.385040  -0.354796  -0.612509   0.592196  -0.087665  -0.890729   0.001000
 -0.385040  -0.354796  -0.612509   0.592196  -0.087665  -0.890729   0.001000
 -0.385040  -0.354796  -0.612509   0.592196  -0.087665  -0.890729   0.001000
 -0.385040  -0.354796  -0.612509   0.592196  -0.087665  -0.890729   0.001000
 -0.385040  -0.354796  -0.612509   0.592196  -0.087665  -0.890729   0.001000
 -0.385040  -0.354796  -0.612509   0.592196  -0.087665  -0.890729   0.001000
 -0.385040  -0.354796  -0.612509   0.592196  -0.087665  -0.890729   0.001000
 -0.385040  -0.354796  -0.612509   0.592196  -0.087665  -0.890729   0.001000
 -0.385040  -0.354796  -0.612509   0.592196  -0.087665  -0.890729   0.001000
 -0.385040  -0.354796  -0.612509   0.592196  -0.087665  -0.890729   0.001000
 -0.385040  -0.354796  -0.612509   0.592196  -0.087665  -0.890729   0.001000
 -0.385040  -0.354796  -0.612509   0.592196  -0.087665  -0.890729   0.001000
 -0.385040  -0.354796  -0.612509   0.592196  -0.087665  -0.890729   0.001000
 -0.385040  -0.354796  -0.612509   0.592196  -0.087665  -0.890729   0.001000
 -0.385040  -0.354796  -0.612509   0.592196  -0.087665  -0.890729   0.001000
 -0.385040  -0.354796  -0.612509   0.592196  -0.087665  -0.890729   0.001000
 -0.385040  -0.354796  -0.612509   0.592196  -0.087665  -0.890729   0.001000
 -0.385040  -0.354796  -0.612509   0.592196  -0.087665  -0.890729   0.001000
 -0.385040  -0.354796  -0.612509   0.592196  -0.087665  -0.890729   0.001000
 -0.385040  -0.354796  -0.612509   0.592196  -0.087665  -0.890729   0.001000
 -0.385040  -0.354796  -0.612509   0.592196  -0.087665  -0.890729   0.001000
 -0.385040  -0.354796  -0.612509   0.592196  -0.087665  -0.890729   0.001000
 -0.385040  -0.354796  -0.612509   0.592196  -0.087665  -0.890729   0.001000
 -0.385040  -0.354796  -0.612509   0.592196  -0.087665  -0.890729   0.001000
 -0.385040  -0.354796  -0.612509   0.592196  -0.087665  -0.890729   0.001000
 -0.385040  -0.354796  -0.612509   0.592196  -0.087665  -0.890729   0.001000
 -0.385040  -0.354796  -0.612509   0.592196  -0.087665  -0.890729   0.001000
 -0.385040  -0.354796  -0.612509   0.592196  -0.087665  -0.890729   0.001000
 -0.385040  -0.354796  -0.612509   0.592196  -0.087665  -0.890729   0.001000
 -0.385040  -0.354796  -0.612509   0.592196  -0.087665  -0.890729   0.001000
 -0.385040  -0.354796  -0.612509   0.592196  -0.087665  -0.890729   0.001000
 -0.385040  -0.354796  -0.612509   0.592196  -0.087665  -0.890729   0.001000
 -0.385040  -0.354796  -0.612509   0.592196  -0.087665  -0.890729   0.001000
 -0.385040  -0.354796  -0.612509   0.592196  -0.087665  -0.890729   0.001000
 -0.385040  -0.354796  -0.612509   0.592196  -0.087665  -0.890729   0.001000
 -0.385040  -0.354796  -0.612509   0.592196  -0.087665  -0.890729   0.001000
 -0.385040  -0.354796  -0.612509   0.592196  -0.087665  -0.890729   0.001000
 -0.385040  -0.354796  -0.612509   0.592196  -0.087665  -0.890729   0.001000
 -0.385040  -0.354796  -0.612509   0.592196  -0.087665  -0.890729   0.001000
 -0.385040  -0.354796  -0.612509   0.592196  -0.087665  -0.890729   0.001000
 -0.385040  -0.354796  -0.612509   0.592196  -0.087665  -0.890729   0.001000
 -0.385040  -0.354796  -0.612509   0.592196  -0.087665  -0.890729   0.001000
 -0.385040  -0.354796  -0.612509   0.592196  -0.087665  -0.890729   0.001000
 -0.385040  -0.354796  -0.612509   0.592196  -0.087665  -0.890729   0.001000
 -0.385040  -0.354796  -0.612509   0.592196  -0.087665  -0.890729   0.001000
 -0.385040  -0.354796  -0.612509   0.592196  -0.087665  -0.890729   0.001000
 -0.385040  -0.354796  -0.612509   0.592196  -0.087665  -0.890729   0.001000
 -0.385040  -0.354796  -0.612509   0.592196  -0.087665  -0.890729   0.001000
 -0.385040  -0.354796  -0.612509   0.592196  -0.087665  -0.890729   0.001000
 -0.385040  -0.354796  -0.612509   0.592196  -0.087665  -0.890729   0.001000
 -0.385040  -0.354796  -0.612509   0.592196  -0.087665  -0.890729   0.001000
 -0.385040  -0.354796  -0.612509   0.592196  -0.087665  -0.890729   0.001000
 -0.385040  -0.354796  -0.612509   0.592196  -0.087665  -0.890729   0.001000
 -0.385040  -0.354796  -0.612509   0.592196  -0.087665  -0.890729   0.001000
 -0.385040  -0.354796  -0.612509   0.592196  -0.087665  -0.890729   0.001000
 -0.385040  -0.354796  -0.612509   0.592196  -0.087665  -0.890729   0.001000
 -0.385040  -0.354796  -0.612509   0.592196  -0.087665  -0.890729   0.001000
 -0.385040  -0.354796  -0.612509   0.592196  -0.087665  -0.890729   0.001000
 -0.385040  -0.354796  -0.612509   0.592196  -0.087665  -0.890729   0.001000
 -0.385040  -0.354796  -0.612509   0.592196  -0.087665  -0.890729   0.001000
 -0.385040  -0.354796  -0.612509   0.592196  -0.087665  -0.890729   0.001000
 -0.385040  -0.354796  -0.612509   0.592196  -0.087665  -0.890729   0.001000
 -0.385040  -0.354796  -0.612509   0.592196  -0.087665  -0.890729   0.001000
 -0.385040  -0.354796  -0.612509   0.592196  -0.087665  -0.890729   0.001000
 -0.385040  -0.354796  -0.612509   0.592196  -0.087665  -0.890729   0.001000
 -0.385040  -0.354796  -0.612509   0.592196  -0.087665  -0.890729   0.001000
 -0.385040  -0.354796  -0.612509   0.592196  -0.087665  -0.890729   0.001000
 -0.385040  -0.354796  -0.612509   0.592196  -0.087665  -0.890729   0.001000
 -0.385040  -0.354796  -0.612509   0.592196  -0.087665  -0.890729   0.001000
 -0.380525  -0.360125  -0.611696   0.592738  -0.034328  -0.958518   0.001000
 -0.386250  -0.357366  -0.611402   0.591006   0.045692  -0.837735   0.001000
 -0.376255  -0.355123  -0.615319   0.594729  -0.008183  -0.822150   0.001000
 -0.381021  -0.355748  -0.611493   0.595267  -0.135940  -0.890150   0.001000
 -0.381021  -0.355748  -0.611493   0.595267  -0.135940  -0.890150   0.001000
 -0.381021  -0.355748  -0.611493   0.595267  -0.135940  -0.890150   0.001000
 -0.381021  -0.355748  -0.611493   0.595267  -0.135940  -0.890150   0.001000
 -0.383512  -0.353524  -0.610733   0.595773  -0.050080  -0.913955   0.001000
 -0.383512  -0.353524  -0.610733   0.595773  -0.050080  -0.913955   0.001000
 -0.379218  -0.357253  -0.611744   0.595259  -0.134234  -0.836771   0.001000
 -0.379218  -0.357253  -0.611744   0.595259  -0.134234  -0.836771   0.001000
 -0.383229  -0.352320  -0.615273   0.591983  -0.004419  -0.878738   0.001000
 -0.383229  -0.352320  -0.615273   0.591983  -0.004419  -0.878738   0.001000
 -0.380594  -0.360303  -0.611676   0.592607  -0.028401  -0.970169   0.001000
 -0.379960  -0.354580  -0.613907   0.594157  -0.085193  -0.846359   0.001000
 -0.382187  -0.357766  -0.611706   0.593087  -0.012220  -0.827160   0.001000
 -0.382187  -0.357766  -0.611706   0.593087  -0.012220  -0.827160   0.001000
 -0.382187  -0.357766  -0.611706   0.593087  -0.012220  -0.827160   0.001000
 -0.382187  -0.357766  -0.611706   0.593087  -0.012220  -0.827160   0.001000
 -0.382187  -0.357766  -0.611706   0.593087  -0.012220  -0.827160   0.001000
 -0.382187  -0.357766  -0.611706   0.593087  -0.012220  -0.827160   0.001000
 -0.379472  -0.357811  -0.613877   0.592560  -0.070456  -1.032553   0.001000
 -0.369992  -0.350405  -0.626851   0.589390  -0.093362  -0.891153   0.001000
 -0.382838  -0.359698  -0.610949   0.592278  -0.148247  -0.860005   0.001000
 -0.382838  -0.359698  -0.610949   0.592278  -0.148247  -0.860005   0.001000
 -0.388149  -0.350602  -0.615702   0.589346   0.057226  -0.925654   0.001000
 -0.388149  -0.350602  -0.615702   0.589346   0.057226  -0.925654   0.001000
 -0.383459  -0.358392  -0.609623   0.594032   0.029674  -0.903608   0.001000
 -0.383459  -0.358392  -0.609623   0.594032   0.029674  -0.903608   0.001000
 -0.383459  -0.358392  -0.609623   0.594032   0.029674  -0.903608   0.001000
 -0.383459  -0.358392  -0.609623   0.594032   0.029674  -0.903608   0.001000
 -0.383459  -0.358392  -0.609623   0.594032   0.029674  -0.903608   0.001000
 -0.375786  -0.351962  -0.625026   0.586728   0.073218  -0.746719   0.001000
 -0.372525  -0.357974  -0.609109   0.601720   0.011335  -0.686078   0.001000
 -0.385596  -0.351284  -0.615852   0.590459   0.061637  -0.681476   0.001000
 -0.385596  -0.351284  -0.615852   0.590459   0.061637  -0.681476   0.001000
