 -0.686879  -0.264357  -0.437302   0.516797  -0.086449   0.048693   0.001000
 -0.691275  -0.259075  -0.440398   0.510948   0.480764  -0.672232   0.001000
 -0.691275  -0.259075  -0.440398   0.510948   0.480764  -0.672232   0.001000
 -0.691275  -0.259075  -0.440398   0.510948   0.480764  -0.672232   0.001000
 -0.691275  -0.259075  -0.440398   0.510948   0.480764  -0.672232   0.001000
 -0.691275  -0.259075  -0.440398   0.510948   0.480764  -0.672232   0.001000
 -0.692512  -0.255887  -0.439163   0.511942   1.101070  -1.038752   0.001000
 -0.692512  -0.255887  -0.439163   0.511942   1.101070  -1.038752   0.001000
 -0.692763  -0.256875  -0.444356   0.506599   0.869222  -0.988726   0.001000
 -0.692763  -0.256875  -0.444356   0.506599   0.869222  -0.988726   0.001000
 -0.695599  -0.244946  -0.428347   0.522170   0.257611  -0.471377   0.001000
 -0.695599  -0.244946  -0.428347   0.522170   0.257611  -0.471377   0.001000
 -0.689904  -0.263538  -0.444024   0.507369   0.658902  -0.922383   0.001000
 -0.689904  -0.263538  -0.444024   0.507369   0.658902  -0.922383   0.001000
 -0.689904  -0.263538  -0.444024   0.507369   0.658902  -0.922383   0.001000
 -0.589784  -0.351518  -0.377876   0.621128   0.927319  -0.829173   0.001000
 -0.574843  -0.341338  -0.381113   0.638590   1.573173  -0.419460   0.001000
 -0.574843  -0.341338  -0.381113   0.638590   1.573173  -0.419460   0.001000
 -0.574843  -0.341338  -0.381113   0.638590   1.573173  -0.419460   0.001000
 -0.574843  -0.341338  -0.381113   0.638590   1.573173  -0.419460   0.001000
 -0.574843  -0.341338  -0.381113   0.638590   1.573173  -0.419460   0.001000
 -0.574843  -0.341338  -0.381113   0.638590   1.573173  -0.419460   0.001000
 -0.574843  -0.341338  -0.381113   0.638590   1.573173  -0.419460   0.001000
 -0.688746  -0.266377  -0.438352   0.512367   1.193058  -0.677098   0.001000
 -0.688746  -0.266377  -0.438352   0.512367   1.193058  -0.677098   0.001000
 -0.688746  -0.266377  -0.438352   0.512367   1.193058  -0.677098   0.001000
 -0.688746  -0.266377  -0.438352   0.512367   1.193058  -0.677098   0.001000
 -0.692426  -0.259096  -0.439460   0.510186   1.317002  -0.735603   0.001000
 -0.692426  -0.259096  -0.439460   0.510186   1.317002  -0.735603   0.001000
 -0.692426  -0.259096  -0.439460   0.510186   1.317002  -0.735603   0.001000
 -0.692426  -0.259096  -0.439460   0.510186   1.317002  -0.735603   0.001000
 -0.692426  -0.259096  -0.439460   0.510186   1.317002  -0.735603   0.001000
 -0.692426  -0.259096  -0.439460   0.510186   1.317002  -0.735603   0.001000
 -0.692558  -0.259999  -0.439353   0.509640   1.176964  -0.542761   0.001000
 -0.692558  -0.259999  -0.439353   0.509640   1.176964  -0.542761   0.001000
 -0.692558  -0.259999  -0.439353   0.509640   1.176964  -0.542761   0.001000
 -0.692558  -0.259999  -0.439353   0.509640   1.176964  -0.542761   0.001000
 -0.692558  -0.259999  -0.439353   0.509640   1.176964  -0.542761   0.001000
 -0.692558  -0.259999  -0.439353   0.509640   1.176964  -0.542761   0.001000
 -0.692558  -0.259999  -0.439353   0.509640   1.176964  -0.542761   0.001000
 -0.692558  -0.259999  -0.439353   0.509640   1.176964  -0.542761   0.001000
 -0.692558  -0.259999  -0.439353   0.509640   1.176964  -0.542761   0.001000
 -0.692558  -0.259999  -0.439353   0.509640   1.176964  -0.542761   0.001000
 -0.692558  -0.259999  -0.439353   0.509640   1.176964  -0.542761   0.001000
 -0.692558  -0.259999  -0.439353   0.509640   1.176964  -0.542761   0.001000
 -0.692558  -0.259999  -0.439353   0.509640   1.176964  -0.542761   0.001000
 -0.692558  -0.259999  -0.439353   0.509640   1.176964  -0.542761   0.001000
 -0.693509  -0.255326  -0.439228   0.510815   1.615916  -0.796036   0.001000
 -0.692670  -0.259564  -0.438340   0.510581   0.544458  -0.878893   0.001000
 -0.692670  -0.259564  -0.438340   0.510581   0.544458  -0.878893   0.001000
 -0.692670  -0.259564  -0.438340   0.510581   0.544458  -0.878893   0.001000
 -0.694525  -0.258349  -0.436589   0.510177   1.140243  -0.633356   0.001000
 -0.694525  -0.258349  -0.436589   0.510177   1.140243  -0.633356   0.001000
 -0.694525  -0.258349  -0.436589   0.510177   1.140243  -0.633356   0.001000
 -0.683421  -0.261695  -0.447124   0.514326   1.505304  -0.678135   0.001000
 -0.683421  -0.261695  -0.447124   0.514326   1.505304  -0.678135   0.001000
 -0.683421  -0.261695  -0.447124   0.514326   1.505304  -0.678135   0.001000
 -0.683421  -0.261695  -0.447124   0.514326   1.505304  -0.678135   0.001000
 -0.573900  -0.338690  -0.379477   0.641814   1.117522  -0.878404   0.001000
 -0.578138  -0.343439  -0.379032   0.635720   1.110993  -0.782043   0.001000
 -0.578138  -0.343439  -0.379032   0.635720   1.110993  -0.782043   0.001000
 -0.578138  -0.343439  -0.379032   0.635720   1.110993  -0.782043   0.001000
 -0.578138  -0.343439  -0.379032   0.635720   1.110993  -0.782043   0.001000
 -0.578138  -0.343439  -0.379032   0.635720   1.110993  -0.782043   0.001000
 -0.699336  -0.253310  -0.430359   0.511423   1.321467  -0.643520   0.001000
 -0.699336  -0.253310  -0.430359   0.511423   1.321467  -0.643520   0.001000
 -0.689276  -0.262820  -0.442055   0.510306   0.559925  -0.461249   0.001000
 -0.689276  -0.262820  -0.442055   0.510306   0.559925  -0.461249   0.001000
 -0.693176  -0.257457  -0.439174   0.510243   0.936418  -0.661499   0.001000
 -0.693176  -0.257457  -0.439174   0.510243   0.936418  -0.661499   0.001000
 -0.693176  -0.257457  -0.439174   0.510243   0.936418  -0.661499   0.001000
 -0.693176  -0.257457  -0.439174   0.510243   0.936418  -0.661499   0.001000
 -0.693176  -0.257457  -0.439174   0.510243   0.936418  -0.661499   0.001000
 -0.693176  -0.257457  -0.439174   0.510243   0.936418  -0.661499   0.001000
 -0.693176  -0.257457  -0.439174   0.510243   0.936418  -0.661499   0.001000
 -0.693176  -0.257457  -0.439174   0.510243   0.936418  -0.661499   0.001000
 -0.693176  -0.257457  -0.439174   0.510243   0.936418  -0.661499   0.001000
 -0.693176  -0.257457  -0.439174   0.510243   0.936418  -0.661499   0.001000
 -0.693176  -0.257457  -0.439174   0.510243   0.936418  -0.661499   0.001000
 -0.693176  -0.257457  -0.439174   0.510243   0.936418  -0.661499   0.001000
 -0.693176  -0.257457  -0.439174   0.510243   0.936418  -0.661499   0.001000
 -0.693176  -0.257457  -0.439174   0.510243   0.936418  -0.661499   0.001000
 -0.693176  -0.257457  -0.439174   0.510243   0.936418  -0.661499   0.001000
 -0.693176  -0.257457  -0.439174   0.510243   0.936418  -0.661499   0.001000
 -0.693176  -0.257457  -0.439174   0.510243   0.936418  -0.661499   0.001000
 -0.689435  -0.257124  -0.443175   0.512018   1.422005  -0.701687   0.001000
 -0.689435  -0.257124  -0.443175   0.512018   1.422005  -0.701687   0.001000
 -0.689435  -0.257124  -0.443175   0.512018   1.422005  -0.701687   0.001000
 -0.689435  -0.257124  -0.443175   0.512018   1.422005  -0.701687   0.001000
 -0.689435  -0.257124  -0.443175   0.512018   1.422005  -0.701687   0.001000
 -0.689435  -0.257124  -0.443175   0.512018   1.422005  -0.701687   0.001000
 -0.690908  -0.261857  -0.433155   0.516192   1.678598  -0.548599   0.001000
 -0.690908  -0.261857  -0.433155   0.516192   1.678598  -0.548599   0.001000
 -0.690908  -0.261857  -0.433155   0.516192   1.678598  -0.548599   0.001000
 -0.688661  -0.259105  -0.441100   0.513851   1.345086  -0.498217   0.001000
 -0.688661  -0.259105  -0.441100   0.513851   1.345086  -0.498217   0.001000
 -0.688661  -0.259105  -0.441100   0.513851   1.345086  -0.498217   0.001000
 -0.688661  -0.259105  -0.441100   0.513851   1.345086  -0.498217   0.001000
 -0.688661  -0.259105  -0.441100   0.513851   1.345086  -0.498217   0.001000
 -0.677107  -0.275775  -0.446866   0.515545   0.680947  -0.696379   0.001000
 -0.694518  -0.261750  -0.438481   0.506820   1.292948  -0.670276   0.001000
 -0.694518  -0.261750  -0.438481   0.506820   1.292948  -0.670276   0.001000
 -0.694518  -0.261750  -0.438481   0.506820   1.292948  -0.670276   0.001000
 -0.701306  -0.246172  -0.428063   0.514131   1.499324  -0.401065   0.001000
 -0.695301  -0.257656  -0.435801   0.510145   1.868745  -0.356480   0.001000
 -0.695301  -0.257656  -0.435801   0.510145   1.868745  -0.356480   0.001000
 -0.695216  -0.259159  -0.441884   0.504232   1.420823  -0.761497   0.001000
 -0.695216  -0.259159  -0.441884   0.504232   1.420823  -0.761497   0.001000
 -0.695216  -0.259159  -0.441884   0.504232   1.420823  -0.761497   0.001000
 -0.695216  -0.259159  -0.441884   0.504232   1.420823  -0.761497   0.001000
 -0.695216  -0.259159  -0.441884   0.504232   1.420823  -0.761497   0.001000
 -0.690399  -0.268614  -0.433313   0.513260   0.678542  -0.812359   0.001000
 -0.690182  -0.264020  -0.438224   0.511764   1.078518  -0.702424   0.001000
 -0.690182  -0.264020  -0.438224   0.511764   1.078518  -0.702424   0.001000
 -0.690182  -0.264020  -0.438224   0.511764   1.078518  -0.702424   0.001000
 -0.692117  -0.254695  -0.441446   0.511107   1.123429  -0.686059   0.001000
 -0.692117  -0.254695  -0.441446   0.511107   1.123429  -0.686059   0.001000
 -0.692117  -0.254695  -0.441446   0.511107   1.123429  -0.686059   0.001000
 -0.692117  -0.254695  -0.441446   0.511107   1.123429  -0.686059   0.001000
 -0.694233  -0.263216  -0.431876   0.512095   0.885177  -0.254838   0.001000
 -0.580740  -0.342662  -0.376678   0.635168   0.901755  -0.863462   0.001000
 -0.580740  -0.342662  -0.376678   0.635168   0.901755  -0.863462   0.001000
 -0.580740  -0.342662  -0.376678   0.635168   0.901755  -0.863462   0.001000
 -0.580740  -0.342662  -0.376678   0.635168   0.901755  -0.863462   0.001000
 -0.694218  -0.259348  -0.434624   0.511763   0.889086  -0.701870   0.001000
 -0.694218  -0.259348  -0.434624   0.511763   0.889086  -0.701870   0.001000
 -0.694218  -0.259348  -0.434624   0.511763   0.889086  -0.701870   0.001000
 -0.694218  -0.259348  -0.434624   0.511763   0.889086  -0.701870   0.001000
 -0.698781  -0.260084  -0.430921   0.508299   1.583962  -0.940961   0.001000
 -0.698781  -0.260084  -0.430921   0.508299   1.583962  -0.940961   0.001000
 -0.695105  -0.254072  -0.441272   0.507499   1.527164  -0.528707   0.001000
 -0.695105  -0.254072  -0.441272   0.507499   1.527164  -0.528707   0.001000
 -0.695105  -0.254072  -0.441272   0.507499   1.527164  -0.528707   0.001000
 -0.695105  -0.254072  -0.441272   0.507499   1.527164  -0.528707   0.001000
 -0.695105  -0.254072  -0.441272   0.507499   1.527164  -0.528707   0.001000
 -0.695105  -0.254072  -0.441272   0.507499   1.527164  -0.528707   0.001000
 -0.695105  -0.254072  -0.441272   0.507499   1.527164  -0.528707   0.001000
 -0.695105  -0.254072  -0.441272   0.507499   1.527164  -0.528707   0.001000
 -0.695105  -0.254072  -0.441272   0.507499   1.527164  -0.528707   0.001000
 -0.695105  -0.254072  -0.441272   0.507499   1.527164  -0.528707   0.001000
 -0.691059  -0.259386  -0.444050   0.507913   1.207307  -0.856425   0.001000
 -0.691059  -0.259386  -0.444050   0.507913   1.207307  -0.856425   0.001000
 -0.691059  -0.259386  -0.444050   0.507913   1.207307  -0.856425   0.001000
 -0.691059  -0.259386  -0.444050   0.507913   1.207307  -0.856425   0.001000
 -0.691059  -0.259386  -0.444050   0.507913   1.207307  -0.856425   0.001000
 -0.691059  -0.259386  -0.444050   0.507913   1.207307  -0.856425   0.001000
 -0.694588  -0.255526  -0.442014   0.506832   1.303780  -0.872599   0.001000
 -0.694588  -0.255526  -0.442014   0.506832   1.303780  -0.872599   0.001000
 -0.695145  -0.262937  -0.434063   0.509143   1.068165  -0.299588   0.001000
 -0.695589  -0.253057  -0.436634   0.511340   0.797218  -0.430229   0.001000
 -0.695589  -0.253057  -0.436634   0.511340   0.797218  -0.430229   0.001000
 -0.695589  -0.253057  -0.436634   0.511340   0.797218  -0.430229   0.001000
 -0.695589  -0.253057  -0.436634   0.511340   0.797218  -0.430229   0.001000
 -0.695589  -0.253057  -0.436634   0.511340   0.797218  -0.430229   0.001000
 -0.695589  -0.253057  -0.436634   0.511340   0.797218  -0.430229   0.001000
 -0.695589  -0.253057  -0.436634   0.511340   0.797218  -0.430229   0.001000
 -0.695589  -0.253057  -0.436634   0.511340   0.797218  -0.430229   0.001000
 -0.695589  -0.253057  -0.436634   0.511340   0.797218  -0.430229   0.001000
 -0.695589  -0.253057  -0.436634   0.511340   0.797218  -0.430229   0.001000
 -0.695589  -0.253057  -0.436634   0.511340   0.797218  -0.430229   0.001000
 -0.695589  -0.253057  -0.436634   0.511340   0.797218  -0.430229   0.001000
 -0.695589  -0.253057  -0.436634   0.511340   0.797218  -0.430229   0.001000
 -0.695589  -0.253057  -0.436634   0.511340   0.797218  -0.430229   0.001000
 -0.695589  -0.253057  -0.436634   0.511340   0.797218  -0.430229   0.001000
 -0.695589  -0.253057  -0.436634   0.511340   0.797218  -0.430229   0.001000
 -0.695589  -0.253057  -0.436634   0.511340   0.797218  -0.430229   0.001000
 -0.695589  -0.253057  -0.436634   0.511340   0.797218  -0.430229   0.001000
 -0.695589  -0.253057  -0.436634   0.511340   0.797218  -0.430229   0.001000
 -0.695589  -0.253057  -0.436634   0.511340   0.797218  -0.430229   0.001000
 -0.695589  -0.253057  -0.436634   0.511340   0.797218  -0.430229   0.001000
 -0.695589  -0.253057  -0.436634   0.511340   0.797218  -0.430229   0.001000
 -0.695620  -0.256961  -0.438788   0.507493   0.582942  -0.943170   0.001000
 -0.695620  -0.256961  -0.438788   0.507493   0.582942  -0.943170   0.001000
 -0.695620  -0.256961  -0.438788   0.507493   0.582942  -0.943170   0.001000
 -0.695620  -0.256961  -0.438788   0.507493   0.582942  -0.943170   0.001000
 -0.698203  -0.262108  -0.430773   0.508179   1.439675  -0.753067   0.001000
 -0.703639  -0.256856  -0.433180   0.501271   0.608674  -0.917094   0.001000
 -0.703639  -0.256856  -0.433180   0.501271   0.608674  -0.917094   0.001000
 -0.703639  -0.256856  -0.433180   0.501271   0.608674  -0.917094   0.001000
 -0.690788  -0.254821  -0.446116   0.508782   0.897644  -0.731591   0.001000
 -0.690788  -0.254821  -0.446116   0.508782   0.897644  -0.731591   0.001000
 -0.690788  -0.254821  -0.446116   0.508782   0.897644  -0.731591   0.001000
 -0.690788  -0.254821  -0.446116   0.508782   0.897644  -0.731591   0.001000
 -0.690788  -0.254821  -0.446116   0.508782   0.897644  -0.731591   0.001000
 -0.690788  -0.254821  -0.446116   0.508782   0.897644  -0.731591   0.001000
 -0.690788  -0.254821  -0.446116   0.508782   0.897644  -0.731591   0.001000
 -0.690788  -0.254821  -0.446116   0.508782   0.897644  -0.731591   0.001000
 -0.694118  -0.263886  -0.435439   0.508878   0.488061  -0.392946   0.001000
 -0.691198  -0.258444  -0.438562   0.512948   1.556086  -1.364396   0.001000
 -0.696794  -0.257550  -0.440770   0.503854   1.617608  -0.693003   0.001000
 -0.696794  -0.257550  -0.440770   0.503854   1.617608  -0.693003   0.001000
 -0.696794  -0.257550  -0.440770   0.503854   1.617608  -0.693003   0.001000
 -0.696794  -0.257550  -0.440770   0.503854   1.617608  -0.693003   0.001000
 -0.696794  -0.257550  -0.440770   0.503854   1.617608  -0.693003   0.001000
 -0.693789  -0.259539  -0.437679   0.509641   1.056777  -1.058923   0.001000
 -0.693147  -0.260448  -0.439185   0.508753   0.795357  -0.361593   0.001000
 -0.693147  -0.260448  -0.439185   0.508753   0.795357  -0.361593   0.001000
 -0.693147  -0.260448  -0.439185   0.508753   0.795357  -0.361593   0.001000
 -0.693147  -0.260448  -0.439185   0.508753   0.795357  -0.361593   0.001000
 -0.700336  -0.252640  -0.433449   0.507765   1.210899  -0.779488   0.001000
 -0.689475  -0.269059  -0.437000   0.511137   1.499587  -0.681235   0.001000
 -0.693055  -0.257775  -0.444881   0.505279   1.191796  -0.990008   0.001000
 -0.693055  -0.257775  -0.444881   0.505279   1.191796  -0.990008   0.001000
 -0.693055  -0.257775  -0.444881   0.505279   1.191796  -0.990008   0.001000
 -0.693055  -0.257775  -0.444881   0.505279   1.191796  -0.990008   0.001000
 -0.577103  -0.340009  -0.377821   0.639216   0.445367  -0.796615   0.001000
 -0.577103  -0.340009  -0.377821   0.639216   0.445367  -0.796615   0.001000
 -0.577103  -0.340009  -0.377821   0.639216   0.445367  -0.796615   0.001000
 -0.577103  -0.340009  -0.377821   0.639216   0.445367  -0.796615   0.001000
 -0.597321  -0.330461  -0.362522   0.634493   1.426609  -0.528174   0.001000
 -0.694169  -0.255573  -0.439894   0.509220   1.278074  -0.461283   0.001000
 -0.694169  -0.255573  -0.439894   0.509220   1.278074  -0.461283   0.001000
 -0.694169  -0.255573  -0.439894   0.509220   1.278074  -0.461283   0.001000
 -0.694963  -0.259990  -0.439940   0.505851   1.188552  -0.795458   0.001000
 -0.694963  -0.259990  -0.439940   0.505851   1.188552  -0.795458   0.001000
 -0.694963  -0.259990  -0.439940   0.505851   1.188552  -0.795458   0.001000
 -0.694963  -0.259990  -0.439940   0.505851   1.188552  -0.795458   0.001000
 -0.694963  -0.259990  -0.439940   0.505851   1.188552  -0.795458   0.001000
 -0.694963  -0.259990  -0.439940   0.505851   1.188552  -0.795458   0.001000
 -0.682670  -0.261536  -0.436143   0.524729   1.653418  -0.776684   0.001000
 -0.693864  -0.251487  -0.440632   0.511029   1.183010  -0.704399   0.001000
 -0.584329  -0.334863  -0.370044   0.639916   0.992549  -1.038960   0.001000
 -0.584329  -0.334863  -0.370044   0.639916   0.992549  -1.038960   0.001000
 -0.692454  -0.260314  -0.437689   0.511051   1.551804  -0.734752   0.001000
 -0.692454  -0.260314  -0.437689   0.511051   1.551804  -0.734752   0.001000
 -0.692454  -0.260314  -0.437689   0.511051   1.551804  -0.734752   0.001000
 -0.695787  -0.256541  -0.439004   0.507289   0.751755  -0.860368   0.001000
 -0.695787  -0.256541  -0.439004   0.507289   0.751755  -0.860368   0.001000
 -0.695787  -0.256541  -0.439004   0.507289   0.751755  -0.860368   0.001000
 -0.695787  -0.256541  -0.439004   0.507289   0.751755  -0.860368   0.001000
 -0.695787  -0.256541  -0.439004   0.507289   0.751755  -0.860368   0.001000
 -0.695787  -0.256541  -0.439004   0.507289   0.751755  -0.860368   0.001000
 -0.695787  -0.256541  -0.439004   0.507289   0.751755  -0.860368   0.001000
 -0.695787  -0.256541  -0.439004   0.507289   0.751755  -0.860368   0.001000
 -0.695787  -0.256541  -0.439004   0.507289   0.751755  -0.860368   0.001000
 -0.695787  -0.256541  -0.439004   0.507289   0.751755  -0.860368   0.001000
 -0.695787  -0.256541  -0.439004   0.507289   0.751755  -0.860368   0.001000
 -0.695787  -0.256541  -0.439004   0.507289   0.751755  -0.860368   0.001000
 -0.690723  -0.259902  -0.442556   0.509409   1.527187  -0.820067   0.001000
 -0.690723  -0.259902  -0.442556   0.509409   1.527187  -0.820067   0.001000
 -0.570822  -0.341047  -0.383260   0.641063   1.061798  -0.345452   0.001000
 -0.570822  -0.341047  -0.383260   0.641063   1.061798  -0.345452   0.001000
 -0.570822  -0.341047  -0.383260   0.641063   1.061798  -0.345452   0.001000
 -0.570822  -0.341047  -0.383260   0.641063   1.061798  -0.345452   0.001000
 -0.570822  -0.341047  -0.383260   0.641063   1.061798  -0.345452   0.001000
 -0.570822  -0.341047  -0.383260   0.641063   1.061798  -0.345452   0.001000
 -0.570822  -0.341047  -0.383260   0.641063   1.061798  -0.345452   0.001000
 -0.570822  -0.341047  -0.383260   0.641063   1.061798  -0.345452   0.001000
 -0.570822  -0.341047  -0.383260   0.641063   1.061798  -0.345452   0.001000
 -0.570822  -0.341047  -0.383260   0.641063   1.061798  -0.345452   0.001000
 -0.570822  -0.341047  -0.383260   0.641063   1.061798  -0.345452   0.001000
 -0.570822  -0.341047  -0.383260   0.641063   1.061798  -0.345452   0.001000
 -0.570822  -0.341047  -0.383260   0.641063   1.061798  -0.345452   0.001000
 -0.570822  -0.341047  -0.383260   0.641063   1.061798  -0.345452   0.001000
 -0.570822  -0.341047  -0.383260   0.641063   1.061798  -0.345452   0.001000
 -0.570822  -0.341047  -0.383260   0.641063   1.061798  -0.345452   0.001000
 -0.570822  -0.341047  -0.383260   0.641063   1.061798  -0.345452   0.001000
 -0.570822  -0.341047  -0.383260   0.641063   1.061798  -0.345452   0.001000
 -0.570822  -0.341047  -0.383260   0.641063   1.061798  -0.345452   0.001000
 -0.570822  -0.341047  -0.383260   0.641063   1.061798  -0.345452   0.001000
 -0.692983  -0.262446  -0.438391   0.508635   1.343782  -0.451922   0.001000
 -0.692983  -0.262446  -0.438391   0.508635   1.343782  -0.451922   0.001000
 -0.577792  -0.336320  -0.394836   0.630199   0.316679  -0.683495   0.001000
 -0.698058  -0.240605  -0.427195   0.521851   0.681423  -0.580567   0.001000
 -0.692197  -0.260499  -0.435769   0.512941   1.553602  -0.901998   0.001000
 -0.692432  -0.267723  -0.427990   0.515447   1.271558  -0.597697   0.001000
 -0.692432  -0.267723  -0.427990   0.515447   1.271558  -0.597697   0.001000
 -0.691867  -0.267035  -0.434405   0.511180   0.956556  -0.604055   0.001000
 -0.691867  -0.267035  -0.434405   0.511180   0.956556  -0.604055   0.001000
 -0.693733  -0.256392  -0.437817   0.511190   1.008499  -0.786966   0.001000
 -0.693733  -0.256392  -0.437817   0.511190   1.008499  -0.786966   0.001000
 -0.693733  -0.256392  -0.437817   0.511190   1.008499  -0.786966   0.001000
 -0.693733  -0.256392  -0.437817   0.511190   1.008499  -0.786966   0.001000
 -0.693733  -0.256392  -0.437817   0.511190   1.008499  -0.786966   0.001000
 -0.693733  -0.256392  -0.437817   0.511190   1.008499  -0.786966   0.001000
 -0.693733  -0.256392  -0.437817   0.511190   1.008499  -0.786966   0.001000
 -0.693733  -0.256392  -0.437817   0.511190   1.008499  -0.786966   0.001000
 -0.693733  -0.256392  -0.437817   0.511190   1.008499  -0.786966   0.001000
 -0.693733  -0.256392  -0.437817   0.511190   1.008499  -0.786966   0.001000
 -0.693733  -0.256392  -0.437817   0.511190   1.008499  -0.786966   0.001000
 -0.693733  -0.256392  -0.437817   0.511190   1.008499  -0.786966   0.001000
 -0.693625  -0.252681  -0.439775   0.511503   1.113529  -0.379134   0.001000
 -0.693625  -0.252681  -0.439775   0.511503   1.113529  -0.379134   0.001000
 -0.693625  -0.252681  -0.439775   0.511503   1.113529  -0.379134   0.001000
 -0.693625  -0.252681  -0.439775   0.511503   1.113529  -0.379134   0.001000
 -0.693625  -0.252681  -0.439775   0.511503   1.113529  -0.379134   0.001000
 -0.680310  -0.270195  -0.432098   0.526749   1.466453  -0.576223   0.001000
 -0.680310  -0.270195  -0.432098   0.526749   1.466453  -0.576223   0.001000
 -0.680310  -0.270195  -0.432098   0.526749   1.466453  -0.576223   0.001000
 -0.689019  -0.254302  -0.438373   0.518085   1.323622  -0.777357   0.001000
 -0.689019  -0.254302  -0.438373   0.518085   1.323622  -0.777357   0.001000
 -0.584580  -0.322740  -0.386714   0.636048   1.253357  -0.676820   0.001000
 -0.575779  -0.337990  -0.379093   0.640726   1.383216  -0.887386   0.001000
 -0.695846  -0.256633  -0.435686   0.510014   1.724067  -1.031370   0.001000
 -0.688912  -0.265364  -0.443799   0.507961   1.125556  -0.737210   0.001000
 -0.688912  -0.265364  -0.443799   0.507961   1.125556  -0.737210   0.001000
 -0.688912  -0.265364  -0.443799   0.507961   1.125556  -0.737210   0.001000
 -0.688912  -0.265364  -0.443799   0.507961   1.125556  -0.737210   0.001000
 -0.688912  -0.265364  -0.443799   0.507961   1.125556  -0.737210   0.001000
 -0.688912  -0.265364  -0.443799   0.507961   1.125556  -0.737210   0.001000
 -0.688912  -0.265364  -0.443799   0.507961   1.125556  -0.737210   0.001000
 -0.581588  -0.341653  -0.378824   0.633657   0.618066  -0.817124   0.001000
 -0.695223  -0.260661  -0.438145   0.506705   1.008596  -0.416296   0.001000
 -0.695223  -0.260661  -0.438145   0.506705   1.008596  -0.416296   0.001000
 -0.695223  -0.260661  -0.438145   0.506705   1.008596  -0.416296   0.001000
 -0.694933  -0.258847  -0.440761   0.505762   0.977134  -0.378558   0.001000
 -0.694933  -0.258847  -0.440761   0.505762   0.977134  -0.378558   0.001000
 -0.694933  -0.258847  -0.440761   0.505762   0.977134  -0.378558   0.001000
 -0.694933  -0.258847  -0.440761   0.505762   0.977134  -0.378558   0.001000
 -0.694933  -0.258847  -0.440761   0.505762   0.977134  -0.378558   0.001000
 -0.694933  -0.258847  -0.440761   0.505762   0.977134  -0.378558   0.001000
 -0.694933  -0.258847  -0.440761   0.505762   0.977134  -0.378558   0.001000
 -0.694933  -0.258847  -0.440761   0.505762   0.977134  -0.378558   0.001000
 -0.694933  -0.258847  -0.440761   0.505762   0.977134  -0.378558   0.001000
 -0.694933  -0.258847  -0.440761   0.505762   0.977134  -0.378558   0.001000
 -0.694933  -0.258847  -0.440761   0.505762   0.977134  -0.378558   0.001000
 -0.694933  -0.258847  -0.440761   0.505762   0.977134  -0.378558   0.001000
 -0.694933  -0.258847  -0.440761   0.505762   0.977134  -0.378558   0.001000
 -0.694933  -0.258847  -0.440761   0.505762   0.977134  -0.378558   0.001000
 -0.694933  -0.258847  -0.440761   0.505762   0.977134  -0.378558   0.001000
 -0.694933  -0.258847  -0.440761   0.505762   0.977134  -0.378558   0.001000
 -0.693005  -0.258418  -0.439565   0.509654   1.042913  -0.683407   0.001000
 -0.693005  -0.258418  -0.439565   0.509654   1.042913  -0.683407   0.001000
 -0.693005  -0.258418  -0.439565   0.509654   1.042913  -0.683407   0.001000
 -0.693005  -0.258418  -0.439565   0.509654   1.042913  -0.683407   0.001000
 -0.693005  -0.258418  -0.439565   0.509654   1.042913  -0.683407   0.001000
 -0.688415  -0.256362  -0.448690   0.508961   1.042727  -0.802826   0.001000
 -0.688415  -0.256362  -0.448690   0.508961   1.042727  -0.802826   0.001000
 -0.698466  -0.250435  -0.431834   0.512784   1.252672  -0.680801   0.001000
 -0.698466  -0.250435  -0.431834   0.512784   1.252672  -0.680801   0.001000
 -0.696207  -0.256524  -0.432368   0.512396   1.083847  -0.449224   0.001000
 -0.696207  -0.256524  -0.432368   0.512396   1.083847  -0.449224   0.001000
 -0.696207  -0.256524  -0.432368   0.512396   1.083847  -0.449224   0.001000
 -0.696207  -0.256524  -0.432368   0.512396   1.083847  -0.449224   0.001000
 -0.699754  -0.259615  -0.435761   0.503048   1.351452  -0.633367   0.001000
 -0.699754  -0.259615  -0.435761   0.503048   1.351452  -0.633367   0.001000
 -0.692153  -0.258581  -0.442405   0.508270   1.190949  -0.582460   0.001000
 -0.692153  -0.258581  -0.442405   0.508270   1.190949  -0.582460   0.001000
 -0.692153  -0.258581  -0.442405   0.508270   1.190949  -0.582460   0.001000
 -0.692153  -0.258581  -0.442405   0.508270   1.190949  -0.582460   0.001000
 -0.692153  -0.258581  -0.442405   0.508270   1.190949  -0.582460   0.001000
 -0.692153  -0.258581  -0.442405   0.508270   1.190949  -0.582460   0.001000
 -0.692153  -0.258581  -0.442405   0.508270   1.190949  -0.582460   0.001000
 -0.682672  -0.264294  -0.450153   0.511341   1.628840  -0.592260   0.001000
 -0.698043  -0.254915  -0.436571   0.507110   1.633012  -0.971836   0.001000
 -0.698043  -0.254915  -0.436571   0.507110   1.633012  -0.971836   0.001000
 -0.696061  -0.252029  -0.438106   0.509944   1.572707  -0.718647   0.001000
 -0.695644  -0.255402  -0.432883   0.513285   1.568710  -0.847130   0.001000
 -0.692211  -0.259074  -0.443627   0.506873   1.859270  -0.849892   0.001000
 -0.692211  -0.259074  -0.443627   0.506873   1.859270  -0.849892   0.001000
 -0.692211  -0.259074  -0.443627   0.506873   1.859270  -0.849892   0.001000
 -0.692257  -0.265459  -0.451485   0.496461   0.758732  -0.412572   0.001000
 -0.692483  -0.260967  -0.438361   0.510100   0.754378  -0.549997   0.001000
 -0.692483  -0.260967  -0.438361   0.510100   0.754378  -0.549997   0.001000
 -0.692483  -0.260967  -0.438361   0.510100   0.754378  -0.549997   0.001000
 -0.692483  -0.260967  -0.438361   0.510100   0.754378  -0.549997   0.001000
 -0.692483  -0.260967  -0.438361   0.510100   0.754378  -0.549997   0.001000
 -0.692483  -0.260967  -0.438361   0.510100   0.754378  -0.549997   0.001000
 -0.572246  -0.338186  -0.385185   0.640154   1.744230  -0.788790   0.001000
 -0.694219  -0.249381  -0.436865   0.514799   1.004362  -0.423191   0.001000
 -0.694219  -0.249381  -0.436865   0.514799   1.004362  -0.423191   0.001000
 -0.694219  -0.249381  -0.436865   0.514799   1.004362  -0.423191   0.001000
 -0.694219  -0.249381  -0.436865   0.514799   1.004362  -0.423191   0.001000
 -0.694219  -0.249381  -0.436865   0.514799   1.004362  -0.423191   0.001000
 -0.694219  -0.249381  -0.436865   0.514799   1.004362  -0.423191   0.001000
 -0.694219  -0.249381  -0.436865   0.514799   1.004362  -0.423191   0.001000
 -0.694219  -0.249381  -0.436865   0.514799   1.004362  -0.423191   0.001000
 -0.694219  -0.249381  -0.436865   0.514799   1.004362  -0.423191   0.001000
 -0.694219  -0.249381  -0.436865   0.514799   1.004362  -0.423191   0.001000
 -0.692395  -0.258024  -0.441278   0.509203   1.011594  -1.143655   0.001000
 -0.692395  -0.258024  -0.441278   0.509203   1.011594  -1.143655   0.001000
 -0.692395  -0.258024  -0.441278   0.509203   1.011594  -1.143655   0.001000
 -0.692395  -0.258024  -0.441278   0.509203   1.011594  -1.143655   0.001000
 -0.687735  -0.260028  -0.447525   0.509047   1.099405  -0.635180   0.001000
 -0.687735  -0.260028  -0.447525   0.509047   1.099405  -0.635180   0.001000
 -0.687735  -0.260028  -0.447525   0.509047   1.099405  -0.635180   0.001000
 -0.687735  -0.260028  -0.447525   0.509047   1.099405  -0.635180   0.001000
 -0.687735  -0.260028  -0.447525   0.509047   1.099405  -0.635180   0.001000
 -0.687735  -0.260028  -0.447525   0.509047   1.099405  -0.635180   0.001000
 -0.687735  -0.260028  -0.447525   0.509047   1.099405  -0.635180   0.001000
 -0.687735  -0.260028  -0.447525   0.509047   1.099405  -0.635180   0.001000
 -0.687735  -0.260028  -0.447525   0.509047   1.099405  -0.635180   0.001000
 -0.687735  -0.260028  -0.447525   0.509047   1.099405  -0.635180   0.001000
 -0.693414  -0.252756  -0.440121   0.511453   1.589751  -0.655338   0.001000
 -0.693414  -0.252756  -0.440121   0.511453   1.589751  -0.655338   0.001000
 -0.695225  -0.256549  -0.437300   0.509523   1.100412  -0.378999   0.001000
 -0.695225  -0.256549  -0.437300   0.509523   1.100412  -0.378999   0.001000
 -0.695225  -0.256549  -0.437300   0.509523   1.100412  -0.378999   0.001000
 -0.695225  -0.256549  -0.437300   0.509523   1.100412  -0.378999   0.001000
 -0.695225  -0.256549  -0.437300   0.509523   1.100412  -0.378999   0.001000
 -0.695225  -0.256549  -0.437300   0.509523   1.100412  -0.378999   0.001000
 -0.695225  -0.256549  -0.437300   0.509523   1.100412  -0.378999   0.001000
 -0.695225  -0.256549  -0.437300   0.509523   1.100412  -0.378999   0.001000
 -0.695225  -0.256549  -0.437300   0.509523   1.100412  -0.378999   0.001000
 -0.695225  -0.256549  -0.437300   0.509523   1.100412  -0.378999   0.001000
 -0.695225  -0.256549  -0.437300   0.509523   1.100412  -0.378999   0.001000
 -0.695225  -0.256549  -0.437300   0.509523   1.100412  -0.378999   0.001000
 -0.693431  -0.258444  -0.437812   0.510568   1.182075  -1.071212   0.001000
 -0.693431  -0.258444  -0.437812   0.510568   1.182075  -1.071212   0.001000
 -0.697195  -0.255765  -0.434240   0.509841   1.417816  -0.839765   0.001000
 -0.697195  -0.255765  -0.434240   0.509841   1.417816  -0.839765   0.001000
 -0.690625  -0.260088  -0.441398   0.510450   1.457857  -0.286590   0.001000
 -0.690625  -0.260088  -0.441398   0.510450   1.457857  -0.286590   0.001000
 -0.690625  -0.260088  -0.441398   0.510450   1.457857  -0.286590   0.001000
 -0.690625  -0.260088  -0.441398   0.510450   1.457857  -0.286590   0.001000
 -0.690625  -0.260088  -0.441398   0.510450   1.457857  -0.286590   0.001000
 -0.690625  -0.260088  -0.441398   0.510450   1.457857  -0.286590   0.001000
 -0.690625  -0.260088  -0.441398   0.510450   1.457857  -0.286590   0.001000
 -0.690625  -0.260088  -0.441398   0.510450   1.457857  -0.286590   0.001000
 -0.690625  -0.260088  -0.441398   0.510450   1.457857  -0.286590   0.001000
 -0.690625  -0.260088  -0.441398   0.510450   1.457857  -0.286590   0.001000
 -0.690625  -0.260088  -0.441398   0.510450   1.457857  -0.286590   0.001000
 -0.688349  -0.259675  -0.437736   0.516847   0.848775  -0.813982   0.001000
 -0.688349  -0.259675  -0.437736   0.516847   0.848775  -0.813982   0.001000
 -0.692969  -0.261903  -0.437884   0.509371   1.174487  -0.472809   0.001000
 -0.692969  -0.261903  -0.437884   0.509371   1.174487  -0.472809   0.001000
 -0.692969  -0.261903  -0.437884   0.509371   1.174487  -0.472809   0.001000
 -0.689818  -0.261761  -0.443625   0.508752   0.895484  -0.913054   0.001000
 -0.689818  -0.261761  -0.443625   0.508752   0.895484  -0.913054   0.001000
 -0.689818  -0.261761  -0.443625   0.508752   0.895484  -0.913054   0.001000
 -0.692429  -0.258633  -0.437545   0.512060   0.800270  -0.480069   0.001000
 -0.692429  -0.258633  -0.437545   0.512060   0.800270  -0.480069   0.001000
 -0.692429  -0.258633  -0.437545   0.512060   0.800270  -0.480069   0.001000
 -0.692429  -0.258633  -0.437545   0.512060   0.800270  -0.480069   0.001000
 -0.692429  -0.258633  -0.437545   0.512060   0.800270  -0.480069   0.001000
 -0.687947  -0.256497  -0.441494   0.515773   1.431434  -0.515183   0.001000
 -0.687947  -0.256497  -0.441494   0.515773   1.431434  -0.515183   0.001000
 -0.687947  -0.256497  -0.441494   0.515773   1.431434  -0.515183   0.001000
 -0.687947  -0.256497  -0.441494   0.515773   1.431434  -0.515183   0.001000
 -0.687947  -0.256497  -0.441494   0.515773   1.431434  -0.515183   0.001000
 -0.687947  -0.256497  -0.441494   0.515773   1.431434  -0.515183   0.001000
 -0.687947  -0.256497  -0.441494   0.515773   1.431434  -0.515183   0.001000
 -0.687947  -0.256497  -0.441494   0.515773   1.431434  -0.515183   0.001000
 -0.687947  -0.256497  -0.441494   0.515773   1.431434  -0.515183   0.001000
 -0.687947  -0.256497  -0.441494   0.515773   1.431434  -0.515183   0.001000
 -0.693817  -0.262807  -0.439941   0.505967   1.495241  -1.157606   0.001000
 -0.706601  -0.258309  -0.426823   0.501810   1.200129  -0.825330   0.001000
 -0.696307  -0.254677  -0.439303   0.507257   1.357188  -0.527663   0.001000
 -0.696307  -0.254677  -0.439303   0.507257   1.357188  -0.527663   0.001000
 -0.696307  -0.254677  -0.439303   0.507257   1.357188  -0.527663   0.001000
 -0.693677  -0.260766  -0.441762   0.505628   0.818325  -1.171113   0.001000
 -0.693677  -0.260766  -0.441762   0.505628   0.818325  -1.171113   0.001000
 -0.693677  -0.260766  -0.441762   0.505628   0.818325  -1.171113   0.001000
 -0.701674  -0.264261  -0.428231   0.504418   0.720131  -0.904901   0.001000
 -0.692548  -0.254480  -0.440752   0.511229   0.744917  -0.589256   0.001000
 -0.692548  -0.254480  -0.440752   0.511229   0.744917  -0.589256   0.001000
 -0.692548  -0.254480  -0.440752   0.511229   0.744917  -0.589256   0.001000
 -0.692548  -0.254480  -0.440752   0.511229   0.744917  -0.589256   0.001000
 -0.692548  -0.254480  -0.440752   0.511229   0.744917  -0.589256   0.001000
 -0.692548  -0.254480  -0.440752   0.511229   0.744917  -0.589256   0.001000
 -0.692548  -0.254480  -0.440752   0.511229   0.744917  -0.589256   0.001000
 -0.692548  -0.254480  -0.440752   0.511229   0.744917  -0.589256   0.001000
 -0.692548  -0.254480  -0.440752   0.511229   0.744917  -0.589256   0.001000
 -0.692548  -0.254480  -0.440752   0.511229   0.744917  -0.589256   0.001000
 -0.692548  -0.254480  -0.440752   0.511229   0.744917  -0.589256   0.001000
 -0.692548  -0.254480  -0.440752   0.511229   0.744917  -0.589256   0.001000
 -0.692548  -0.254480  -0.440752   0.511229   0.744917  -0.589256   0.001000
 -0.692548  -0.254480  -0.440752   0.511229   0.744917  -0.589256   0.001000
 -0.692548  -0.254480  -0.440752   0.511229   0.744917  -0.589256   0.001000
 -0.692548  -0.254480  -0.440752   0.511229   0.744917  -0.589256   0.001000
 -0.692548  -0.254480  -0.440752   0.511229   0.744917  -0.589256   0.001000
 -0.693364  -0.258499  -0.434917   0.513101   0.939393  -0.833496   0.001000
 -0.693364  -0.258499  -0.434917   0.513101   0.939393  -0.833496   0.001000
 -0.693364  -0.258499  -0.434917   0.513101   0.939393  -0.833496   0.001000
 -0.693364  -0.258499  -0.434917   0.513101   0.939393  -0.833496   0.001000
 -0.693364  -0.258499  -0.434917   0.513101   0.939393  -0.833496   0.001000
 -0.693364  -0.258499  -0.434917   0.513101   0.939393  -0.833496   0.001000
 -0.693364  -0.258499  -0.434917   0.513101   0.939393  -0.833496   0.001000
 -0.693364  -0.258499  -0.434917   0.513101   0.939393  -0.833496   0.001000
 -0.695188  -0.254451  -0.438158   0.509888   0.937733  -0.886038   0.001000
 -0.695188  -0.254451  -0.438158   0.509888   0.937733  -0.886038   0.001000
 -0.695188  -0.254451  -0.438158   0.509888   0.937733  -0.886038   0.001000
 -0.695188  -0.254451  -0.438158   0.509888   0.937733  -0.886038   0.001000
 -0.695188  -0.254451  -0.438158   0.509888   0.937733  -0.886038   0.001000
 -0.695188  -0.254451  -0.438158   0.509888   0.937733  -0.886038   0.001000
 -0.695188  -0.254451  -0.438158   0.509888   0.937733  -0.886038   0.001000
 -0.695188  -0.254451  -0.438158   0.509888   0.937733  -0.886038   0.001000
 -0.695188  -0.254451  -0.438158   0.509888   0.937733  -0.886038   0.001000
 -0.576167  -0.342700  -0.387631   0.632718   0.707480  -0.863483   0.001000
 -0.582395  -0.328887  -0.388327   0.633918   1.940578  -0.588375   0.001000
 -0.686389  -0.259569  -0.445859   0.512546   1.581136  -0.702659   0.001000
 -0.686389  -0.259569  -0.445859   0.512546   1.581136  -0.702659   0.001000
 -0.686389  -0.259569  -0.445859   0.512546   1.581136  -0.702659   0.001000
 -0.686389  -0.259569  -0.445859   0.512546   1.581136  -0.702659   0.001000
 -0.686389  -0.259569  -0.445859   0.512546   1.581136  -0.702659   0.001000
 -0.694688  -0.266057  -0.432885   0.509150   1.368709  -1.032645   0.001000
 -0.695693  -0.258843  -0.437606   0.507458   0.971029  -0.525637   0.001000
 -0.701382  -0.251506  -0.432232   0.507920   1.035361  -0.364855   0.001000
 -0.701382  -0.251506  -0.432232   0.507920   1.035361  -0.364855   0.001000
 -0.694042  -0.259376  -0.442581   0.505125   0.916791  -0.617287   0.001000
 -0.694042  -0.259376  -0.442581   0.505125   0.916791  -0.617287   0.001000
 -0.694042  -0.259376  -0.442581   0.505125   0.916791  -0.617287   0.001000
 -0.694042  -0.259376  -0.442581   0.505125   0.916791  -0.617287   0.001000
 -0.694042  -0.259376  -0.442581   0.505125   0.916791  -0.617287   0.001000
 -0.694042  -0.259376  -0.442581   0.505125   0.916791  -0.617287   0.001000
 -0.694042  -0.259376  -0.442581   0.505125   0.916791  -0.617287   0.001000
 -0.694042  -0.259376  -0.442581   0.505125   0.916791  -0.617287   0.001000
 -0.694042  -0.259376  -0.442581   0.505125   0.916791  -0.617287   0.001000
 -0.694042  -0.259376  -0.442581   0.505125   0.916791  -0.617287   0.001000
 -0.694042  -0.259376  -0.442581   0.505125   0.916791  -0.617287   0.001000
 -0.694038  -0.260767  -0.438548   0.507924   1.500751  -0.393068   0.001000
 -0.694038  -0.260767  -0.438548   0.507924   1.500751  -0.393068   0.001000
 -0.694038  -0.260767  -0.438548   0.507924   1.500751  -0.393068   0.001000
 -0.694038  -0.260767  -0.438548   0.507924   1.500751  -0.393068   0.001000
 -0.694038  -0.260767  -0.438548   0.507924   1.500751  -0.393068   0.001000
 -0.694038  -0.260767  -0.438548   0.507924   1.500751  -0.393068   0.001000
 -0.583639  -0.330379  -0.368028   0.644027   0.528440  -0.418309   0.001000
 -0.583639  -0.330379  -0.368028   0.644027   0.528440  -0.418309   0.001000
 -0.583639  -0.330379  -0.368028   0.644027   0.528440  -0.418309   0.001000
 -0.583639  -0.330379  -0.368028   0.644027   0.528440  -0.418309   0.001000
 -0.583639  -0.330379  -0.368028   0.644027   0.528440  -0.418309   0.001000
 -0.692622  -0.259643  -0.439632   0.509493   0.933057  -0.540387   0.001000
 -0.692622  -0.259643  -0.439632   0.509493   0.933057  -0.540387   0.001000
 -0.692622  -0.259643  -0.439632   0.509493   0.933057  -0.540387   0.001000
 -0.692622  -0.259643  -0.439632   0.509493   0.933057  -0.540387   0.001000
 -0.692622  -0.259643  -0.439632   0.509493   0.933057  -0.540387   0.001000
 -0.692622  -0.259643  -0.439632   0.509493   0.933057  -0.540387   0.001000
 -0.692622  -0.259643  -0.439632   0.509493   0.933057  -0.540387   0.001000
 -0.692622  -0.259643  -0.439632   0.509493   0.933057  -0.540387   0.001000
 -0.692622  -0.259643  -0.439632   0.509493   0.933057  -0.540387   0.001000
 -0.692622  -0.259643  -0.439632   0.509493   0.933057  -0.540387   0.001000
 -0.692622  -0.259643  -0.439632   0.509493   0.933057  -0.540387   0.001000
 -0.692622  -0.259643  -0.439632   0.509493   0.933057  -0.540387   0.001000
 -0.692622  -0.259643  -0.439632   0.509493   0.933057  -0.540387   0.001000
 -0.692622  -0.259643  -0.439632   0.509493   0.933057  -0.540387   0.001000
 -0.693870  -0.264151  -0.436307   0.508336   1.183009  -0.704620   0.001000
 -0.693870  -0.264151  -0.436307   0.508336   1.183009  -0.704620   0.001000
 -0.690725  -0.256927  -0.440968   0.512284   1.368709  -0.953710   0.001000
 -0.690725  -0.256927  -0.440968   0.512284   1.368709  -0.953710   0.001000
 -0.698243  -0.256931  -0.434955   0.507206   0.581777  -0.470698   0.001000
 -0.698243  -0.256931  -0.434955   0.507206   0.581777  -0.470698   0.001000
 -0.698243  -0.256931  -0.434955   0.507206   0.581777  -0.470698   0.001000
 -0.698243  -0.256931  -0.434955   0.507206   0.581777  -0.470698   0.001000
 -0.692325  -0.257113  -0.440454   0.510470   1.421246  -0.686113   0.001000
 -0.692325  -0.257113  -0.440454   0.510470   1.421246  -0.686113   0.001000
 -0.692325  -0.257113  -0.440454   0.510470   1.421246  -0.686113   0.001000
 -0.692325  -0.257113  -0.440454   0.510470   1.421246  -0.686113   0.001000
 -0.692325  -0.257113  -0.440454   0.510470   1.421246  -0.686113   0.001000
 -0.692325  -0.257113  -0.440454   0.510470   1.421246  -0.686113   0.001000
 -0.692325  -0.257113  -0.440454   0.510470   1.421246  -0.686113   0.001000
 -0.692325  -0.257113  -0.440454   0.510470   1.421246  -0.686113   0.001000
 -0.692325  -0.257113  -0.440454   0.510470   1.421246  -0.686113   0.001000
 -0.692325  -0.257113  -0.440454   0.510470   1.421246  -0.686113   0.001000
 -0.692325  -0.257113  -0.440454   0.510470   1.421246  -0.686113   0.001000
 -0.692325  -0.257113  -0.440454   0.510470   1.421246  -0.686113   0.001000
 -0.692325  -0.257113  -0.440454   0.510470   1.421246  -0.686113   0.001000
 -0.696640  -0.258824  -0.436392   0.507212   1.291920  -0.347845   0.001000
 -0.696640  -0.258824  -0.436392   0.507212   1.291920  -0.347845   0.001000
 -0.696640  -0.258824  -0.436392   0.507212   1.291920  -0.347845   0.001000
 -0.689789  -0.262020  -0.438622   0.512979   1.660954  -0.659120   0.001000
 -0.689789  -0.262020  -0.438622   0.512979   1.660954  -0.659120   0.001000
 -0.696068  -0.260219  -0.434066   0.509276   1.113033  -1.052173   0.001000
 -0.696068  -0.260219  -0.434066   0.509276   1.113033  -1.052173   0.001000
 -0.696068  -0.260219  -0.434066   0.509276   1.113033  -1.052173   0.001000
 -0.689255  -0.256615  -0.446806   0.509353   0.930670  -0.371667   0.001000
 -0.689255  -0.256615  -0.446806   0.509353   0.930670  -0.371667   0.001000
 -0.689255  -0.256615  -0.446806   0.509353   0.930670  -0.371667   0.001000
 -0.689255  -0.256615  -0.446806   0.509353   0.930670  -0.371667   0.001000
 -0.689255  -0.256615  -0.446806   0.509353   0.930670  -0.371667   0.001000
 -0.696766  -0.257629  -0.437337   0.506835   0.873782  -0.429026   0.001000
 -0.696766  -0.257629  -0.437337   0.506835   0.873782  -0.429026   0.001000
 -0.696766  -0.257629  -0.437337   0.506835   0.873782  -0.429026   0.001000
 -0.696766  -0.257629  -0.437337   0.506835   0.873782  -0.429026   0.001000
 -0.696766  -0.257629  -0.437337   0.506835   0.873782  -0.429026   0.001000
 -0.696766  -0.257629  -0.437337   0.506835   0.873782  -0.429026   0.001000
 -0.563756  -0.344053  -0.400795   0.634957   0.836591  -0.461067   0.001000
 -0.584817  -0.333615  -0.368574   0.640971   1.229090  -0.763102   0.001000
 -0.694021  -0.261154  -0.441951   0.504790   1.130548  -0.334661   0.001000
 -0.694021  -0.261154  -0.441951   0.504790   1.130548  -0.334661   0.001000
 -0.694021  -0.261154  -0.441951   0.504790   1.130548  -0.334661   0.001000
 -0.694021  -0.261154  -0.441951   0.504790   1.130548  -0.334661   0.001000
 -0.694021  -0.261154  -0.441951   0.504790   1.130548  -0.334661   0.001000
 -0.694021  -0.261154  -0.441951   0.504790   1.130548  -0.334661   0.001000
 -0.694021  -0.261154  -0.441951   0.504790   1.130548  -0.334661   0.001000
 -0.691129  -0.257796  -0.434316   0.516963   0.701348  -0.758626   0.001000
 -0.691129  -0.257796  -0.434316   0.516963   0.701348  -0.758626   0.001000
 -0.691129  -0.257796  -0.434316   0.516963   0.701348  -0.758626   0.001000
 -0.691129  -0.257796  -0.434316   0.516963   0.701348  -0.758626   0.001000
 -0.691129  -0.257796  -0.434316   0.516963   0.701348  -0.758626   0.001000
 -0.693225  -0.254887  -0.434188   0.515706   1.281722  -0.636007   0.001000
 -0.693225  -0.254887  -0.434188   0.515706   1.281722  -0.636007   0.001000
 -0.691208  -0.260124  -0.433680   0.516225   0.567305  -0.775810   0.001000
 -0.691208  -0.260124  -0.433680   0.516225   0.567305  -0.775810   0.001000
 -0.691208  -0.260124  -0.433680   0.516225   0.567305  -0.775810   0.001000
 -0.587448  -0.339302  -0.371354   0.633937   1.007882  -0.760570   0.001000
 -0.688840  -0.259473  -0.447574   0.507791   0.779378  -0.767534   0.001000
 -0.688840  -0.259473  -0.447574   0.507791   0.779378  -0.767534   0.001000
 -0.688840  -0.259473  -0.447574   0.507791   0.779378  -0.767534   0.001000
 -0.690206  -0.252673  -0.445953   0.510781   1.281631  -1.036335   0.001000
 -0.690206  -0.252673  -0.445953   0.510781   1.281631  -1.036335   0.001000
 -0.693179  -0.259985  -0.441214   0.507188   1.330707  -0.733789   0.001000
 -0.693179  -0.259985  -0.441214   0.507188   1.330707  -0.733789   0.001000
 -0.693179  -0.259985  -0.441214   0.507188   1.330707  -0.733789   0.001000
 -0.693179  -0.259985  -0.441214   0.507188   1.330707  -0.733789   0.001000
 -0.693179  -0.259985  -0.441214   0.507188   1.330707  -0.733789   0.001000
 -0.693179  -0.259985  -0.441214   0.507188   1.330707  -0.733789   0.001000
 -0.693179  -0.259985  -0.441214   0.507188   1.330707  -0.733789   0.001000
 -0.693179  -0.259985  -0.441214   0.507188   1.330707  -0.733789   0.001000
 -0.693179  -0.259985  -0.441214   0.507188   1.330707  -0.733789   0.001000
 -0.693179  -0.259985  -0.441214   0.507188   1.330707  -0.733789   0.001000
 -0.693179  -0.259985  -0.441214   0.507188   1.330707  -0.733789   0.001000
 -0.693179  -0.259985  -0.441214   0.507188   1.330707  -0.733789   0.001000
 -0.693179  -0.259985  -0.441214   0.507188   1.330707  -0.733789   0.001000
 -0.690553  -0.254628  -0.440787   0.513818   1.322118  -0.641787   0.001000
 -0.690553  -0.254628  -0.440787   0.513818   1.322118  -0.641787   0.001000
 -0.690553  -0.254628  -0.440787   0.513818   1.322118  -0.641787   0.001000
 -0.692200  -0.251425  -0.442021   0.512115   0.966375  -0.345119   0.001000
 -0.692200  -0.251425  -0.442021   0.512115   0.966375  -0.345119   0.001000
 -0.692200  -0.251425  -0.442021   0.512115   0.966375  -0.345119   0.001000
 -0.692200  -0.251425  -0.442021   0.512115   0.966375  -0.345119   0.001000
 -0.692200  -0.251425  -0.442021   0.512115   0.966375  -0.345119   0.001000
 -0.692200  -0.251425  -0.442021   0.512115   0.966375  -0.345119   0.001000
 -0.692200  -0.251425  -0.442021   0.512115   0.966375  -0.345119   0.001000
 -0.692200  -0.251425  -0.442021   0.512115   0.966375  -0.345119   0.001000
 -0.692200  -0.251425  -0.442021   0.512115   0.966375  -0.345119   0.001000
 -0.693064  -0.254421  -0.436154   0.514493   1.462131  -0.827571   0.001000
 -0.693064  -0.254421  -0.436154   0.514493   1.462131  -0.827571   0.001000
 -0.693064  -0.254421  -0.436154   0.514493   1.462131  -0.827571   0.001000
 -0.696195  -0.267605  -0.440992   0.499226   0.808868  -0.525063   0.001000
 -0.696195  -0.267605  -0.440992   0.499226   0.808868  -0.525063   0.001000
 -0.696195  -0.267605  -0.440992   0.499226   0.808868  -0.525063   0.001000
 -0.691202  -0.266204  -0.442019   0.505959   1.416711  -1.124806   0.001000
 -0.691839  -0.258683  -0.447659   0.504027   1.693931  -0.559456   0.001000
 -0.691839  -0.258683  -0.447659   0.504027   1.693931  -0.559456   0.001000
 -0.691839  -0.258683  -0.447659   0.504027   1.693931  -0.559456   0.001000
 -0.691839  -0.258683  -0.447659   0.504027   1.693931  -0.559456   0.001000
 -0.691839  -0.258683  -0.447659   0.504027   1.693931  -0.559456   0.001000
 -0.691839  -0.258683  -0.447659   0.504027   1.693931  -0.559456   0.001000
 -0.691839  -0.258683  -0.447659   0.504027   1.693931  -0.559456   0.001000
 -0.691839  -0.258683  -0.447659   0.504027   1.693931  -0.559456   0.001000
 -0.696727  -0.258945  -0.438087   0.505568   1.480922  -0.772233   0.001000
 -0.696727  -0.258945  -0.438087   0.505568   1.480922  -0.772233   0.001000
 -0.696727  -0.258945  -0.438087   0.505568   1.480922  -0.772233   0.001000
 -0.578169  -0.335227  -0.379852   0.639575   0.800226  -0.676383   0.001000
 -0.578169  -0.335227  -0.379852   0.639575   0.800226  -0.676383   0.001000
 -0.578169  -0.335227  -0.379852   0.639575   0.800226  -0.676383   0.001000
 -0.578169  -0.335227  -0.379852   0.639575   0.800226  -0.676383   0.001000
 -0.578169  -0.335227  -0.379852   0.639575   0.800226  -0.676383   0.001000
 -0.578169  -0.335227  -0.379852   0.639575   0.800226  -0.676383   0.001000
 -0.578169  -0.335227  -0.379852   0.639575   0.800226  -0.676383   0.001000
 -0.578169  -0.335227  -0.379852   0.639575   0.800226  -0.676383   0.001000
 -0.578169  -0.335227  -0.379852   0.639575   0.800226  -0.676383   0.001000
 -0.578169  -0.335227  -0.379852   0.639575   0.800226  -0.676383   0.001000
 -0.578169  -0.335227  -0.379852   0.639575   0.800226  -0.676383   0.001000
 -0.702806  -0.252510  -0.432056   0.505598   1.324678  -0.606208   0.001000
 -0.702806  -0.252510  -0.432056   0.505598   1.324678  -0.606208   0.001000
 -0.689748  -0.253556  -0.445284   0.511545   1.163441  -0.888648   0.001000
 -0.689748  -0.253556  -0.445284   0.511545   1.163441  -0.888648   0.001000
 -0.689748  -0.253556  -0.445284   0.511545   1.163441  -0.888648   0.001000
 -0.693825  -0.262986  -0.438158   0.507408   1.181043  -0.569997   0.001000
 -0.693825  -0.262986  -0.438158   0.507408   1.181043  -0.569997   0.001000
 -0.578267  -0.332824  -0.376558   0.642681   0.934562  -0.429518   0.001000
 -0.578267  -0.332824  -0.376558   0.642681   0.934562  -0.429518   0.001000
 -0.692708  -0.258947  -0.439141   0.510154   1.109487  -0.802235   0.001000
 -0.692708  -0.258947  -0.439141   0.510154   1.109487  -0.802235   0.001000
 -0.692708  -0.258947  -0.439141   0.510154   1.109487  -0.802235   0.001000
 -0.692708  -0.258947  -0.439141   0.510154   1.109487  -0.802235   0.001000
 -0.696923  -0.257844  -0.438458   0.505539   0.708282  -1.067688   0.001000
 -0.696923  -0.257844  -0.438458   0.505539   0.708282  -1.067688   0.001000
 -0.696923  -0.257844  -0.438458   0.505539   0.708282  -1.067688   0.001000
 -0.696923  -0.257844  -0.438458   0.505539   0.708282  -1.067688   0.001000
 -0.696923  -0.257844  -0.438458   0.505539   0.708282  -1.067688   0.001000
 -0.696669  -0.246621  -0.434686   0.514664   1.147693  -0.668768   0.001000
 -0.696669  -0.246621  -0.434686   0.514664   1.147693  -0.668768   0.001000
 -0.680037  -0.290136  -0.444466   0.505786   1.811312  -0.673393   0.001000
 -0.694324  -0.258028  -0.433810   0.512976   1.161204  -0.887236   0.001000
 -0.687053  -0.263478  -0.440572   0.514231   0.648942  -0.487262   0.001000
 -0.687053  -0.263478  -0.440572   0.514231   0.648942  -0.487262   0.001000
 -0.687053  -0.263478  -0.440572   0.514231   0.648942  -0.487262   0.001000
 -0.687053  -0.263478  -0.440572   0.514231   0.648942  -0.487262   0.001000
 -0.687053  -0.263478  -0.440572   0.514231   0.648942  -0.487262   0.001000
 -0.693165  -0.262786  -0.437744   0.508770   0.603720  -0.785656   0.001000
 -0.693165  -0.262786  -0.437744   0.508770   0.603720  -0.785656   0.001000
 -0.693165  -0.262786  -0.437744   0.508770   0.603720  -0.785656   0.001000
 -0.693165  -0.262786  -0.437744   0.508770   0.603720  -0.785656   0.001000
 -0.581339  -0.338753  -0.374125   0.638218   1.294385  -0.676372   0.001000
 -0.581339  -0.338753  -0.374125   0.638218   1.294385  -0.676372   0.001000
 -0.581339  -0.338753  -0.374125   0.638218   1.294385  -0.676372   0.001000
 -0.581339  -0.338753  -0.374125   0.638218   1.294385  -0.676372   0.001000
 -0.690174  -0.259992  -0.444023   0.508830   1.613802  -0.903536   0.001000
 -0.690174  -0.259992  -0.444023   0.508830   1.613802  -0.903536   0.001000
 -0.693046  -0.252822  -0.439936   0.512079   1.142789  -0.964844   0.001000
 -0.693046  -0.252822  -0.439936   0.512079   1.142789  -0.964844   0.001000
 -0.692686  -0.262017  -0.440137   0.507752   1.556183  -0.468497   0.001000
 -0.689473  -0.263021  -0.443331   0.508827   0.782103  -0.665511   0.001000
 -0.689473  -0.263021  -0.443331   0.508827   0.782103  -0.665511   0.001000
 -0.689473  -0.263021  -0.443331   0.508827   0.782103  -0.665511   0.001000
 -0.689473  -0.263021  -0.443331   0.508827   0.782103  -0.665511   0.001000
 -0.689473  -0.263021  -0.443331   0.508827   0.782103  -0.665511   0.001000
 -0.689473  -0.263021  -0.443331   0.508827   0.782103  -0.665511   0.001000
 -0.689473  -0.263021  -0.443331   0.508827   0.782103  -0.665511   0.001000
 -0.689473  -0.263021  -0.443331   0.508827   0.782103  -0.665511   0.001000
 -0.689473  -0.263021  -0.443331   0.508827   0.782103  -0.665511   0.001000
 -0.689473  -0.263021  -0.443331   0.508827   0.782103  -0.665511   0.001000
 -0.580604  -0.338838  -0.380670   0.634963   1.479626  -0.558539   0.001000
 -0.580604  -0.338838  -0.380670   0.634963   1.479626  -0.558539   0.001000
 -0.580604  -0.338838  -0.380670   0.634963   1.479626  -0.558539   0.001000
 -0.580604  -0.338838  -0.380670   0.634963   1.479626  -0.558539   0.001000
 -0.686012  -0.266908  -0.454598   0.501485   0.861584  -0.480324   0.001000
 -0.686012  -0.266908  -0.454598   0.501485   0.861584  -0.480324   0.001000
 -0.686012  -0.266908  -0.454598   0.501485   0.861584  -0.480324   0.001000
 -0.686012  -0.266908  -0.454598   0.501485   0.861584  -0.480324   0.001000
 -0.686012  -0.266908  -0.454598   0.501485   0.861584  -0.480324   0.001000
 -0.689586  -0.265067  -0.442852   0.508028   0.625217  -0.423170   0.001000
 -0.689586  -0.265067  -0.442852   0.508028   0.625217  -0.423170   0.001000
 -0.702255  -0.262816  -0.430443   0.502478   1.142052  -0.534741   0.001000
 -0.693654  -0.258488  -0.440532   0.507898   1.266852  -0.806160   0.001000
 -0.693654  -0.258488  -0.440532   0.507898   1.266852  -0.806160   0.001000
 -0.693654  -0.258488  -0.440532   0.507898   1.266852  -0.806160   0.001000
 -0.693654  -0.258488  -0.440532   0.507898   1.266852  -0.806160   0.001000
 -0.693654  -0.258488  -0.440532   0.507898   1.266852  -0.806160   0.001000
 -0.693654  -0.258488  -0.440532   0.507898   1.266852  -0.806160   0.001000
 -0.693654  -0.258488  -0.440532   0.507898   1.266852  -0.806160   0.001000
 -0.693654  -0.258488  -0.440532   0.507898   1.266852  -0.806160   0.001000
 -0.693654  -0.258488  -0.440532   0.507898   1.266852  -0.806160   0.001000
 -0.693654  -0.258488  -0.440532   0.507898   1.266852  -0.806160   0.001000
 -0.693654  -0.258488  -0.440532   0.507898   1.266852  -0.806160   0.001000
 -0.693654  -0.258488  -0.440532   0.507898   1.266852  -0.806160   0.001000
 -0.693654  -0.258488  -0.440532   0.507898   1.266852  -0.806160   0.001000
 -0.693654  -0.258488  -0.440532   0.507898   1.266852  -0.806160   0.001000
 -0.693654  -0.258488  -0.440532   0.507898   1.266852  -0.806160   0.001000
 -0.691878  -0.258427  -0.439478   0.511253   1.006966  -0.764625   0.001000
 -0.691878  -0.258427  -0.439478   0.511253   1.006966  -0.764625   0.001000
 -0.691878  -0.258427  -0.439478   0.511253   1.006966  -0.764625   0.001000
 -0.691878  -0.258427  -0.439478   0.511253   1.006966  -0.764625   0.001000
 -0.691878  -0.258427  -0.439478   0.511253   1.006966  -0.764625   0.001000
 -0.691878  -0.258427  -0.439478   0.511253   1.006966  -0.764625   0.001000
 -0.691878  -0.258427  -0.439478   0.511253   1.006966  -0.764625   0.001000
 -0.691878  -0.258427  -0.439478   0.511253   1.006966  -0.764625   0.001000
 -0.691878  -0.258427  -0.439478   0.511253   1.006966  -0.764625   0.001000
 -0.691878  -0.258427  -0.439478   0.511253   1.006966  -0.764625   0.001000
 -0.691878  -0.258427  -0.439478   0.511253   1.006966  -0.764625   0.001000
 -0.691061  -0.252959  -0.434223   0.519517   0.827891  -0.551835   0.001000
 -0.691061  -0.252959  -0.434223   0.519517   0.827891  -0.551835   0.001000
 -0.691061  -0.252959  -0.434223   0.519517   0.827891  -0.551835   0.001000
 -0.699640  -0.259874  -0.438759   0.500459   1.010697  -0.361755   0.001000
 -0.699640  -0.259874  -0.438759   0.500459   1.010697  -0.361755   0.001000
 -0.699640  -0.259874  -0.438759   0.500459   1.010697  -0.361755   0.001000
 -0.688601  -0.261824  -0.440242   0.513288   1.352618  -0.556918   0.001000
 -0.688601  -0.261824  -0.440242   0.513288   1.352618  -0.556918   0.001000
 -0.688601  -0.261824  -0.440242   0.513288   1.352618  -0.556918   0.001000
 -0.686956  -0.252290  -0.444724   0.516393   1.147550  -0.785907   0.001000
 -0.571131  -0.334688  -0.385088   0.643040   1.020741  -0.738981   0.001000
 -0.690179  -0.256721  -0.441628   0.512554   1.273832  -1.006725   0.001000
 -0.685860  -0.254825  -0.443679   0.517503   0.973008  -0.221196   0.001000
 -0.685860  -0.254825  -0.443679   0.517503   0.973008  -0.221196   0.001000
 -0.685860  -0.254825  -0.443679   0.517503   0.973008  -0.221196   0.001000
 -0.685860  -0.254825  -0.443679   0.517503   0.973008  -0.221196   0.001000
 -0.685860  -0.254825  -0.443679   0.517503   0.973008  -0.221196   0.001000
 -0.685860  -0.254825  -0.443679   0.517503   0.973008  -0.221196   0.001000
 -0.685860  -0.254825  -0.443679   0.517503   0.973008  -0.221196   0.001000
 -0.685860  -0.254825  -0.443679   0.517503   0.973008  -0.221196   0.001000
 -0.695444  -0.256105  -0.435068   0.511355   1.651364  -0.802231   0.001000
 -0.695444  -0.256105  -0.435068   0.511355   1.651364  -0.802231   0.001000
 -0.692271  -0.259807  -0.440695   0.508969   0.605590  -0.930997   0.001000
 -0.692271  -0.259807  -0.440695   0.508969   0.605590  -0.930997   0.001000
 -0.692271  -0.259807  -0.440695   0.508969   0.605590  -0.930997   0.001000
 -0.692271  -0.259807  -0.440695   0.508969   0.605590  -0.930997   0.001000
 -0.689962  -0.267436  -0.445957   0.503541   1.436960  -0.852537   0.001000
 -0.561894  -0.338483  -0.390026   0.646208   0.902712  -0.828248   0.001000
 -0.691934  -0.259625  -0.439757   0.510329   1.092149  -0.830835   0.001000
 -0.691934  -0.259625  -0.439757   0.510329   1.092149  -0.830835   0.001000
 -0.691934  -0.259625  -0.439757   0.510329   1.092149  -0.830835   0.001000
 -0.691934  -0.259625  -0.439757   0.510329   1.092149  -0.830835   0.001000
 -0.691934  -0.259625  -0.439757   0.510329   1.092149  -0.830835   0.001000
 -0.691934  -0.259625  -0.439757   0.510329   1.092149  -0.830835   0.001000
 -0.691934  -0.259625  -0.439757   0.510329   1.092149  -0.830835   0.001000
 -0.691934  -0.259625  -0.439757   0.510329   1.092149  -0.830835   0.001000
 -0.691934  -0.259625  -0.439757   0.510329   1.092149  -0.830835   0.001000
 -0.691934  -0.259625  -0.439757   0.510329   1.092149  -0.830835   0.001000
 -0.435228  -0.387142  -0.596250   0.552434   1.321396  -0.683133   0.001000
 -0.692644  -0.257536  -0.441086   0.509276   0.839972  -0.338331   0.001000
 -0.692644  -0.257536  -0.441086   0.509276   0.839972  -0.338331   0.001000
 -0.692644  -0.257536  -0.441086   0.509276   0.839972  -0.338331   0.001000
 -0.692644  -0.257536  -0.441086   0.509276   0.839972  -0.338331   0.001000
 -0.692644  -0.257536  -0.441086   0.509276   0.839972  -0.338331   0.001000
 -0.692644  -0.257536  -0.441086   0.509276   0.839972  -0.338331   0.001000
 -0.692644  -0.257536  -0.441086   0.509276   0.839972  -0.338331   0.001000
 -0.692644  -0.257536  -0.441086   0.509276   0.839972  -0.338331   0.001000
 -0.692644  -0.257536  -0.441086   0.509276   0.839972  -0.338331   0.001000
 -0.692644  -0.257536  -0.441086   0.509276   0.839972  -0.338331   0.001000
 -0.692644  -0.257536  -0.441086   0.509276   0.839972  -0.338331   0.001000
 -0.692644  -0.257536  -0.441086   0.509276   0.839972  -0.338331   0.001000
 -0.692644  -0.257536  -0.441086   0.509276   0.839972  -0.338331   0.001000
 -0.692644  -0.257536  -0.441086   0.509276   0.839972  -0.338331   0.001000
 -0.692644  -0.257536  -0.441086   0.509276   0.839972  -0.338331   0.001000
 -0.692644  -0.257536  -0.441086   0.509276   0.839972  -0.338331   0.001000
 -0.692644  -0.257536  -0.441086   0.509276   0.839972  -0.338331   0.001000
 -0.687079  -0.261742  -0.440630   0.515034   1.225877  -0.889230   0.001000
 -0.694677  -0.257262  -0.438016   0.509295   0.618941  -0.529202   0.001000
 -0.694677  -0.257262  -0.438016   0.509295   0.618941  -0.529202   0.001000
 -0.694677  -0.257262  -0.438016   0.509295   0.618941  -0.529202   0.001000
 -0.694677  -0.257262  -0.438016   0.509295   0.618941  -0.529202   0.001000
 -0.694677  -0.257262  -0.438016   0.509295   0.618941  -0.529202   0.001000
 -0.694677  -0.257262  -0.438016   0.509295   0.618941  -0.529202   0.001000
 -0.694677  -0.257262  -0.438016   0.509295   0.618941  -0.529202   0.001000
 -0.694677  -0.257262  -0.438016   0.509295   0.618941  -0.529202   0.001000
 -0.694677  -0.257262  -0.438016   0.509295   0.618941  -0.529202   0.001000
 -0.694677  -0.257262  -0.438016   0.509295   0.618941  -0.529202   0.001000
 -0.694677  -0.257262  -0.438016   0.509295   0.618941  -0.529202   0.001000
 -0.694677  -0.257262  -0.438016   0.509295   0.618941  -0.529202   0.001000
 -0.694677  -0.257262  -0.438016   0.509295   0.618941  -0.529202   0.001000
 -0.694677  -0.257262  -0.438016   0.509295   0.618941  -0.529202   0.001000
 -0.694677  -0.257262  -0.438016   0.509295   0.618941  -0.529202   0.001000
 -0.694677  -0.257262  -0.438016   0.509295   0.618941  -0.529202   0.001000
 -0.694677  -0.257262  -0.438016   0.509295   0.618941  -0.529202   0.001000
 -0.691635  -0.259654  -0.437950   0.512271   0.483426  -0.510216   0.001000
 -0.691635  -0.259654  -0.437950   0.512271   0.483426  -0.510216   0.001000
 -0.691635  -0.259654  -0.437950   0.512271   0.483426  -0.510216   0.001000
 -0.691635  -0.259654  -0.437950   0.512271   0.483426  -0.510216   0.001000
 -0.691635  -0.259654  -0.437950   0.512271   0.483426  -0.510216   0.001000
 -0.691635  -0.259654  -0.437950   0.512271   0.483426  -0.510216   0.001000
 -0.691635  -0.259654  -0.437950   0.512271   0.483426  -0.510216   0.001000
 -0.691635  -0.259654  -0.437950   0.512271   0.483426  -0.510216   0.001000
 -0.591475  -0.323545  -0.390194   0.627076   1.851930  -0.453192   0.001000
 -0.692624  -0.254263  -0.439639   0.512191   0.731773  -0.618392   0.001000
 -0.692624  -0.254263  -0.439639   0.512191   0.731773  -0.618392   0.001000
 -0.692624  -0.254263  -0.439639   0.512191   0.731773  -0.618392   0.001000
 -0.692624  -0.254263  -0.439639   0.512191   0.731773  -0.618392   0.001000
 -0.692624  -0.254263  -0.439639   0.512191   0.731773  -0.618392   0.001000
 -0.692624  -0.254263  -0.439639   0.512191   0.731773  -0.618392   0.001000
 -0.692624  -0.254263  -0.439639   0.512191   0.731773  -0.618392   0.001000
 -0.692624  -0.254263  -0.439639   0.512191   0.731773  -0.618392   0.001000
 -0.692624  -0.254263  -0.439639   0.512191   0.731773  -0.618392   0.001000
 -0.692624  -0.254263  -0.439639   0.512191   0.731773  -0.618392   0.001000
 -0.692624  -0.254263  -0.439639   0.512191   0.731773  -0.618392   0.001000
 -0.692624  -0.254263  -0.439639   0.512191   0.731773  -0.618392   0.001000
 -0.692624  -0.254263  -0.439639   0.512191   0.731773  -0.618392   0.001000
 -0.577909  -0.335366  -0.388705   0.634397   0.693288  -0.597568   0.001000
 -0.577909  -0.335366  -0.388705   0.634397   0.693288  -0.597568   0.001000
 -0.577909  -0.335366  -0.388705   0.634397   0.693288  -0.597568   0.001000
 -0.577909  -0.335366  -0.388705   0.634397   0.693288  -0.597568   0.001000
 -0.577909  -0.335366  -0.388705   0.634397   0.693288  -0.597568   0.001000
 -0.696901  -0.261597  -0.429848   0.511006   0.966519  -1.066930   0.001000
 -0.696204  -0.259365  -0.436672   0.507295   1.477647  -0.849108   0.001000
 -0.696204  -0.259365  -0.436672   0.507295   1.477647  -0.849108   0.001000
 -0.696204  -0.259365  -0.436672   0.507295   1.477647  -0.849108   0.001000
 -0.696204  -0.259365  -0.436672   0.507295   1.477647  -0.849108   0.001000
 -0.693570  -0.267521  -0.443629   0.500587   0.400056  -0.975361   0.001000
 -0.693122  -0.255521  -0.440347   0.510280   1.248735  -0.827847   0.001000
 -0.693122  -0.255521  -0.440347   0.510280   1.248735  -0.827847   0.001000
 -0.693122  -0.255521  -0.440347   0.510280   1.248735  -0.827847   0.001000
 -0.697676  -0.258234  -0.436853   0.505690   1.406167  -1.144705   0.001000
 -0.697486  -0.255097  -0.435704   0.508528   0.756218  -0.844954   0.001000
 -0.697486  -0.255097  -0.435704   0.508528   0.756218  -0.844954   0.001000
 -0.697486  -0.255097  -0.435704   0.508528   0.756218  -0.844954   0.001000
 -0.697486  -0.255097  -0.435704   0.508528   0.756218  -0.844954   0.001000
 -0.697486  -0.255097  -0.435704   0.508528   0.756218  -0.844954   0.001000
 -0.697486  -0.255097  -0.435704   0.508528   0.756218  -0.844954   0.001000
 -0.697486  -0.255097  -0.435704   0.508528   0.756218  -0.844954   0.001000
 -0.693766  -0.256059  -0.437678   0.511430   1.167180  -0.435363   0.001000
 -0.693766  -0.256059  -0.437678   0.511430   1.167180  -0.435363   0.001000
 -0.693766  -0.256059  -0.437678   0.511430   1.167180  -0.435363   0.001000
 -0.693766  -0.256059  -0.437678   0.511430   1.167180  -0.435363   0.001000
 -0.693766  -0.256059  -0.437678   0.511430   1.167180  -0.435363   0.001000
 -0.693766  -0.256059  -0.437678   0.511430   1.167180  -0.435363   0.001000
 -0.693766  -0.256059  -0.437678   0.511430   1.167180  -0.435363   0.001000
 -0.693766  -0.256059  -0.437678   0.511430   1.167180  -0.435363   0.001000
 -0.693766  -0.256059  -0.437678   0.511430   1.167180  -0.435363   0.001000
 -0.693766  -0.256059  -0.437678   0.511430   1.167180  -0.435363   0.001000
 -0.693766  -0.256059  -0.437678   0.511430   1.167180  -0.435363   0.001000
 -0.693766  -0.256059  -0.437678   0.511430   1.167180  -0.435363   0.001000
 -0.693766  -0.256059  -0.437678   0.511430   1.167180  -0.435363   0.001000
 -0.688468  -0.263811  -0.441625   0.511257   1.683567  -0.439910   0.001000
 -0.688468  -0.263811  -0.441625   0.511257   1.683567  -0.439910   0.001000
 -0.694265  -0.256593  -0.434236   0.513415   1.320253  -1.023784   0.001000
 -0.705642  -0.266362  -0.434724   0.492073   0.241651  -0.781789   0.001000
 -0.694223  -0.261209  -0.439687   0.506457   1.678643  -0.323374   0.001000
 -0.694223  -0.261209  -0.439687   0.506457   1.678643  -0.323374   0.001000
 -0.694223  -0.261209  -0.439687   0.506457   1.678643  -0.323374   0.001000
 -0.582962  -0.337753  -0.375274   0.636590   1.364737  -0.660985   0.001000
 -0.582962  -0.337753  -0.375274   0.636590   1.364737  -0.660985   0.001000
 -0.582962  -0.337753  -0.375274   0.636590   1.364737  -0.660985   0.001000
 -0.582962  -0.337753  -0.375274   0.636590   1.364737  -0.660985   0.001000
 -0.690961  -0.254596  -0.435572   0.517718   0.518666  -0.289047   0.001000
 -0.688626  -0.254687  -0.437202   0.519407   0.560862  -0.094512   0.001000
 -0.688626  -0.254687  -0.437202   0.519407   0.560862  -0.094512   0.001000
 -0.688626  -0.254687  -0.437202   0.519407   0.560862  -0.094512   0.001000
 -0.688626  -0.254687  -0.437202   0.519407   0.560862  -0.094512   0.001000
 -0.689986  -0.257184  -0.442964   0.511428   0.478017  -0.429817   0.001000
 -0.689986  -0.257184  -0.442964   0.511428   0.478017  -0.429817   0.001000
 -0.690281  -0.256842  -0.437938   0.515514   0.653777   0.136628   0.001000
 -0.695203  -0.260494  -0.429762   0.513946   0.820596  -0.401479   0.001000
 -0.683302  -0.251631  -0.446886   0.519686   0.809827  -0.238590   0.001000
 -0.683302  -0.251631  -0.446886   0.519686   0.809827  -0.238590   0.001000
 -0.689916  -0.257882  -0.435116   0.517868   1.115779  -0.651337   0.001000
 -0.689916  -0.257882  -0.435116   0.517868   1.115779  -0.651337   0.001000
 -0.689364  -0.269657  -0.430966   0.516073   1.254411  -0.442014   0.001000
 -0.694338  -0.257304  -0.426856   0.519118   1.291360  -0.435085   0.001000
 -0.688020  -0.258451  -0.438428   0.517313   0.923493  -0.197296   0.001000
 -0.688020  -0.258451  -0.438428   0.517313   0.923493  -0.197296   0.001000
 -0.688020  -0.258451  -0.438428   0.517313   0.923493  -0.197296   0.001000
 -0.688020  -0.258451  -0.438428   0.517313   0.923493  -0.197296   0.001000
 -0.688020  -0.258451  -0.438428   0.517313   0.923493  -0.197296   0.001000
 -0.688020  -0.258451  -0.438428   0.517313   0.923493  -0.197296   0.001000
 -0.695283  -0.243060  -0.431886   0.520555   0.620495  -0.498355   0.001000
 -0.685261  -0.269917  -0.427844   0.523939   1.353842  -0.541466   0.001000
 -0.686365  -0.254045  -0.437307   0.522615   0.321419  -0.001228   0.001000
 -0.694190  -0.252809  -0.436588   0.513400   0.909976  -0.680258   0.001000
 -0.694190  -0.252809  -0.436588   0.513400   0.909976  -0.680258   0.001000
 -0.694190  -0.252809  -0.436588   0.513400   0.909976  -0.680258   0.001000
 -0.694190  -0.252809  -0.436588   0.513400   0.909976  -0.680258   0.001000
 -0.694190  -0.252809  -0.436588   0.513400   0.909976  -0.680258   0.001000
 -0.577091  -0.331667  -0.373018   0.646390   0.850640   0.004636   0.001000
 -0.577091  -0.331667  -0.373018   0.646390   0.850640   0.004636   0.001000
 -0.682746  -0.278242  -0.426994   0.523560   0.550486  -0.274208   0.001000
 -0.685208  -0.255735  -0.438256   0.522514   0.412744  -0.057802   0.001000
 -0.578263  -0.328461  -0.378741   0.643647   0.457661   0.114264   0.001000
 -0.689724  -0.254726  -0.442462   0.513442   0.306951  -0.662736   0.001000
 -0.694827  -0.255228  -0.436856   0.511108   0.695817  -0.607443   0.001000
 -0.694827  -0.255228  -0.436856   0.511108   0.695817  -0.607443   0.001000
 -0.694827  -0.255228  -0.436856   0.511108   0.695817  -0.607443   0.001000
 -0.694827  -0.255228  -0.436856   0.511108   0.695817  -0.607443   0.001000
 -0.690739  -0.258960  -0.438624   0.513252   0.917763  -0.436696   0.001000
 -0.690739  -0.258960  -0.438624   0.513252   0.917763  -0.436696   0.001000
 -0.690739  -0.258960  -0.438624   0.513252   0.917763  -0.436696   0.001000
 -0.690739  -0.258960  -0.438624   0.513252   0.917763  -0.436696   0.001000
 -0.690739  -0.258960  -0.438624   0.513252   0.917763  -0.436696   0.001000
 -0.690199  -0.256174  -0.435869   0.517704   0.949164  -0.726277   0.001000
 -0.690199  -0.256174  -0.435869   0.517704   0.949164  -0.726277   0.001000
 -0.690199  -0.256174  -0.435869   0.517704   0.949164  -0.726277   0.001000
 -0.687683  -0.262175  -0.444364   0.510781   0.022639  -0.578601   0.001000
 -0.695122  -0.253578  -0.434196   0.513787   0.891660  -0.479782   0.001000
 -0.695122  -0.253578  -0.434196   0.513787   0.891660  -0.479782   0.001000
 -0.695122  -0.253578  -0.434196   0.513787   0.891660  -0.479782   0.001000
 -0.695122  -0.253578  -0.434196   0.513787   0.891660  -0.479782   0.001000
 -0.695122  -0.253578  -0.434196   0.513787   0.891660  -0.479782   0.001000
 -0.697497  -0.249176  -0.435464   0.511644   0.805669  -0.419459   0.001000
 -0.697497  -0.249176  -0.435464   0.511644   0.805669  -0.419459   0.001000
 -0.697497  -0.249176  -0.435464   0.511644   0.805669  -0.419459   0.001000
 -0.581478  -0.330746  -0.372884   0.642999  -0.082437  -0.236397   0.001000
 -0.692470  -0.256725  -0.434053   0.515922   0.415127  -0.980220   0.001000
 -0.692470  -0.256725  -0.434053   0.515922   0.415127  -0.980220   0.001000
 -0.689901  -0.250896  -0.438304   0.518631   0.454010  -0.124620   0.001000
 -0.689901  -0.250896  -0.438304   0.518631   0.454010  -0.124620   0.001000
 -0.689901  -0.250896  -0.438304   0.518631   0.454010  -0.124620   0.001000
 -0.686312  -0.259567  -0.439852   0.517814   0.003108  -0.215028   0.001000
 -0.691692  -0.248079  -0.440275   0.515924   0.752755  -0.352520   0.001000
 -0.691692  -0.248079  -0.440275   0.515924   0.752755  -0.352520   0.001000
 -0.692636  -0.253458  -0.436749   0.515038   0.880659  -0.559681   0.001000
 -0.692636  -0.253458  -0.436749   0.515038   0.880659  -0.559681   0.001000
 -0.692636  -0.253458  -0.436749   0.515038   0.880659  -0.559681   0.001000
 -0.692636  -0.253458  -0.436749   0.515038   0.880659  -0.559681   0.001000
 -0.692636  -0.253458  -0.436749   0.515038   0.880659  -0.559681   0.001000
 -0.692636  -0.253458  -0.436749   0.515038   0.880659  -0.559681   0.001000
 -0.687862  -0.257562  -0.437194   0.519008   0.802761  -0.393080   0.001000
 -0.687862  -0.257562  -0.437194   0.519008   0.802761  -0.393080   0.001000
 -0.687862  -0.257562  -0.437194   0.519008   0.802761  -0.393080   0.001000
 -0.687862  -0.257562  -0.437194   0.519008   0.802761  -0.393080   0.001000
 -0.687862  -0.257562  -0.437194   0.519008   0.802761  -0.393080   0.001000
 -0.570162  -0.335782  -0.381406   0.645520   0.277047  -0.069630   0.001000
 -0.570162  -0.335782  -0.381406   0.645520   0.277047  -0.069630   0.001000
 -0.584525  -0.320046  -0.382679   0.639889   0.426523  -0.529133   0.001000
 -0.688300  -0.263381  -0.440652   0.512542   1.225414  -0.576940   0.001000
 -0.688300  -0.263381  -0.440652   0.512542   1.225414  -0.576940   0.001000
 -0.688300  -0.263381  -0.440652   0.512542   1.225414  -0.576940   0.001000
 -0.685603  -0.261619  -0.439813   0.517754   1.468211  -0.777138   0.001000
 -0.683937  -0.263523  -0.445608   0.514023   1.400383  -0.683008   0.001000
 -0.683937  -0.263523  -0.445608   0.514023   1.400383  -0.683008   0.001000
 -0.695075  -0.252291  -0.427332   0.520198   1.663594  -0.053256   0.001000
 -0.684382  -0.265181  -0.440342   0.517106   1.189627  -0.730368   0.001000
 -0.692517  -0.261036  -0.435987   0.512049   1.012910  -0.093616   0.001000
 -0.692517  -0.261036  -0.435987   0.512049   1.012910  -0.093616   0.001000
 -0.684455  -0.260760  -0.447284   0.513287   1.139007  -0.279812   0.001000
 -0.684455  -0.260760  -0.447284   0.513287   1.139007  -0.279812   0.001000
 -0.684455  -0.260760  -0.447284   0.513287   1.139007  -0.279812   0.001000
 -0.681288  -0.261463  -0.452435   0.512627   1.579590  -0.263298   0.001000
 -0.691182  -0.262249  -0.438397   0.511176   1.128263  -0.564747   0.001000
 -0.691182  -0.262249  -0.438397   0.511176   1.128263  -0.564747   0.001000
 -0.691182  -0.262249  -0.438397   0.511176   1.128263  -0.564747   0.001000
 -0.689261  -0.261229  -0.450191   0.503990   1.122136  -0.472865   0.001000
 -0.689261  -0.261229  -0.450191   0.503990   1.122136  -0.472865   0.001000
 -0.682895  -0.283472  -0.437085   0.512109   0.990915  -0.467835   0.001000
 -0.687057  -0.257290  -0.452261   0.507163   1.316987  -0.239851   0.001000
 -0.687057  -0.257290  -0.452261   0.507163   1.316987  -0.239851   0.001000
 -0.687348  -0.262587  -0.442669   0.512490   1.144028  -0.698886   0.001000
 -0.687348  -0.262587  -0.442669   0.512490   1.144028  -0.698886   0.001000
 -0.687348  -0.262587  -0.442669   0.512490   1.144028  -0.698886   0.001000
 -0.687348  -0.262587  -0.442669   0.512490   1.144028  -0.698886   0.001000
 -0.685354  -0.261058  -0.443798   0.514958   1.969341  -0.412008   0.001000
 -0.687684  -0.260029  -0.444031   0.512164   0.939551  -0.555817   0.001000
 -0.687684  -0.260029  -0.444031   0.512164   0.939551  -0.555817   0.001000
 -0.687684  -0.260029  -0.444031   0.512164   0.939551  -0.555817   0.001000
 -0.688309  -0.262225  -0.444501   0.509791   1.034043  -0.348722   0.001000
 -0.688309  -0.262225  -0.444501   0.509791   1.034043  -0.348722   0.001000
 -0.688309  -0.262225  -0.444501   0.509791   1.034043  -0.348722   0.001000
 -0.688309  -0.262225  -0.444501   0.509791   1.034043  -0.348722   0.001000
 -0.688309  -0.262225  -0.444501   0.509791   1.034043  -0.348722   0.001000
 -0.688309  -0.262225  -0.444501   0.509791   1.034043  -0.348722   0.001000
 -0.693723  -0.257865  -0.438605   0.509784   1.375497  -0.530350   0.001000
 -0.693723  -0.257865  -0.438605   0.509784   1.375497  -0.530350   0.001000
 -0.693723  -0.257865  -0.438605   0.509784   1.375497  -0.530350   0.001000
 -0.693723  -0.257865  -0.438605   0.509784   1.375497  -0.530350   0.001000
 -0.693723  -0.257865  -0.438605   0.509784   1.375497  -0.530350   0.001000
 -0.687572  -0.262400  -0.439343   0.515139   1.218825  -0.113518   0.001000
 -0.687572  -0.262400  -0.439343   0.515139   1.218825  -0.113518   0.001000
 -0.687572  -0.262400  -0.439343   0.515139   1.218825  -0.113518   0.001000
 -0.687572  -0.262400  -0.439343   0.515139   1.218825  -0.113518   0.001000
 -0.701548  -0.258963  -0.421965   0.512555   1.292544  -0.523501   0.001000
 -0.694019  -0.249081  -0.433813   0.517786   0.243508  -0.346214   0.001000
