 -0.328236  -0.107757  -0.706487   0.617678   0.779334  -0.390537   0.001000
 -0.328236  -0.107757  -0.706487   0.617678   0.779334  -0.390537   0.001000
 -0.328236  -0.107757  -0.706487   0.617678   0.779334  -0.390537   0.001000
 -0.328236  -0.107757  -0.706487   0.617678   0.779334  -0.390537   0.001000
 -0.312775  -0.110796  -0.706170   0.625476   0.317591  -0.603731   0.001000
 -0.312775  -0.110796  -0.706170   0.625476   0.317591  -0.603731   0.001000
 -0.312775  -0.110796  -0.706170   0.625476   0.317591  -0.603731   0.001000
 -0.326505  -0.117385  -0.700068   0.624115   0.123642  -0.540423   0.001000
 -0.320503  -0.114432  -0.700553   0.627222  -0.188430   0.343123   0.001000
 -0.311548  -0.113700  -0.699914   0.632559   1.157564  -0.413911   0.001000
 -0.312473  -0.109269  -0.706019   0.626066   0.224827  -0.281052   0.001000
 -0.312473  -0.109269  -0.706019   0.626066   0.224827  -0.281052   0.001000
 -0.312473  -0.109269  -0.706019   0.626066   0.224827  -0.281052   0.001000
 -0.319102  -0.108695  -0.702587   0.626683  -0.006193   0.662474   0.001000
 -0.317098  -0.110928  -0.705428   0.624111   0.236524   0.028314   0.001000
 -0.317098  -0.110928  -0.705428   0.624111   0.236524   0.028314   0.001000
 -0.317098  -0.110928  -0.705428   0.624111   0.236524   0.028314   0.001000
 -0.317098  -0.110928  -0.705428   0.624111   0.236524   0.028314   0.001000
 -0.315714  -0.115969  -0.703495   0.626075   0.526653   0.041303   0.001000
 -0.315714  -0.115969  -0.703495   0.626075   0.526653   0.041303   0.001000
 -0.301045  -0.134716  -0.703223   0.629842   0.138056   0.055205   0.001000
 -0.301045  -0.134716  -0.703223   0.629842   0.138056   0.055205   0.001000
 -0.308752  -0.116299  -0.700313   0.633016  -0.122724  -0.451981   0.001000
 -0.308752  -0.116299  -0.700313   0.633016  -0.122724  -0.451981   0.001000
 -0.308752  -0.116299  -0.700313   0.633016  -0.122724  -0.451981   0.001000
 -0.310900  -0.106769  -0.698851   0.635255   0.730665   0.193046   0.001000
 -0.319350  -0.118120  -0.703385   0.623949  -0.061306  -0.137883   0.001000
 -0.314285  -0.107212  -0.704109   0.627663   0.687388  -0.269805   0.001000
 -0.317511  -0.106640  -0.703326   0.627015  -0.049923   0.047124   0.001000
 -0.317511  -0.106640  -0.703326   0.627015  -0.049923   0.047124   0.001000
 -0.318816  -0.107775  -0.706336   0.622760   0.372336   0.000023   0.001000
 -0.318816  -0.107775  -0.706336   0.622760   0.372336   0.000023   0.001000
 -0.318816  -0.107775  -0.706336   0.622760   0.372336   0.000023   0.001000
 -0.315651  -0.102552  -0.705541   0.626146   0.111511  -0.157397   0.001000
 -0.315651  -0.102552  -0.705541   0.626146   0.111511  -0.157397   0.001000
 -0.315651  -0.102552  -0.705541   0.626146   0.111511  -0.157397   0.001000
 -0.307944  -0.105321  -0.708552   0.626125  -0.280755  -0.587423   0.001000
 -0.307944  -0.105321  -0.708552   0.626125  -0.280755  -0.587423   0.001000
 -0.326569  -0.105828  -0.705833   0.619640   0.430042  -0.040093   0.001000
 -0.326569  -0.105828  -0.705833   0.619640   0.430042  -0.040093   0.001000
 -0.326569  -0.105828  -0.705833   0.619640   0.430042  -0.040093   0.001000
 -0.326569  -0.105828  -0.705833   0.619640   0.430042  -0.040093   0.001000
 -0.326569  -0.105828  -0.705833   0.619640   0.430042  -0.040093   0.001000
 -0.326569  -0.105828  -0.705833   0.619640   0.430042  -0.040093   0.001000
 -0.326569  -0.105828  -0.705833   0.619640   0.430042  -0.040093   0.001000
 -0.326569  -0.105828  -0.705833   0.619640   0.430042  -0.040093   0.001000
 -0.315278  -0.109306  -0.699880   0.631522   0.697897  -0.421707   0.001000
 -0.315719  -0.120115  -0.699586   0.629661   0.701261  -0.539376   0.001000
 -0.321923  -0.106353  -0.700788   0.627655   0.672970  -1.065699   0.001000
 -0.307912  -0.119906  -0.662538   0.672203   0.208680  -0.390646   0.001000
 -0.314876  -0.105345  -0.702629   0.629340   0.137227  -0.683956   0.001000
 -0.314876  -0.105345  -0.702629   0.629340   0.137227  -0.683956   0.001000
 -0.314876  -0.105345  -0.702629   0.629340   0.137227  -0.683956   0.001000
 -0.314434  -0.108612  -0.703839   0.627650   0.112045  -0.263303   0.001000
 -0.314434  -0.108612  -0.703839   0.627650   0.112045  -0.263303   0.001000
 -0.314434  -0.108612  -0.703839   0.627650   0.112045  -0.263303   0.001000
 -0.316261  -0.105177  -0.701597   0.629824   0.458079   0.034499   0.001000
 -0.315600  -0.105709  -0.696069   0.636168   0.162761  -0.590989   0.001000
 -0.315106  -0.107944  -0.701404   0.630150   0.465408  -0.453092   0.001000
 -0.318748  -0.107279  -0.706188   0.623049   0.076098  -0.344995   0.001000
 -0.318748  -0.107279  -0.706188   0.623049   0.076098  -0.344995   0.001000
 -0.318748  -0.107279  -0.706188   0.623049   0.076098  -0.344995   0.001000
 -0.318748  -0.107279  -0.706188   0.623049   0.076098  -0.344995   0.001000
 -0.318748  -0.107279  -0.706188   0.623049   0.076098  -0.344995   0.001000
 -0.308825  -0.105010  -0.706608   0.627937   0.771041   0.073828   0.001000
 -0.316429  -0.109415  -0.702436   0.628080   0.600460  -0.211633   0.001000
 -0.316429  -0.109415  -0.702436   0.628080   0.600460  -0.211633   0.001000
 -0.317982  -0.111050  -0.705087   0.624026   0.445412  -0.467537   0.001000
 -0.317982  -0.111050  -0.705087   0.624026   0.445412  -0.467537   0.001000
 -0.317982  -0.111050  -0.705087   0.624026   0.445412  -0.467537   0.001000
 -0.317982  -0.111050  -0.705087   0.624026   0.445412  -0.467537   0.001000
 -0.315822  -0.114021  -0.702145   0.627892   0.167850  -0.273183   0.001000
 -0.315822  -0.114021  -0.702145   0.627892   0.167850  -0.273183   0.001000
 -0.313412  -0.110382  -0.702115   0.629780   0.841908  -0.347063   0.001000
 -0.313412  -0.110382  -0.702115   0.629780   0.841908  -0.347063   0.001000
 -0.315725  -0.107451  -0.703482   0.627602   0.021892  -0.466838   0.001000
 -0.315725  -0.107451  -0.703482   0.627602   0.021892  -0.466838   0.001000
 -0.315725  -0.107451  -0.703482   0.627602   0.021892  -0.466838   0.001000
 -0.315725  -0.107451  -0.703482   0.627602   0.021892  -0.466838   0.001000
 -0.320768  -0.114481  -0.700532   0.627103   0.085824   0.223403   0.001000
 -0.324274  -0.106793  -0.705258   0.621332   0.149651  -0.776054   0.001000
 -0.324274  -0.106793  -0.705258   0.621332   0.149651  -0.776054   0.001000
 -0.324274  -0.106793  -0.705258   0.621332   0.149651  -0.776054   0.001000
 -0.324274  -0.106793  -0.705258   0.621332   0.149651  -0.776054   0.001000
 -0.320416  -0.111449  -0.702534   0.625587   0.669509   0.157040   0.001000
 -0.320416  -0.111449  -0.702534   0.625587   0.669509   0.157040   0.001000
 -0.320416  -0.111449  -0.702534   0.625587   0.669509   0.157040   0.001000
 -0.312754  -0.108842  -0.702426   0.630029   0.429774  -0.148677   0.001000
 -0.312754  -0.108842  -0.702426   0.630029   0.429774  -0.148677   0.001000
 -0.317725  -0.110355  -0.701201   0.628642   0.323678  -0.081717   0.001000
 -0.317725  -0.110355  -0.701201   0.628642   0.323678  -0.081717   0.001000
 -0.315830  -0.110887  -0.704026   0.626341   0.551731  -0.136100   0.001000
 -0.315830  -0.110887  -0.704026   0.626341   0.551731  -0.136100   0.001000
 -0.315822  -0.113651  -0.703066   0.626927   0.560511  -0.512906   0.001000
 -0.315822  -0.113651  -0.703066   0.626927   0.560511  -0.512906   0.001000
 -0.313539  -0.111314  -0.707639   0.623337   0.254742  -0.224592   0.001000
 -0.313539  -0.111314  -0.707639   0.623337   0.254742  -0.224592   0.001000
 -0.313539  -0.111314  -0.707639   0.623337   0.254742  -0.224592   0.001000
 -0.313539  -0.111314  -0.707639   0.623337   0.254742  -0.224592   0.001000
 -0.315378  -0.111659  -0.699953   0.630979   0.371362   0.020758   0.001000
 -0.315378  -0.111659  -0.699953   0.630979   0.371362   0.020758   0.001000
 -0.323754  -0.109474  -0.700949   0.625994   0.880622  -0.408149   0.001000
 -0.323754  -0.109474  -0.700949   0.625994   0.880622  -0.408149   0.001000
 -0.314068  -0.109585  -0.702598   0.629054   0.713050   0.215049   0.001000
 -0.317157  -0.109895  -0.701674   0.628481   0.628393   0.111106   0.001000
 -0.317157  -0.109895  -0.701674   0.628481   0.628393   0.111106   0.001000
 -0.303014  -0.122225  -0.723124   0.608552   1.269030  -0.088271   0.001000
 -0.303014  -0.122225  -0.723124   0.608552   1.269030  -0.088271   0.001000
 -0.303014  -0.122225  -0.723124   0.608552   1.269030  -0.088271   0.001000
 -0.303014  -0.122225  -0.723124   0.608552   1.269030  -0.088271   0.001000
 -0.303014  -0.122225  -0.723124   0.608552   1.269030  -0.088271   0.001000
 -0.303014  -0.122225  -0.723124   0.608552   1.269030  -0.088271   0.001000
 -0.315870  -0.107354  -0.703192   0.627871  -0.183196   0.040514   0.001000
 -0.315870  -0.107354  -0.703192   0.627871  -0.183196   0.040514   0.001000
 -0.315870  -0.107354  -0.703192   0.627871  -0.183196   0.040514   0.001000
 -0.308867  -0.097262  -0.706373   0.629428   0.062083  -0.042315   0.001000
 -0.318209  -0.112877  -0.705787   0.622789   0.293248  -0.354097   0.001000
 -0.318209  -0.112877  -0.705787   0.622789   0.293248  -0.354097   0.001000
 -0.318209  -0.112877  -0.705787   0.622789   0.293248  -0.354097   0.001000
 -0.318209  -0.112877  -0.705787   0.622789   0.293248  -0.354097   0.001000
 -0.331386  -0.078968  -0.701150   0.626368   0.070849  -0.121081   0.001000
 -0.316801  -0.105858  -0.705327   0.625256   0.201613  -0.203737   0.001000
 -0.316801  -0.105858  -0.705327   0.625256   0.201613  -0.203737   0.001000
 -0.316801  -0.105858  -0.705327   0.625256   0.201613  -0.203737   0.001000
 -0.316801  -0.105858  -0.705327   0.625256   0.201613  -0.203737   0.001000
 -0.316801  -0.105858  -0.705327   0.625256   0.201613  -0.203737   0.001000
 -0.316801  -0.105858  -0.705327   0.625256   0.201613  -0.203737   0.001000
 -0.315594  -0.107971  -0.704107   0.626878   0.310850   0.101447   0.001000
 -0.315594  -0.107971  -0.704107   0.626878   0.310850   0.101447   0.001000
 -0.318169  -0.107708  -0.700478   0.629681   0.327326  -0.209589   0.001000
 -0.318169  -0.107708  -0.700478   0.629681   0.327326  -0.209589   0.001000
 -0.318169  -0.107708  -0.700478   0.629681   0.327326  -0.209589   0.001000
 -0.316614  -0.107612  -0.700042   0.630965  -0.415563   0.060100   0.001000
 -0.322555  -0.101456  -0.698710   0.630452   0.099031  -0.705613   0.001000
 -0.322555  -0.101456  -0.698710   0.630452   0.099031  -0.705613   0.001000
 -0.322555  -0.101456  -0.698710   0.630452   0.099031  -0.705613   0.001000
 -0.315125  -0.109812  -0.702792   0.628268   0.408056  -0.576943   0.001000
 -0.315125  -0.109812  -0.702792   0.628268   0.408056  -0.576943   0.001000
 -0.313633  -0.108106  -0.704487   0.627411   0.245680   0.135130   0.001000
 -0.313633  -0.108106  -0.704487   0.627411   0.245680   0.135130   0.001000
 -0.283475  -0.119987  -0.712161   0.630929   0.629771   0.111913   0.001000
 -0.330549  -0.123549  -0.700816   0.619943   0.201689  -0.141547   0.001000
 -0.317683  -0.108974  -0.702131   0.627864   0.458043  -0.295018   0.001000
 -0.317683  -0.108974  -0.702131   0.627864   0.458043  -0.295018   0.001000
 -0.317683  -0.108974  -0.702131   0.627864   0.458043  -0.295018   0.001000
 -0.317683  -0.108974  -0.702131   0.627864   0.458043  -0.295018   0.001000
 -0.319099  -0.116330  -0.700392   0.627769   0.045822  -0.375055   0.001000
 -0.314754  -0.110103  -0.704516   0.626470   1.288858   0.220260   0.001000
 -0.314177  -0.110951  -0.704511   0.626615   0.059572  -0.701480   0.001000
 -0.314177  -0.110951  -0.704511   0.626615   0.059572  -0.701480   0.001000
 -0.314052  -0.108216  -0.702324   0.629604   0.881815  -0.269476   0.001000
 -0.314052  -0.108216  -0.702324   0.629604   0.881815  -0.269476   0.001000
 -0.313533  -0.110009  -0.704224   0.627426   0.263884  -0.843453   0.001000
 -0.313533  -0.110009  -0.704224   0.627426   0.263884  -0.843453   0.001000
 -0.315471  -0.112223  -0.703376   0.627014   0.090189  -0.228556   0.001000
 -0.315471  -0.112223  -0.703376   0.627014   0.090189  -0.228556   0.001000
 -0.317883  -0.108015  -0.701623   0.628497   0.312812  -0.562036   0.001000
 -0.317883  -0.108015  -0.701623   0.628497   0.312812  -0.562036   0.001000
 -0.317883  -0.108015  -0.701623   0.628497   0.312812  -0.562036   0.001000
 -0.305850  -0.119470  -0.699658   0.634556   0.013628  -0.351872   0.001000
 -0.305850  -0.119470  -0.699658   0.634556   0.013628  -0.351872   0.001000
 -0.305850  -0.119470  -0.699658   0.634556   0.013628  -0.351872   0.001000
 -0.316735  -0.108360  -0.701180   0.629511   0.648681   0.050679   0.001000
 -0.316735  -0.108360  -0.701180   0.629511   0.648681   0.050679   0.001000
 -0.320438  -0.113007  -0.708506   0.618522  -0.029671   0.146048   0.001000
 -0.319283  -0.096319  -0.702880   0.628284   0.161520  -0.651647   0.001000
 -0.316275  -0.106654  -0.703034   0.627963   0.542029  -0.130312   0.001000
 -0.316275  -0.106654  -0.703034   0.627963   0.542029  -0.130312   0.001000
 -0.305254  -0.114415  -0.713800   0.619854   0.622792  -0.442654   0.001000
 -0.305254  -0.114415  -0.713800   0.619854   0.622792  -0.442654   0.001000
 -0.305254  -0.114415  -0.713800   0.619854   0.622792  -0.442654   0.001000
 -0.329314  -0.109790  -0.695321   0.629307   0.940191  -0.462538   0.001000
 -0.317661  -0.101991  -0.700871   0.630451  -0.094191  -1.008119   0.001000
 -0.342440  -0.090492  -0.701364   0.618575   0.463063  -0.651844   0.001000
 -0.298191  -0.113027  -0.708791   0.629224  -0.214627  -0.655225   0.001000
 -0.298191  -0.113027  -0.708791   0.629224  -0.214627  -0.655225   0.001000
 -0.312512  -0.106523  -0.703401   0.629457   0.614654  -0.254887   0.001000
 -0.320724  -0.113656  -0.704449   0.622873   0.433678  -0.483585   0.001000
 -0.320724  -0.113656  -0.704449   0.622873   0.433678  -0.483585   0.001000
 -0.319489  -0.111310  -0.708622   0.619186   1.100564  -0.459783   0.001000
 -0.319489  -0.111310  -0.708622   0.619186   1.100564  -0.459783   0.001000
 -0.319489  -0.111310  -0.708622   0.619186   1.100564  -0.459783   0.001000
 -0.316580  -0.104910  -0.704250   0.626740   0.881976  -0.492241   0.001000
 -0.316580  -0.104910  -0.704250   0.626740   0.881976  -0.492241   0.001000
 -0.316738  -0.108433  -0.701216   0.629457   0.530299  -0.149682   0.001000
 -0.316738  -0.108433  -0.701216   0.629457   0.530299  -0.149682   0.001000
 -0.316738  -0.108433  -0.701216   0.629457   0.530299  -0.149682   0.001000
 -0.309328  -0.107419  -0.702772   0.631577   0.009313   0.113810   0.001000
 -0.309328  -0.107419  -0.702772   0.631577   0.009313   0.113810   0.001000
 -0.309328  -0.107419  -0.702772   0.631577   0.009313   0.113810   0.001000
 -0.312473  -0.113399  -0.703795   0.627833   0.802874  -0.311986   0.001000
 -0.314603  -0.103344  -0.705619   0.626456  -0.074277  -0.552845   0.001000
 -0.314603  -0.103344  -0.705619   0.626456  -0.074277  -0.552845   0.001000
 -0.314603  -0.103344  -0.705619   0.626456  -0.074277  -0.552845   0.001000
 -0.322302  -0.095419  -0.706085   0.623265   0.445400  -0.076859   0.001000
 -0.322302  -0.095419  -0.706085   0.623265   0.445400  -0.076859   0.001000
 -0.312856  -0.105379  -0.698466   0.634950   0.128124  -0.427621   0.001000
 -0.308010  -0.101633  -0.701669   0.634398   0.263083  -0.497377   0.001000
 -0.315837  -0.109115  -0.703254   0.627515   0.492734   0.047757   0.001000
 -0.315837  -0.109115  -0.703254   0.627515   0.492734   0.047757   0.001000
 -0.315837  -0.109115  -0.703254   0.627515   0.492734   0.047757   0.001000
 -0.317531  -0.105699  -0.700002   0.630872   0.548631  -0.241214   0.001000
 -0.317531  -0.105699  -0.700002   0.630872   0.548631  -0.241214   0.001000
 -0.299916  -0.116867  -0.729389   0.603642   0.019232  -0.334197   0.001000
 -0.299916  -0.116867  -0.729389   0.603642   0.019232  -0.334197   0.001000
 -0.299916  -0.116867  -0.729389   0.603642   0.019232  -0.334197   0.001000
 -0.299916  -0.116867  -0.729389   0.603642   0.019232  -0.334197   0.001000
 -0.299916  -0.116867  -0.729389   0.603642   0.019232  -0.334197   0.001000
 -0.299916  -0.116867  -0.729389   0.603642   0.019232  -0.334197   0.001000
 -0.299916  -0.116867  -0.729389   0.603642   0.019232  -0.334197   0.001000
 -0.299916  -0.116867  -0.729389   0.603642   0.019232  -0.334197   0.001000
 -0.299916  -0.116867  -0.729389   0.603642   0.019232  -0.334197   0.001000
 -0.299916  -0.116867  -0.729389   0.603642   0.019232  -0.334197   0.001000
 -0.299916  -0.116867  -0.729389   0.603642   0.019232  -0.334197   0.001000
 -0.299916  -0.116867  -0.729389   0.603642   0.019232  -0.334197   0.001000
 -0.319992  -0.110524  -0.699235   0.629651   0.267708  -0.328650   0.001000
 -0.319992  -0.110524  -0.699235   0.629651   0.267708  -0.328650   0.001000
 -0.315867  -0.109643  -0.703751   0.626850  -1.040343  -0.169941   0.001000
 -0.312391  -0.111556  -0.704921   0.626940   0.621148  -0.551218   0.001000
 -0.312391  -0.111556  -0.704921   0.626940   0.621148  -0.551218   0.001000
 -0.312391  -0.111556  -0.704921   0.626940   0.621148  -0.551218   0.001000
 -0.315197  -0.107012  -0.697489   0.634593   0.329639   0.177267   0.001000
 -0.315197  -0.107012  -0.697489   0.634593   0.329639   0.177267   0.001000
 -0.320909  -0.115986  -0.698668   0.628830   0.236027  -0.480148   0.001000
 -0.320909  -0.115986  -0.698668   0.628830   0.236027  -0.480148   0.001000
 -0.313774  -0.110090  -0.704958   0.626467  -0.171430  -0.008888   0.001000
 -0.313774  -0.110090  -0.704958   0.626467  -0.171430  -0.008888   0.001000
 -0.313774  -0.110090  -0.704958   0.626467  -0.171430  -0.008888   0.001000
 -0.330029  -0.113013  -0.704651   0.617880   0.029497  -0.494866   0.001000
 -0.330029  -0.113013  -0.704651   0.617880   0.029497  -0.494866   0.001000
 -0.330029  -0.113013  -0.704651   0.617880   0.029497  -0.494866   0.001000
 -0.316881  -0.112708  -0.703539   0.626032   0.379080  -0.354074   0.001000
 -0.316881  -0.112708  -0.703539   0.626032   0.379080  -0.354074   0.001000
 -0.316881  -0.112708  -0.703539   0.626032   0.379080  -0.354074   0.001000
 -0.312427  -0.107818  -0.707276   0.624920   0.448095  -0.411255   0.001000
 -0.312427  -0.107818  -0.707276   0.624920   0.448095  -0.411255   0.001000
 -0.315864  -0.108645  -0.704497   0.626188   0.077313   0.086433   0.001000
 -0.315864  -0.108645  -0.704497   0.626188   0.077313   0.086433   0.001000
 -0.315864  -0.108645  -0.704497   0.626188   0.077313   0.086433   0.001000
 -0.313054  -0.110451  -0.703848   0.628010   0.611555  -0.016711   0.001000
 -0.313054  -0.110451  -0.703848   0.628010   0.611555  -0.016711   0.001000
 -0.313054  -0.110451  -0.703848   0.628010   0.611555  -0.016711   0.001000
 -0.316059  -0.112344  -0.699199   0.631353   0.488359  -0.449475   0.001000
 -0.316059  -0.112344  -0.699199   0.631353   0.488359  -0.449475   0.001000
 -0.305654  -0.141628  -0.698976   0.630832   0.252399  -0.774832   0.001000
 -0.319105  -0.110762  -0.705613   0.622908   0.269054  -0.349653   0.001000
 -0.319105  -0.110762  -0.705613   0.622908   0.269054  -0.349653   0.001000
 -0.319105  -0.110762  -0.705613   0.622908   0.269054  -0.349653   0.001000
 -0.319105  -0.110762  -0.705613   0.622908   0.269054  -0.349653   0.001000
 -0.319105  -0.110762  -0.705613   0.622908   0.269054  -0.349653   0.001000
 -0.319105  -0.110762  -0.705613   0.622908   0.269054  -0.349653   0.001000
 -0.315384  -0.106925  -0.702324   0.629159   0.783889   0.050202   0.001000
 -0.315384  -0.106925  -0.702324   0.629159   0.783889   0.050202   0.001000
 -0.316433  -0.109085  -0.703578   0.626857   0.923828  -0.209609   0.001000
 -0.316433  -0.109085  -0.703578   0.626857   0.923828  -0.209609   0.001000
 -0.316433  -0.109085  -0.703578   0.626857   0.923828  -0.209609   0.001000
 -0.318802  -0.098225  -0.704288   0.626654  -0.079941  -0.296559   0.001000
 -0.318802  -0.098225  -0.704288   0.626654  -0.079941  -0.296559   0.001000
 -0.308423  -0.109259  -0.702345   0.632178   0.502368   0.020009   0.001000
 -0.308423  -0.109259  -0.702345   0.632178   0.502368   0.020009   0.001000
 -0.289612  -0.124635  -0.698569   0.642334  -0.102911  -0.341244   0.001000
 -0.289612  -0.124635  -0.698569   0.642334  -0.102911  -0.341244   0.001000
 -0.314426  -0.107928  -0.702392   0.629391   0.372674  -0.274783   0.001000
 -0.314426  -0.107928  -0.702392   0.629391   0.372674  -0.274783   0.001000
 -0.314426  -0.107928  -0.702392   0.629391   0.372674  -0.274783   0.001000
 -0.315251  -0.108287  -0.702060   0.629287   0.051119  -0.133027   0.001000
 -0.315251  -0.108287  -0.702060   0.629287   0.051119  -0.133027   0.001000
 -0.315251  -0.108287  -0.702060   0.629287   0.051119  -0.133027   0.001000
 -0.294461  -0.102961  -0.722843   0.616595  -0.159570   0.349305   0.001000
 -0.312687  -0.110653  -0.700456   0.631937   0.329050  -0.300792   0.001000
 -0.312687  -0.110653  -0.700456   0.631937   0.329050  -0.300792   0.001000
 -0.312687  -0.110653  -0.700456   0.631937   0.329050  -0.300792   0.001000
 -0.317605  -0.108863  -0.703926   0.625911   0.697942  -0.737254   0.001000
 -0.318147  -0.110991  -0.699530   0.630176   0.555229  -0.553182   0.001000
 -0.318147  -0.110991  -0.699530   0.630176   0.555229  -0.553182   0.001000
 -0.317483  -0.108688  -0.703932   0.625996   0.198205  -0.028172   0.001000
 -0.317483  -0.108688  -0.703932   0.625996   0.198205  -0.028172   0.001000
 -0.317483  -0.108688  -0.703932   0.625996   0.198205  -0.028172   0.001000
 -0.317483  -0.108688  -0.703932   0.625996   0.198205  -0.028172   0.001000
 -0.314499  -0.103882  -0.702391   0.630037   0.103663  -0.789967   0.001000
 -0.312881  -0.112761  -0.704352   0.627120   1.006651  -0.130004   0.001000
 -0.313558  -0.110114  -0.704664   0.626901   0.527786  -0.270866   0.001000
 -0.313558  -0.110114  -0.704664   0.626901   0.527786  -0.270866   0.001000
 -0.320050  -0.106403  -0.704353   0.624607   0.449339   0.035377   0.001000
 -0.320050  -0.106403  -0.704353   0.624607   0.449339   0.035377   0.001000
 -0.317428  -0.106586  -0.699686   0.631125   0.202219  -0.439653   0.001000
 -0.317428  -0.106586  -0.699686   0.631125   0.202219  -0.439653   0.001000
 -0.311643  -0.104866  -0.697853   0.636304   0.635225  -0.133879   0.001000
 -0.325183  -0.096784  -0.709521   0.617632   0.693402   0.306184   0.001000
 -0.325183  -0.096784  -0.709521   0.617632   0.693402   0.306184   0.001000
 -0.314151  -0.115831  -0.698779   0.632139   0.119287   0.224599   0.001000
 -0.317714  -0.103803  -0.708329   0.621734   1.113380  -0.449440   0.001000
 -0.317714  -0.103803  -0.708329   0.621734   1.113380  -0.449440   0.001000
 -0.317714  -0.103803  -0.708329   0.621734   1.113380  -0.449440   0.001000
 -0.279766  -0.097109  -0.716646   0.631443   0.682001  -0.962225   0.001000
 -0.313457  -0.105213  -0.706298   0.625954   0.394578  -0.421513   0.001000
 -0.314986  -0.107140  -0.701321   0.630440   0.817912   0.767026   0.001000
 -0.318845  -0.112044  -0.703765   0.624900   0.803003  -0.668308   0.001000
 -0.319115  -0.123907  -0.710157   0.615215   0.380707   0.044869   0.001000
 -0.314899  -0.113879  -0.699193   0.631664   0.341440  -0.385130   0.001000
 -0.316867  -0.111699  -0.701063   0.628990   0.587007  -0.285679   0.001000
 -0.316867  -0.111699  -0.701063   0.628990   0.587007  -0.285679   0.001000
 -0.311513  -0.112279  -0.721831   0.607711   0.141230  -0.150885   0.001000
 -0.311513  -0.112279  -0.721831   0.607711   0.141230  -0.150885   0.001000
 -0.311513  -0.112279  -0.721831   0.607711   0.141230  -0.150885   0.001000
 -0.311513  -0.112279  -0.721831   0.607711   0.141230  -0.150885   0.001000
 -0.311513  -0.112279  -0.721831   0.607711   0.141230  -0.150885   0.001000
 -0.311513  -0.112279  -0.721831   0.607711   0.141230  -0.150885   0.001000
 -0.311513  -0.112279  -0.721831   0.607711   0.141230  -0.150885   0.001000
 -0.311513  -0.112279  -0.721831   0.607711   0.141230  -0.150885   0.001000
 -0.311513  -0.112279  -0.721831   0.607711   0.141230  -0.150885   0.001000
 -0.311513  -0.112279  -0.721831   0.607711   0.141230  -0.150885   0.001000
 -0.318993  -0.105264  -0.702145   0.627818   0.927094   0.517341   0.001000
 -0.317940  -0.103400  -0.702678   0.628066   0.772300  -0.238703   0.001000
 -0.317940  -0.103400  -0.702678   0.628066   0.772300  -0.238703   0.001000
 -0.312352  -0.111956  -0.704622   0.627224  -0.374515  -0.139049   0.001000
 -0.312352  -0.111956  -0.704622   0.627224  -0.374515  -0.139049   0.001000
 -0.312352  -0.111956  -0.704622   0.627224  -0.374515  -0.139049   0.001000
 -0.321047  -0.099712  -0.691878   0.638977   0.053466  -0.651857   0.001000
 -0.289886  -0.114121  -0.713592   0.627478  -0.017631  -0.466082   0.001000
 -0.289886  -0.114121  -0.713592   0.627478  -0.017631  -0.466082   0.001000
 -0.321619  -0.110088  -0.700540   0.627443  -0.297960   0.132502   0.001000
 -0.317655  -0.108382  -0.702206   0.627898   0.899192  -0.610940   0.001000
 -0.317655  -0.108382  -0.702206   0.627898   0.899192  -0.610940   0.001000
 -0.317865  -0.108780  -0.700979   0.629093   1.267294  -0.428484   0.001000
 -0.327162  -0.099447  -0.706898   0.619170   0.019550  -0.270864   0.001000
 -0.327162  -0.099447  -0.706898   0.619170   0.019550  -0.270864   0.001000
 -0.327162  -0.099447  -0.706898   0.619170   0.019550  -0.270864   0.001000
 -0.318722  -0.108566  -0.700717   0.628987   0.324153  -0.281894   0.001000
 -0.318722  -0.108566  -0.700717   0.628987   0.324153  -0.281894   0.001000
 -0.316416  -0.110176  -0.702595   0.627776   0.166030  -0.698425   0.001000
 -0.316416  -0.110176  -0.702595   0.627776   0.166030  -0.698425   0.001000
 -0.310045  -0.107033  -0.666749   0.669225   0.409041  -0.758621   0.001000
 -0.317344  -0.114414  -0.697918   0.631754  -0.074435  -0.435444   0.001000
 -0.317181  -0.111274  -0.705038   0.624448   0.995104  -0.229295   0.001000
 -0.317181  -0.111274  -0.705038   0.624448   0.995104  -0.229295   0.001000
 -0.316532  -0.097965  -0.706469   0.625390  -0.509725  -0.483233   0.001000
 -0.316532  -0.097965  -0.706469   0.625390  -0.509725  -0.483233   0.001000
 -0.313163  -0.105662  -0.702820   0.629927  -0.034349  -0.651439   0.001000
 -0.313163  -0.105662  -0.702820   0.629927  -0.034349  -0.651439   0.001000
 -0.322486  -0.113461  -0.703360   0.623229   0.102447  -0.084705   0.001000
 -0.322486  -0.113461  -0.703360   0.623229   0.102447  -0.084705   0.001000
 -0.281346  -0.140929  -0.708601   0.631560  -0.487671  -0.375882   0.001000
 -0.281346  -0.140929  -0.708601   0.631560  -0.487671  -0.375882   0.001000
 -0.281346  -0.140929  -0.708601   0.631560  -0.487671  -0.375882   0.001000
 -0.318745  -0.110074  -0.700286   0.629194   0.156165  -0.997727   0.001000
 -0.318745  -0.110074  -0.700286   0.629194   0.156165  -0.997727   0.001000
 -0.313074  -0.108502  -0.704623   0.627470   0.380312  -0.400994   0.001000
 -0.313074  -0.108502  -0.704623   0.627470   0.380312  -0.400994   0.001000
 -0.325256  -0.096126  -0.704202   0.623753   0.427247  -1.027392   0.001000
 -0.325256  -0.096126  -0.704202   0.623753   0.427247  -1.027392   0.001000
 -0.317006  -0.110343  -0.702735   0.627292   1.083072  -0.179632   0.001000
 -0.312659  -0.108681  -0.706880   0.625103   0.489832  -0.510156   0.001000
 -0.312659  -0.108681  -0.706880   0.625103   0.489832  -0.510156   0.001000
 -0.312659  -0.108681  -0.706880   0.625103   0.489832  -0.510156   0.001000
 -0.308027  -0.106375  -0.710990   0.623135  -0.341293  -0.546610   0.001000
 -0.308027  -0.106375  -0.710990   0.623135  -0.341293  -0.546610   0.001000
 -0.315703  -0.104770  -0.702465   0.629204   1.078879  -0.365008   0.001000
 -0.311253  -0.112835  -0.703382   0.629002  -0.723880  -0.864360   0.001000
 -0.316154  -0.107197  -0.702482   0.628549   0.415310   0.283506   0.001000
 -0.316154  -0.107197  -0.702482   0.628549   0.415310   0.283506   0.001000
 -0.314503  -0.108357  -0.702681   0.628956   0.467260  -0.218898   0.001000
 -0.310900  -0.117533  -0.703335   0.628369   0.179942   0.038983   0.001000
 -0.310900  -0.117533  -0.703335   0.628369   0.179942   0.038983   0.001000
 -0.310900  -0.117533  -0.703335   0.628369   0.179942   0.038983   0.001000
 -0.314670  -0.109973  -0.704324   0.626751   0.604096  -0.993871   0.001000
 -0.314670  -0.109973  -0.704324   0.626751   0.604096  -0.993871   0.001000
 -0.316366  -0.110154  -0.699154   0.631635  -0.358030  -1.232076   0.001000
 -0.312477  -0.106569  -0.700926   0.632221   0.322222  -0.372959   0.001000
 -0.307578  -0.108458  -0.705217   0.629525   0.907677  -0.198080   0.001000
 -0.316068  -0.108309  -0.704205   0.626470   0.179596  -0.411740   0.001000
 -0.313132  -0.113840  -0.705821   0.625144   0.341034  -0.610519   0.001000
 -0.313132  -0.113840  -0.705821   0.625144   0.341034  -0.610519   0.001000
 -0.313132  -0.113840  -0.705821   0.625144   0.341034  -0.610519   0.001000
 -0.311846  -0.103963  -0.702429   0.631298   0.727943  -0.672690   0.001000
 -0.332457  -0.097679  -0.708708   0.614544   0.603345   0.143211   0.001000
 -0.332457  -0.097679  -0.708708   0.614544   0.603345   0.143211   0.001000
 -0.323188  -0.122100  -0.721803   0.599701  -0.252109  -0.417062   0.001000
 -0.314471  -0.110217  -0.701876   0.629548   0.688261  -0.152876   0.001000
 -0.314471  -0.110217  -0.701876   0.629548   0.688261  -0.152876   0.001000
 -0.315405  -0.108313  -0.703865   0.627186  -0.174420  -0.573539   0.001000
 -0.315405  -0.108313  -0.703865   0.627186  -0.174420  -0.573539   0.001000
 -0.320146  -0.120957  -0.705427   0.620684   0.768927   0.106871   0.001000
 -0.315516  -0.107071  -0.703048   0.628258   0.308821  -0.368003   0.001000
 -0.315516  -0.107071  -0.703048   0.628258   0.308821  -0.368003   0.001000
 -0.313843  -0.107623  -0.702725   0.629363   0.440004  -0.862995   0.001000
 -0.304194  -0.117338  -0.703891   0.631059   0.840110   0.381584   0.001000
 -0.319310  -0.110515  -0.703813   0.624880   0.299563  -0.023726   0.001000
 -0.319310  -0.110515  -0.703813   0.624880   0.299563  -0.023726   0.001000
 -0.319310  -0.110515  -0.703813   0.624880   0.299563  -0.023726   0.001000
 -0.322476  -0.111892  -0.706500   0.619957   0.674313  -0.079533   0.001000
 -0.322476  -0.111892  -0.706500   0.619957   0.674313  -0.079533   0.001000
 -0.309434  -0.114867  -0.699560   0.633776   0.298508  -0.654250   0.001000
 -0.309434  -0.114867  -0.699560   0.633776   0.298508  -0.654250   0.001000
 -0.315495  -0.111405  -0.703882   0.626580   0.393290   0.046971   0.001000
 -0.315495  -0.111405  -0.703882   0.626580   0.393290   0.046971   0.001000
 -0.315495  -0.111405  -0.703882   0.626580   0.393290   0.046971   0.001000
 -0.315495  -0.111405  -0.703882   0.626580   0.393290   0.046971   0.001000
 -0.315569  -0.103777  -0.706925   0.624422  -0.135100   0.539580   0.001000
 -0.315569  -0.103777  -0.706925   0.624422  -0.135100   0.539580   0.001000
 -0.315569  -0.103777  -0.706925   0.624422  -0.135100   0.539580   0.001000
 -0.307141  -0.105038  -0.707114   0.628189  -0.471379  -0.534049   0.001000
 -0.317809  -0.108335  -0.702071   0.627979   0.866730  -0.488620   0.001000
 -0.314523  -0.115019  -0.698185   0.632759   0.209094   0.024995   0.001000
 -0.314523  -0.115019  -0.698185   0.632759   0.209094   0.024995   0.001000
 -0.314523  -0.115019  -0.698185   0.632759   0.209094   0.024995   0.001000
 -0.312300  -0.113933  -0.699182   0.632955   0.089810  -0.176250   0.001000
 -0.312300  -0.113933  -0.699182   0.632955   0.089810  -0.176250   0.001000
 -0.312300  -0.113933  -0.699182   0.632955   0.089810  -0.176250   0.001000
 -0.317130  -0.112839  -0.701666   0.627981   0.321127  -0.369929   0.001000
 -0.317130  -0.112839  -0.701666   0.627981   0.321127  -0.369929   0.001000
 -0.317130  -0.112839  -0.701666   0.627981   0.321127  -0.369929   0.001000
 -0.317606  -0.109088  -0.701039   0.629103   0.868244  -0.928584   0.001000
 -0.317272  -0.105817  -0.705837   0.624448   0.230759  -0.550095   0.001000
 -0.317272  -0.105817  -0.705837   0.624448   0.230759  -0.550095   0.001000
 -0.317272  -0.105817  -0.705837   0.624448   0.230759  -0.550095   0.001000
 -0.320475  -0.112596  -0.702903   0.624937  -0.484023  -1.038448   0.001000
 -0.310117  -0.112488  -0.703567   0.629418   0.713658  -0.195354   0.001000
 -0.310117  -0.112488  -0.703567   0.629418   0.713658  -0.195354   0.001000
 -0.310117  -0.112488  -0.703567   0.629418   0.713658  -0.195354   0.001000
 -0.315395  -0.108745  -0.704222   0.626716   0.666238   0.442169   0.001000
 -0.313595  -0.110519  -0.709065   0.621828   0.236909   0.126570   0.001000
 -0.313595  -0.110519  -0.709065   0.621828   0.236909   0.126570   0.001000
 -0.313595  -0.110519  -0.709065   0.621828   0.236909   0.126570   0.001000
 -0.313595  -0.110519  -0.709065   0.621828   0.236909   0.126570   0.001000
 -0.314695  -0.109401  -0.704607   0.626520  -0.110536  -0.193406   0.001000
 -0.314695  -0.109401  -0.704607   0.626520  -0.110536  -0.193406   0.001000
 -0.314695  -0.109401  -0.704607   0.626520  -0.110536  -0.193406   0.001000
 -0.314857  -0.110844  -0.703255   0.627703   0.507927  -0.384606   0.001000
 -0.314857  -0.110844  -0.703255   0.627703   0.507927  -0.384606   0.001000
 -0.314857  -0.110844  -0.703255   0.627703   0.507927  -0.384606   0.001000
 -0.306873  -0.112252  -0.707012   0.627186   0.358969  -0.291505   0.001000
 -0.306873  -0.112252  -0.707012   0.627186   0.358969  -0.291505   0.001000
 -0.315314  -0.108503  -0.701948   0.629344   0.135778   0.030533   0.001000
 -0.315314  -0.108503  -0.701948   0.629344   0.135778   0.030533   0.001000
 -0.315314  -0.108503  -0.701948   0.629344   0.135778   0.030533   0.001000
 -0.316414  -0.106746  -0.701631   0.629445   0.000518  -0.191247   0.001000
 -0.316414  -0.106746  -0.701631   0.629445   0.000518  -0.191247   0.001000
 -0.316414  -0.106746  -0.701631   0.629445   0.000518  -0.191247   0.001000
 -0.311830  -0.112566  -0.700882   0.631550   1.044916  -0.557187   0.001000
 -0.311830  -0.112566  -0.700882   0.631550   1.044916  -0.557187   0.001000
 -0.313400  -0.115838  -0.701075   0.629965   0.141642  -0.736810   0.001000
 -0.313400  -0.115838  -0.701075   0.629965   0.141642  -0.736810   0.001000
 -0.316317  -0.122065  -0.699788   0.628761   0.257873   0.040914   0.001000
 -0.348029  -0.097072  -0.692437   0.624487  -0.153525   0.236978   0.001000
 -0.319578  -0.110256  -0.701372   0.627527   0.391611  -0.434328   0.001000
 -0.319578  -0.110256  -0.701372   0.627527   0.391611  -0.434328   0.001000
 -0.319578  -0.110256  -0.701372   0.627527   0.391611  -0.434328   0.001000
 -0.314596  -0.110313  -0.704216   0.626850   0.091444   0.449149   0.001000
 -0.314596  -0.110313  -0.704216   0.626850   0.091444   0.449149   0.001000
 -0.319455  -0.104398  -0.700192   0.629905   0.825705  -0.103347   0.001000
 -0.317923  -0.120711  -0.705227   0.622100   0.516690  -0.307839   0.001000
 -0.317923  -0.120711  -0.705227   0.622100   0.516690  -0.307839   0.001000
 -0.313499  -0.108094  -0.702039   0.630219  -0.466593  -0.511480   0.001000
 -0.313581  -0.108000  -0.704887   0.627007   0.264467  -0.711297   0.001000
 -0.313581  -0.108000  -0.704887   0.627007   0.264467  -0.711297   0.001000
 -0.317977  -0.108021  -0.702618   0.627336   0.366093  -0.282981   0.001000
 -0.317977  -0.108021  -0.702618   0.627336   0.366093  -0.282981   0.001000
 -0.317977  -0.108021  -0.702618   0.627336   0.366093  -0.282981   0.001000
 -0.345444  -0.140847  -0.693341   0.616529   0.866474   0.133334   0.001000
 -0.313794  -0.105970  -0.701974   0.630505  -0.160116  -0.424620   0.001000
 -0.315060  -0.107383  -0.702777   0.628737   0.693566   0.242655   0.001000
 -0.315060  -0.107383  -0.702777   0.628737   0.693566   0.242655   0.001000
 -0.315152  -0.104160  -0.701995   0.630105   0.509836  -0.395019   0.001000
 -0.317404  -0.106603  -0.704021   0.626295   0.442459  -0.489417   0.001000
 -0.317404  -0.106603  -0.704021   0.626295   0.442459  -0.489417   0.001000
 -0.317404  -0.106603  -0.704021   0.626295   0.442459  -0.489417   0.001000
 -0.317404  -0.106603  -0.704021   0.626295   0.442459  -0.489417   0.001000
 -0.314295  -0.112352  -0.704859   0.625915   0.277102  -0.046584   0.001000
 -0.314295  -0.112352  -0.704859   0.625915   0.277102  -0.046584   0.001000
 -0.314295  -0.112352  -0.704859   0.625915   0.277102  -0.046584   0.001000
 -0.316885  -0.108361  -0.703637   0.626688  -0.243937  -0.306555   0.001000
 -0.316885  -0.108361  -0.703637   0.626688  -0.243937  -0.306555   0.001000
 -0.316885  -0.108361  -0.703637   0.626688  -0.243937  -0.306555   0.001000
 -0.304243  -0.134315  -0.695868   0.636524   0.486843   0.196916   0.001000
 -0.304243  -0.134315  -0.695868   0.636524   0.486843   0.196916   0.001000
 -0.304243  -0.134315  -0.695868   0.636524   0.486843   0.196916   0.001000
 -0.317266  -0.111358  -0.702345   0.627418  -0.293136  -0.408850   0.001000
 -0.316789  -0.108576  -0.696484   0.634638   0.070109  -0.025104   0.001000
 -0.316789  -0.108576  -0.696484   0.634638   0.070109  -0.025104   0.001000
 -0.316789  -0.108576  -0.696484   0.634638   0.070109  -0.025104   0.001000
 -0.315298  -0.116543  -0.706533   0.622749   0.390553  -0.134270   0.001000
 -0.318399  -0.104552  -0.703067   0.627206   0.106411  -1.426733   0.001000
 -0.315285  -0.106462  -0.708277   0.622580   0.375352  -1.084833   0.001000
 -0.319529  -0.110011  -0.698226   0.631094   0.692153  -0.119693   0.001000
 -0.319529  -0.110011  -0.698226   0.631094   0.692153  -0.119693   0.001000
 -0.319529  -0.110011  -0.698226   0.631094   0.692153  -0.119693   0.001000
 -0.319012  -0.105515  -0.704972   0.624590   1.100177   0.343200   0.001000
 -0.307932  -0.111540  -0.699431   0.635243  -0.008818  -0.095326   0.001000
 -0.307932  -0.111540  -0.699431   0.635243  -0.008818  -0.095326   0.001000
 -0.315245  -0.115246  -0.698849   0.631624   0.660974  -0.493343   0.001000
 -0.314470  -0.107739  -0.703000   0.628723   0.386859  -0.630339   0.001000
 -0.314470  -0.107739  -0.703000   0.628723   0.386859  -0.630339   0.001000
 -0.319681  -0.114400  -0.699433   0.628896   0.385678   0.017308   0.001000
 -0.319681  -0.114400  -0.699433   0.628896   0.385678   0.017308   0.001000
 -0.313840  -0.106313  -0.703151   0.629110   0.260061  -0.268773   0.001000
 -0.313456  -0.111279  -0.701934   0.629802   0.779760  -0.447255   0.001000
 -0.316139  -0.110787  -0.705469   0.624577  -0.262524  -0.418615   0.001000
 -0.316139  -0.110787  -0.705469   0.624577  -0.262524  -0.418615   0.001000
 -0.316139  -0.110787  -0.705469   0.624577  -0.262524  -0.418615   0.001000
 -0.316139  -0.110787  -0.705469   0.624577  -0.262524  -0.418615   0.001000
 -0.316139  -0.110787  -0.705469   0.624577  -0.262524  -0.418615   0.001000
 -0.317677  -0.105398  -0.700319   0.630496   0.415570  -0.615734   0.001000
 -0.317677  -0.105398  -0.700319   0.630496   0.415570  -0.615734   0.001000
 -0.305137  -0.110361  -0.711081   0.623759   0.673080  -0.398182   0.001000
 -0.331859  -0.093634  -0.706622   0.617889   0.516442  -0.884051   0.001000
 -0.331859  -0.093634  -0.706622   0.617889   0.516442  -0.884051   0.001000
 -0.317765  -0.109169  -0.700901   0.629163   0.636487  -0.381271   0.001000
 -0.317765  -0.109169  -0.700901   0.629163   0.636487  -0.381271   0.001000
 -0.311474  -0.114983  -0.701994   0.630054  -0.376841  -0.224963   0.001000
 -0.311474  -0.114983  -0.701994   0.630054  -0.376841  -0.224963   0.001000
 -0.315428  -0.109596  -0.702166   0.628854   0.611232   0.136222   0.001000
 -0.306838  -0.111270  -0.695684   0.639917   1.057178  -0.297855   0.001000
 -0.310572  -0.112231  -0.704488   0.628208   0.269593  -0.376041   0.001000
 -0.310572  -0.112231  -0.704488   0.628208   0.269593  -0.376041   0.001000
 -0.310572  -0.112231  -0.704488   0.628208   0.269593  -0.376041   0.001000
 -0.313262  -0.103672  -0.699226   0.634195   0.338726  -0.540416   0.001000
 -0.317473  -0.116008  -0.704199   0.624385  -0.040268  -0.604878   0.001000
 -0.317473  -0.116008  -0.704199   0.624385  -0.040268  -0.604878   0.001000
 -0.310725  -0.109704  -0.700601   0.632909  -0.242741  -0.961073   0.001000
 -0.318933  -0.107078  -0.703501   0.626021   0.386644  -0.191049   0.001000
 -0.318933  -0.107078  -0.703501   0.626021   0.386644  -0.191049   0.001000
 -0.318933  -0.107078  -0.703501   0.626021   0.386644  -0.191049   0.001000
 -0.314744  -0.107985  -0.704223   0.627173   0.066159  -0.571646   0.001000
 -0.314744  -0.107985  -0.704223   0.627173   0.066159  -0.571646   0.001000
 -0.309289  -0.114263  -0.711823   0.620155   0.426474  -0.282525   0.001000
 -0.309289  -0.114263  -0.711823   0.620155   0.426474  -0.282525   0.001000
 -0.309289  -0.114263  -0.711823   0.620155   0.426474  -0.282525   0.001000
 -0.309289  -0.114263  -0.711823   0.620155   0.426474  -0.282525   0.001000
 -0.309289  -0.114263  -0.711823   0.620155   0.426474  -0.282525   0.001000
 -0.309289  -0.114263  -0.711823   0.620155   0.426474  -0.282525   0.001000
 -0.309289  -0.114263  -0.711823   0.620155   0.426474  -0.282525   0.001000
 -0.309289  -0.114263  -0.711823   0.620155   0.426474  -0.282525   0.001000
 -0.309289  -0.114263  -0.711823   0.620155   0.426474  -0.282525   0.001000
 -0.309289  -0.114263  -0.711823   0.620155   0.426474  -0.282525   0.001000
 -0.309289  -0.114263  -0.711823   0.620155   0.426474  -0.282525   0.001000
 -0.309289  -0.114263  -0.711823   0.620155   0.426474  -0.282525   0.001000
 -0.309289  -0.114263  -0.711823   0.620155   0.426474  -0.282525   0.001000
 -0.309289  -0.114263  -0.711823   0.620155   0.426474  -0.282525   0.001000
 -0.321477  -0.110260  -0.701137   0.626819   0.538212  -0.267779   0.001000
 -0.321477  -0.110260  -0.701137   0.626819   0.538212  -0.267779   0.001000
 -0.321477  -0.110260  -0.701137   0.626819   0.538212  -0.267779   0.001000
 -0.313685  -0.104986  -0.701756   0.630967   0.707917  -0.272605   0.001000
 -0.313685  -0.104986  -0.701756   0.630967   0.707917  -0.272605   0.001000
 -0.311407  -0.105181  -0.704958   0.628487   0.525426  -0.659677   0.001000
 -0.313922  -0.113722  -0.706740   0.623730   0.238403  -0.540445   0.001000
 -0.313922  -0.113722  -0.706740   0.623730   0.238403  -0.540445   0.001000
 -0.341530  -0.105936  -0.698900   0.619414   0.066479  -0.253615   0.001000
 -0.318883  -0.111593  -0.702614   0.626254   0.090993   0.126957   0.001000
 -0.318883  -0.111593  -0.702614   0.626254   0.090993   0.126957   0.001000
 -0.315458  -0.109686  -0.702249   0.628730  -0.002590  -0.736075   0.001000
 -0.315458  -0.109686  -0.702249   0.628730  -0.002590  -0.736075   0.001000
 -0.316381  -0.107781  -0.705480   0.624968   0.113376  -0.083848   0.001000
 -0.316381  -0.107781  -0.705480   0.624968   0.113376  -0.083848   0.001000
 -0.316381  -0.107781  -0.705480   0.624968   0.113376  -0.083848   0.001000
 -0.316381  -0.107781  -0.705480   0.624968   0.113376  -0.083848   0.001000
 -0.358071  -0.090224  -0.683026   0.630175   0.022024  -0.426910   0.001000
 -0.323473  -0.116431  -0.694498   0.632046  -0.306343   0.175354   0.001000
 -0.313212  -0.110311  -0.703575   0.628261   0.455138  -0.010047   0.001000
 -0.313212  -0.110311  -0.703575   0.628261   0.455138  -0.010047   0.001000
 -0.317467  -0.110131  -0.699596   0.630596   0.570136  -0.462105   0.001000
 -0.318379  -0.103358  -0.703835   0.626552   0.576035  -0.946237   0.001000
 -0.318379  -0.103358  -0.703835   0.626552   0.576035  -0.946237   0.001000
 -0.315146  -0.109073  -0.702945   0.628215   0.232887   0.100510   0.001000
 -0.314730  -0.117192  -0.703528   0.626306  -0.221238  -0.182000   0.001000
 -0.314730  -0.117192  -0.703528   0.626306  -0.221238  -0.182000   0.001000
 -0.311882  -0.102297  -0.699951   0.634298   0.887913  -0.502905   0.001000
 -0.311280  -0.108371  -0.703876   0.629222   1.083793   0.125796   0.001000
 -0.318296  -0.109710  -0.702274   0.627266  -0.052088   0.005574   0.001000
 -0.318296  -0.109710  -0.702274   0.627266  -0.052088   0.005574   0.001000
 -0.318296  -0.109710  -0.702274   0.627266  -0.052088   0.005574   0.001000
 -0.315114  -0.112116  -0.699303   0.631750   0.889536  -0.447633   0.001000
 -0.305368  -0.109665  -0.708818   0.626339   0.174081   0.430909   0.001000
 -0.305368  -0.109665  -0.708818   0.626339   0.174081   0.430909   0.001000
 -0.315588  -0.112301  -0.702910   0.627463   0.498800   0.320103   0.001000
 -0.315588  -0.112301  -0.702910   0.627463   0.498800   0.320103   0.001000
 -0.315588  -0.112301  -0.702910   0.627463   0.498800   0.320103   0.001000
 -0.318211  -0.106307  -0.699901   0.630538  -0.358748  -0.287779   0.001000
 -0.318211  -0.106307  -0.699901   0.630538  -0.358748  -0.287779   0.001000
 -0.318211  -0.106307  -0.699901   0.630538  -0.358748  -0.287779   0.001000
 -0.313209  -0.111064  -0.706400   0.624951  -0.168080  -0.258771   0.001000
 -0.313209  -0.111064  -0.706400   0.624951  -0.168080  -0.258771   0.001000
 -0.313209  -0.111064  -0.706400   0.624951  -0.168080  -0.258771   0.001000
 -0.319315  -0.108286  -0.704447   0.624553   0.431496  -0.286075   0.001000
 -0.319315  -0.108286  -0.704447   0.624553   0.431496  -0.286075   0.001000
 -0.319315  -0.108286  -0.704447   0.624553   0.431496  -0.286075   0.001000
 -0.319315  -0.108286  -0.704447   0.624553   0.431496  -0.286075   0.001000
 -0.319196  -0.107644  -0.702736   0.626649   0.244899   0.268931   0.001000
 -0.319196  -0.107644  -0.702736   0.626649   0.244899   0.268931   0.001000
 -0.323099  -0.105876  -0.698399   0.629791   1.139386  -0.288443   0.001000
 -0.314863  -0.073149  -0.720770   0.613190   0.960024   0.376381   0.001000
 -0.321040  -0.112118  -0.702021   0.625723   0.669728  -0.841250   0.001000
 -0.315019  -0.105749  -0.703436   0.628298   0.304598  -0.166258   0.001000
 -0.315019  -0.105749  -0.703436   0.628298   0.304598  -0.166258   0.001000
 -0.315999  -0.108771  -0.703708   0.626984   0.272221  -0.272098   0.001000
 -0.315999  -0.108771  -0.703708   0.626984   0.272221  -0.272098   0.001000
 -0.315999  -0.108771  -0.703708   0.626984   0.272221  -0.272098   0.001000
 -0.316703  -0.103796  -0.702931   0.628342   0.510071  -0.759394   0.001000
 -0.316703  -0.103796  -0.702931   0.628342   0.510071  -0.759394   0.001000
 -0.316562  -0.108924  -0.703406   0.627012   0.346450  -0.260649   0.001000
 -0.318771  -0.111538  -0.702453   0.626501   0.252246  -0.043006   0.001000
 -0.318771  -0.111538  -0.702453   0.626501   0.252246  -0.043006   0.001000
 -0.318771  -0.111538  -0.702453   0.626501   0.252246  -0.043006   0.001000
 -0.318771  -0.111538  -0.702453   0.626501   0.252246  -0.043006   0.001000
 -0.318486  -0.106469  -0.700395   0.629824   0.794557  -0.715229   0.001000
 -0.316010  -0.110003  -0.704323   0.626072   0.245691  -0.063961   0.001000
 -0.316010  -0.110003  -0.704323   0.626072   0.245691  -0.063961   0.001000
 -0.316010  -0.110003  -0.704323   0.626072   0.245691  -0.063961   0.001000
 -0.314894  -0.109117  -0.703232   0.628012   0.770350  -0.015485   0.001000
 -0.314894  -0.109117  -0.703232   0.628012   0.770350  -0.015485   0.001000
 -0.312609  -0.100623  -0.702565   0.631310   0.357075  -0.157689   0.001000
 -0.322520  -0.123249  -0.703490   0.621202   0.634222  -0.479086   0.001000
 -0.318494  -0.114783  -0.700573   0.628159   0.045889  -0.071784   0.001000
 -0.318593  -0.108626  -0.704076   0.625281   0.867609  -0.715304   0.001000
 -0.318593  -0.108626  -0.704076   0.625281   0.867609  -0.715304   0.001000
 -0.319117  -0.112870  -0.693797   0.635666   0.106083  -0.103632   0.001000
 -0.319117  -0.112870  -0.693797   0.635666   0.106083  -0.103632   0.001000
 -0.337673  -0.120054  -0.694701   0.623662   0.824669  -0.348569   0.001000
 -0.332865  -0.098907  -0.701192   0.622694   0.450036   0.015055   0.001000
 -0.313544  -0.112357  -0.697967   0.633963   0.236747  -0.220842   0.001000
 -0.313544  -0.112357  -0.697967   0.633963   0.236747  -0.220842   0.001000
 -0.314182  -0.109756  -0.704423   0.626923   0.847320  -0.515725   0.001000
 -0.312707  -0.102594  -0.706466   0.626574   1.195299  -0.050885   0.001000
 -0.315534  -0.109824  -0.704579   0.626055   0.362170   0.023038   0.001000
 -0.315534  -0.109824  -0.704579   0.626055   0.362170   0.023038   0.001000
 -0.315534  -0.109824  -0.704579   0.626055   0.362170   0.023038   0.001000
 -0.316882  -0.109443  -0.701062   0.629381   0.411298  -0.429696   0.001000
 -0.314442  -0.105759  -0.702585   0.629536   0.413619  -0.400409   0.001000
 -0.314442  -0.105759  -0.702585   0.629536   0.413619  -0.400409   0.001000
 -0.323384  -0.115061  -0.690773   0.636409   0.353201  -0.043617   0.001000
 -0.323384  -0.115061  -0.690773   0.636409   0.353201  -0.043617   0.001000
 -0.313663  -0.110294  -0.702547   0.629188   0.444596  -0.201702   0.001000
 -0.313663  -0.110294  -0.702547   0.629188   0.444596  -0.201702   0.001000
 -0.314929  -0.109356  -0.701604   0.629772   0.678886  -0.126874   0.001000
 -0.314929  -0.109356  -0.701604   0.629772   0.678886  -0.126874   0.001000
 -0.312707  -0.108032  -0.696079   0.637195   0.716665  -0.571120   0.001000
 -0.311774  -0.105457  -0.707151   0.625790   0.137897  -0.360190   0.001000
 -0.311774  -0.105457  -0.707151   0.625790   0.137897  -0.360190   0.001000
 -0.319917  -0.120270  -0.690251   0.637763   0.666142  -0.486518   0.001000
 -0.320668  -0.110751  -0.701664   0.626557   0.312349  -0.307971   0.001000
 -0.320668  -0.110751  -0.701664   0.626557   0.312349  -0.307971   0.001000
 -0.316546  -0.107813  -0.703292   0.627340   0.899438  -0.091943   0.001000
 -0.313560  -0.107392  -0.703653   0.628507   0.240460  -0.994139   0.001000
 -0.314147  -0.086558  -0.711057   0.623070  -0.098929  -1.038190   0.001000
 -0.314657  -0.109988  -0.701594   0.629809   0.287002  -0.672645   0.001000
 -0.312251  -0.105373  -0.701322   0.632095   0.164573   0.192280   0.001000
 -0.316422  -0.109139  -0.701467   0.629214   0.249714  -0.164902   0.001000
 -0.316422  -0.109139  -0.701467   0.629214   0.249714  -0.164902   0.001000
 -0.316422  -0.109139  -0.701467   0.629214   0.249714  -0.164902   0.001000
 -0.333199  -0.094459  -0.706318   0.617391   0.868540  -0.346022   0.001000
 -0.333199  -0.094459  -0.706318   0.617391   0.868540  -0.346022   0.001000
 -0.333199  -0.094459  -0.706318   0.617391   0.868540  -0.346022   0.001000
 -0.333199  -0.094459  -0.706318   0.617391   0.868540  -0.346022   0.001000
 -0.316982  -0.111951  -0.702258   0.627553   0.520017  -0.253296   0.001000
 -0.316982  -0.111951  -0.702258   0.627553   0.520017  -0.253296   0.001000
 -0.316982  -0.111951  -0.702258   0.627553   0.520017  -0.253296   0.001000
 -0.305954  -0.107061  -0.704026   0.631884   0.161290  -0.256814   0.001000
 -0.305954  -0.107061  -0.704026   0.631884   0.161290  -0.256814   0.001000
 -0.315264  -0.108711  -0.703291   0.627831   0.210234  -0.014300   0.001000
 -0.315264  -0.108711  -0.703291   0.627831   0.210234  -0.014300   0.001000
 -0.303921  -0.129788  -0.707180   0.625046   0.525167  -0.689129   0.001000
 -0.303921  -0.129788  -0.707180   0.625046   0.525167  -0.689129   0.001000
 -0.303921  -0.129788  -0.707180   0.625046   0.525167  -0.689129   0.001000
 -0.303921  -0.129788  -0.707180   0.625046   0.525167  -0.689129   0.001000
 -0.303921  -0.129788  -0.707180   0.625046   0.525167  -0.689129   0.001000
 -0.311716  -0.114893  -0.706585   0.624796   0.493868   0.065125   0.001000
 -0.311716  -0.114893  -0.706585   0.624796   0.493868   0.065125   0.001000
 -0.311716  -0.114893  -0.706585   0.624796   0.493868   0.065125   0.001000
 -0.311716  -0.114893  -0.706585   0.624796   0.493868   0.065125   0.001000
 -0.307451  -0.114346  -0.700200   0.634128   0.019432  -0.581089   0.001000
 -0.307451  -0.114346  -0.700200   0.634128   0.019432  -0.581089   0.001000
 -0.318412  -0.105202  -0.702301   0.627949   0.797107  -0.974447   0.001000
 -0.314171  -0.109575  -0.701977   0.629697  -0.041976  -0.463095   0.001000
 -0.316854  -0.109471  -0.702285   0.628025   0.834920  -0.636824   0.001000
 -0.316854  -0.109471  -0.702285   0.628025   0.834920  -0.636824   0.001000
 -0.316854  -0.109471  -0.702285   0.628025   0.834920  -0.636824   0.001000
 -0.314500  -0.110611  -0.701550   0.629828   0.583482  -0.264402   0.001000
 -0.314500  -0.110611  -0.701550   0.629828   0.583482  -0.264402   0.001000
 -0.316210  -0.108108  -0.704501   0.626101   0.491661  -0.166761   0.001000
 -0.316210  -0.108108  -0.704501   0.626101   0.491661  -0.166761   0.001000
 -0.316536  -0.109953  -0.703658   0.626562  -0.093069  -0.483569   0.001000
 -0.316536  -0.109953  -0.703658   0.626562  -0.093069  -0.483569   0.001000
 -0.316151  -0.113849  -0.701132   0.628888   0.759272  -0.432362   0.001000
 -0.312137  -0.109797  -0.702343   0.630262   0.280535  -0.133782   0.001000
 -0.312137  -0.109797  -0.702343   0.630262   0.280535  -0.133782   0.001000
 -0.312137  -0.109797  -0.702343   0.630262   0.280535  -0.133782   0.001000
 -0.318079  -0.108895  -0.703424   0.626229  -0.013565  -0.512990   0.001000
 -0.318079  -0.108895  -0.703424   0.626229  -0.013565  -0.512990   0.001000
 -0.318079  -0.108895  -0.703424   0.626229  -0.013565  -0.512990   0.001000
 -0.318079  -0.108895  -0.703424   0.626229  -0.013565  -0.512990   0.001000
 -0.318079  -0.108895  -0.703424   0.626229  -0.013565  -0.512990   0.001000
 -0.312914  -0.116392  -0.702094   0.628969   0.644819  -0.230314   0.001000
 -0.312914  -0.116392  -0.702094   0.628969   0.644819  -0.230314   0.001000
 -0.316197  -0.112490  -0.707352   0.622109   0.214336  -0.128958   0.001000
 -0.316197  -0.112490  -0.707352   0.622109   0.214336  -0.128958   0.001000
 -0.316197  -0.112490  -0.707352   0.622109   0.214336  -0.128958   0.001000
 -0.313237  -0.108892  -0.701835   0.630439   0.664067   0.607800   0.001000
 -0.305796  -0.121170  -0.691807   0.642813   1.000985   0.216956   0.001000
 -0.313184  -0.110314  -0.701340   0.630769   0.560618  -0.459275   0.001000
 -0.313184  -0.110314  -0.701340   0.630769   0.560618  -0.459275   0.001000
 -0.312190  -0.103022  -0.699072   0.634998   0.560593  -0.705926   0.001000
 -0.321183  -0.116635  -0.704750   0.621744   0.442789  -0.267521   0.001000
 -0.321183  -0.116635  -0.704750   0.621744   0.442789  -0.267521   0.001000
 -0.319190  -0.115192  -0.701901   0.626246   0.930559  -1.020358   0.001000
 -0.319190  -0.115192  -0.701901   0.626246   0.930559  -1.020358   0.001000
 -0.313310  -0.107147  -0.703158   0.629226   0.415950  -0.111994   0.001000
 -0.313310  -0.107147  -0.703158   0.629226   0.415950  -0.111994   0.001000
 -0.313310  -0.107147  -0.703158   0.629226   0.415950  -0.111994   0.001000
 -0.312165  -0.107930  -0.703020   0.629815   0.032205  -0.498397   0.001000
 -0.312165  -0.107930  -0.703020   0.629815   0.032205  -0.498397   0.001000
 -0.312475  -0.104878  -0.709945   0.622365   0.548188  -0.404920   0.001000
 -0.312475  -0.104878  -0.709945   0.622365   0.548188  -0.404920   0.001000
 -0.315864  -0.105718  -0.706501   0.624427  -0.339467  -0.651084   0.001000
 -0.315864  -0.105718  -0.706501   0.624427  -0.339467  -0.651084   0.001000
 -0.315864  -0.105718  -0.706501   0.624427  -0.339467  -0.651084   0.001000
 -0.315864  -0.105718  -0.706501   0.624427  -0.339467  -0.651084   0.001000
 -0.315864  -0.105718  -0.706501   0.624427  -0.339467  -0.651084   0.001000
 -0.316283  -0.107608  -0.703738   0.627007   1.408625  -0.707717   0.001000
 -0.323076  -0.102252  -0.699505   0.629174   0.011007  -0.469061   0.001000
 -0.323076  -0.102252  -0.699505   0.629174   0.011007  -0.469061   0.001000
 -0.323076  -0.102252  -0.699505   0.629174   0.011007  -0.469061   0.001000
 -0.323076  -0.102252  -0.699505   0.629174   0.011007  -0.469061   0.001000
 -0.323076  -0.102252  -0.699505   0.629174   0.011007  -0.469061   0.001000
 -0.313046  -0.109954  -0.705765   0.625945   0.384613   0.284224   0.001000
 -0.313046  -0.109954  -0.705765   0.625945   0.384613   0.284224   0.001000
 -0.316711  -0.110384  -0.704987   0.624902   0.236496  -0.275262   0.001000
 -0.316711  -0.110384  -0.704987   0.624902   0.236496  -0.275262   0.001000
 -0.316711  -0.110384  -0.704987   0.624902   0.236496  -0.275262   0.001000
 -0.316711  -0.110384  -0.704987   0.624902   0.236496  -0.275262   0.001000
 -0.311450  -0.108105  -0.707204   0.625440   0.463080   0.065724   0.001000
 -0.311450  -0.108105  -0.707204   0.625440   0.463080   0.065724   0.001000
 -0.311545  -0.102820  -0.704236   0.629619   0.402083  -0.088552   0.001000
 -0.316318  -0.112690  -0.703684   0.626157   0.270658  -0.271124   0.001000
 -0.316318  -0.112690  -0.703684   0.626157   0.270658  -0.271124   0.001000
 -0.316318  -0.112690  -0.703684   0.626157   0.270658  -0.271124   0.001000
 -0.316318  -0.112690  -0.703684   0.626157   0.270658  -0.271124   0.001000
 -0.310711  -0.119727  -0.703225   0.628171   0.507882   0.528880   0.001000
 -0.317187  -0.105358  -0.704720   0.625829   0.685243  -0.055038   0.001000
 -0.317187  -0.105358  -0.704720   0.625829   0.685243  -0.055038   0.001000
 -0.318596  -0.107262  -0.699397   0.630741  -0.210818  -1.313684   0.001000
 -0.315401  -0.107158  -0.696989   0.635016   0.293556  -0.183677   0.001000
 -0.315401  -0.107158  -0.696989   0.635016   0.293556  -0.183677   0.001000
 -0.280273  -0.136271  -0.681398   0.662250   0.685953  -0.193905   0.001000
 -0.327272  -0.108728  -0.690726   0.635585   0.954751   0.220557   0.001000
 -0.316911  -0.111005  -0.701844   0.628220  -0.401987  -0.400832   0.001000
 -0.316911  -0.111005  -0.701844   0.628220  -0.401987  -0.400832   0.001000
 -0.312661  -0.108426  -0.705306   0.626922   0.755946  -0.280234   0.001000
 -0.312661  -0.108426  -0.705306   0.626922   0.755946  -0.280234   0.001000
 -0.311897  -0.104582  -0.700296   0.633537  -0.153966  -0.320661   0.001000
 -0.314273  -0.100468  -0.706981   0.625553  -0.495738   0.027768   0.001000
 -0.314273  -0.100468  -0.706981   0.625553  -0.495738   0.027768   0.001000
 -0.314273  -0.100468  -0.706981   0.625553  -0.495738   0.027768   0.001000
 -0.314273  -0.100468  -0.706981   0.625553  -0.495738   0.027768   0.001000
 -0.321169  -0.112028  -0.702830   0.624764   0.682517  -0.057500   0.001000
 -0.321169  -0.112028  -0.702830   0.624764   0.682517  -0.057500   0.001000
 -0.317093  -0.111963  -0.702523   0.627198   0.686358   0.186227   0.001000
 -0.317093  -0.111963  -0.702523   0.627198   0.686358   0.186227   0.001000
 -0.317800  -0.108572  -0.699762   0.630514   0.741266  -0.538392   0.001000
 -0.317800  -0.108572  -0.699762   0.630514   0.741266  -0.538392   0.001000
 -0.317800  -0.108572  -0.699762   0.630514   0.741266  -0.538392   0.001000
 -0.317800  -0.108572  -0.699762   0.630514   0.741266  -0.538392   0.001000
 -0.315818  -0.117155  -0.698154   0.631755   0.323029  -0.259762   0.001000
 -0.315818  -0.117155  -0.698154   0.631755   0.323029  -0.259762   0.001000
 -0.315818  -0.117155  -0.698154   0.631755   0.323029  -0.259762   0.001000
 -0.313276  -0.102525  -0.703881   0.629204   0.215784  -0.476721   0.001000
 -0.315950  -0.109734  -0.700389   0.630546   0.858032   0.222822   0.001000
 -0.319699  -0.103118  -0.701694   0.628319   0.916481  -0.510838   0.001000
 -0.319699  -0.103118  -0.701694   0.628319   0.916481  -0.510838   0.001000
 -0.317503  -0.128037  -0.699860   0.626892  -0.133088  -0.573427   0.001000
 -0.315194  -0.109900  -0.703886   0.626992  -0.496056  -0.199099   0.001000
 -0.315194  -0.109900  -0.703886   0.626992  -0.496056  -0.199099   0.001000
 -0.315194  -0.109900  -0.703886   0.626992  -0.496056  -0.199099   0.001000
 -0.315194  -0.109900  -0.703886   0.626992  -0.496056  -0.199099   0.001000
 -0.314275  -0.104725  -0.701840   0.630623  -0.168719   0.029298   0.001000
 -0.314275  -0.104725  -0.701840   0.630623  -0.168719   0.029298   0.001000
 -0.302376  -0.096205  -0.708426   0.630433   0.116591  -0.177185   0.001000
 -0.323708  -0.108749  -0.711800   0.613782   0.637812  -0.146302   0.001000
 -0.323708  -0.108749  -0.711800   0.613782   0.637812  -0.146302   0.001000
 -0.323708  -0.108749  -0.711800   0.613782   0.637812  -0.146302   0.001000
 -0.323708  -0.108749  -0.711800   0.613782   0.637812  -0.146302   0.001000
 -0.323708  -0.108749  -0.711800   0.613782   0.637812  -0.146302   0.001000
 -0.323708  -0.108749  -0.711800   0.613782   0.637812  -0.146302   0.001000
 -0.323708  -0.108749  -0.711800   0.613782   0.637812  -0.146302   0.001000
 -0.323708  -0.108749  -0.711800   0.613782   0.637812  -0.146302   0.001000
 -0.323708  -0.108749  -0.711800   0.613782   0.637812  -0.146302   0.001000
 -0.323708  -0.108749  -0.711800   0.613782   0.637812  -0.146302   0.001000
 -0.323708  -0.108749  -0.711800   0.613782   0.637812  -0.146302   0.001000
 -0.323708  -0.108749  -0.711800   0.613782   0.637812  -0.146302   0.001000
 -0.323708  -0.108749  -0.711800   0.613782   0.637812  -0.146302   0.001000
 -0.323708  -0.108749  -0.711800   0.613782   0.637812  -0.146302   0.001000
 -0.323708  -0.108749  -0.711800   0.613782   0.637812  -0.146302   0.001000
 -0.323708  -0.108749  -0.711800   0.613782   0.637812  -0.146302   0.001000
 -0.323708  -0.108749  -0.711800   0.613782   0.637812  -0.146302   0.001000
 -0.323708  -0.108749  -0.711800   0.613782   0.637812  -0.146302   0.001000
 -0.323708  -0.108749  -0.711800   0.613782   0.637812  -0.146302   0.001000
 -0.323708  -0.108749  -0.711800   0.613782   0.637812  -0.146302   0.001000
 -0.323708  -0.108749  -0.711800   0.613782   0.637812  -0.146302   0.001000
 -0.323708  -0.108749  -0.711800   0.613782   0.637812  -0.146302   0.001000
 -0.315435  -0.109701  -0.704924   0.625738   0.281987   0.302883   0.001000
 -0.315435  -0.109701  -0.704924   0.625738   0.281987   0.302883   0.001000
 -0.315435  -0.109701  -0.704924   0.625738   0.281987   0.302883   0.001000
 -0.312988  -0.109508  -0.707698   0.623867   0.418058  -0.421787   0.001000
 -0.312988  -0.109508  -0.707698   0.623867   0.418058  -0.421787   0.001000
 -0.312988  -0.109508  -0.707698   0.623867   0.418058  -0.421787   0.001000
 -0.312988  -0.109508  -0.707698   0.623867   0.418058  -0.421787   0.001000
 -0.312988  -0.109508  -0.707698   0.623867   0.418058  -0.421787   0.001000
 -0.312988  -0.109508  -0.707698   0.623867   0.418058  -0.421787   0.001000
 -0.317139  -0.108079  -0.696902   0.634089   0.805672  -0.288554   0.001000
 -0.314663  -0.106983  -0.703696   0.627976   0.630008  -0.470422   0.001000
 -0.318299  -0.108293  -0.701690   0.628164   0.309607  -0.876296   0.001000
 -0.314671  -0.108230  -0.701521   0.630188  -0.090780  -0.466848   0.001000
 -0.314671  -0.108230  -0.701521   0.630188  -0.090780  -0.466848   0.001000
 -0.314671  -0.108230  -0.701521   0.630188  -0.090780  -0.466848   0.001000
 -0.319475  -0.112191  -0.704649   0.623554  -0.033150  -0.723116   0.001000
 -0.319475  -0.112191  -0.704649   0.623554  -0.033150  -0.723116   0.001000
 -0.319475  -0.112191  -0.704649   0.623554  -0.033150  -0.723116   0.001000
 -0.317287  -0.109406  -0.702038   0.628094   0.275635  -0.320449   0.001000
 -0.317287  -0.109406  -0.702038   0.628094   0.275635  -0.320449   0.001000
 -0.317287  -0.109406  -0.702038   0.628094   0.275635  -0.320449   0.001000
 -0.317287  -0.109406  -0.702038   0.628094   0.275635  -0.320449   0.001000
 -0.320216  -0.107227  -0.702102   0.626911   0.587792  -0.015352   0.001000
 -0.320216  -0.107227  -0.702102   0.626911   0.587792  -0.015352   0.001000
 -0.318462  -0.112665  -0.703203   0.625615   0.587764  -0.050896   0.001000
 -0.318462  -0.112665  -0.703203   0.625615   0.587764  -0.050896   0.001000
 -0.318462  -0.112665  -0.703203   0.625615   0.587764  -0.050896   0.001000
 -0.325986  -0.112542  -0.707534   0.616818   0.118643  -0.352414   0.001000
 -0.317901  -0.109130  -0.703670   0.626001  -0.076145  -0.528104   0.001000
 -0.317901  -0.109130  -0.703670   0.626001  -0.076145  -0.528104   0.001000
 -0.317901  -0.109130  -0.703670   0.626001  -0.076145  -0.528104   0.001000
 -0.317901  -0.109130  -0.703670   0.626001  -0.076145  -0.528104   0.001000
 -0.317901  -0.109130  -0.703670   0.626001  -0.076145  -0.528104   0.001000
 -0.313498  -0.095742  -0.692790   0.642335   0.646452   0.396193   0.001000
 -0.316828  -0.109720  -0.704704   0.625279   0.319898   0.307033   0.001000
 -0.316828  -0.109720  -0.704704   0.625279   0.319898   0.307033   0.001000
 -0.315308  -0.109361  -0.701310   0.629909   0.630707   0.177648   0.001000
 -0.315308  -0.109361  -0.701310   0.629909   0.630707   0.177648   0.001000
 -0.310351  -0.111483  -0.705476   0.627342   0.330671  -0.021881   0.001000
 -0.310351  -0.111483  -0.705476   0.627342   0.330671  -0.021881   0.001000
 -0.314396  -0.109448  -0.703136   0.628312   0.071002   0.316254   0.001000
 -0.314405  -0.112050  -0.705719   0.624944   0.749877  -0.169726   0.001000
 -0.314405  -0.112050  -0.705719   0.624944   0.749877  -0.169726   0.001000
 -0.314405  -0.112050  -0.705719   0.624944   0.749877  -0.169726   0.001000
 -0.321207  -0.112595  -0.700938   0.626765   0.114148  -0.993816   0.001000
 -0.321207  -0.112595  -0.700938   0.626765   0.114148  -0.993816   0.001000
 -0.314890  -0.108498  -0.702326   0.629135   0.304553  -0.241621   0.001000
 -0.314890  -0.108498  -0.702326   0.629135   0.304553  -0.241621   0.001000
 -0.314890  -0.108498  -0.702326   0.629135   0.304553  -0.241621   0.001000
 -0.315006  -0.110279  -0.704363   0.626485   0.436838  -0.058703   0.001000
 -0.315006  -0.110279  -0.704363   0.626485   0.436838  -0.058703   0.001000
 -0.320211  -0.116499  -0.692869   0.635473   0.748541  -0.290622   0.001000
 -0.320211  -0.116499  -0.692869   0.635473   0.748541  -0.290622   0.001000
 -0.324211  -0.111741  -0.715651   0.608478   0.355077  -0.084416   0.001000
 -0.324211  -0.111741  -0.715651   0.608478   0.355077  -0.084416   0.001000
 -0.319392  -0.109293  -0.702242   0.626817  -0.414156  -0.223908   0.001000
 -0.316767  -0.109941  -0.702122   0.628170   0.494377  -0.427493   0.001000
 -0.316767  -0.109941  -0.702122   0.628170   0.494377  -0.427493   0.001000
 -0.314830  -0.105757  -0.704683   0.626992   0.208027  -0.674313   0.001000
 -0.314830  -0.105757  -0.704683   0.626992   0.208027  -0.674313   0.001000
 -0.314830  -0.105757  -0.704683   0.626992   0.208027  -0.674313   0.001000
 -0.317132  -0.105865  -0.703214   0.627463   0.363167  -0.182964   0.001000
 -0.317132  -0.105865  -0.703214   0.627463   0.363167  -0.182964   0.001000
 -0.317132  -0.105865  -0.703214   0.627463   0.363167  -0.182964   0.001000
 -0.317132  -0.105865  -0.703214   0.627463   0.363167  -0.182964   0.001000
 -0.312117  -0.105189  -0.708469   0.624172   0.479887  -0.340842   0.001000
 -0.312117  -0.105189  -0.708469   0.624172   0.479887  -0.340842   0.001000
 -0.306363  -0.112701  -0.696116   0.639424   0.316726  -0.594523   0.001000
 -0.314463  -0.109976  -0.702430   0.628975   0.821647   0.632002   0.001000
 -0.325164  -0.095409  -0.711519   0.615554   0.234562  -0.584253   0.001000
 -0.325164  -0.095409  -0.711519   0.615554   0.234562  -0.584253   0.001000
 -0.313253  -0.112300  -0.702496   0.629095   0.797382  -0.251350   0.001000
 -0.312054  -0.115350  -0.719391   0.609748   0.146808  -0.346385   0.001000
 -0.312054  -0.115350  -0.719391   0.609748   0.146808  -0.346385   0.001000
 -0.312054  -0.115350  -0.719391   0.609748   0.146808  -0.346385   0.001000
 -0.312054  -0.115350  -0.719391   0.609748   0.146808  -0.346385   0.001000
 -0.312054  -0.115350  -0.719391   0.609748   0.146808  -0.346385   0.001000
 -0.312054  -0.115350  -0.719391   0.609748   0.146808  -0.346385   0.001000
 -0.312054  -0.115350  -0.719391   0.609748   0.146808  -0.346385   0.001000
 -0.312054  -0.115350  -0.719391   0.609748   0.146808  -0.346385   0.001000
 -0.312054  -0.115350  -0.719391   0.609748   0.146808  -0.346385   0.001000
 -0.312054  -0.115350  -0.719391   0.609748   0.146808  -0.346385   0.001000
 -0.312054  -0.115350  -0.719391   0.609748   0.146808  -0.346385   0.001000
 -0.312054  -0.115350  -0.719391   0.609748   0.146808  -0.346385   0.001000
 -0.312054  -0.115350  -0.719391   0.609748   0.146808  -0.346385   0.001000
 -0.312054  -0.115350  -0.719391   0.609748   0.146808  -0.346385   0.001000
 -0.312054  -0.115350  -0.719391   0.609748   0.146808  -0.346385   0.001000
 -0.312054  -0.115350  -0.719391   0.609748   0.146808  -0.346385   0.001000
 -0.312054  -0.115350  -0.719391   0.609748   0.146808  -0.346385   0.001000
 -0.312054  -0.115350  -0.719391   0.609748   0.146808  -0.346385   0.001000
 -0.312054  -0.115350  -0.719391   0.609748   0.146808  -0.346385   0.001000
 -0.312054  -0.115350  -0.719391   0.609748   0.146808  -0.346385   0.001000
 -0.312054  -0.115350  -0.719391   0.609748   0.146808  -0.346385   0.001000
 -0.312054  -0.115350  -0.719391   0.609748   0.146808  -0.346385   0.001000
 -0.312054  -0.115350  -0.719391   0.609748   0.146808  -0.346385   0.001000
 -0.312054  -0.115350  -0.719391   0.609748   0.146808  -0.346385   0.001000
 -0.312054  -0.115350  -0.719391   0.609748   0.146808  -0.346385   0.001000
 -0.312054  -0.115350  -0.719391   0.609748   0.146808  -0.346385   0.001000
 -0.312054  -0.115350  -0.719391   0.609748   0.146808  -0.346385   0.001000
 -0.312054  -0.115350  -0.719391   0.609748   0.146808  -0.346385   0.001000
 -0.312054  -0.115350  -0.719391   0.609748   0.146808  -0.346385   0.001000
 -0.312054  -0.115350  -0.719391   0.609748   0.146808  -0.346385   0.001000
 -0.312054  -0.115350  -0.719391   0.609748   0.146808  -0.346385   0.001000
 -0.312054  -0.115350  -0.719391   0.609748   0.146808  -0.346385   0.001000
 -0.312054  -0.115350  -0.719391   0.609748   0.146808  -0.346385   0.001000
 -0.312054  -0.115350  -0.719391   0.609748   0.146808  -0.346385   0.001000
 -0.312054  -0.115350  -0.719391   0.609748   0.146808  -0.346385   0.001000
 -0.312054  -0.115350  -0.719391   0.609748   0.146808  -0.346385   0.001000
 -0.312054  -0.115350  -0.719391   0.609748   0.146808  -0.346385   0.001000
 -0.312054  -0.115350  -0.719391   0.609748   0.146808  -0.346385   0.001000
 -0.312054  -0.115350  -0.719391   0.609748   0.146808  -0.346385   0.001000
 -0.312054  -0.115350  -0.719391   0.609748   0.146808  -0.346385   0.001000
 -0.312054  -0.115350  -0.719391   0.609748   0.146808  -0.346385   0.001000
 -0.312054  -0.115350  -0.719391   0.609748   0.146808  -0.346385   0.001000
 -0.312054  -0.115350  -0.719391   0.609748   0.146808  -0.346385   0.001000
 -0.312054  -0.115350  -0.719391   0.609748   0.146808  -0.346385   0.001000
 -0.312054  -0.115350  -0.719391   0.609748   0.146808  -0.346385   0.001000
 -0.312054  -0.115350  -0.719391   0.609748   0.146808  -0.346385   0.001000
 -0.312054  -0.115350  -0.719391   0.609748   0.146808  -0.346385   0.001000
 -0.312054  -0.115350  -0.719391   0.609748   0.146808  -0.346385   0.001000
 -0.312054  -0.115350  -0.719391   0.609748   0.146808  -0.346385   0.001000
 -0.312054  -0.115350  -0.719391   0.609748   0.146808  -0.346385   0.001000
 -0.312054  -0.115350  -0.719391   0.609748   0.146808  -0.346385   0.001000
 -0.312054  -0.115350  -0.719391   0.609748   0.146808  -0.346385   0.001000
 -0.312054  -0.115350  -0.719391   0.609748   0.146808  -0.346385   0.001000
 -0.312054  -0.115350  -0.719391   0.609748   0.146808  -0.346385   0.001000
 -0.312054  -0.115350  -0.719391   0.609748   0.146808  -0.346385   0.001000
 -0.312054  -0.115350  -0.719391   0.609748   0.146808  -0.346385   0.001000
 -0.312054  -0.115350  -0.719391   0.609748   0.146808  -0.346385   0.001000
 -0.312054  -0.115350  -0.719391   0.609748   0.146808  -0.346385   0.001000
 -0.312054  -0.115350  -0.719391   0.609748   0.146808  -0.346385   0.001000
 -0.312054  -0.115350  -0.719391   0.609748   0.146808  -0.346385   0.001000
 -0.312054  -0.115350  -0.719391   0.609748   0.146808  -0.346385   0.001000
 -0.312054  -0.115350  -0.719391   0.609748   0.146808  -0.346385   0.001000
 -0.312054  -0.115350  -0.719391   0.609748   0.146808  -0.346385   0.001000
 -0.312054  -0.115350  -0.719391   0.609748   0.146808  -0.346385   0.001000
 -0.312054  -0.115350  -0.719391   0.609748   0.146808  -0.346385   0.001000
 -0.312054  -0.115350  -0.719391   0.609748   0.146808  -0.346385   0.001000
 -0.312054  -0.115350  -0.719391   0.609748   0.146808  -0.346385   0.001000
 -0.312054  -0.115350  -0.719391   0.609748   0.146808  -0.346385   0.001000
 -0.312054  -0.115350  -0.719391   0.609748   0.146808  -0.346385   0.001000
 -0.312054  -0.115350  -0.719391   0.609748   0.146808  -0.346385   0.001000
 -0.312054  -0.115350  -0.719391   0.609748   0.146808  -0.346385   0.001000
 -0.312054  -0.115350  -0.719391   0.609748   0.146808  -0.346385   0.001000
 -0.312054  -0.115350  -0.719391   0.609748   0.146808  -0.346385   0.001000
 -0.312054  -0.115350  -0.719391   0.609748   0.146808  -0.346385   0.001000
 -0.312054  -0.115350  -0.719391   0.609748   0.146808  -0.346385   0.001000
 -0.312054  -0.115350  -0.719391   0.609748   0.146808  -0.346385   0.001000
 -0.312054  -0.115350  -0.719391   0.609748   0.146808  -0.346385   0.001000
 -0.312054  -0.115350  -0.719391   0.609748   0.146808  -0.346385   0.001000
 -0.312054  -0.115350  -0.719391   0.609748   0.146808  -0.346385   0.001000
 -0.312054  -0.115350  -0.719391   0.609748   0.146808  -0.346385   0.001000
 -0.317326  -0.111833  -0.699603   0.630359   0.467051  -0.761986   0.001000
 -0.318832  -0.117005  -0.701154   0.626928  -0.047707  -0.722263   0.001000
 -0.318832  -0.117005  -0.701154   0.626928  -0.047707  -0.722263   0.001000
 -0.318658  -0.108572  -0.700152   0.629648   0.819043  -0.372327   0.001000
 -0.318658  -0.108572  -0.700152   0.629648   0.819043  -0.372327   0.001000
 -0.318658  -0.108572  -0.700152   0.629648   0.819043  -0.372327   0.001000
 -0.316120  -0.107233  -0.704004   0.626855   0.166912   0.357252   0.001000
 -0.316120  -0.107233  -0.704004   0.626855   0.166912   0.357252   0.001000
 -0.317544  -0.109410  -0.701162   0.628941  -0.413094  -0.738310   0.001000
 -0.314405  -0.108354  -0.702488   0.629221   0.503917   0.542081   0.001000
 -0.314405  -0.108354  -0.702488   0.629221   0.503917   0.542081   0.001000
 -0.318956  -0.106485  -0.698260   0.631951   0.678698  -0.045143   0.001000
 -0.315529  -0.111606  -0.701227   0.629497  -0.118242  -0.049212   0.001000
 -0.315529  -0.111606  -0.701227   0.629497  -0.118242  -0.049212   0.001000
 -0.312261  -0.108426  -0.705429   0.626982  -0.139454  -0.192801   0.001000
 -0.312261  -0.108426  -0.705429   0.626982  -0.139454  -0.192801   0.001000
 -0.312261  -0.108426  -0.705429   0.626982  -0.139454  -0.192801   0.001000
 -0.312261  -0.108426  -0.705429   0.626982  -0.139454  -0.192801   0.001000
 -0.317361  -0.108528  -0.703300   0.626795  -0.275835  -0.352509   0.001000
 -0.317361  -0.108528  -0.703300   0.626795  -0.275835  -0.352509   0.001000
 -0.317361  -0.108528  -0.703300   0.626795  -0.275835  -0.352509   0.001000
 -0.288330  -0.114927  -0.750134   0.583914   1.077550  -0.890439   0.001000
 -0.298408  -0.126357  -0.719599   0.614137   1.034488  -0.626120   0.001000
 -0.298408  -0.126357  -0.719599   0.614137   1.034488  -0.626120   0.001000
 -0.298408  -0.126357  -0.719599   0.614137   1.034488  -0.626120   0.001000
 -0.298408  -0.126357  -0.719599   0.614137   1.034488  -0.626120   0.001000
 -0.300065  -0.131346  -0.712224   0.620843   1.032753  -0.884366   0.001000
 -0.320167  -0.122173  -0.716140   0.608039   0.986013  -1.454925   0.001000
 -0.298920  -0.125764  -0.717169   0.616846   1.154388  -1.111047   0.001000
 -0.334026  -0.094284  -0.688996   0.636256  -0.076518   0.127736   0.001000
 -0.328988  -0.091414  -0.689300   0.638964   1.242091   0.250402   0.001000
 -0.330811  -0.095477  -0.688754   0.638018  -0.042273  -0.085862   0.001000
 -0.330811  -0.095477  -0.688754   0.638018  -0.042273  -0.085862   0.001000
 -0.328539  -0.089675  -0.693870   0.634480   0.970162  -0.215518   0.001000
 -0.337393  -0.094476  -0.690791   0.632494   0.824713  -0.115967   0.001000
 -0.271562  -0.148987  -0.717180   0.624267   0.283280  -0.322421   0.001000
 -0.294385  -0.125921  -0.731732   0.601705   0.281665  -0.955294   0.001000
 -0.294385  -0.125921  -0.731732   0.601705   0.281665  -0.955294   0.001000
 -0.296652  -0.115214  -0.724188   0.611781   0.849709  -1.026879   0.001000
 -0.294380  -0.131852  -0.716329   0.618732   1.470970  -0.258488   0.001000
 -0.294380  -0.131852  -0.716329   0.618732   1.470970  -0.258488   0.001000
 -0.294380  -0.131852  -0.716329   0.618732   1.470970  -0.258488   0.001000
 -0.294380  -0.131852  -0.716329   0.618732   1.470970  -0.258488   0.001000
 -0.295014  -0.119873  -0.725597   0.610005   1.010456  -0.719549   0.001000
 -0.285263  -0.124824  -0.723803   0.615754   0.754414  -0.025334   0.001000
 -0.284993  -0.130638  -0.711285   0.629115   0.626361  -1.349460   0.001000
 -0.285351  -0.127278  -0.722703   0.616503   0.195105  -0.533749   0.001000
 -0.285351  -0.127278  -0.722703   0.616503   0.195105  -0.533749   0.001000
 -0.292091  -0.130796  -0.720483   0.615207   0.778874  -0.569856   0.001000
 -0.286951  -0.124927  -0.722723   0.616217   0.918376  -0.466915   0.001000
