 -0.066934   0.185398  -0.680832   0.705418  -0.037588   2.187687   0.001000
 -0.044078   0.159535  -0.689919   0.704711   0.091698   2.007661   0.001000
 -0.044078   0.159535  -0.689919   0.704711   0.091698   2.007661   0.001000
 -0.044078   0.159535  -0.689919   0.704711   0.091698   2.007661   0.001000
 -0.044078   0.159535  -0.689919   0.704711   0.091698   2.007661   0.001000
 -0.062884   0.165611  -0.681011   0.710522   0.091779   1.748643   0.001000
 -0.073236   0.180338  -0.684048   0.702989   0.238876   1.637042   0.001000
 -0.047266   0.160523  -0.688180   0.705979   0.055921   1.729560   0.001000
 -0.047266   0.160523  -0.688180   0.705979   0.055921   1.729560   0.001000
 -0.047266   0.160523  -0.688180   0.705979   0.055921   1.729560   0.001000
 -0.047266   0.160523  -0.688180   0.705979   0.055921   1.729560   0.001000
 -0.047266   0.160523  -0.688180   0.705979   0.055921   1.729560   0.001000
 -0.047266   0.160523  -0.688180   0.705979   0.055921   1.729560   0.001000
 -0.047266   0.160523  -0.688180   0.705979   0.055921   1.729560   0.001000
 -0.047266   0.160523  -0.688180   0.705979   0.055921   1.729560   0.001000
 -0.047266   0.160523  -0.688180   0.705979   0.055921   1.729560   0.001000
 -0.047266   0.160523  -0.688180   0.705979   0.055921   1.729560   0.001000
 -0.047266   0.160523  -0.688180   0.705979   0.055921   1.729560   0.001000
 -0.047266   0.160523  -0.688180   0.705979   0.055921   1.729560   0.001000
 -0.047266   0.160523  -0.688180   0.705979   0.055921   1.729560   0.001000
 -0.047266   0.160523  -0.688180   0.705979   0.055921   1.729560   0.001000
 -0.047266   0.160523  -0.688180   0.705979   0.055921   1.729560   0.001000
 -0.047266   0.160523  -0.688180   0.705979   0.055921   1.729560   0.001000
 -0.047266   0.160523  -0.688180   0.705979   0.055921   1.729560   0.001000
 -0.061199   0.180925  -0.708219   0.679666   0.403840   1.691303   0.001000
 -0.061200   0.171863  -0.686074   0.704287   0.286901   1.522826   0.001000
 -0.074888   0.181063  -0.686950   0.699791   0.228912   2.027688   0.001000
 -0.074888   0.181063  -0.686950   0.699791   0.228912   2.027688   0.001000
 -0.068939   0.172623  -0.685339   0.704102   0.151504   1.855271   0.001000
 -0.055447   0.172983  -0.691372   0.699290   0.415174   1.905471   0.001000
 -0.059035   0.160880  -0.702212   0.691036   0.222452   1.796129   0.001000
 -0.049992   0.165804  -0.685901   0.706788   0.211254   1.944050   0.001000
 -0.049992   0.165804  -0.685901   0.706788   0.211254   1.944050   0.001000
 -0.067984   0.174798  -0.688193   0.700867   0.379317   1.945341   0.001000
 -0.067984   0.174798  -0.688193   0.700867   0.379317   1.945341   0.001000
 -0.080332   0.177819  -0.690168   0.696846   0.487929   2.078483   0.001000
 -0.064809   0.177643  -0.690835   0.697847   0.379971   2.031342   0.001000
 -0.061271   0.169178  -0.692598   0.698521   0.287845   2.039447   0.001000
 -0.061271   0.169178  -0.692598   0.698521   0.287845   2.039447   0.001000
 -0.061271   0.169178  -0.692598   0.698521   0.287845   2.039447   0.001000
 -0.061377   0.158482  -0.690662   0.702924   0.384680   2.002305   0.001000
 -0.055179   0.168352  -0.692274   0.699550   0.272207   1.890355   0.001000
 -0.055179   0.168352  -0.692274   0.699550   0.272207   1.890355   0.001000
 -0.055179   0.168352  -0.692274   0.699550   0.272207   1.890355   0.001000
 -0.055179   0.168352  -0.692274   0.699550   0.272207   1.890355   0.001000
 -0.055179   0.168352  -0.692274   0.699550   0.272207   1.890355   0.001000
 -0.055179   0.168352  -0.692274   0.699550   0.272207   1.890355   0.001000
 -0.055179   0.168352  -0.692274   0.699550   0.272207   1.890355   0.001000
 -0.055179   0.168352  -0.692274   0.699550   0.272207   1.890355   0.001000
 -0.055179   0.168352  -0.692274   0.699550   0.272207   1.890355   0.001000
 -0.055179   0.168352  -0.692274   0.699550   0.272207   1.890355   0.001000
 -0.055179   0.168352  -0.692274   0.699550   0.272207   1.890355   0.001000
 -0.086684   0.160913  -0.679678   0.710373   0.325075   1.904948   0.001000
 -0.041005   0.144122  -0.692756   0.705433   0.322099   1.728915   0.001000
 -0.064329   0.163402  -0.685241   0.706828   0.007627   1.954696   0.001000
 -0.080116   0.185028  -0.683377   0.701671  -0.055342   1.726734   0.001000
 -0.072591   0.175875  -0.694919   0.693459   0.034519   1.912263   0.001000
 -0.093135   0.175656  -0.674864   0.710654   0.075096   1.759076   0.001000
 -0.051621   0.177092  -0.699403   0.690514   0.079130   1.802738   0.001000
 -0.051621   0.177092  -0.699403   0.690514   0.079130   1.802738   0.001000
 -0.051621   0.177092  -0.699403   0.690514   0.079130   1.802738   0.001000
 -0.059023   0.182577  -0.694544   0.693391   0.007897   1.865099   0.001000
 -0.059023   0.182577  -0.694544   0.693391   0.007897   1.865099   0.001000
 -0.059023   0.182577  -0.694544   0.693391   0.007897   1.865099   0.001000
 -0.075829   0.193423  -0.672852   0.710005   0.015743   1.848928   0.001000
 -0.039282   0.191022  -0.670611   0.715715   0.125634   1.823261   0.001000
 -0.061032   0.174990  -0.690472   0.699215   0.165245   1.768361   0.001000
 -0.061032   0.174990  -0.690472   0.699215   0.165245   1.768361   0.001000
 -0.061032   0.174990  -0.690472   0.699215   0.165245   1.768361   0.001000
 -0.061032   0.174990  -0.690472   0.699215   0.165245   1.768361   0.001000
 -0.061032   0.174990  -0.690472   0.699215   0.165245   1.768361   0.001000
 -0.061032   0.174990  -0.690472   0.699215   0.165245   1.768361   0.001000
 -0.061032   0.174990  -0.690472   0.699215   0.165245   1.768361   0.001000
 -0.061032   0.174990  -0.690472   0.699215   0.165245   1.768361   0.001000
 -0.061032   0.174990  -0.690472   0.699215   0.165245   1.768361   0.001000
 -0.066302   0.173806  -0.696708   0.692816  -0.022524   1.822257   0.001000
 -0.066029   0.174830  -0.691240   0.698042   0.017724   1.778029   0.001000
 -0.071863   0.184402  -0.683257   0.702845  -0.018303   1.927866   0.001000
 -0.071863   0.184402  -0.683257   0.702845  -0.018303   1.927866   0.001000
 -0.071863   0.184402  -0.683257   0.702845  -0.018303   1.927866   0.001000
 -0.075794   0.182438  -0.687628   0.698670  -0.121741   1.814656   0.001000
 -0.078956   0.176472  -0.692074   0.695454   0.084241   1.906440   0.001000
 -0.078956   0.176472  -0.692074   0.695454   0.084241   1.906440   0.001000
 -0.078956   0.176472  -0.692074   0.695454   0.084241   1.906440   0.001000
 -0.069457   0.178320  -0.680275   0.707534   0.043584   2.016679   0.001000
 -0.060598   0.173440  -0.693912   0.696227   0.074329   2.038821   0.001000
 -0.060598   0.173440  -0.693912   0.696227   0.074329   2.038821   0.001000
 -0.060598   0.173440  -0.693912   0.696227   0.074329   2.038821   0.001000
 -0.060598   0.173440  -0.693912   0.696227   0.074329   2.038821   0.001000
 -0.060598   0.173440  -0.693912   0.696227   0.074329   2.038821   0.001000
 -0.060598   0.173440  -0.693912   0.696227   0.074329   2.038821   0.001000
 -0.060598   0.173440  -0.693912   0.696227   0.074329   2.038821   0.001000
 -0.060598   0.173440  -0.693912   0.696227   0.074329   2.038821   0.001000
 -0.060598   0.173440  -0.693912   0.696227   0.074329   2.038821   0.001000
 -0.060598   0.173440  -0.693912   0.696227   0.074329   2.038821   0.001000
 -0.060598   0.173440  -0.693912   0.696227   0.074329   2.038821   0.001000
 -0.060598   0.173440  -0.693912   0.696227   0.074329   2.038821   0.001000
 -0.060598   0.173440  -0.693912   0.696227   0.074329   2.038821   0.001000
 -0.060598   0.173440  -0.693912   0.696227   0.074329   2.038821   0.001000
 -0.060598   0.173440  -0.693912   0.696227   0.074329   2.038821   0.001000
 -0.060598   0.173440  -0.693912   0.696227   0.074329   2.038821   0.001000
 -0.060598   0.173440  -0.693912   0.696227   0.074329   2.038821   0.001000
 -0.060598   0.173440  -0.693912   0.696227   0.074329   2.038821   0.001000
 -0.060598   0.173440  -0.693912   0.696227   0.074329   2.038821   0.001000
 -0.066307   0.181538  -0.683793   0.703615   0.032420   2.061256   0.001000
 -0.066307   0.181538  -0.683793   0.703615   0.032420   2.061256   0.001000
 -0.066307   0.181538  -0.683793   0.703615   0.032420   2.061256   0.001000
 -0.051745   0.162137  -0.692262   0.701290   0.054625   2.016601   0.001000
 -0.051745   0.162137  -0.692262   0.701290   0.054625   2.016601   0.001000
 -0.064308   0.160544  -0.675743   0.716562   0.061432   2.006876   0.001000
 -0.064308   0.160544  -0.675743   0.716562   0.061432   2.006876   0.001000
 -0.063016   0.186469  -0.683713   0.702706   0.129465   2.086580   0.001000
 -0.067943   0.173694  -0.696814   0.692578   0.019919   2.039478   0.001000
 -0.067943   0.173694  -0.696814   0.692578   0.019919   2.039478   0.001000
 -0.067943   0.173694  -0.696814   0.692578   0.019919   2.039478   0.001000
 -0.061479   0.170531  -0.698386   0.692385   0.098312   1.961222   0.001000
 -0.061479   0.170531  -0.698386   0.692385   0.098312   1.961222   0.001000
 -0.061479   0.170531  -0.698386   0.692385   0.098312   1.961222   0.001000
 -0.061479   0.170531  -0.698386   0.692385   0.098312   1.961222   0.001000
 -0.061479   0.170531  -0.698386   0.692385   0.098312   1.961222   0.001000
 -0.061479   0.170531  -0.698386   0.692385   0.098312   1.961222   0.001000
 -0.061479   0.170531  -0.698386   0.692385   0.098312   1.961222   0.001000
 -0.061479   0.170531  -0.698386   0.692385   0.098312   1.961222   0.001000
 -0.061479   0.170531  -0.698386   0.692385   0.098312   1.961222   0.001000
 -0.046984   0.174592  -0.691415   0.699468   0.052133   1.961985   0.001000
 -0.046984   0.174592  -0.691415   0.699468   0.052133   1.961985   0.001000
 -0.046984   0.174592  -0.691415   0.699468   0.052133   1.961985   0.001000
 -0.046984   0.174592  -0.691415   0.699468   0.052133   1.961985   0.001000
 -0.046984   0.174592  -0.691415   0.699468   0.052133   1.961985   0.001000
 -0.064334   0.165902  -0.700308   0.691308   0.119595   2.012999   0.001000
 -0.064334   0.165902  -0.700308   0.691308   0.119595   2.012999   0.001000
 -0.064334   0.165902  -0.700308   0.691308   0.119595   2.012999   0.001000
 -0.063372   0.180482  -0.687667   0.700374   0.032332   2.016961   0.001000
 -0.063372   0.180482  -0.687667   0.700374   0.032332   2.016961   0.001000
 -0.063372   0.180482  -0.687667   0.700374   0.032332   2.016961   0.001000
 -0.063372   0.180482  -0.687667   0.700374   0.032332   2.016961   0.001000
 -0.063372   0.180482  -0.687667   0.700374   0.032332   2.016961   0.001000
 -0.063372   0.180482  -0.687667   0.700374   0.032332   2.016961   0.001000
 -0.063372   0.180482  -0.687667   0.700374   0.032332   2.016961   0.001000
 -0.063372   0.180482  -0.687667   0.700374   0.032332   2.016961   0.001000
 -0.063372   0.180482  -0.687667   0.700374   0.032332   2.016961   0.001000
 -0.063372   0.180482  -0.687667   0.700374   0.032332   2.016961   0.001000
 -0.063372   0.180482  -0.687667   0.700374   0.032332   2.016961   0.001000
 -0.063372   0.180482  -0.687667   0.700374   0.032332   2.016961   0.001000
 -0.063372   0.180482  -0.687667   0.700374   0.032332   2.016961   0.001000
 -0.063372   0.180482  -0.687667   0.700374   0.032332   2.016961   0.001000
 -0.063372   0.180482  -0.687667   0.700374   0.032332   2.016961   0.001000
 -0.062763   0.179401  -0.688164   0.700219  -0.012151   2.003993   0.001000
 -0.062763   0.179401  -0.688164   0.700219  -0.012151   2.003993   0.001000
 -0.062763   0.179401  -0.688164   0.700219  -0.012151   2.003993   0.001000
 -0.062763   0.179401  -0.688164   0.700219  -0.012151   2.003993   0.001000
 -0.062763   0.179401  -0.688164   0.700219  -0.012151   2.003993   0.001000
 -0.062763   0.179401  -0.688164   0.700219  -0.012151   2.003993   0.001000
 -0.062763   0.179401  -0.688164   0.700219  -0.012151   2.003993   0.001000
 -0.062763   0.179401  -0.688164   0.700219  -0.012151   2.003993   0.001000
 -0.062763   0.179401  -0.688164   0.700219  -0.012151   2.003993   0.001000
 -0.062763   0.179401  -0.688164   0.700219  -0.012151   2.003993   0.001000
 -0.062763   0.179401  -0.688164   0.700219  -0.012151   2.003993   0.001000
 -0.062763   0.179401  -0.688164   0.700219  -0.012151   2.003993   0.001000
 -0.062763   0.179401  -0.688164   0.700219  -0.012151   2.003993   0.001000
 -0.062763   0.179401  -0.688164   0.700219  -0.012151   2.003993   0.001000
 -0.062763   0.179401  -0.688164   0.700219  -0.012151   2.003993   0.001000
 -0.062763   0.179401  -0.688164   0.700219  -0.012151   2.003993   0.001000
 -0.062763   0.179401  -0.688164   0.700219  -0.012151   2.003993   0.001000
 -0.062763   0.179401  -0.688164   0.700219  -0.012151   2.003993   0.001000
 -0.062763   0.179401  -0.688164   0.700219  -0.012151   2.003993   0.001000
 -0.062763   0.179401  -0.688164   0.700219  -0.012151   2.003993   0.001000
 -0.062763   0.179401  -0.688164   0.700219  -0.012151   2.003993   0.001000
 -0.062763   0.179401  -0.688164   0.700219  -0.012151   2.003993   0.001000
 -0.062763   0.179401  -0.688164   0.700219  -0.012151   2.003993   0.001000
 -0.062763   0.179401  -0.688164   0.700219  -0.012151   2.003993   0.001000
 -0.062763   0.179401  -0.688164   0.700219  -0.012151   2.003993   0.001000
 -0.062763   0.179401  -0.688164   0.700219  -0.012151   2.003993   0.001000
 -0.062763   0.179401  -0.688164   0.700219  -0.012151   2.003993   0.001000
 -0.062763   0.179401  -0.688164   0.700219  -0.012151   2.003993   0.001000
 -0.062763   0.179401  -0.688164   0.700219  -0.012151   2.003993   0.001000
 -0.062763   0.179401  -0.688164   0.700219  -0.012151   2.003993   0.001000
 -0.062763   0.179401  -0.688164   0.700219  -0.012151   2.003993   0.001000
 -0.062763   0.179401  -0.688164   0.700219  -0.012151   2.003993   0.001000
 -0.062763   0.179401  -0.688164   0.700219  -0.012151   2.003993   0.001000
 -0.062763   0.179401  -0.688164   0.700219  -0.012151   2.003993   0.001000
 -0.062763   0.179401  -0.688164   0.700219  -0.012151   2.003993   0.001000
 -0.062763   0.179401  -0.688164   0.700219  -0.012151   2.003993   0.001000
 -0.075192   0.196361  -0.698855   0.683659  -0.034778   1.959660   0.001000
 -0.067899   0.182815  -0.680911   0.705924   0.001991   2.084035   0.001000
 -0.067899   0.182815  -0.680911   0.705924   0.001991   2.084035   0.001000
 -0.067899   0.182815  -0.680911   0.705924   0.001991   2.084035   0.001000
 -0.067899   0.182815  -0.680911   0.705924   0.001991   2.084035   0.001000
 -0.055790   0.173550  -0.690947   0.699543   0.104372   2.030346   0.001000
 -0.055790   0.173550  -0.690947   0.699543   0.104372   2.030346   0.001000
 -0.055790   0.173550  -0.690947   0.699543   0.104372   2.030346   0.001000
 -0.055790   0.173550  -0.690947   0.699543   0.104372   2.030346   0.001000
 -0.055790   0.173550  -0.690947   0.699543   0.104372   2.030346   0.001000
 -0.055790   0.173550  -0.690947   0.699543   0.104372   2.030346   0.001000
 -0.055790   0.173550  -0.690947   0.699543   0.104372   2.030346   0.001000
 -0.060695   0.169961  -0.687523   0.703379   0.083036   1.986000   0.001000
 -0.060695   0.169961  -0.687523   0.703379   0.083036   1.986000   0.001000
 -0.060695   0.169961  -0.687523   0.703379   0.083036   1.986000   0.001000
 -0.060695   0.169961  -0.687523   0.703379   0.083036   1.986000   0.001000
 -0.060695   0.169961  -0.687523   0.703379   0.083036   1.986000   0.001000
 -0.060695   0.169961  -0.687523   0.703379   0.083036   1.986000   0.001000
 -0.060695   0.169961  -0.687523   0.703379   0.083036   1.986000   0.001000
 -0.060695   0.169961  -0.687523   0.703379   0.083036   1.986000   0.001000
 -0.060695   0.169961  -0.687523   0.703379   0.083036   1.986000   0.001000
 -0.060695   0.169961  -0.687523   0.703379   0.083036   1.986000   0.001000
 -0.060695   0.169961  -0.687523   0.703379   0.083036   1.986000   0.001000
 -0.060695   0.169961  -0.687523   0.703379   0.083036   1.986000   0.001000
 -0.060695   0.169961  -0.687523   0.703379   0.083036   1.986000   0.001000
 -0.060695   0.169961  -0.687523   0.703379   0.083036   1.986000   0.001000
 -0.060695   0.169961  -0.687523   0.703379   0.083036   1.986000   0.001000
 -0.060695   0.169961  -0.687523   0.703379   0.083036   1.986000   0.001000
 -0.060695   0.169961  -0.687523   0.703379   0.083036   1.986000   0.001000
 -0.060695   0.169961  -0.687523   0.703379   0.083036   1.986000   0.001000
 -0.060695   0.169961  -0.687523   0.703379   0.083036   1.986000   0.001000
 -0.060695   0.169961  -0.687523   0.703379   0.083036   1.986000   0.001000
 -0.060695   0.169961  -0.687523   0.703379   0.083036   1.986000   0.001000
 -0.060695   0.169961  -0.687523   0.703379   0.083036   1.986000   0.001000
 -0.060695   0.169961  -0.687523   0.703379   0.083036   1.986000   0.001000
 -0.060695   0.169961  -0.687523   0.703379   0.083036   1.986000   0.001000
 -0.060695   0.169961  -0.687523   0.703379   0.083036   1.986000   0.001000
 -0.060695   0.169961  -0.687523   0.703379   0.083036   1.986000   0.001000
 -0.060695   0.169961  -0.687523   0.703379   0.083036   1.986000   0.001000
 -0.060695   0.169961  -0.687523   0.703379   0.083036   1.986000   0.001000
 -0.060695   0.169961  -0.687523   0.703379   0.083036   1.986000   0.001000
 -0.060695   0.169961  -0.687523   0.703379   0.083036   1.986000   0.001000
 -0.060695   0.169961  -0.687523   0.703379   0.083036   1.986000   0.001000
 -0.060695   0.169961  -0.687523   0.703379   0.083036   1.986000   0.001000
 -0.060695   0.169961  -0.687523   0.703379   0.083036   1.986000   0.001000
 -0.060695   0.169961  -0.687523   0.703379   0.083036   1.986000   0.001000
 -0.060695   0.169961  -0.687523   0.703379   0.083036   1.986000   0.001000
 -0.060695   0.169961  -0.687523   0.703379   0.083036   1.986000   0.001000
 -0.060695   0.169961  -0.687523   0.703379   0.083036   1.986000   0.001000
 -0.060695   0.169961  -0.687523   0.703379   0.083036   1.986000   0.001000
 -0.060695   0.169961  -0.687523   0.703379   0.083036   1.986000   0.001000
 -0.060695   0.169961  -0.687523   0.703379   0.083036   1.986000   0.001000
 -0.060695   0.169961  -0.687523   0.703379   0.083036   1.986000   0.001000
 -0.060695   0.169961  -0.687523   0.703379   0.083036   1.986000   0.001000
 -0.060695   0.169961  -0.687523   0.703379   0.083036   1.986000   0.001000
 -0.060695   0.169961  -0.687523   0.703379   0.083036   1.986000   0.001000
 -0.060695   0.169961  -0.687523   0.703379   0.083036   1.986000   0.001000
 -0.051335   0.169531  -0.692019   0.699809   0.069024   2.006030   0.001000
 -0.051335   0.169531  -0.692019   0.699809   0.069024   2.006030   0.001000
 -0.051335   0.169531  -0.692019   0.699809   0.069024   2.006030   0.001000
 -0.051335   0.169531  -0.692019   0.699809   0.069024   2.006030   0.001000
 -0.051335   0.169531  -0.692019   0.699809   0.069024   2.006030   0.001000
 -0.051335   0.169531  -0.692019   0.699809   0.069024   2.006030   0.001000
 -0.051335   0.169531  -0.692019   0.699809   0.069024   2.006030   0.001000
 -0.051335   0.169531  -0.692019   0.699809   0.069024   2.006030   0.001000
 -0.051335   0.169531  -0.692019   0.699809   0.069024   2.006030   0.001000
 -0.051335   0.169531  -0.692019   0.699809   0.069024   2.006030   0.001000
 -0.051335   0.169531  -0.692019   0.699809   0.069024   2.006030   0.001000
 -0.051335   0.169531  -0.692019   0.699809   0.069024   2.006030   0.001000
 -0.051335   0.169531  -0.692019   0.699809   0.069024   2.006030   0.001000
 -0.051335   0.169531  -0.692019   0.699809   0.069024   2.006030   0.001000
 -0.051335   0.169531  -0.692019   0.699809   0.069024   2.006030   0.001000
 -0.057379   0.148708  -0.687113   0.708851   0.030797   2.039265   0.001000
 -0.050455   0.159963  -0.692078   0.702064   0.010021   1.948317   0.001000
 -0.050455   0.159963  -0.692078   0.702064   0.010021   1.948317   0.001000
 -0.050455   0.159963  -0.692078   0.702064   0.010021   1.948317   0.001000
 -0.050455   0.159963  -0.692078   0.702064   0.010021   1.948317   0.001000
 -0.050455   0.159963  -0.692078   0.702064   0.010021   1.948317   0.001000
 -0.050455   0.159963  -0.692078   0.702064   0.010021   1.948317   0.001000
 -0.050455   0.159963  -0.692078   0.702064   0.010021   1.948317   0.001000
 -0.050455   0.159963  -0.692078   0.702064   0.010021   1.948317   0.001000
 -0.050455   0.159963  -0.692078   0.702064   0.010021   1.948317   0.001000
 -0.050455   0.159963  -0.692078   0.702064   0.010021   1.948317   0.001000
 -0.050455   0.159963  -0.692078   0.702064   0.010021   1.948317   0.001000
 -0.050455   0.159963  -0.692078   0.702064   0.010021   1.948317   0.001000
 -0.050455   0.159963  -0.692078   0.702064   0.010021   1.948317   0.001000
 -0.050455   0.159963  -0.692078   0.702064   0.010021   1.948317   0.001000
 -0.050455   0.159963  -0.692078   0.702064   0.010021   1.948317   0.001000
 -0.050455   0.159963  -0.692078   0.702064   0.010021   1.948317   0.001000
 -0.050455   0.159963  -0.692078   0.702064   0.010021   1.948317   0.001000
 -0.050455   0.159963  -0.692078   0.702064   0.010021   1.948317   0.001000
 -0.050455   0.159963  -0.692078   0.702064   0.010021   1.948317   0.001000
 -0.050455   0.159963  -0.692078   0.702064   0.010021   1.948317   0.001000
 -0.050455   0.159963  -0.692078   0.702064   0.010021   1.948317   0.001000
 -0.050455   0.159963  -0.692078   0.702064   0.010021   1.948317   0.001000
 -0.050455   0.159963  -0.692078   0.702064   0.010021   1.948317   0.001000
 -0.050455   0.159963  -0.692078   0.702064   0.010021   1.948317   0.001000
 -0.050455   0.159963  -0.692078   0.702064   0.010021   1.948317   0.001000
 -0.050455   0.159963  -0.692078   0.702064   0.010021   1.948317   0.001000
 -0.041964   0.160797  -0.680994   0.713183  -0.000870   1.900141   0.001000
 -0.041964   0.160797  -0.680994   0.713183  -0.000870   1.900141   0.001000
 -0.041964   0.160797  -0.680994   0.713183  -0.000870   1.900141   0.001000
 -0.049785   0.166658  -0.688333   0.704233  -0.115440   1.921104   0.001000
 -0.049785   0.166658  -0.688333   0.704233  -0.115440   1.921104   0.001000
 -0.049785   0.166658  -0.688333   0.704233  -0.115440   1.921104   0.001000
 -0.049785   0.166658  -0.688333   0.704233  -0.115440   1.921104   0.001000
 -0.049785   0.166658  -0.688333   0.704233  -0.115440   1.921104   0.001000
 -0.049785   0.166658  -0.688333   0.704233  -0.115440   1.921104   0.001000
 -0.049785   0.166658  -0.688333   0.704233  -0.115440   1.921104   0.001000
 -0.049785   0.166658  -0.688333   0.704233  -0.115440   1.921104   0.001000
 -0.049785   0.166658  -0.688333   0.704233  -0.115440   1.921104   0.001000
 -0.049785   0.166658  -0.688333   0.704233  -0.115440   1.921104   0.001000
 -0.049785   0.166658  -0.688333   0.704233  -0.115440   1.921104   0.001000
 -0.049785   0.166658  -0.688333   0.704233  -0.115440   1.921104   0.001000
 -0.049785   0.166658  -0.688333   0.704233  -0.115440   1.921104   0.001000
 -0.049785   0.166658  -0.688333   0.704233  -0.115440   1.921104   0.001000
 -0.049785   0.166658  -0.688333   0.704233  -0.115440   1.921104   0.001000
 -0.049785   0.166658  -0.688333   0.704233  -0.115440   1.921104   0.001000
 -0.049785   0.166658  -0.688333   0.704233  -0.115440   1.921104   0.001000
 -0.049785   0.166658  -0.688333   0.704233  -0.115440   1.921104   0.001000
 -0.049785   0.166658  -0.688333   0.704233  -0.115440   1.921104   0.001000
 -0.049785   0.166658  -0.688333   0.704233  -0.115440   1.921104   0.001000
 -0.049785   0.166658  -0.688333   0.704233  -0.115440   1.921104   0.001000
 -0.049785   0.166658  -0.688333   0.704233  -0.115440   1.921104   0.001000
 -0.049785   0.166658  -0.688333   0.704233  -0.115440   1.921104   0.001000
 -0.049785   0.166658  -0.688333   0.704233  -0.115440   1.921104   0.001000
 -0.049785   0.166658  -0.688333   0.704233  -0.115440   1.921104   0.001000
 -0.049785   0.166658  -0.688333   0.704233  -0.115440   1.921104   0.001000
 -0.060748   0.163978  -0.689500   0.702859   0.035155   2.056300   0.001000
 -0.060748   0.163978  -0.689500   0.702859   0.035155   2.056300   0.001000
 -0.060748   0.163978  -0.689500   0.702859   0.035155   2.056300   0.001000
 -0.060748   0.163978  -0.689500   0.702859   0.035155   2.056300   0.001000
 -0.060748   0.163978  -0.689500   0.702859   0.035155   2.056300   0.001000
 -0.060748   0.163978  -0.689500   0.702859   0.035155   2.056300   0.001000
 -0.060748   0.163978  -0.689500   0.702859   0.035155   2.056300   0.001000
 -0.060748   0.163978  -0.689500   0.702859   0.035155   2.056300   0.001000
 -0.060748   0.163978  -0.689500   0.702859   0.035155   2.056300   0.001000
 -0.077425   0.172438  -0.701834   0.686803  -0.027437   1.964594   0.001000
 -0.068423   0.170744  -0.693434   0.696645   0.274416   2.035019   0.001000
 -0.068423   0.170744  -0.693434   0.696645   0.274416   2.035019   0.001000
 -0.068423   0.170744  -0.693434   0.696645   0.274416   2.035019   0.001000
 -0.063661   0.165970  -0.692369   0.699304   0.047790   1.886385   0.001000
 -0.063661   0.165970  -0.692369   0.699304   0.047790   1.886385   0.001000
 -0.063661   0.165970  -0.692369   0.699304   0.047790   1.886385   0.001000
 -0.063661   0.165970  -0.692369   0.699304   0.047790   1.886385   0.001000
 -0.063661   0.165970  -0.692369   0.699304   0.047790   1.886385   0.001000
 -0.063661   0.165970  -0.692369   0.699304   0.047790   1.886385   0.001000
 -0.063661   0.165970  -0.692369   0.699304   0.047790   1.886385   0.001000
 -0.063661   0.165970  -0.692369   0.699304   0.047790   1.886385   0.001000
 -0.063661   0.165970  -0.692369   0.699304   0.047790   1.886385   0.001000
 -0.064476   0.166624  -0.685646   0.705669   0.096352   1.957226   0.001000
 -0.063481   0.178546  -0.690903   0.697671   0.128858   1.986104   0.001000
 -0.063481   0.178546  -0.690903   0.697671   0.128858   1.986104   0.001000
 -0.063481   0.178546  -0.690903   0.697671   0.128858   1.986104   0.001000
 -0.063481   0.178546  -0.690903   0.697671   0.128858   1.986104   0.001000
 -0.063481   0.178546  -0.690903   0.697671   0.128858   1.986104   0.001000
 -0.063481   0.178546  -0.690903   0.697671   0.128858   1.986104   0.001000
 -0.063481   0.178546  -0.690903   0.697671   0.128858   1.986104   0.001000
 -0.063481   0.178546  -0.690903   0.697671   0.128858   1.986104   0.001000
 -0.063481   0.178546  -0.690903   0.697671   0.128858   1.986104   0.001000
 -0.058247   0.185935  -0.677221   0.709512   0.094462   1.991286   0.001000
 -0.083447   0.188876  -0.679812   0.703717   0.152746   1.933923   0.001000
 -0.046543   0.196054  -0.682633   0.702431   0.090787   1.881310   0.001000
 -0.087920   0.181210  -0.685239   0.699915   0.160387   1.973707   0.001000
 -0.057640   0.164365  -0.685365   0.707062   0.180366   1.924712   0.001000
 -0.057640   0.164365  -0.685365   0.707062   0.180366   1.924712   0.001000
 -0.057640   0.164365  -0.685365   0.707062   0.180366   1.924712   0.001000
 -0.057640   0.164365  -0.685365   0.707062   0.180366   1.924712   0.001000
 -0.057640   0.164365  -0.685365   0.707062   0.180366   1.924712   0.001000
 -0.057640   0.164365  -0.685365   0.707062   0.180366   1.924712   0.001000
 -0.057640   0.164365  -0.685365   0.707062   0.180366   1.924712   0.001000
 -0.057640   0.164365  -0.685365   0.707062   0.180366   1.924712   0.001000
 -0.057640   0.164365  -0.685365   0.707062   0.180366   1.924712   0.001000
 -0.057640   0.164365  -0.685365   0.707062   0.180366   1.924712   0.001000
 -0.057640   0.164365  -0.685365   0.707062   0.180366   1.924712   0.001000
 -0.057640   0.164365  -0.685365   0.707062   0.180366   1.924712   0.001000
 -0.057640   0.164365  -0.685365   0.707062   0.180366   1.924712   0.001000
 -0.057640   0.164365  -0.685365   0.707062   0.180366   1.924712   0.001000
 -0.057640   0.164365  -0.685365   0.707062   0.180366   1.924712   0.001000
 -0.057640   0.164365  -0.685365   0.707062   0.180366   1.924712   0.001000
 -0.057640   0.164365  -0.685365   0.707062   0.180366   1.924712   0.001000
 -0.057640   0.164365  -0.685365   0.707062   0.180366   1.924712   0.001000
 -0.057640   0.164365  -0.685365   0.707062   0.180366   1.924712   0.001000
 -0.057640   0.164365  -0.685365   0.707062   0.180366   1.924712   0.001000
 -0.049888   0.168432  -0.686428   0.705661   0.198903   1.937430   0.001000
 -0.051246   0.146569  -0.702253   0.694789   0.062435   2.011480   0.001000
 -0.076715   0.183249  -0.694447   0.691576   0.012019   2.007921   0.001000
 -0.076715   0.183249  -0.694447   0.691576   0.012019   2.007921   0.001000
 -0.076715   0.183249  -0.694447   0.691576   0.012019   2.007921   0.001000
 -0.076715   0.183249  -0.694447   0.691576   0.012019   2.007921   0.001000
 -0.060648   0.182093  -0.684552   0.703245  -0.058161   2.006779   0.001000
 -0.060648   0.182093  -0.684552   0.703245  -0.058161   2.006779   0.001000
 -0.060648   0.182093  -0.684552   0.703245  -0.058161   2.006779   0.001000
 -0.083289   0.193623  -0.673980   0.708043   0.184005   1.922301   0.001000
 -0.083289   0.193623  -0.673980   0.708043   0.184005   1.922301   0.001000
 -0.083289   0.193623  -0.673980   0.708043   0.184005   1.922301   0.001000
 -0.084574   0.197711  -0.682107   0.698919   0.256515   1.943919   0.001000
 -0.062081   0.178927  -0.688351   0.700218   0.003250   1.797682   0.001000
 -0.062081   0.178927  -0.688351   0.700218   0.003250   1.797682   0.001000
 -0.062081   0.178927  -0.688351   0.700218   0.003250   1.797682   0.001000
 -0.070230   0.175352  -0.695075   0.693679  -0.115968   1.892245   0.001000
 -0.063289   0.173989  -0.685595   0.704047  -0.093600   1.925980   0.001000
 -0.063289   0.173989  -0.685595   0.704047  -0.093600   1.925980   0.001000
 -0.063289   0.173989  -0.685595   0.704047  -0.093600   1.925980   0.001000
 -0.063289   0.173989  -0.685595   0.704047  -0.093600   1.925980   0.001000
 -0.063289   0.173989  -0.685595   0.704047  -0.093600   1.925980   0.001000
 -0.063289   0.173989  -0.685595   0.704047  -0.093600   1.925980   0.001000
 -0.063289   0.173989  -0.685595   0.704047  -0.093600   1.925980   0.001000
 -0.063289   0.173989  -0.685595   0.704047  -0.093600   1.925980   0.001000
 -0.063289   0.173989  -0.685595   0.704047  -0.093600   1.925980   0.001000
 -0.063289   0.173989  -0.685595   0.704047  -0.093600   1.925980   0.001000
 -0.063289   0.173989  -0.685595   0.704047  -0.093600   1.925980   0.001000
 -0.063289   0.173989  -0.685595   0.704047  -0.093600   1.925980   0.001000
 -0.063289   0.173989  -0.685595   0.704047  -0.093600   1.925980   0.001000
 -0.063289   0.173989  -0.685595   0.704047  -0.093600   1.925980   0.001000
 -0.063289   0.173989  -0.685595   0.704047  -0.093600   1.925980   0.001000
 -0.067476   0.170453  -0.688324   0.701857   0.023778   2.156874   0.001000
 -0.084517   0.189950  -0.686479   0.696794   0.181095   1.926846   0.001000
 -0.072350   0.172301  -0.669359   0.719052   0.098832   1.931648   0.001000
 -0.072736   0.191539  -0.678614   0.705341   0.124796   1.884349   0.001000
 -0.062622   0.174012  -0.689741   0.700040  -0.028156   1.857587   0.001000
 -0.062622   0.174012  -0.689741   0.700040  -0.028156   1.857587   0.001000
 -0.062622   0.174012  -0.689741   0.700040  -0.028156   1.857587   0.001000
 -0.062622   0.174012  -0.689741   0.700040  -0.028156   1.857587   0.001000
 -0.062622   0.174012  -0.689741   0.700040  -0.028156   1.857587   0.001000
 -0.035964   0.190583  -0.667795   0.718634   0.003662   1.858408   0.001000
 -0.059928   0.179694  -0.693769   0.694841   0.032994   1.788556   0.001000
 -0.073290   0.176900  -0.684510   0.703406  -0.074421   1.763987   0.001000
 -0.068596   0.172361  -0.686485   0.703082   0.001942   1.760880   0.001000
 -0.068596   0.172361  -0.686485   0.703082   0.001942   1.760880   0.001000
 -0.068596   0.172361  -0.686485   0.703082   0.001942   1.760880   0.001000
 -0.051948   0.177145  -0.668105   0.720803  -0.027883   1.744589   0.001000
 -0.070396   0.176421  -0.685954   0.702416  -0.035207   1.863428   0.001000
 -0.070396   0.176421  -0.685954   0.702416  -0.035207   1.863428   0.001000
 -0.070396   0.176421  -0.685954   0.702416  -0.035207   1.863428   0.001000
 -0.070396   0.176421  -0.685954   0.702416  -0.035207   1.863428   0.001000
 -0.070396   0.176421  -0.685954   0.702416  -0.035207   1.863428   0.001000
 -0.070396   0.176421  -0.685954   0.702416  -0.035207   1.863428   0.001000
 -0.070396   0.176421  -0.685954   0.702416  -0.035207   1.863428   0.001000
 -0.070396   0.176421  -0.685954   0.702416  -0.035207   1.863428   0.001000
 -0.070396   0.176421  -0.685954   0.702416  -0.035207   1.863428   0.001000
 -0.070396   0.176421  -0.685954   0.702416  -0.035207   1.863428   0.001000
 -0.070396   0.176421  -0.685954   0.702416  -0.035207   1.863428   0.001000
 -0.070396   0.176421  -0.685954   0.702416  -0.035207   1.863428   0.001000
 -0.070396   0.176421  -0.685954   0.702416  -0.035207   1.863428   0.001000
 -0.070396   0.176421  -0.685954   0.702416  -0.035207   1.863428   0.001000
 -0.070396   0.176421  -0.685954   0.702416  -0.035207   1.863428   0.001000
 -0.070396   0.176421  -0.685954   0.702416  -0.035207   1.863428   0.001000
 -0.070396   0.176421  -0.685954   0.702416  -0.035207   1.863428   0.001000
 -0.070396   0.176421  -0.685954   0.702416  -0.035207   1.863428   0.001000
 -0.070396   0.176421  -0.685954   0.702416  -0.035207   1.863428   0.001000
 -0.070396   0.176421  -0.685954   0.702416  -0.035207   1.863428   0.001000
 -0.067769   0.175253  -0.685660   0.703252   0.030528   1.820712   0.001000
 -0.067769   0.175253  -0.685660   0.703252   0.030528   1.820712   0.001000
 -0.067769   0.175253  -0.685660   0.703252   0.030528   1.820712   0.001000
 -0.067769   0.175253  -0.685660   0.703252   0.030528   1.820712   0.001000
 -0.067769   0.175253  -0.685660   0.703252   0.030528   1.820712   0.001000
 -0.050265   0.165663  -0.688828   0.703950  -0.212863   1.975386   0.001000
 -0.065787   0.166617  -0.687960   0.703294  -0.103747   1.774996   0.001000
 -0.065787   0.166617  -0.687960   0.703294  -0.103747   1.774996   0.001000
 -0.065787   0.166617  -0.687960   0.703294  -0.103747   1.774996   0.001000
 -0.065787   0.166617  -0.687960   0.703294  -0.103747   1.774996   0.001000
 -0.065787   0.166617  -0.687960   0.703294  -0.103747   1.774996   0.001000
 -0.065787   0.166617  -0.687960   0.703294  -0.103747   1.774996   0.001000
 -0.065787   0.166617  -0.687960   0.703294  -0.103747   1.774996   0.001000
 -0.065787   0.166617  -0.687960   0.703294  -0.103747   1.774996   0.001000
 -0.065787   0.166617  -0.687960   0.703294  -0.103747   1.774996   0.001000
 -0.065787   0.166617  -0.687960   0.703294  -0.103747   1.774996   0.001000
 -0.063334   0.185105  -0.698650   0.688196  -0.033365   1.835735   0.001000
 -0.060009   0.185124  -0.678641   0.708219  -0.067806   1.773990   0.001000
 -0.057141   0.207374  -0.696585   0.684471  -0.128340   1.765506   0.001000
 -0.042296   0.146363  -0.680790   0.716459  -0.101623   1.825211   0.001000
 -0.055581   0.181030  -0.689396   0.699194  -0.184647   1.833286   0.001000
 -0.055581   0.181030  -0.689396   0.699194  -0.184647   1.833286   0.001000
 -0.055581   0.181030  -0.689396   0.699194  -0.184647   1.833286   0.001000
 -0.055581   0.181030  -0.689396   0.699194  -0.184647   1.833286   0.001000
 -0.055581   0.181030  -0.689396   0.699194  -0.184647   1.833286   0.001000
 -0.055581   0.181030  -0.689396   0.699194  -0.184647   1.833286   0.001000
 -0.080340   0.182201  -0.691890   0.694000  -0.094662   1.882370   0.001000
 -0.060387   0.169924  -0.691867   0.699142  -0.012193   1.848218   0.001000
 -0.060387   0.169924  -0.691867   0.699142  -0.012193   1.848218   0.001000
 -0.060387   0.169924  -0.691867   0.699142  -0.012193   1.848218   0.001000
 -0.060387   0.169924  -0.691867   0.699142  -0.012193   1.848218   0.001000
 -0.060387   0.169924  -0.691867   0.699142  -0.012193   1.848218   0.001000
 -0.060387   0.169924  -0.691867   0.699142  -0.012193   1.848218   0.001000
 -0.060387   0.169924  -0.691867   0.699142  -0.012193   1.848218   0.001000
 -0.060387   0.169924  -0.691867   0.699142  -0.012193   1.848218   0.001000
 -0.060387   0.169924  -0.691867   0.699142  -0.012193   1.848218   0.001000
 -0.060387   0.169924  -0.691867   0.699142  -0.012193   1.848218   0.001000
 -0.060387   0.169924  -0.691867   0.699142  -0.012193   1.848218   0.001000
 -0.060387   0.169924  -0.691867   0.699142  -0.012193   1.848218   0.001000
 -0.060387   0.169924  -0.691867   0.699142  -0.012193   1.848218   0.001000
 -0.060387   0.169924  -0.691867   0.699142  -0.012193   1.848218   0.001000
 -0.060387   0.169924  -0.691867   0.699142  -0.012193   1.848218   0.001000
 -0.060387   0.169924  -0.691867   0.699142  -0.012193   1.848218   0.001000
 -0.060387   0.169924  -0.691867   0.699142  -0.012193   1.848218   0.001000
 -0.060387   0.169924  -0.691867   0.699142  -0.012193   1.848218   0.001000
 -0.060387   0.169924  -0.691867   0.699142  -0.012193   1.848218   0.001000
 -0.060387   0.169924  -0.691867   0.699142  -0.012193   1.848218   0.001000
 -0.060387   0.169924  -0.691867   0.699142  -0.012193   1.848218   0.001000
 -0.060387   0.169924  -0.691867   0.699142  -0.012193   1.848218   0.001000
 -0.060387   0.169924  -0.691867   0.699142  -0.012193   1.848218   0.001000
 -0.060387   0.169924  -0.691867   0.699142  -0.012193   1.848218   0.001000
 -0.060387   0.169924  -0.691867   0.699142  -0.012193   1.848218   0.001000
 -0.060387   0.169924  -0.691867   0.699142  -0.012193   1.848218   0.001000
 -0.060387   0.169924  -0.691867   0.699142  -0.012193   1.848218   0.001000
 -0.060387   0.169924  -0.691867   0.699142  -0.012193   1.848218   0.001000
 -0.060387   0.169924  -0.691867   0.699142  -0.012193   1.848218   0.001000
 -0.060387   0.169924  -0.691867   0.699142  -0.012193   1.848218   0.001000
 -0.060387   0.169924  -0.691867   0.699142  -0.012193   1.848218   0.001000
 -0.060387   0.169924  -0.691867   0.699142  -0.012193   1.848218   0.001000
 -0.060387   0.169924  -0.691867   0.699142  -0.012193   1.848218   0.001000
 -0.060387   0.169924  -0.691867   0.699142  -0.012193   1.848218   0.001000
 -0.060387   0.169924  -0.691867   0.699142  -0.012193   1.848218   0.001000
 -0.060387   0.169924  -0.691867   0.699142  -0.012193   1.848218   0.001000
 -0.060387   0.169924  -0.691867   0.699142  -0.012193   1.848218   0.001000
 -0.060387   0.169924  -0.691867   0.699142  -0.012193   1.848218   0.001000
 -0.060387   0.169924  -0.691867   0.699142  -0.012193   1.848218   0.001000
 -0.060387   0.169924  -0.691867   0.699142  -0.012193   1.848218   0.001000
 -0.060387   0.169924  -0.691867   0.699142  -0.012193   1.848218   0.001000
 -0.060387   0.169924  -0.691867   0.699142  -0.012193   1.848218   0.001000
 -0.060387   0.169924  -0.691867   0.699142  -0.012193   1.848218   0.001000
 -0.061425   0.147223  -0.681264   0.714445  -0.076512   1.835765   0.001000
 -0.046930   0.179829  -0.683384   0.706007  -0.055185   1.813030   0.001000
 -0.046930   0.179829  -0.683384   0.706007  -0.055185   1.813030   0.001000
 -0.046930   0.179829  -0.683384   0.706007  -0.055185   1.813030   0.001000
 -0.046930   0.179829  -0.683384   0.706007  -0.055185   1.813030   0.001000
 -0.059088   0.173483  -0.686598   0.703559  -0.103185   1.784058   0.001000
 -0.052788   0.157853  -0.694763   0.699714  -0.180269   1.972831   0.001000
 -0.052788   0.157853  -0.694763   0.699714  -0.180269   1.972831   0.001000
 -0.041806   0.162944  -0.696919   0.697141  -0.101019   1.912600   0.001000
 -0.047593   0.166773  -0.689922   0.702801  -0.203319   1.890707   0.001000
 -0.053258   0.166658  -0.695134   0.697265  -0.303376   1.938711   0.001000
 -0.053258   0.166658  -0.695134   0.697265  -0.303376   1.938711   0.001000
 -0.053826   0.156079  -0.695481   0.699320  -0.160500   1.986298   0.001000
 -0.062716   0.170056  -0.687478   0.703222  -0.072455   1.826880   0.001000
 -0.046958   0.163264  -0.681066   0.712242  -0.113704   1.842859   0.001000
 -0.059445   0.181790  -0.673761   0.713768  -0.074831   1.931017   0.001000
 -0.059445   0.181790  -0.673761   0.713768  -0.074831   1.931017   0.001000
 -0.059445   0.181790  -0.673761   0.713768  -0.074831   1.931017   0.001000
 -0.063520   0.184316  -0.690687   0.696380  -0.022569   1.971807   0.001000
 -0.063520   0.184316  -0.690687   0.696380  -0.022569   1.971807   0.001000
 -0.066988   0.174745  -0.692568   0.696654  -0.001057   1.835703   0.001000
 -0.066988   0.174745  -0.692568   0.696654  -0.001057   1.835703   0.001000
 -0.066988   0.174745  -0.692568   0.696654  -0.001057   1.835703   0.001000
 -0.066988   0.174745  -0.692568   0.696654  -0.001057   1.835703   0.001000
 -0.066988   0.174745  -0.692568   0.696654  -0.001057   1.835703   0.001000
 -0.066988   0.174745  -0.692568   0.696654  -0.001057   1.835703   0.001000
 -0.075277   0.189265  -0.681662   0.702744   0.110205   1.891133   0.001000
 -0.075277   0.189265  -0.681662   0.702744   0.110205   1.891133   0.001000
 -0.064990   0.170618  -0.692018   0.698411  -0.037381   2.056364   0.001000
 -0.064990   0.170618  -0.692018   0.698411  -0.037381   2.056364   0.001000
 -0.064990   0.170618  -0.692018   0.698411  -0.037381   2.056364   0.001000
 -0.064990   0.170618  -0.692018   0.698411  -0.037381   2.056364   0.001000
 -0.064990   0.170618  -0.692018   0.698411  -0.037381   2.056364   0.001000
 -0.057317   0.181468  -0.684711   0.703530  -0.045339   1.896361   0.001000
 -0.057317   0.181468  -0.684711   0.703530  -0.045339   1.896361   0.001000
 -0.044611   0.200235  -0.708728   0.674996  -0.070396   1.984544   0.001000
 -0.067417   0.177985  -0.679776   0.708294   0.007046   2.092748   0.001000
 -0.067417   0.177985  -0.679776   0.708294   0.007046   2.092748   0.001000
 -0.055561   0.177703  -0.682516   0.706758   0.014684   2.076005   0.001000
 -0.078876   0.187475  -0.685360   0.699223   0.100680   2.021926   0.001000
 -0.078876   0.187475  -0.685360   0.699223   0.100680   2.021926   0.001000
 -0.077755   0.183282  -0.679107   0.706524   0.089928   2.000918   0.001000
 -0.077755   0.183282  -0.679107   0.706524   0.089928   2.000918   0.001000
 -0.063677   0.181723  -0.694353   0.693395   0.004808   1.905656   0.001000
 -0.063677   0.181723  -0.694353   0.693395   0.004808   1.905656   0.001000
 -0.063677   0.181723  -0.694353   0.693395   0.004808   1.905656   0.001000
 -0.063677   0.181723  -0.694353   0.693395   0.004808   1.905656   0.001000
 -0.063677   0.181723  -0.694353   0.693395   0.004808   1.905656   0.001000
 -0.063677   0.181723  -0.694353   0.693395   0.004808   1.905656   0.001000
 -0.063677   0.181723  -0.694353   0.693395   0.004808   1.905656   0.001000
 -0.063677   0.181723  -0.694353   0.693395   0.004808   1.905656   0.001000
 -0.063677   0.181723  -0.694353   0.693395   0.004808   1.905656   0.001000
 -0.063677   0.181723  -0.694353   0.693395   0.004808   1.905656   0.001000
 -0.063677   0.181723  -0.694353   0.693395   0.004808   1.905656   0.001000
 -0.063677   0.181723  -0.694353   0.693395   0.004808   1.905656   0.001000
 -0.063677   0.181723  -0.694353   0.693395   0.004808   1.905656   0.001000
 -0.063677   0.181723  -0.694353   0.693395   0.004808   1.905656   0.001000
 -0.061539   0.180266  -0.686057   0.702170  -0.117845   1.920261   0.001000
 -0.058130   0.175871  -0.690126   0.699583  -0.074253   2.023819   0.001000
 -0.061577   0.187960  -0.687764   0.698470  -0.044611   1.949232   0.001000
 -0.063370   0.179759  -0.692630   0.695655   0.009606   1.988946   0.001000
 -0.063370   0.179759  -0.692630   0.695655   0.009606   1.988946   0.001000
 -0.063370   0.179759  -0.692630   0.695655   0.009606   1.988946   0.001000
 -0.059330   0.176387  -0.710249   0.678907   0.072062   2.098599   0.001000
 -0.076138   0.183071  -0.683977   0.702042  -0.002739   1.985552   0.001000
 -0.065116   0.189303  -0.688896   0.696668  -0.045535   1.982213   0.001000
 -0.063369   0.165038  -0.694657   0.697279  -0.012486   1.972013   0.001000
 -0.031675   0.148721  -0.704813   0.692905   0.215825   1.918305   0.001000
 -0.031675   0.148721  -0.704813   0.692905   0.215825   1.918305   0.001000
 -0.053140   0.165285  -0.685587   0.706985   0.096966   1.958262   0.001000
 -0.053140   0.165285  -0.685587   0.706985   0.096966   1.958262   0.001000
 -0.053140   0.165285  -0.685587   0.706985   0.096966   1.958262   0.001000
 -0.053140   0.165285  -0.685587   0.706985   0.096966   1.958262   0.001000
 -0.053140   0.165285  -0.685587   0.706985   0.096966   1.958262   0.001000
 -0.053140   0.165285  -0.685587   0.706985   0.096966   1.958262   0.001000
 -0.053140   0.165285  -0.685587   0.706985   0.096966   1.958262   0.001000
 -0.053140   0.165285  -0.685587   0.706985   0.096966   1.958262   0.001000
 -0.053140   0.165285  -0.685587   0.706985   0.096966   1.958262   0.001000
 -0.053140   0.165285  -0.685587   0.706985   0.096966   1.958262   0.001000
 -0.053140   0.165285  -0.685587   0.706985   0.096966   1.958262   0.001000
 -0.053140   0.165285  -0.685587   0.706985   0.096966   1.958262   0.001000
 -0.053140   0.165285  -0.685587   0.706985   0.096966   1.958262   0.001000
 -0.053140   0.165285  -0.685587   0.706985   0.096966   1.958262   0.001000
 -0.053140   0.165285  -0.685587   0.706985   0.096966   1.958262   0.001000
 -0.049382   0.157809  -0.692542   0.702170   0.138930   2.014124   0.001000
 -0.049382   0.157809  -0.692542   0.702170   0.138930   2.014124   0.001000
 -0.064799   0.179891  -0.684404   0.703585   0.018851   1.850520   0.001000
 -0.064799   0.179891  -0.684404   0.703585   0.018851   1.850520   0.001000
 -0.070695   0.187128  -0.684232   0.701293  -0.022989   1.956522   0.001000
 -0.070695   0.187128  -0.684232   0.701293  -0.022989   1.956522   0.001000
 -0.060310   0.185832  -0.673686   0.712725  -0.119747   2.058407   0.001000
 -0.060868   0.176526  -0.694605   0.694736   0.081570   2.059108   0.001000
 -0.060868   0.176526  -0.694605   0.694736   0.081570   2.059108   0.001000
 -0.060868   0.176526  -0.694605   0.694736   0.081570   2.059108   0.001000
 -0.060868   0.176526  -0.694605   0.694736   0.081570   2.059108   0.001000
 -0.066512   0.178074  -0.688139   0.700236   0.125226   2.030079   0.001000
 -0.066512   0.178074  -0.688139   0.700236   0.125226   2.030079   0.001000
 -0.066512   0.178074  -0.688139   0.700236   0.125226   2.030079   0.001000
 -0.066512   0.178074  -0.688139   0.700236   0.125226   2.030079   0.001000
 -0.066512   0.178074  -0.688139   0.700236   0.125226   2.030079   0.001000
 -0.066512   0.178074  -0.688139   0.700236   0.125226   2.030079   0.001000
 -0.066512   0.178074  -0.688139   0.700236   0.125226   2.030079   0.001000
 -0.066512   0.178074  -0.688139   0.700236   0.125226   2.030079   0.001000
 -0.066512   0.178074  -0.688139   0.700236   0.125226   2.030079   0.001000
 -0.066512   0.178074  -0.688139   0.700236   0.125226   2.030079   0.001000
 -0.066512   0.178074  -0.688139   0.700236   0.125226   2.030079   0.001000
 -0.066512   0.178074  -0.688139   0.700236   0.125226   2.030079   0.001000
 -0.066512   0.178074  -0.688139   0.700236   0.125226   2.030079   0.001000
 -0.066512   0.178074  -0.688139   0.700236   0.125226   2.030079   0.001000
 -0.066512   0.178074  -0.688139   0.700236   0.125226   2.030079   0.001000
 -0.066512   0.178074  -0.688139   0.700236   0.125226   2.030079   0.001000
 -0.076517   0.192828  -0.684096   0.699268   0.048726   1.895265   0.001000
 -0.069482   0.188605  -0.696979   0.688346   0.186284   1.780565   0.001000
 -0.047141   0.186925  -0.680688   0.706753   0.194690   2.005317   0.001000
 -0.089079   0.182569  -0.668958   0.715003   0.022625   1.864576   0.001000
 -0.089079   0.182569  -0.668958   0.715003   0.022625   1.864576   0.001000
 -0.069646   0.171728  -0.681346   0.708115   0.138904   1.944721   0.001000
 -0.069646   0.171728  -0.681346   0.708115   0.138904   1.944721   0.001000
 -0.069646   0.171728  -0.681346   0.708115   0.138904   1.944721   0.001000
 -0.069646   0.171728  -0.681346   0.708115   0.138904   1.944721   0.001000
 -0.069646   0.171728  -0.681346   0.708115   0.138904   1.944721   0.001000
 -0.069646   0.171728  -0.681346   0.708115   0.138904   1.944721   0.001000
 -0.086794   0.183649  -0.690494   0.694232   0.200772   1.896344   0.001000
 -0.086794   0.183649  -0.690494   0.694232   0.200772   1.896344   0.001000
 -0.086794   0.183649  -0.690494   0.694232   0.200772   1.896344   0.001000
 -0.082863   0.193218  -0.685985   0.696581   0.026619   1.916166   0.001000
 -0.084018   0.196097  -0.681218   0.700306   0.111032   1.997452   0.001000
 -0.065401   0.151693  -0.676898   0.717302   0.057120   2.004818   0.001000
 -0.065401   0.151693  -0.676898   0.717302   0.057120   2.004818   0.001000
 -0.064376   0.160295  -0.681828   0.710825   0.080718   1.952718   0.001000
 -0.069964   0.172748  -0.689656   0.699741   0.189038   2.028510   0.001000
 -0.069964   0.172748  -0.689656   0.699741   0.189038   2.028510   0.001000
 -0.061634   0.166410  -0.683228   0.708314   0.012636   1.975527   0.001000
 -0.061634   0.166410  -0.683228   0.708314   0.012636   1.975527   0.001000
 -0.061634   0.166410  -0.683228   0.708314   0.012636   1.975527   0.001000
 -0.061634   0.166410  -0.683228   0.708314   0.012636   1.975527   0.001000
 -0.061634   0.166410  -0.683228   0.708314   0.012636   1.975527   0.001000
 -0.059793   0.190304  -0.699035   0.686701   0.019742   2.077221   0.001000
 -0.048723   0.163129  -0.692065   0.701470   0.230327   1.833622   0.001000
 -0.048723   0.163129  -0.692065   0.701470   0.230327   1.833622   0.001000
 -0.048723   0.163129  -0.692065   0.701470   0.230327   1.833622   0.001000
 -0.048723   0.163129  -0.692065   0.701470   0.230327   1.833622   0.001000
 -0.048723   0.163129  -0.692065   0.701470   0.230327   1.833622   0.001000
 -0.049442   0.160079  -0.689616   0.704528   0.226063   1.878491   0.001000
 -0.049442   0.160079  -0.689616   0.704528   0.226063   1.878491   0.001000
 -0.049442   0.160079  -0.689616   0.704528   0.226063   1.878491   0.001000
 -0.049442   0.160079  -0.689616   0.704528   0.226063   1.878491   0.001000
 -0.049442   0.160079  -0.689616   0.704528   0.226063   1.878491   0.001000
 -0.049442   0.160079  -0.689616   0.704528   0.226063   1.878491   0.001000
 -0.049442   0.160079  -0.689616   0.704528   0.226063   1.878491   0.001000
 -0.052045   0.162893  -0.680924   0.712110   0.149562   1.782203   0.001000
 -0.052045   0.162893  -0.680924   0.712110   0.149562   1.782203   0.001000
 -0.052045   0.162893  -0.680924   0.712110   0.149562   1.782203   0.001000
 -0.061576   0.156145  -0.698198   0.695950   0.124838   1.801010   0.001000
 -0.068851   0.167580  -0.683934   0.706690  -0.028109   1.768682   0.001000
 -0.064179   0.163903  -0.687448   0.704579  -0.090018   1.979970   0.001000
 -0.064179   0.163903  -0.687448   0.704579  -0.090018   1.979970   0.001000
 -0.064179   0.163903  -0.687448   0.704579  -0.090018   1.979970   0.001000
 -0.064179   0.163903  -0.687448   0.704579  -0.090018   1.979970   0.001000
 -0.063900   0.179288  -0.693047   0.695312   0.060952   1.916484   0.001000
 -0.063900   0.179288  -0.693047   0.695312   0.060952   1.916484   0.001000
 -0.063900   0.179288  -0.693047   0.695312   0.060952   1.916484   0.001000
 -0.063900   0.179288  -0.693047   0.695312   0.060952   1.916484   0.001000
 -0.063900   0.179288  -0.693047   0.695312   0.060952   1.916484   0.001000
 -0.063900   0.179288  -0.693047   0.695312   0.060952   1.916484   0.001000
 -0.063900   0.179288  -0.693047   0.695312   0.060952   1.916484   0.001000
 -0.063900   0.179288  -0.693047   0.695312   0.060952   1.916484   0.001000
 -0.063900   0.179288  -0.693047   0.695312   0.060952   1.916484   0.001000
 -0.063900   0.179288  -0.693047   0.695312   0.060952   1.916484   0.001000
 -0.063900   0.179288  -0.693047   0.695312   0.060952   1.916484   0.001000
 -0.065120   0.180745  -0.683332   0.704378   0.035827   1.892988   0.001000
 -0.065120   0.180745  -0.683332   0.704378   0.035827   1.892988   0.001000
 -0.065120   0.180745  -0.683332   0.704378   0.035827   1.892988   0.001000
 -0.065120   0.180745  -0.683332   0.704378   0.035827   1.892988   0.001000
 -0.035122   0.133046  -0.698769   0.701988   0.056654   1.832771   0.001000
 -0.072029   0.182963  -0.689688   0.696898  -0.013767   1.883752   0.001000
 -0.072029   0.182963  -0.689688   0.696898  -0.013767   1.883752   0.001000
 -0.072029   0.182963  -0.689688   0.696898  -0.013767   1.883752   0.001000
 -0.072029   0.182963  -0.689688   0.696898  -0.013767   1.883752   0.001000
 -0.072029   0.182963  -0.689688   0.696898  -0.013767   1.883752   0.001000
 -0.072029   0.182963  -0.689688   0.696898  -0.013767   1.883752   0.001000
 -0.072029   0.182963  -0.689688   0.696898  -0.013767   1.883752   0.001000
 -0.072029   0.182963  -0.689688   0.696898  -0.013767   1.883752   0.001000
 -0.072029   0.182963  -0.689688   0.696898  -0.013767   1.883752   0.001000
 -0.072029   0.182963  -0.689688   0.696898  -0.013767   1.883752   0.001000
 -0.072029   0.182963  -0.689688   0.696898  -0.013767   1.883752   0.001000
 -0.072029   0.182963  -0.689688   0.696898  -0.013767   1.883752   0.001000
 -0.072029   0.182963  -0.689688   0.696898  -0.013767   1.883752   0.001000
 -0.072029   0.182963  -0.689688   0.696898  -0.013767   1.883752   0.001000
 -0.072029   0.182963  -0.689688   0.696898  -0.013767   1.883752   0.001000
 -0.057656   0.185846  -0.683509   0.703528  -0.050698   1.877606   0.001000
 -0.037969   0.160731  -0.695521   0.699267  -0.056949   1.898991   0.001000
 -0.037969   0.160731  -0.695521   0.699267  -0.056949   1.898991   0.001000
 -0.037969   0.160731  -0.695521   0.699267  -0.056949   1.898991   0.001000
 -0.037969   0.160731  -0.695521   0.699267  -0.056949   1.898991   0.001000
 -0.037969   0.160731  -0.695521   0.699267  -0.056949   1.898991   0.001000
 -0.037969   0.160731  -0.695521   0.699267  -0.056949   1.898991   0.001000
 -0.064241   0.179575  -0.679985   0.707988   0.081851   1.849250   0.001000
 -0.064241   0.179575  -0.679985   0.707988   0.081851   1.849250   0.001000
 -0.064241   0.179575  -0.679985   0.707988   0.081851   1.849250   0.001000
 -0.074426   0.180101  -0.679351   0.707465  -0.051222   1.998743   0.001000
 -0.074426   0.180101  -0.679351   0.707465  -0.051222   1.998743   0.001000
 -0.074426   0.180101  -0.679351   0.707465  -0.051222   1.998743   0.001000
 -0.074426   0.180101  -0.679351   0.707465  -0.051222   1.998743   0.001000
 -0.074426   0.180101  -0.679351   0.707465  -0.051222   1.998743   0.001000
 -0.048239   0.179642  -0.677121   0.711975   0.080421   1.973630   0.001000
 -0.081926   0.180608  -0.667092   0.718093  -0.005927   1.944258   0.001000
 -0.068755   0.187517  -0.686904   0.698766   0.030182   2.003529   0.001000
 -0.068755   0.187517  -0.686904   0.698766   0.030182   2.003529   0.001000
 -0.068755   0.187517  -0.686904   0.698766   0.030182   2.003529   0.001000
 -0.068755   0.187517  -0.686904   0.698766   0.030182   2.003529   0.001000
 -0.068755   0.187517  -0.686904   0.698766   0.030182   2.003529   0.001000
 -0.068755   0.187517  -0.686904   0.698766   0.030182   2.003529   0.001000
 -0.068755   0.187517  -0.686904   0.698766   0.030182   2.003529   0.001000
 -0.068755   0.187517  -0.686904   0.698766   0.030182   2.003529   0.001000
 -0.068755   0.187517  -0.686904   0.698766   0.030182   2.003529   0.001000
 -0.047639   0.165566  -0.689358   0.703636  -0.018582   1.920343   0.001000
 -0.064836   0.169496  -0.679540   0.710840  -0.030842   1.964697   0.001000
 -0.064836   0.169496  -0.679540   0.710840  -0.030842   1.964697   0.001000
 -0.064836   0.169496  -0.679540   0.710840  -0.030842   1.964697   0.001000
 -0.064836   0.169496  -0.679540   0.710840  -0.030842   1.964697   0.001000
 -0.064836   0.169496  -0.679540   0.710840  -0.030842   1.964697   0.001000
 -0.067611   0.183305  -0.683768   0.703058  -0.019335   1.845204   0.001000
 -0.067611   0.183305  -0.683768   0.703058  -0.019335   1.845204   0.001000
 -0.067611   0.183305  -0.683768   0.703058  -0.019335   1.845204   0.001000
 -0.067611   0.183305  -0.683768   0.703058  -0.019335   1.845204   0.001000
 -0.067611   0.183305  -0.683768   0.703058  -0.019335   1.845204   0.001000
 -0.046013   0.167569  -0.689677   0.702958  -0.035689   1.917514   0.001000
 -0.046013   0.167569  -0.689677   0.702958  -0.035689   1.917514   0.001000
 -0.046013   0.167569  -0.689677   0.702958  -0.035689   1.917514   0.001000
 -0.069351   0.180791  -0.684954   0.702384   0.048058   1.951872   0.001000
 -0.069351   0.180791  -0.684954   0.702384   0.048058   1.951872   0.001000
 -0.069351   0.180791  -0.684954   0.702384   0.048058   1.951872   0.001000
 -0.069351   0.180791  -0.684954   0.702384   0.048058   1.951872   0.001000
 -0.069351   0.180791  -0.684954   0.702384   0.048058   1.951872   0.001000
 -0.069351   0.180791  -0.684954   0.702384   0.048058   1.951872   0.001000
 -0.069351   0.180791  -0.684954   0.702384   0.048058   1.951872   0.001000
 -0.069351   0.180791  -0.684954   0.702384   0.048058   1.951872   0.001000
 -0.069351   0.180791  -0.684954   0.702384   0.048058   1.951872   0.001000
 -0.069351   0.180791  -0.684954   0.702384   0.048058   1.951872   0.001000
 -0.069351   0.180791  -0.684954   0.702384   0.048058   1.951872   0.001000
 -0.069351   0.180791  -0.684954   0.702384   0.048058   1.951872   0.001000
 -0.069351   0.180791  -0.684954   0.702384   0.048058   1.951872   0.001000
 -0.069351   0.180791  -0.684954   0.702384   0.048058   1.951872   0.001000
 -0.069351   0.180791  -0.684954   0.702384   0.048058   1.951872   0.001000
 -0.069351   0.180791  -0.684954   0.702384   0.048058   1.951872   0.001000
 -0.069351   0.180791  -0.684954   0.702384   0.048058   1.951872   0.001000
 -0.069351   0.180791  -0.684954   0.702384   0.048058   1.951872   0.001000
 -0.069351   0.180791  -0.684954   0.702384   0.048058   1.951872   0.001000
 -0.069351   0.180791  -0.684954   0.702384   0.048058   1.951872   0.001000
 -0.069351   0.180791  -0.684954   0.702384   0.048058   1.951872   0.001000
 -0.069351   0.180791  -0.684954   0.702384   0.048058   1.951872   0.001000
 -0.069351   0.180791  -0.684954   0.702384   0.048058   1.951872   0.001000
 -0.069351   0.180791  -0.684954   0.702384   0.048058   1.951872   0.001000
 -0.069351   0.180791  -0.684954   0.702384   0.048058   1.951872   0.001000
 -0.069351   0.180791  -0.684954   0.702384   0.048058   1.951872   0.001000
 -0.069351   0.180791  -0.684954   0.702384   0.048058   1.951872   0.001000
 -0.069351   0.180791  -0.684954   0.702384   0.048058   1.951872   0.001000
 -0.069351   0.180791  -0.684954   0.702384   0.048058   1.951872   0.001000
 -0.069351   0.180791  -0.684954   0.702384   0.048058   1.951872   0.001000
 -0.069351   0.180791  -0.684954   0.702384   0.048058   1.951872   0.001000
 -0.069351   0.180791  -0.684954   0.702384   0.048058   1.951872   0.001000
 -0.069351   0.180791  -0.684954   0.702384   0.048058   1.951872   0.001000
 -0.069351   0.180791  -0.684954   0.702384   0.048058   1.951872   0.001000
 -0.069351   0.180791  -0.684954   0.702384   0.048058   1.951872   0.001000
 -0.069351   0.180791  -0.684954   0.702384   0.048058   1.951872   0.001000
 -0.069351   0.180791  -0.684954   0.702384   0.048058   1.951872   0.001000
 -0.069351   0.180791  -0.684954   0.702384   0.048058   1.951872   0.001000
 -0.069351   0.180791  -0.684954   0.702384   0.048058   1.951872   0.001000
 -0.009578   0.123717  -0.738407   0.662840   0.006551   1.826489   0.001000
 -0.009578   0.123717  -0.738407   0.662840   0.006551   1.826489   0.001000
 -0.061502   0.166832  -0.676792   0.714379   0.086030   1.854526   0.001000
 -0.061502   0.166832  -0.676792   0.714379   0.086030   1.854526   0.001000
  0.055967   0.074523  -0.740794   0.665235   0.105632   1.753043   0.001000
 -0.053105   0.179443  -0.689598   0.699596   0.088914   1.685962   0.001000
 -0.053105   0.179443  -0.689598   0.699596   0.088914   1.685962   0.001000
 -0.053105   0.179443  -0.689598   0.699596   0.088914   1.685962   0.001000
 -0.053105   0.179443  -0.689598   0.699596   0.088914   1.685962   0.001000
 -0.053105   0.179443  -0.689598   0.699596   0.088914   1.685962   0.001000
 -0.070815   0.198137  -0.682058   0.700374   0.113530   1.827914   0.001000
 -0.070815   0.198137  -0.682058   0.700374   0.113530   1.827914   0.001000
 -0.058758   0.159151  -0.690216   0.703434   0.132435   1.756588   0.001000
 -0.058758   0.159151  -0.690216   0.703434   0.132435   1.756588   0.001000
 -0.059638   0.179531  -0.694523   0.694154   0.122340   1.854085   0.001000
 -0.059638   0.179531  -0.694523   0.694154   0.122340   1.854085   0.001000
 -0.059638   0.179531  -0.694523   0.694154   0.122340   1.854085   0.001000
 -0.059638   0.179531  -0.694523   0.694154   0.122340   1.854085   0.001000
 -0.059638   0.179531  -0.694523   0.694154   0.122340   1.854085   0.001000
 -0.080788   0.189635  -0.683065   0.700667   0.122732   1.665927   0.001000
 -0.047952   0.178742  -0.694617   0.695169   0.053811   1.750616   0.001000
 -0.078058   0.183804  -0.681592   0.703957   0.039872   1.848043   0.001000
 -0.078058   0.183804  -0.681592   0.703957   0.039872   1.848043   0.001000
 -0.078058   0.183804  -0.681592   0.703957   0.039872   1.848043   0.001000
 -0.079122   0.190093  -0.685099   0.698744   0.058660   1.901898   0.001000
 -0.079122   0.190093  -0.685099   0.698744   0.058660   1.901898   0.001000
 -0.079122   0.190093  -0.685099   0.698744   0.058660   1.901898   0.001000
 -0.079122   0.190093  -0.685099   0.698744   0.058660   1.901898   0.001000
 -0.079122   0.190093  -0.685099   0.698744   0.058660   1.901898   0.001000
 -0.079122   0.190093  -0.685099   0.698744   0.058660   1.901898   0.001000
 -0.067502   0.172106  -0.676759   0.712615   0.130481   1.742792   0.001000
 -0.067502   0.172106  -0.676759   0.712615   0.130481   1.742792   0.001000
 -0.067502   0.172106  -0.676759   0.712615   0.130481   1.742792   0.001000
 -0.067502   0.172106  -0.676759   0.712615   0.130481   1.742792   0.001000
 -0.074926   0.176679  -0.686013   0.701824   0.102857   1.833457   0.001000
 -0.059704   0.173318  -0.675508   0.714202   0.045394   1.883330   0.001000
 -0.056497   0.160168  -0.686094   0.707411   0.095117   1.851105   0.001000
 -0.056497   0.160168  -0.686094   0.707411   0.095117   1.851105   0.001000
 -0.056497   0.160168  -0.686094   0.707411   0.095117   1.851105   0.001000
 -0.055891   0.187077  -0.696324   0.690660  -0.000125   1.867136   0.001000
 -0.077181   0.191486  -0.682677   0.700948   0.159903   1.840509   0.001000
 -0.070942   0.184783  -0.692279   0.693954   0.104061   1.875670   0.001000
 -0.070942   0.184783  -0.692279   0.693954   0.104061   1.875670   0.001000
 -0.070942   0.184783  -0.692279   0.693954   0.104061   1.875670   0.001000
 -0.070942   0.184783  -0.692279   0.693954   0.104061   1.875670   0.001000
 -0.070942   0.184783  -0.692279   0.693954   0.104061   1.875670   0.001000
 -0.070942   0.184783  -0.692279   0.693954   0.104061   1.875670   0.001000
 -0.053712   0.160016  -0.696751   0.697171   0.008760   1.793811   0.001000
 -0.058686   0.168601  -0.699632   0.691842  -0.031358   1.777649   0.001000
 -0.058686   0.168601  -0.699632   0.691842  -0.031358   1.777649   0.001000
 -0.058686   0.168601  -0.699632   0.691842  -0.031358   1.777649   0.001000
 -0.058686   0.168601  -0.699632   0.691842  -0.031358   1.777649   0.001000
 -0.058686   0.168601  -0.699632   0.691842  -0.031358   1.777649   0.001000
 -0.067847   0.170062  -0.698603   0.691686  -0.060105   1.881434   0.001000
 -0.046741   0.172086  -0.694218   0.697325  -0.047599   1.715845   0.001000
 -0.046741   0.172086  -0.694218   0.697325  -0.047599   1.715845   0.001000
 -0.046700   0.163115  -0.696754   0.696955   0.099895   1.859546   0.001000
 -0.029534   0.135838  -0.703520   0.696948  -0.131401   1.905738   0.001000
 -0.056060   0.176138  -0.695247   0.694597  -0.102721   1.855916   0.001000
 -0.074401   0.173632  -0.709811   0.678590  -0.065588   1.874921   0.001000
 -0.048704   0.161311  -0.699139   0.694847   0.025507   1.884584   0.001000
 -0.048704   0.161311  -0.699139   0.694847   0.025507   1.884584   0.001000
 -0.044016   0.172792  -0.677177   0.713888  -0.001511   1.938169   0.001000
 -0.061978   0.159701  -0.664123   0.727733  -0.004983   1.750639   0.001000
 -0.075803   0.175245  -0.663052   0.723813   0.117423   1.782983   0.001000
 -0.091150   0.185834  -0.672298   0.710755   0.080501   1.832191   0.001000
 -0.063114   0.173573  -0.690955   0.698907   0.026652   1.829061   0.001000
 -0.063114   0.173573  -0.690955   0.698907   0.026652   1.829061   0.001000
 -0.063114   0.173573  -0.690955   0.698907   0.026652   1.829061   0.001000
 -0.063114   0.173573  -0.690955   0.698907   0.026652   1.829061   0.001000
 -0.063114   0.173573  -0.690955   0.698907   0.026652   1.829061   0.001000
 -0.063114   0.173573  -0.690955   0.698907   0.026652   1.829061   0.001000
 -0.063114   0.173573  -0.690955   0.698907   0.026652   1.829061   0.001000
 -0.063114   0.173573  -0.690955   0.698907   0.026652   1.829061   0.001000
 -0.063114   0.173573  -0.690955   0.698907   0.026652   1.829061   0.001000
 -0.063114   0.173573  -0.690955   0.698907   0.026652   1.829061   0.001000
 -0.063114   0.173573  -0.690955   0.698907   0.026652   1.829061   0.001000
 -0.063114   0.173573  -0.690955   0.698907   0.026652   1.829061   0.001000
 -0.063114   0.173573  -0.690955   0.698907   0.026652   1.829061   0.001000
 -0.063114   0.173573  -0.690955   0.698907   0.026652   1.829061   0.001000
 -0.063114   0.173573  -0.690955   0.698907   0.026652   1.829061   0.001000
 -0.063114   0.173573  -0.690955   0.698907   0.026652   1.829061   0.001000
 -0.063114   0.173573  -0.690955   0.698907   0.026652   1.829061   0.001000
 -0.063114   0.173573  -0.690955   0.698907   0.026652   1.829061   0.001000
 -0.063114   0.173573  -0.690955   0.698907   0.026652   1.829061   0.001000
 -0.063114   0.173573  -0.690955   0.698907   0.026652   1.829061   0.001000
 -0.063114   0.173573  -0.690955   0.698907   0.026652   1.829061   0.001000
 -0.063114   0.173573  -0.690955   0.698907   0.026652   1.829061   0.001000
 -0.063114   0.173573  -0.690955   0.698907   0.026652   1.829061   0.001000
 -0.063114   0.173573  -0.690955   0.698907   0.026652   1.829061   0.001000
 -0.063114   0.173573  -0.690955   0.698907   0.026652   1.829061   0.001000
 -0.063114   0.173573  -0.690955   0.698907   0.026652   1.829061   0.001000
 -0.063114   0.173573  -0.690955   0.698907   0.026652   1.829061   0.001000
 -0.063114   0.173573  -0.690955   0.698907   0.026652   1.829061   0.001000
 -0.063114   0.173573  -0.690955   0.698907   0.026652   1.829061   0.001000
 -0.063114   0.173573  -0.690955   0.698907   0.026652   1.829061   0.001000
 -0.063114   0.173573  -0.690955   0.698907   0.026652   1.829061   0.001000
 -0.063114   0.173573  -0.690955   0.698907   0.026652   1.829061   0.001000
 -0.063114   0.173573  -0.690955   0.698907   0.026652   1.829061   0.001000
 -0.063114   0.173573  -0.690955   0.698907   0.026652   1.829061   0.001000
 -0.063114   0.173573  -0.690955   0.698907   0.026652   1.829061   0.001000
 -0.063114   0.173573  -0.690955   0.698907   0.026652   1.829061   0.001000
 -0.063114   0.173573  -0.690955   0.698907   0.026652   1.829061   0.001000
 -0.063114   0.173573  -0.690955   0.698907   0.026652   1.829061   0.001000
 -0.063114   0.173573  -0.690955   0.698907   0.026652   1.829061   0.001000
 -0.063114   0.173573  -0.690955   0.698907   0.026652   1.829061   0.001000
 -0.063114   0.173573  -0.690955   0.698907   0.026652   1.829061   0.001000
 -0.063114   0.173573  -0.690955   0.698907   0.026652   1.829061   0.001000
 -0.063114   0.173573  -0.690955   0.698907   0.026652   1.829061   0.001000
 -0.063114   0.173573  -0.690955   0.698907   0.026652   1.829061   0.001000
 -0.063114   0.173573  -0.690955   0.698907   0.026652   1.829061   0.001000
 -0.063114   0.173573  -0.690955   0.698907   0.026652   1.829061   0.001000
 -0.063114   0.173573  -0.690955   0.698907   0.026652   1.829061   0.001000
 -0.063114   0.173573  -0.690955   0.698907   0.026652   1.829061   0.001000
 -0.063114   0.173573  -0.690955   0.698907   0.026652   1.829061   0.001000
 -0.063114   0.173573  -0.690955   0.698907   0.026652   1.829061   0.001000
 -0.063114   0.173573  -0.690955   0.698907   0.026652   1.829061   0.001000
 -0.054986   0.159299  -0.671855   0.721257   0.069843   1.879124   0.001000
 -0.081509   0.182615  -0.695628   0.690007   0.032828   1.821565   0.001000
 -0.081723   0.179551  -0.695300   0.691116   0.165677   1.798625   0.001000
 -0.050280   0.170793  -0.686532   0.704965   0.139099   1.853250   0.001000
 -0.054127   0.166387  -0.700110   0.692266   0.200890   1.592523   0.001000
 -0.051369   0.166550  -0.687037   0.705409  -0.001207   1.763248   0.001000
 -0.051369   0.166550  -0.687037   0.705409  -0.001207   1.763248   0.001000
 -0.053087   0.160220  -0.686290   0.707472   0.036129   1.792448   0.001000
 -0.032952   0.130363  -0.675795   0.724721   0.034388   1.773102   0.001000
 -0.056729   0.177459  -0.695364   0.694089   0.006361   1.785945   0.001000
 -0.056729   0.177459  -0.695364   0.694089   0.006361   1.785945   0.001000
 -0.069447   0.177496  -0.689123   0.699129   0.000222   1.690603   0.001000
 -0.069447   0.177496  -0.689123   0.699129   0.000222   1.690603   0.001000
 -0.069447   0.177496  -0.689123   0.699129   0.000222   1.690603   0.001000
 -0.069447   0.177496  -0.689123   0.699129   0.000222   1.690603   0.001000
 -0.069447   0.177496  -0.689123   0.699129   0.000222   1.690603   0.001000
 -0.057189   0.167077  -0.692225   0.699742   0.128741   1.719655   0.001000
 -0.057189   0.167077  -0.692225   0.699742   0.128741   1.719655   0.001000
 -0.057189   0.167077  -0.692225   0.699742   0.128741   1.719655   0.001000
 -0.057189   0.167077  -0.692225   0.699742   0.128741   1.719655   0.001000
 -0.057189   0.167077  -0.692225   0.699742   0.128741   1.719655   0.001000
 -0.089958   0.194384  -0.687666   0.693713  -0.102467   1.798511   0.001000
 -0.032475   0.167650  -0.696343   0.697097   0.050533   1.786824   0.001000
 -0.051916   0.168662  -0.687064   0.704841   0.040073   1.839011   0.001000
 -0.051916   0.168662  -0.687064   0.704841   0.040073   1.839011   0.001000
 -0.051916   0.168662  -0.687064   0.704841   0.040073   1.839011   0.001000
 -0.051916   0.168662  -0.687064   0.704841   0.040073   1.839011   0.001000
 -0.058574   0.167308  -0.667147   0.723528   0.010367   1.885869   0.001000
 -0.058574   0.167308  -0.667147   0.723528   0.010367   1.885869   0.001000
 -0.058574   0.167308  -0.667147   0.723528   0.010367   1.885869   0.001000
 -0.066616   0.171740  -0.685692   0.704197   0.023490   1.966697   0.001000
 -0.066616   0.171740  -0.685692   0.704197   0.023490   1.966697   0.001000
 -0.066616   0.171740  -0.685692   0.704197   0.023490   1.966697   0.001000
 -0.066616   0.171740  -0.685692   0.704197   0.023490   1.966697   0.001000
 -0.066616   0.171740  -0.685692   0.704197   0.023490   1.966697   0.001000
 -0.044851   0.183433  -0.697382   0.691375   0.008426   1.779773   0.001000
 -0.065616   0.181526  -0.689626   0.697967   0.163752   1.945473   0.001000
 -0.065616   0.181526  -0.689626   0.697967   0.163752   1.945473   0.001000
 -0.052196   0.158233  -0.683352   0.710822   0.185665   2.023237   0.001000
 -0.052196   0.158233  -0.683352   0.710822   0.185665   2.023237   0.001000
 -0.070986   0.182359  -0.682158   0.704533  -0.032473   1.930656   0.001000
 -0.070986   0.182359  -0.682158   0.704533  -0.032473   1.930656   0.001000
 -0.070986   0.182359  -0.682158   0.704533  -0.032473   1.930656   0.001000
 -0.070986   0.182359  -0.682158   0.704533  -0.032473   1.930656   0.001000
 -0.045853   0.181649  -0.690830   0.698323  -0.071216   1.911604   0.001000
 -0.071973   0.177130  -0.689443   0.698651   0.107420   1.764180   0.001000
 -0.071973   0.177130  -0.689443   0.698651   0.107420   1.764180   0.001000
 -0.071973   0.177130  -0.689443   0.698651   0.107420   1.764180   0.001000
 -0.071973   0.177130  -0.689443   0.698651   0.107420   1.764180   0.001000
 -0.091657   0.170689  -0.672779   0.714026   0.110817   1.843914   0.001000
 -0.045061   0.173938  -0.694352   0.696843   0.039590   1.723173   0.001000
 -0.045061   0.173938  -0.694352   0.696843   0.039590   1.723173   0.001000
 -0.069857   0.181477  -0.695662   0.691550   0.122692   1.714707   0.001000
 -0.069857   0.181477  -0.695662   0.691550   0.122692   1.714707   0.001000
 -0.069857   0.181477  -0.695662   0.691550   0.122692   1.714707   0.001000
 -0.065042   0.175999  -0.681096   0.707744   0.156876   1.806847   0.001000
 -0.065042   0.175999  -0.681096   0.707744   0.156876   1.806847   0.001000
 -0.065042   0.175999  -0.681096   0.707744   0.156876   1.806847   0.001000
 -0.065042   0.175999  -0.681096   0.707744   0.156876   1.806847   0.001000
 -0.065042   0.175999  -0.681096   0.707744   0.156876   1.806847   0.001000
 -0.065042   0.175999  -0.681096   0.707744   0.156876   1.806847   0.001000
 -0.065042   0.175999  -0.681096   0.707744   0.156876   1.806847   0.001000
 -0.065042   0.175999  -0.681096   0.707744   0.156876   1.806847   0.001000
 -0.065042   0.175999  -0.681096   0.707744   0.156876   1.806847   0.001000
 -0.065042   0.175999  -0.681096   0.707744   0.156876   1.806847   0.001000
 -0.065042   0.175999  -0.681096   0.707744   0.156876   1.806847   0.001000
 -0.065042   0.175999  -0.681096   0.707744   0.156876   1.806847   0.001000
 -0.065042   0.175999  -0.681096   0.707744   0.156876   1.806847   0.001000
 -0.065042   0.175999  -0.681096   0.707744   0.156876   1.806847   0.001000
 -0.065042   0.175999  -0.681096   0.707744   0.156876   1.806847   0.001000
 -0.031598   0.166755  -0.688753   0.704850   0.100614   1.837160   0.001000
 -0.065043   0.171768  -0.688881   0.701219   0.012526   2.008854   0.001000
 -0.065043   0.171768  -0.688881   0.701219   0.012526   2.008854   0.001000
 -0.065043   0.171768  -0.688881   0.701219   0.012526   2.008854   0.001000
 -0.065043   0.171768  -0.688881   0.701219   0.012526   2.008854   0.001000
 -0.065043   0.171768  -0.688881   0.701219   0.012526   2.008854   0.001000
 -0.065043   0.171768  -0.688881   0.701219   0.012526   2.008854   0.001000
 -0.068822   0.184388  -0.686209   0.700273   0.116323   2.005339   0.001000
 -0.068822   0.184388  -0.686209   0.700273   0.116323   2.005339   0.001000
 -0.068822   0.184388  -0.686209   0.700273   0.116323   2.005339   0.001000
 -0.068822   0.184388  -0.686209   0.700273   0.116323   2.005339   0.001000
 -0.073914   0.162865  -0.693969   0.697438   0.120322   1.808274   0.001000
  0.064969   0.078364  -0.700270   0.706583  -0.016926   1.939677   0.001000
 -0.075434   0.191194  -0.672860   0.710643   0.095966   1.925142   0.001000
 -0.075434   0.191194  -0.672860   0.710643   0.095966   1.925142   0.001000
 -0.075434   0.191194  -0.672860   0.710643   0.095966   1.925142   0.001000
 -0.075434   0.191194  -0.672860   0.710643   0.095966   1.925142   0.001000
  0.051411   0.055009  -0.715689   0.694349   0.164599   1.908292   0.001000
  0.051411   0.055009  -0.715689   0.694349   0.164599   1.908292   0.001000
 -0.071716   0.188804  -0.693615   0.691454   0.144477   2.131967   0.001000
 -0.056827   0.173674  -0.693587   0.696811  -0.041431   2.162678   0.001000
 -0.070365   0.176596  -0.693142   0.695282   0.187272   1.831372   0.001000
 -0.070365   0.176596  -0.693142   0.695282   0.187272   1.831372   0.001000
 -0.070365   0.176596  -0.693142   0.695282   0.187272   1.831372   0.001000
 -0.070365   0.176596  -0.693142   0.695282   0.187272   1.831372   0.001000
 -0.059353   0.176155  -0.699691   0.689840   0.261401   1.892972   0.001000
 -0.054819   0.170273  -0.685159   0.706087   0.162367   1.894746   0.001000
 -0.054819   0.170273  -0.685159   0.706087   0.162367   1.894746   0.001000
 -0.053638   0.167809  -0.680992   0.710784   0.212000   1.778352   0.001000
 -0.053638   0.167809  -0.680992   0.710784   0.212000   1.778352   0.001000
 -0.053638   0.167809  -0.680992   0.710784   0.212000   1.778352   0.001000
 -0.043893   0.161647  -0.689375   0.704774   0.037562   2.002259   0.001000
 -0.043893   0.161647  -0.689375   0.704774   0.037562   2.002259   0.001000
 -0.043893   0.161647  -0.689375   0.704774   0.037562   2.002259   0.001000
 -0.043893   0.161647  -0.689375   0.704774   0.037562   2.002259   0.001000
 -0.043893   0.161647  -0.689375   0.704774   0.037562   2.002259   0.001000
 -0.046097   0.156164  -0.691624   0.703665   0.105894   1.840242   0.001000
 -0.053261   0.157369  -0.685291   0.709066   0.048253   1.787745   0.001000
 -0.047780   0.156142  -0.680134   0.714671  -0.104607   1.797148   0.001000
