 -0.529351  -0.202689  -0.316592   0.760575  -1.535227  -1.657492   0.001000
 -0.529351  -0.202689  -0.316592   0.760575  -1.535227  -1.657492   0.001000
 -0.529351  -0.202689  -0.316592   0.760575  -1.535227  -1.657492   0.001000
 -0.529351  -0.202689  -0.316592   0.760575  -1.535227  -1.657492   0.001000
 -0.529351  -0.202689  -0.316592   0.760575  -1.535227  -1.657492   0.001000
 -0.529351  -0.202689  -0.316592   0.760575  -1.535227  -1.657492   0.001000
 -0.529351  -0.202689  -0.316592   0.760575  -1.535227  -1.657492   0.001000
 -0.544861  -0.200066  -0.315900   0.750538  -1.642855  -1.672376   0.001000
 -0.544861  -0.200066  -0.315900   0.750538  -1.642855  -1.672376   0.001000
 -0.544861  -0.200066  -0.315900   0.750538  -1.642855  -1.672376   0.001000
 -0.544861  -0.200066  -0.315900   0.750538  -1.642855  -1.672376   0.001000
 -0.544861  -0.200066  -0.315900   0.750538  -1.642855  -1.672376   0.001000
 -0.544861  -0.200066  -0.315900   0.750538  -1.642855  -1.672376   0.001000
 -0.544861  -0.200066  -0.315900   0.750538  -1.642855  -1.672376   0.001000
 -0.544861  -0.200066  -0.315900   0.750538  -1.642855  -1.672376   0.001000
 -0.544861  -0.200066  -0.315900   0.750538  -1.642855  -1.672376   0.001000
 -0.544861  -0.200066  -0.315900   0.750538  -1.642855  -1.672376   0.001000
 -0.544861  -0.200066  -0.315900   0.750538  -1.642855  -1.672376   0.001000
 -0.544861  -0.200066  -0.315900   0.750538  -1.642855  -1.672376   0.001000
 -0.544861  -0.200066  -0.315900   0.750538  -1.642855  -1.672376   0.001000
 -0.543281  -0.193989  -0.300736   0.759455  -1.650942  -1.273753   0.001000
 -0.545016  -0.202438  -0.315191   0.750087  -1.648400  -1.258816   0.001000
 -0.545016  -0.202438  -0.315191   0.750087  -1.648400  -1.258816   0.001000
 -0.545016  -0.202438  -0.315191   0.750087  -1.648400  -1.258816   0.001000
 -0.545016  -0.202438  -0.315191   0.750087  -1.648400  -1.258816   0.001000
 -0.545832  -0.178775  -0.325169   0.751247  -1.669450  -1.174160   0.001000
 -0.544473  -0.190923  -0.311719   0.754936  -1.622596  -1.268181   0.001000
 -0.544473  -0.190923  -0.311719   0.754936  -1.622596  -1.268181   0.001000
 -0.544473  -0.190923  -0.311719   0.754936  -1.622596  -1.268181   0.001000
 -0.534330  -0.196496  -0.311815   0.760692  -1.735405  -1.405859   0.001000
 -0.534330  -0.196496  -0.311815   0.760692  -1.735405  -1.405859   0.001000
 -0.534330  -0.196496  -0.311815   0.760692  -1.735405  -1.405859   0.001000
 -0.535197  -0.205862  -0.317357   0.755294  -1.761405  -1.325298   0.001000
 -0.548620  -0.199971  -0.318505   0.746714  -1.427962  -1.410982   0.001000
 -0.548620  -0.199971  -0.318505   0.746714  -1.427962  -1.410982   0.001000
 -0.548620  -0.199971  -0.318505   0.746714  -1.427962  -1.410982   0.001000
 -0.548620  -0.199971  -0.318505   0.746714  -1.427962  -1.410982   0.001000
 -0.548620  -0.199971  -0.318505   0.746714  -1.427962  -1.410982   0.001000
 -0.548620  -0.199971  -0.318505   0.746714  -1.427962  -1.410982   0.001000
 -0.548620  -0.199971  -0.318505   0.746714  -1.427962  -1.410982   0.001000
 -0.548620  -0.199971  -0.318505   0.746714  -1.427962  -1.410982   0.001000
 -0.548620  -0.199971  -0.318505   0.746714  -1.427962  -1.410982   0.001000
 -0.531981  -0.189123  -0.310023   0.764928  -1.482027  -1.316427   0.001000
 -0.547637  -0.194302  -0.310490   0.752288  -1.324653  -1.589698   0.001000
 -0.562771  -0.204043  -0.340312   0.725150  -1.396873  -1.396555   0.001000
 -0.562771  -0.204043  -0.340312   0.725150  -1.396873  -1.396555   0.001000
 -0.548301  -0.206863  -0.310090   0.748610  -1.527721  -1.309415   0.001000
 -0.548301  -0.206863  -0.310090   0.748610  -1.527721  -1.309415   0.001000
 -0.536699  -0.209991  -0.323535   0.750456  -1.496394  -1.233442   0.001000
 -0.536699  -0.209991  -0.323535   0.750456  -1.496394  -1.233442   0.001000
 -0.536699  -0.209991  -0.323535   0.750456  -1.496394  -1.233442   0.001000
 -0.683615  -0.168749  -0.361693   0.611042  -1.625276  -1.428618   0.001000
 -0.552562  -0.232374  -0.319714   0.733799  -1.436084  -1.484788   0.001000
 -0.536052  -0.203674  -0.321155   0.753674  -1.528987  -1.259518   0.001000
 -0.536052  -0.203674  -0.321155   0.753674  -1.528987  -1.259518   0.001000
 -0.532056  -0.204574  -0.306560   0.762290  -1.457717  -1.115579   0.001000
 -0.532056  -0.204574  -0.306560   0.762290  -1.457717  -1.115579   0.001000
 -0.529374  -0.206258  -0.317072   0.759399  -1.541765  -1.360432   0.001000
 -0.529374  -0.206258  -0.317072   0.759399  -1.541765  -1.360432   0.001000
 -0.529374  -0.206258  -0.317072   0.759399  -1.541765  -1.360432   0.001000
 -0.529374  -0.206258  -0.317072   0.759399  -1.541765  -1.360432   0.001000
 -0.529374  -0.206258  -0.317072   0.759399  -1.541765  -1.360432   0.001000
 -0.529374  -0.206258  -0.317072   0.759399  -1.541765  -1.360432   0.001000
 -0.529374  -0.206258  -0.317072   0.759399  -1.541765  -1.360432   0.001000
 -0.529374  -0.206258  -0.317072   0.759399  -1.541765  -1.360432   0.001000
 -0.529374  -0.206258  -0.317072   0.759399  -1.541765  -1.360432   0.001000
 -0.529374  -0.206258  -0.317072   0.759399  -1.541765  -1.360432   0.001000
 -0.529374  -0.206258  -0.317072   0.759399  -1.541765  -1.360432   0.001000
 -0.529374  -0.206258  -0.317072   0.759399  -1.541765  -1.360432   0.001000
 -0.529374  -0.206258  -0.317072   0.759399  -1.541765  -1.360432   0.001000
 -0.529374  -0.206258  -0.317072   0.759399  -1.541765  -1.360432   0.001000
 -0.529374  -0.206258  -0.317072   0.759399  -1.541765  -1.360432   0.001000
 -0.529374  -0.206258  -0.317072   0.759399  -1.541765  -1.360432   0.001000
 -0.529374  -0.206258  -0.317072   0.759399  -1.541765  -1.360432   0.001000
 -0.529374  -0.206258  -0.317072   0.759399  -1.541765  -1.360432   0.001000
 -0.529374  -0.206258  -0.317072   0.759399  -1.541765  -1.360432   0.001000
 -0.534852  -0.196714  -0.311223   0.760511  -1.401806  -1.183711   0.001000
 -0.541856  -0.188907  -0.312653   0.756937  -1.469976  -1.265838   0.001000
 -0.560373  -0.216756  -0.297259   0.742048  -1.460919  -1.271108   0.001000
 -0.608126  -0.161720  -0.323230   0.706790  -1.436662  -1.291120   0.001000
 -0.547624  -0.197567  -0.312748   0.750509  -1.542073  -1.283929   0.001000
 -0.547624  -0.197567  -0.312748   0.750509  -1.542073  -1.283929   0.001000
 -0.539130  -0.194637  -0.322652   0.753227  -1.696096  -1.124872   0.001000
 -0.539130  -0.194637  -0.322652   0.753227  -1.696096  -1.124872   0.001000
 -0.539130  -0.194637  -0.322652   0.753227  -1.696096  -1.124872   0.001000
 -0.539130  -0.194637  -0.322652   0.753227  -1.696096  -1.124872   0.001000
 -0.539130  -0.194637  -0.322652   0.753227  -1.696096  -1.124872   0.001000
 -0.539130  -0.194637  -0.322652   0.753227  -1.696096  -1.124872   0.001000
 -0.539130  -0.194637  -0.322652   0.753227  -1.696096  -1.124872   0.001000
 -0.539130  -0.194637  -0.322652   0.753227  -1.696096  -1.124872   0.001000
 -0.539130  -0.194637  -0.322652   0.753227  -1.696096  -1.124872   0.001000
 -0.539130  -0.194637  -0.322652   0.753227  -1.696096  -1.124872   0.001000
 -0.539130  -0.194637  -0.322652   0.753227  -1.696096  -1.124872   0.001000
 -0.539130  -0.194637  -0.322652   0.753227  -1.696096  -1.124872   0.001000
 -0.539877  -0.196801  -0.312865   0.756253  -1.578602  -1.032386   0.001000
 -0.539877  -0.196801  -0.312865   0.756253  -1.578602  -1.032386   0.001000
 -0.538416  -0.195509  -0.322365   0.753635  -1.614450  -1.355380   0.001000
 -0.538416  -0.195509  -0.322365   0.753635  -1.614450  -1.355380   0.001000
 -0.538416  -0.195509  -0.322365   0.753635  -1.614450  -1.355380   0.001000
 -0.538416  -0.195509  -0.322365   0.753635  -1.614450  -1.355380   0.001000
 -0.546948  -0.185450  -0.320036   0.751021  -1.450684  -1.180140   0.001000
 -0.537634  -0.193180  -0.316239   0.757379  -1.422165  -1.046829   0.001000
 -0.552151  -0.198445  -0.345697   0.732286  -1.412259  -1.066415   0.001000
 -0.525617  -0.201299  -0.330299   0.757699  -1.364619  -1.146096   0.001000
 -0.525617  -0.201299  -0.330299   0.757699  -1.364619  -1.146096   0.001000
 -0.525617  -0.201299  -0.330299   0.757699  -1.364619  -1.146096   0.001000
 -0.542006  -0.193854  -0.322053   0.751619  -1.468126  -1.107099   0.001000
 -0.526328  -0.200136  -0.308296   0.766732  -1.400074  -1.244278   0.001000
 -0.526328  -0.200136  -0.308296   0.766732  -1.400074  -1.244278   0.001000
 -0.534856  -0.196460  -0.327602   0.753664  -1.424363  -1.187175   0.001000
 -0.540474  -0.198881  -0.324760   0.750243  -1.425156  -1.138235   0.001000
 -0.540474  -0.198881  -0.324760   0.750243  -1.425156  -1.138235   0.001000
 -0.540474  -0.198881  -0.324760   0.750243  -1.425156  -1.138235   0.001000
 -0.540474  -0.198881  -0.324760   0.750243  -1.425156  -1.138235   0.001000
 -0.540474  -0.198881  -0.324760   0.750243  -1.425156  -1.138235   0.001000
 -0.540474  -0.198881  -0.324760   0.750243  -1.425156  -1.138235   0.001000
 -0.528306  -0.192936  -0.319985   0.762416  -1.414360  -1.232213   0.001000
 -0.545283  -0.214304  -0.322706   0.743372  -1.447117  -1.221379   0.001000
 -0.545283  -0.214304  -0.322706   0.743372  -1.447117  -1.221379   0.001000
 -0.545283  -0.214304  -0.322706   0.743372  -1.447117  -1.221379   0.001000
 -0.546936  -0.196595  -0.313161   0.751094  -1.456093  -1.208412   0.001000
 -0.546936  -0.196595  -0.313161   0.751094  -1.456093  -1.208412   0.001000
 -0.548487  -0.195586  -0.316964   0.748627  -1.503236  -1.306508   0.001000
 -0.535266  -0.201406  -0.319199   0.755671  -1.426820  -1.309686   0.001000
 -0.535266  -0.201406  -0.319199   0.755671  -1.426820  -1.309686   0.001000
 -0.535266  -0.201406  -0.319199   0.755671  -1.426820  -1.309686   0.001000
 -0.535266  -0.201406  -0.319199   0.755671  -1.426820  -1.309686   0.001000
 -0.535266  -0.201406  -0.319199   0.755671  -1.426820  -1.309686   0.001000
 -0.535266  -0.201406  -0.319199   0.755671  -1.426820  -1.309686   0.001000
 -0.535266  -0.201406  -0.319199   0.755671  -1.426820  -1.309686   0.001000
 -0.535266  -0.201406  -0.319199   0.755671  -1.426820  -1.309686   0.001000
 -0.535266  -0.201406  -0.319199   0.755671  -1.426820  -1.309686   0.001000
 -0.535266  -0.201406  -0.319199   0.755671  -1.426820  -1.309686   0.001000
 -0.535266  -0.201406  -0.319199   0.755671  -1.426820  -1.309686   0.001000
 -0.535266  -0.201406  -0.319199   0.755671  -1.426820  -1.309686   0.001000
 -0.535266  -0.201406  -0.319199   0.755671  -1.426820  -1.309686   0.001000
 -0.535266  -0.201406  -0.319199   0.755671  -1.426820  -1.309686   0.001000
 -0.535266  -0.201406  -0.319199   0.755671  -1.426820  -1.309686   0.001000
 -0.535266  -0.201406  -0.319199   0.755671  -1.426820  -1.309686   0.001000
 -0.535266  -0.201406  -0.319199   0.755671  -1.426820  -1.309686   0.001000
 -0.535266  -0.201406  -0.319199   0.755671  -1.426820  -1.309686   0.001000
 -0.535266  -0.201406  -0.319199   0.755671  -1.426820  -1.309686   0.001000
 -0.535266  -0.201406  -0.319199   0.755671  -1.426820  -1.309686   0.001000
 -0.535266  -0.201406  -0.319199   0.755671  -1.426820  -1.309686   0.001000
 -0.535266  -0.201406  -0.319199   0.755671  -1.426820  -1.309686   0.001000
 -0.535266  -0.201406  -0.319199   0.755671  -1.426820  -1.309686   0.001000
 -0.535266  -0.201406  -0.319199   0.755671  -1.426820  -1.309686   0.001000
 -0.535266  -0.201406  -0.319199   0.755671  -1.426820  -1.309686   0.001000
 -0.535266  -0.201406  -0.319199   0.755671  -1.426820  -1.309686   0.001000
 -0.535266  -0.201406  -0.319199   0.755671  -1.426820  -1.309686   0.001000
 -0.535266  -0.201406  -0.319199   0.755671  -1.426820  -1.309686   0.001000
 -0.548396  -0.200005  -0.312258   0.749504  -1.416697  -1.321306   0.001000
 -0.548396  -0.200005  -0.312258   0.749504  -1.416697  -1.321306   0.001000
 -0.548396  -0.200005  -0.312258   0.749504  -1.416697  -1.321306   0.001000
 -0.548396  -0.200005  -0.312258   0.749504  -1.416697  -1.321306   0.001000
 -0.556503  -0.199633  -0.318786   0.740828  -1.488337  -1.300875   0.001000
 -0.545117  -0.195873  -0.322053   0.748841  -1.453533  -1.180086   0.001000
 -0.545117  -0.195873  -0.322053   0.748841  -1.453533  -1.180086   0.001000
 -0.545117  -0.195873  -0.322053   0.748841  -1.453533  -1.180086   0.001000
 -0.545117  -0.195873  -0.322053   0.748841  -1.453533  -1.180086   0.001000
 -0.545117  -0.195873  -0.322053   0.748841  -1.453533  -1.180086   0.001000
 -0.545117  -0.195873  -0.322053   0.748841  -1.453533  -1.180086   0.001000
 -0.545117  -0.195873  -0.322053   0.748841  -1.453533  -1.180086   0.001000
 -0.545117  -0.195873  -0.322053   0.748841  -1.453533  -1.180086   0.001000
 -0.545117  -0.195873  -0.322053   0.748841  -1.453533  -1.180086   0.001000
 -0.545117  -0.195873  -0.322053   0.748841  -1.453533  -1.180086   0.001000
 -0.545117  -0.195873  -0.322053   0.748841  -1.453533  -1.180086   0.001000
 -0.545117  -0.195873  -0.322053   0.748841  -1.453533  -1.180086   0.001000
 -0.545117  -0.195873  -0.322053   0.748841  -1.453533  -1.180086   0.001000
 -0.545117  -0.195873  -0.322053   0.748841  -1.453533  -1.180086   0.001000
 -0.543886  -0.202767  -0.312532   0.751929  -1.523782  -1.192784   0.001000
 -0.545045  -0.186114  -0.313312   0.755065  -1.400907  -1.175612   0.001000
 -0.545045  -0.186114  -0.313312   0.755065  -1.400907  -1.175612   0.001000
 -0.545045  -0.186114  -0.313312   0.755065  -1.400907  -1.175612   0.001000
 -0.545045  -0.186114  -0.313312   0.755065  -1.400907  -1.175612   0.001000
 -0.545045  -0.186114  -0.313312   0.755065  -1.400907  -1.175612   0.001000
 -0.545045  -0.186114  -0.313312   0.755065  -1.400907  -1.175612   0.001000
 -0.545045  -0.186114  -0.313312   0.755065  -1.400907  -1.175612   0.001000
 -0.545045  -0.186114  -0.313312   0.755065  -1.400907  -1.175612   0.001000
 -0.530676  -0.197235  -0.315368   0.761593  -1.414711  -1.221932   0.001000
 -0.530676  -0.197235  -0.315368   0.761593  -1.414711  -1.221932   0.001000
 -0.530676  -0.197235  -0.315368   0.761593  -1.414711  -1.221932   0.001000
 -0.542510  -0.200883  -0.308893   0.754927  -1.382192  -1.432590   0.001000
 -0.542510  -0.200883  -0.308893   0.754927  -1.382192  -1.432590   0.001000
 -0.542510  -0.200883  -0.308893   0.754927  -1.382192  -1.432590   0.001000
 -0.542510  -0.200883  -0.308893   0.754927  -1.382192  -1.432590   0.001000
 -0.542510  -0.200883  -0.308893   0.754927  -1.382192  -1.432590   0.001000
 -0.542510  -0.200883  -0.308893   0.754927  -1.382192  -1.432590   0.001000
 -0.542510  -0.200883  -0.308893   0.754927  -1.382192  -1.432590   0.001000
 -0.542510  -0.200883  -0.308893   0.754927  -1.382192  -1.432590   0.001000
 -0.542510  -0.200883  -0.308893   0.754927  -1.382192  -1.432590   0.001000
 -0.531556  -0.197894  -0.327238   0.755778  -1.488640  -1.073899   0.001000
 -0.531556  -0.197894  -0.327238   0.755778  -1.488640  -1.073899   0.001000
 -0.531556  -0.197894  -0.327238   0.755778  -1.488640  -1.073899   0.001000
 -0.543710  -0.208705  -0.315067   0.749369  -1.599923  -1.141846   0.001000
 -0.539135  -0.202468  -0.309540   0.756654  -1.526381  -1.224556   0.001000
 -0.539135  -0.202468  -0.309540   0.756654  -1.526381  -1.224556   0.001000
 -0.543495  -0.197167  -0.316991   0.751834  -1.500450  -1.117627   0.001000
 -0.543495  -0.197167  -0.316991   0.751834  -1.500450  -1.117627   0.001000
 -0.543495  -0.197167  -0.316991   0.751834  -1.500450  -1.117627   0.001000
 -0.543495  -0.197167  -0.316991   0.751834  -1.500450  -1.117627   0.001000
 -0.543495  -0.197167  -0.316991   0.751834  -1.500450  -1.117627   0.001000
 -0.543495  -0.197167  -0.316991   0.751834  -1.500450  -1.117627   0.001000
 -0.543495  -0.197167  -0.316991   0.751834  -1.500450  -1.117627   0.001000
 -0.543495  -0.197167  -0.316991   0.751834  -1.500450  -1.117627   0.001000
 -0.543495  -0.197167  -0.316991   0.751834  -1.500450  -1.117627   0.001000
 -0.543495  -0.197167  -0.316991   0.751834  -1.500450  -1.117627   0.001000
 -0.543495  -0.197167  -0.316991   0.751834  -1.500450  -1.117627   0.001000
 -0.543495  -0.197167  -0.316991   0.751834  -1.500450  -1.117627   0.001000
 -0.543495  -0.197167  -0.316991   0.751834  -1.500450  -1.117627   0.001000
 -0.543495  -0.197167  -0.316991   0.751834  -1.500450  -1.117627   0.001000
 -0.543495  -0.197167  -0.316991   0.751834  -1.500450  -1.117627   0.001000
 -0.543495  -0.197167  -0.316991   0.751834  -1.500450  -1.117627   0.001000
 -0.544663  -0.212027  -0.314702   0.747897  -1.413307  -1.183330   0.001000
 -0.544663  -0.212027  -0.314702   0.747897  -1.413307  -1.183330   0.001000
 -0.539937  -0.182793  -0.318728   0.757276  -1.466238  -1.043572   0.001000
 -0.529779  -0.206239  -0.329555   0.753786  -1.364107  -1.240015   0.001000
 -0.555571  -0.190347  -0.285668   0.757299  -1.442981  -1.275806   0.001000
 -0.538898  -0.193957  -0.320677   0.754411  -1.325351  -1.319803   0.001000
 -0.538898  -0.193957  -0.320677   0.754411  -1.325351  -1.319803   0.001000
 -0.538898  -0.193957  -0.320677   0.754411  -1.325351  -1.319803   0.001000
 -0.538898  -0.193957  -0.320677   0.754411  -1.325351  -1.319803   0.001000
 -0.538898  -0.193957  -0.320677   0.754411  -1.325351  -1.319803   0.001000
 -0.538898  -0.193957  -0.320677   0.754411  -1.325351  -1.319803   0.001000
 -0.538898  -0.193957  -0.320677   0.754411  -1.325351  -1.319803   0.001000
 -0.538898  -0.193957  -0.320677   0.754411  -1.325351  -1.319803   0.001000
 -0.538898  -0.193957  -0.320677   0.754411  -1.325351  -1.319803   0.001000
 -0.538898  -0.193957  -0.320677   0.754411  -1.325351  -1.319803   0.001000
 -0.538898  -0.193957  -0.320677   0.754411  -1.325351  -1.319803   0.001000
 -0.538898  -0.193957  -0.320677   0.754411  -1.325351  -1.319803   0.001000
 -0.538898  -0.193957  -0.320677   0.754411  -1.325351  -1.319803   0.001000
 -0.538898  -0.193957  -0.320677   0.754411  -1.325351  -1.319803   0.001000
 -0.538898  -0.193957  -0.320677   0.754411  -1.325351  -1.319803   0.001000
 -0.538898  -0.193957  -0.320677   0.754411  -1.325351  -1.319803   0.001000
 -0.538898  -0.193957  -0.320677   0.754411  -1.325351  -1.319803   0.001000
 -0.538898  -0.193957  -0.320677   0.754411  -1.325351  -1.319803   0.001000
 -0.538898  -0.193957  -0.320677   0.754411  -1.325351  -1.319803   0.001000
 -0.538898  -0.193957  -0.320677   0.754411  -1.325351  -1.319803   0.001000
 -0.538898  -0.193957  -0.320677   0.754411  -1.325351  -1.319803   0.001000
 -0.538898  -0.193957  -0.320677   0.754411  -1.325351  -1.319803   0.001000
 -0.539430  -0.201947  -0.319083   0.752608  -1.286587  -1.477248   0.001000
 -0.539430  -0.201947  -0.319083   0.752608  -1.286587  -1.477248   0.001000
 -0.539430  -0.201947  -0.319083   0.752608  -1.286587  -1.477248   0.001000
 -0.539430  -0.201947  -0.319083   0.752608  -1.286587  -1.477248   0.001000
 -0.539430  -0.201947  -0.319083   0.752608  -1.286587  -1.477248   0.001000
 -0.539430  -0.201947  -0.319083   0.752608  -1.286587  -1.477248   0.001000
 -0.539430  -0.201947  -0.319083   0.752608  -1.286587  -1.477248   0.001000
 -0.539430  -0.201947  -0.319083   0.752608  -1.286587  -1.477248   0.001000
 -0.539430  -0.201947  -0.319083   0.752608  -1.286587  -1.477248   0.001000
 -0.539430  -0.201947  -0.319083   0.752608  -1.286587  -1.477248   0.001000
 -0.539430  -0.201947  -0.319083   0.752608  -1.286587  -1.477248   0.001000
 -0.539430  -0.201947  -0.319083   0.752608  -1.286587  -1.477248   0.001000
 -0.539430  -0.201947  -0.319083   0.752608  -1.286587  -1.477248   0.001000
 -0.539430  -0.201947  -0.319083   0.752608  -1.286587  -1.477248   0.001000
 -0.539430  -0.201947  -0.319083   0.752608  -1.286587  -1.477248   0.001000
 -0.539430  -0.201947  -0.319083   0.752608  -1.286587  -1.477248   0.001000
 -0.539430  -0.201947  -0.319083   0.752608  -1.286587  -1.477248   0.001000
 -0.539430  -0.201947  -0.319083   0.752608  -1.286587  -1.477248   0.001000
 -0.539430  -0.201947  -0.319083   0.752608  -1.286587  -1.477248   0.001000
 -0.539430  -0.201947  -0.319083   0.752608  -1.286587  -1.477248   0.001000
 -0.539430  -0.201947  -0.319083   0.752608  -1.286587  -1.477248   0.001000
 -0.539430  -0.201947  -0.319083   0.752608  -1.286587  -1.477248   0.001000
 -0.539430  -0.201947  -0.319083   0.752608  -1.286587  -1.477248   0.001000
 -0.539430  -0.201947  -0.319083   0.752608  -1.286587  -1.477248   0.001000
 -0.539430  -0.201947  -0.319083   0.752608  -1.286587  -1.477248   0.001000
 -0.539430  -0.201947  -0.319083   0.752608  -1.286587  -1.477248   0.001000
 -0.539430  -0.201947  -0.319083   0.752608  -1.286587  -1.477248   0.001000
 -0.539430  -0.201947  -0.319083   0.752608  -1.286587  -1.477248   0.001000
 -0.539430  -0.201947  -0.319083   0.752608  -1.286587  -1.477248   0.001000
 -0.539430  -0.201947  -0.319083   0.752608  -1.286587  -1.477248   0.001000
 -0.539430  -0.201947  -0.319083   0.752608  -1.286587  -1.477248   0.001000
 -0.539430  -0.201947  -0.319083   0.752608  -1.286587  -1.477248   0.001000
 -0.539430  -0.201947  -0.319083   0.752608  -1.286587  -1.477248   0.001000
 -0.539430  -0.201947  -0.319083   0.752608  -1.286587  -1.477248   0.001000
 -0.539430  -0.201947  -0.319083   0.752608  -1.286587  -1.477248   0.001000
 -0.539430  -0.201947  -0.319083   0.752608  -1.286587  -1.477248   0.001000
 -0.539430  -0.201947  -0.319083   0.752608  -1.286587  -1.477248   0.001000
 -0.539430  -0.201947  -0.319083   0.752608  -1.286587  -1.477248   0.001000
 -0.539430  -0.201947  -0.319083   0.752608  -1.286587  -1.477248   0.001000
 -0.539430  -0.201947  -0.319083   0.752608  -1.286587  -1.477248   0.001000
 -0.539430  -0.201947  -0.319083   0.752608  -1.286587  -1.477248   0.001000
 -0.539430  -0.201947  -0.319083   0.752608  -1.286587  -1.477248   0.001000
 -0.539430  -0.201947  -0.319083   0.752608  -1.286587  -1.477248   0.001000
 -0.539430  -0.201947  -0.319083   0.752608  -1.286587  -1.477248   0.001000
 -0.539430  -0.201947  -0.319083   0.752608  -1.286587  -1.477248   0.001000
 -0.539430  -0.201947  -0.319083   0.752608  -1.286587  -1.477248   0.001000
 -0.539430  -0.201947  -0.319083   0.752608  -1.286587  -1.477248   0.001000
 -0.539430  -0.201947  -0.319083   0.752608  -1.286587  -1.477248   0.001000
 -0.539430  -0.201947  -0.319083   0.752608  -1.286587  -1.477248   0.001000
 -0.539430  -0.201947  -0.319083   0.752608  -1.286587  -1.477248   0.001000
 -0.539430  -0.201947  -0.319083   0.752608  -1.286587  -1.477248   0.001000
 -0.539430  -0.201947  -0.319083   0.752608  -1.286587  -1.477248   0.001000
 -0.539430  -0.201947  -0.319083   0.752608  -1.286587  -1.477248   0.001000
 -0.539430  -0.201947  -0.319083   0.752608  -1.286587  -1.477248   0.001000
 -0.539430  -0.201947  -0.319083   0.752608  -1.286587  -1.477248   0.001000
 -0.539430  -0.201947  -0.319083   0.752608  -1.286587  -1.477248   0.001000
 -0.539430  -0.201947  -0.319083   0.752608  -1.286587  -1.477248   0.001000
 -0.539430  -0.201947  -0.319083   0.752608  -1.286587  -1.477248   0.001000
 -0.539430  -0.201947  -0.319083   0.752608  -1.286587  -1.477248   0.001000
 -0.539430  -0.201947  -0.319083   0.752608  -1.286587  -1.477248   0.001000
 -0.539430  -0.201947  -0.319083   0.752608  -1.286587  -1.477248   0.001000
 -0.539430  -0.201947  -0.319083   0.752608  -1.286587  -1.477248   0.001000
 -0.539430  -0.201947  -0.319083   0.752608  -1.286587  -1.477248   0.001000
 -0.539430  -0.201947  -0.319083   0.752608  -1.286587  -1.477248   0.001000
 -0.539430  -0.201947  -0.319083   0.752608  -1.286587  -1.477248   0.001000
 -0.539430  -0.201947  -0.319083   0.752608  -1.286587  -1.477248   0.001000
 -0.539430  -0.201947  -0.319083   0.752608  -1.286587  -1.477248   0.001000
 -0.539430  -0.201947  -0.319083   0.752608  -1.286587  -1.477248   0.001000
 -0.539430  -0.201947  -0.319083   0.752608  -1.286587  -1.477248   0.001000
 -0.539430  -0.201947  -0.319083   0.752608  -1.286587  -1.477248   0.001000
 -0.539430  -0.201947  -0.319083   0.752608  -1.286587  -1.477248   0.001000
 -0.539430  -0.201947  -0.319083   0.752608  -1.286587  -1.477248   0.001000
 -0.539430  -0.201947  -0.319083   0.752608  -1.286587  -1.477248   0.001000
 -0.539430  -0.201947  -0.319083   0.752608  -1.286587  -1.477248   0.001000
 -0.539430  -0.201947  -0.319083   0.752608  -1.286587  -1.477248   0.001000
 -0.539430  -0.201947  -0.319083   0.752608  -1.286587  -1.477248   0.001000
 -0.547082  -0.195188  -0.313158   0.751355  -1.386800  -1.376805   0.001000
 -0.547082  -0.195188  -0.313158   0.751355  -1.386800  -1.376805   0.001000
 -0.547082  -0.195188  -0.313158   0.751355  -1.386800  -1.376805   0.001000
 -0.543426  -0.198965  -0.305866   0.756008  -1.391774  -1.353353   0.001000
 -0.539604  -0.209668  -0.311620   0.753498  -1.258946  -1.258068   0.001000
 -0.528032  -0.189663  -0.315429   0.765320  -1.437914  -1.206156   0.001000
 -0.528032  -0.189663  -0.315429   0.765320  -1.437914  -1.206156   0.001000
 -0.528032  -0.189663  -0.315429   0.765320  -1.437914  -1.206156   0.001000
 -0.528032  -0.189663  -0.315429   0.765320  -1.437914  -1.206156   0.001000
 -0.528032  -0.189663  -0.315429   0.765320  -1.437914  -1.206156   0.001000
 -0.534191  -0.196729  -0.318103   0.758121  -1.365156  -1.224350   0.001000
 -0.534191  -0.196729  -0.318103   0.758121  -1.365156  -1.224350   0.001000
 -0.534191  -0.196729  -0.318103   0.758121  -1.365156  -1.224350   0.001000
 -0.534191  -0.196729  -0.318103   0.758121  -1.365156  -1.224350   0.001000
 -0.534191  -0.196729  -0.318103   0.758121  -1.365156  -1.224350   0.001000
 -0.534191  -0.196729  -0.318103   0.758121  -1.365156  -1.224350   0.001000
 -0.534191  -0.196729  -0.318103   0.758121  -1.365156  -1.224350   0.001000
 -0.534191  -0.196729  -0.318103   0.758121  -1.365156  -1.224350   0.001000
 -0.534191  -0.196729  -0.318103   0.758121  -1.365156  -1.224350   0.001000
 -0.534191  -0.196729  -0.318103   0.758121  -1.365156  -1.224350   0.001000
 -0.534191  -0.196729  -0.318103   0.758121  -1.365156  -1.224350   0.001000
 -0.534191  -0.196729  -0.318103   0.758121  -1.365156  -1.224350   0.001000
 -0.534191  -0.196729  -0.318103   0.758121  -1.365156  -1.224350   0.001000
 -0.534191  -0.196729  -0.318103   0.758121  -1.365156  -1.224350   0.001000
 -0.534191  -0.196729  -0.318103   0.758121  -1.365156  -1.224350   0.001000
 -0.534191  -0.196729  -0.318103   0.758121  -1.365156  -1.224350   0.001000
 -0.534191  -0.196729  -0.318103   0.758121  -1.365156  -1.224350   0.001000
 -0.534191  -0.196729  -0.318103   0.758121  -1.365156  -1.224350   0.001000
 -0.534191  -0.196729  -0.318103   0.758121  -1.365156  -1.224350   0.001000
 -0.534191  -0.196729  -0.318103   0.758121  -1.365156  -1.224350   0.001000
 -0.534191  -0.196729  -0.318103   0.758121  -1.365156  -1.224350   0.001000
 -0.534191  -0.196729  -0.318103   0.758121  -1.365156  -1.224350   0.001000
 -0.534191  -0.196729  -0.318103   0.758121  -1.365156  -1.224350   0.001000
 -0.534191  -0.196729  -0.318103   0.758121  -1.365156  -1.224350   0.001000
 -0.534191  -0.196729  -0.318103   0.758121  -1.365156  -1.224350   0.001000
 -0.534191  -0.196729  -0.318103   0.758121  -1.365156  -1.224350   0.001000
 -0.534191  -0.196729  -0.318103   0.758121  -1.365156  -1.224350   0.001000
 -0.534191  -0.196729  -0.318103   0.758121  -1.365156  -1.224350   0.001000
 -0.534191  -0.196729  -0.318103   0.758121  -1.365156  -1.224350   0.001000
 -0.534191  -0.196729  -0.318103   0.758121  -1.365156  -1.224350   0.001000
 -0.534191  -0.196729  -0.318103   0.758121  -1.365156  -1.224350   0.001000
 -0.534191  -0.196729  -0.318103   0.758121  -1.365156  -1.224350   0.001000
 -0.534191  -0.196729  -0.318103   0.758121  -1.365156  -1.224350   0.001000
 -0.534191  -0.196729  -0.318103   0.758121  -1.365156  -1.224350   0.001000
 -0.534191  -0.196729  -0.318103   0.758121  -1.365156  -1.224350   0.001000
 -0.534191  -0.196729  -0.318103   0.758121  -1.365156  -1.224350   0.001000
 -0.534191  -0.196729  -0.318103   0.758121  -1.365156  -1.224350   0.001000
 -0.534191  -0.196729  -0.318103   0.758121  -1.365156  -1.224350   0.001000
 -0.534191  -0.196729  -0.318103   0.758121  -1.365156  -1.224350   0.001000
 -0.534191  -0.196729  -0.318103   0.758121  -1.365156  -1.224350   0.001000
 -0.537893  -0.202500  -0.318889   0.753641  -1.342626  -1.332587   0.001000
 -0.543572  -0.193234  -0.329929   0.747219  -1.475424  -1.155668   0.001000
 -0.543572  -0.193234  -0.329929   0.747219  -1.475424  -1.155668   0.001000
 -0.543572  -0.193234  -0.329929   0.747219  -1.475424  -1.155668   0.001000
 -0.543572  -0.193234  -0.329929   0.747219  -1.475424  -1.155668   0.001000
 -0.675233  -0.164166  -0.296285   0.655229  -1.455874  -1.322489   0.001000
 -0.542221  -0.199367  -0.320004   0.750897  -1.349260  -1.319296   0.001000
 -0.542221  -0.199367  -0.320004   0.750897  -1.349260  -1.319296   0.001000
 -0.542221  -0.199367  -0.320004   0.750897  -1.349260  -1.319296   0.001000
 -0.542221  -0.199367  -0.320004   0.750897  -1.349260  -1.319296   0.001000
 -0.538167  -0.201087  -0.324031   0.751628  -1.334414  -1.284256   0.001000
 -0.538167  -0.201087  -0.324031   0.751628  -1.334414  -1.284256   0.001000
 -0.538167  -0.201087  -0.324031   0.751628  -1.334414  -1.284256   0.001000
 -0.538167  -0.201087  -0.324031   0.751628  -1.334414  -1.284256   0.001000
 -0.538167  -0.201087  -0.324031   0.751628  -1.334414  -1.284256   0.001000
 -0.538167  -0.201087  -0.324031   0.751628  -1.334414  -1.284256   0.001000
 -0.538167  -0.201087  -0.324031   0.751628  -1.334414  -1.284256   0.001000
 -0.538167  -0.201087  -0.324031   0.751628  -1.334414  -1.284256   0.001000
 -0.538167  -0.201087  -0.324031   0.751628  -1.334414  -1.284256   0.001000
 -0.538167  -0.201087  -0.324031   0.751628  -1.334414  -1.284256   0.001000
 -0.538167  -0.201087  -0.324031   0.751628  -1.334414  -1.284256   0.001000
 -0.538167  -0.201087  -0.324031   0.751628  -1.334414  -1.284256   0.001000
 -0.538167  -0.201087  -0.324031   0.751628  -1.334414  -1.284256   0.001000
 -0.538167  -0.201087  -0.324031   0.751628  -1.334414  -1.284256   0.001000
 -0.538167  -0.201087  -0.324031   0.751628  -1.334414  -1.284256   0.001000
 -0.538167  -0.201087  -0.324031   0.751628  -1.334414  -1.284256   0.001000
 -0.538167  -0.201087  -0.324031   0.751628  -1.334414  -1.284256   0.001000
 -0.538167  -0.201087  -0.324031   0.751628  -1.334414  -1.284256   0.001000
 -0.538167  -0.201087  -0.324031   0.751628  -1.334414  -1.284256   0.001000
 -0.538167  -0.201087  -0.324031   0.751628  -1.334414  -1.284256   0.001000
 -0.538167  -0.201087  -0.324031   0.751628  -1.334414  -1.284256   0.001000
 -0.538167  -0.201087  -0.324031   0.751628  -1.334414  -1.284256   0.001000
 -0.538167  -0.201087  -0.324031   0.751628  -1.334414  -1.284256   0.001000
 -0.538167  -0.201087  -0.324031   0.751628  -1.334414  -1.284256   0.001000
 -0.538167  -0.201087  -0.324031   0.751628  -1.334414  -1.284256   0.001000
 -0.538167  -0.201087  -0.324031   0.751628  -1.334414  -1.284256   0.001000
 -0.538167  -0.201087  -0.324031   0.751628  -1.334414  -1.284256   0.001000
 -0.538167  -0.201087  -0.324031   0.751628  -1.334414  -1.284256   0.001000
 -0.538167  -0.201087  -0.324031   0.751628  -1.334414  -1.284256   0.001000
 -0.538167  -0.201087  -0.324031   0.751628  -1.334414  -1.284256   0.001000
 -0.538167  -0.201087  -0.324031   0.751628  -1.334414  -1.284256   0.001000
 -0.538167  -0.201087  -0.324031   0.751628  -1.334414  -1.284256   0.001000
 -0.538167  -0.201087  -0.324031   0.751628  -1.334414  -1.284256   0.001000
 -0.538167  -0.201087  -0.324031   0.751628  -1.334414  -1.284256   0.001000
 -0.538167  -0.201087  -0.324031   0.751628  -1.334414  -1.284256   0.001000
 -0.538167  -0.201087  -0.324031   0.751628  -1.334414  -1.284256   0.001000
 -0.538167  -0.201087  -0.324031   0.751628  -1.334414  -1.284256   0.001000
 -0.544210  -0.191902  -0.318052   0.752231  -1.360918  -1.507841   0.001000
 -0.544210  -0.191902  -0.318052   0.752231  -1.360918  -1.507841   0.001000
 -0.544210  -0.191902  -0.318052   0.752231  -1.360918  -1.507841   0.001000
 -0.544210  -0.191902  -0.318052   0.752231  -1.360918  -1.507841   0.001000
 -0.544210  -0.191902  -0.318052   0.752231  -1.360918  -1.507841   0.001000
 -0.544855  -0.190195  -0.317902   0.752261  -1.317898  -1.320436   0.001000
 -0.544855  -0.190195  -0.317902   0.752261  -1.317898  -1.320436   0.001000
 -0.544855  -0.190195  -0.317902   0.752261  -1.317898  -1.320436   0.001000
 -0.544855  -0.190195  -0.317902   0.752261  -1.317898  -1.320436   0.001000
 -0.544855  -0.190195  -0.317902   0.752261  -1.317898  -1.320436   0.001000
 -0.544855  -0.190195  -0.317902   0.752261  -1.317898  -1.320436   0.001000
 -0.544855  -0.190195  -0.317902   0.752261  -1.317898  -1.320436   0.001000
 -0.544855  -0.190195  -0.317902   0.752261  -1.317898  -1.320436   0.001000
 -0.544855  -0.190195  -0.317902   0.752261  -1.317898  -1.320436   0.001000
 -0.544855  -0.190195  -0.317902   0.752261  -1.317898  -1.320436   0.001000
 -0.535576  -0.203836  -0.315404   0.756392  -1.223537  -1.281604   0.001000
 -0.535576  -0.203836  -0.315404   0.756392  -1.223537  -1.281604   0.001000
 -0.535576  -0.203836  -0.315404   0.756392  -1.223537  -1.281604   0.001000
 -0.535576  -0.203836  -0.315404   0.756392  -1.223537  -1.281604   0.001000
 -0.535576  -0.203836  -0.315404   0.756392  -1.223537  -1.281604   0.001000
 -0.535576  -0.203836  -0.315404   0.756392  -1.223537  -1.281604   0.001000
 -0.535576  -0.203836  -0.315404   0.756392  -1.223537  -1.281604   0.001000
 -0.535576  -0.203836  -0.315404   0.756392  -1.223537  -1.281604   0.001000
 -0.535576  -0.203836  -0.315404   0.756392  -1.223537  -1.281604   0.001000
 -0.535576  -0.203836  -0.315404   0.756392  -1.223537  -1.281604   0.001000
 -0.535576  -0.203836  -0.315404   0.756392  -1.223537  -1.281604   0.001000
 -0.535576  -0.203836  -0.315404   0.756392  -1.223537  -1.281604   0.001000
 -0.535576  -0.203836  -0.315404   0.756392  -1.223537  -1.281604   0.001000
 -0.535576  -0.203836  -0.315404   0.756392  -1.223537  -1.281604   0.001000
 -0.535576  -0.203836  -0.315404   0.756392  -1.223537  -1.281604   0.001000
 -0.535576  -0.203836  -0.315404   0.756392  -1.223537  -1.281604   0.001000
 -0.535576  -0.203836  -0.315404   0.756392  -1.223537  -1.281604   0.001000
 -0.535576  -0.203836  -0.315404   0.756392  -1.223537  -1.281604   0.001000
 -0.535576  -0.203836  -0.315404   0.756392  -1.223537  -1.281604   0.001000
 -0.535576  -0.203836  -0.315404   0.756392  -1.223537  -1.281604   0.001000
 -0.535576  -0.203836  -0.315404   0.756392  -1.223537  -1.281604   0.001000
 -0.535576  -0.203836  -0.315404   0.756392  -1.223537  -1.281604   0.001000
 -0.535576  -0.203836  -0.315404   0.756392  -1.223537  -1.281604   0.001000
 -0.538303  -0.177222  -0.333920   0.753206  -1.439106  -1.330829   0.001000
 -0.522104  -0.198760  -0.322942   0.763944  -1.110444  -1.288221   0.001000
 -0.537258  -0.188876  -0.320792   0.756817  -1.283671  -1.362016   0.001000
 -0.538550  -0.200412  -0.321119   0.752782  -1.261932  -1.145844   0.001000
 -0.538550  -0.200412  -0.321119   0.752782  -1.261932  -1.145844   0.001000
 -0.538550  -0.200412  -0.321119   0.752782  -1.261932  -1.145844   0.001000
 -0.538550  -0.200412  -0.321119   0.752782  -1.261932  -1.145844   0.001000
 -0.538550  -0.200412  -0.321119   0.752782  -1.261932  -1.145844   0.001000
 -0.538550  -0.200412  -0.321119   0.752782  -1.261932  -1.145844   0.001000
 -0.538550  -0.200412  -0.321119   0.752782  -1.261932  -1.145844   0.001000
 -0.538550  -0.200412  -0.321119   0.752782  -1.261932  -1.145844   0.001000
 -0.535450  -0.189396  -0.316817   0.759637  -1.484004  -1.212757   0.001000
 -0.535450  -0.189396  -0.316817   0.759637  -1.484004  -1.212757   0.001000
 -0.535450  -0.189396  -0.316817   0.759637  -1.484004  -1.212757   0.001000
 -0.549881  -0.200098  -0.321413   0.744504  -1.504190  -1.357142   0.001000
 -0.542557  -0.201138  -0.318433   0.750850  -1.525271  -1.259624   0.001000
 -0.542557  -0.201138  -0.318433   0.750850  -1.525271  -1.259624   0.001000
 -0.542557  -0.201138  -0.318433   0.750850  -1.525271  -1.259624   0.001000
 -0.542557  -0.201138  -0.318433   0.750850  -1.525271  -1.259624   0.001000
 -0.542557  -0.201138  -0.318433   0.750850  -1.525271  -1.259624   0.001000
 -0.542557  -0.201138  -0.318433   0.750850  -1.525271  -1.259624   0.001000
 -0.542557  -0.201138  -0.318433   0.750850  -1.525271  -1.259624   0.001000
 -0.542557  -0.201138  -0.318433   0.750850  -1.525271  -1.259624   0.001000
 -0.542557  -0.201138  -0.318433   0.750850  -1.525271  -1.259624   0.001000
 -0.542557  -0.201138  -0.318433   0.750850  -1.525271  -1.259624   0.001000
 -0.542557  -0.201138  -0.318433   0.750850  -1.525271  -1.259624   0.001000
 -0.542557  -0.201138  -0.318433   0.750850  -1.525271  -1.259624   0.001000
 -0.542557  -0.201138  -0.318433   0.750850  -1.525271  -1.259624   0.001000
 -0.542557  -0.201138  -0.318433   0.750850  -1.525271  -1.259624   0.001000
 -0.542557  -0.201138  -0.318433   0.750850  -1.525271  -1.259624   0.001000
 -0.542557  -0.201138  -0.318433   0.750850  -1.525271  -1.259624   0.001000
 -0.542557  -0.201138  -0.318433   0.750850  -1.525271  -1.259624   0.001000
 -0.542557  -0.201138  -0.318433   0.750850  -1.525271  -1.259624   0.001000
 -0.542557  -0.201138  -0.318433   0.750850  -1.525271  -1.259624   0.001000
 -0.542557  -0.201138  -0.318433   0.750850  -1.525271  -1.259624   0.001000
 -0.542557  -0.201138  -0.318433   0.750850  -1.525271  -1.259624   0.001000
 -0.542557  -0.201138  -0.318433   0.750850  -1.525271  -1.259624   0.001000
 -0.542557  -0.201138  -0.318433   0.750850  -1.525271  -1.259624   0.001000
 -0.542557  -0.201138  -0.318433   0.750850  -1.525271  -1.259624   0.001000
 -0.542557  -0.201138  -0.318433   0.750850  -1.525271  -1.259624   0.001000
 -0.542557  -0.201138  -0.318433   0.750850  -1.525271  -1.259624   0.001000
 -0.542557  -0.201138  -0.318433   0.750850  -1.525271  -1.259624   0.001000
 -0.542557  -0.201138  -0.318433   0.750850  -1.525271  -1.259624   0.001000
 -0.542557  -0.201138  -0.318433   0.750850  -1.525271  -1.259624   0.001000
 -0.542557  -0.201138  -0.318433   0.750850  -1.525271  -1.259624   0.001000
 -0.542557  -0.201138  -0.318433   0.750850  -1.525271  -1.259624   0.001000
 -0.542557  -0.201138  -0.318433   0.750850  -1.525271  -1.259624   0.001000
 -0.542557  -0.201138  -0.318433   0.750850  -1.525271  -1.259624   0.001000
 -0.542557  -0.201138  -0.318433   0.750850  -1.525271  -1.259624   0.001000
 -0.542557  -0.201138  -0.318433   0.750850  -1.525271  -1.259624   0.001000
 -0.542557  -0.201138  -0.318433   0.750850  -1.525271  -1.259624   0.001000
 -0.542557  -0.201138  -0.318433   0.750850  -1.525271  -1.259624   0.001000
 -0.542557  -0.201138  -0.318433   0.750850  -1.525271  -1.259624   0.001000
 -0.542557  -0.201138  -0.318433   0.750850  -1.525271  -1.259624   0.001000
 -0.542557  -0.201138  -0.318433   0.750850  -1.525271  -1.259624   0.001000
 -0.542557  -0.201138  -0.318433   0.750850  -1.525271  -1.259624   0.001000
 -0.542557  -0.201138  -0.318433   0.750850  -1.525271  -1.259624   0.001000
 -0.542557  -0.201138  -0.318433   0.750850  -1.525271  -1.259624   0.001000
 -0.542557  -0.201138  -0.318433   0.750850  -1.525271  -1.259624   0.001000
 -0.542557  -0.201138  -0.318433   0.750850  -1.525271  -1.259624   0.001000
 -0.542557  -0.201138  -0.318433   0.750850  -1.525271  -1.259624   0.001000
 -0.542557  -0.201138  -0.318433   0.750850  -1.525271  -1.259624   0.001000
 -0.542557  -0.201138  -0.318433   0.750850  -1.525271  -1.259624   0.001000
 -0.542557  -0.201138  -0.318433   0.750850  -1.525271  -1.259624   0.001000
 -0.542557  -0.201138  -0.318433   0.750850  -1.525271  -1.259624   0.001000
 -0.542557  -0.201138  -0.318433   0.750850  -1.525271  -1.259624   0.001000
 -0.542557  -0.201138  -0.318433   0.750850  -1.525271  -1.259624   0.001000
 -0.542557  -0.201138  -0.318433   0.750850  -1.525271  -1.259624   0.001000
 -0.542557  -0.201138  -0.318433   0.750850  -1.525271  -1.259624   0.001000
 -0.542557  -0.201138  -0.318433   0.750850  -1.525271  -1.259624   0.001000
 -0.542557  -0.201138  -0.318433   0.750850  -1.525271  -1.259624   0.001000
 -0.547769  -0.191770  -0.314988   0.750970  -1.320142  -1.478868   0.001000
 -0.538232  -0.190237  -0.318283   0.756844  -1.691938  -1.108061   0.001000
 -0.538232  -0.190237  -0.318283   0.756844  -1.691938  -1.108061   0.001000
 -0.531574  -0.208883  -0.317538   0.756946  -1.335735  -1.503376   0.001000
 -0.531574  -0.208883  -0.317538   0.756946  -1.335735  -1.503376   0.001000
 -0.547643  -0.187003  -0.336394   0.742938  -1.431876  -1.440213   0.001000
 -0.525039  -0.200032  -0.320538   0.762612  -1.494766  -1.479733   0.001000
 -0.525039  -0.200032  -0.320538   0.762612  -1.494766  -1.479733   0.001000
 -0.549548  -0.191520  -0.322048   0.746728  -1.384738  -1.334589   0.001000
 -0.549548  -0.191520  -0.322048   0.746728  -1.384738  -1.334589   0.001000
 -0.549548  -0.191520  -0.322048   0.746728  -1.384738  -1.334589   0.001000
 -0.549548  -0.191520  -0.322048   0.746728  -1.384738  -1.334589   0.001000
 -0.549548  -0.191520  -0.322048   0.746728  -1.384738  -1.334589   0.001000
 -0.549548  -0.191520  -0.322048   0.746728  -1.384738  -1.334589   0.001000
 -0.549548  -0.191520  -0.322048   0.746728  -1.384738  -1.334589   0.001000
 -0.549548  -0.191520  -0.322048   0.746728  -1.384738  -1.334589   0.001000
 -0.549548  -0.191520  -0.322048   0.746728  -1.384738  -1.334589   0.001000
 -0.557793  -0.202066  -0.308266   0.743645  -1.406288  -1.162140   0.001000
 -0.529668  -0.201406  -0.319504   0.759477  -1.414731  -1.273698   0.001000
 -0.529668  -0.201406  -0.319504   0.759477  -1.414731  -1.273698   0.001000
 -0.529668  -0.201406  -0.319504   0.759477  -1.414731  -1.273698   0.001000
 -0.529668  -0.201406  -0.319504   0.759477  -1.414731  -1.273698   0.001000
 -0.529668  -0.201406  -0.319504   0.759477  -1.414731  -1.273698   0.001000
 -0.529668  -0.201406  -0.319504   0.759477  -1.414731  -1.273698   0.001000
 -0.529668  -0.201406  -0.319504   0.759477  -1.414731  -1.273698   0.001000
 -0.529668  -0.201406  -0.319504   0.759477  -1.414731  -1.273698   0.001000
 -0.529668  -0.201406  -0.319504   0.759477  -1.414731  -1.273698   0.001000
 -0.529668  -0.201406  -0.319504   0.759477  -1.414731  -1.273698   0.001000
 -0.529668  -0.201406  -0.319504   0.759477  -1.414731  -1.273698   0.001000
 -0.529668  -0.201406  -0.319504   0.759477  -1.414731  -1.273698   0.001000
 -0.529668  -0.201406  -0.319504   0.759477  -1.414731  -1.273698   0.001000
 -0.529668  -0.201406  -0.319504   0.759477  -1.414731  -1.273698   0.001000
 -0.529668  -0.201406  -0.319504   0.759477  -1.414731  -1.273698   0.001000
 -0.529668  -0.201406  -0.319504   0.759477  -1.414731  -1.273698   0.001000
 -0.529668  -0.201406  -0.319504   0.759477  -1.414731  -1.273698   0.001000
 -0.529668  -0.201406  -0.319504   0.759477  -1.414731  -1.273698   0.001000
 -0.529668  -0.201406  -0.319504   0.759477  -1.414731  -1.273698   0.001000
 -0.529668  -0.201406  -0.319504   0.759477  -1.414731  -1.273698   0.001000
 -0.529668  -0.201406  -0.319504   0.759477  -1.414731  -1.273698   0.001000
 -0.529668  -0.201406  -0.319504   0.759477  -1.414731  -1.273698   0.001000
 -0.529668  -0.201406  -0.319504   0.759477  -1.414731  -1.273698   0.001000
 -0.529668  -0.201406  -0.319504   0.759477  -1.414731  -1.273698   0.001000
 -0.529668  -0.201406  -0.319504   0.759477  -1.414731  -1.273698   0.001000
 -0.529668  -0.201406  -0.319504   0.759477  -1.414731  -1.273698   0.001000
 -0.529668  -0.201406  -0.319504   0.759477  -1.414731  -1.273698   0.001000
 -0.529668  -0.201406  -0.319504   0.759477  -1.414731  -1.273698   0.001000
 -0.529668  -0.201406  -0.319504   0.759477  -1.414731  -1.273698   0.001000
 -0.529668  -0.201406  -0.319504   0.759477  -1.414731  -1.273698   0.001000
 -0.529668  -0.201406  -0.319504   0.759477  -1.414731  -1.273698   0.001000
 -0.529668  -0.201406  -0.319504   0.759477  -1.414731  -1.273698   0.001000
 -0.529668  -0.201406  -0.319504   0.759477  -1.414731  -1.273698   0.001000
 -0.529668  -0.201406  -0.319504   0.759477  -1.414731  -1.273698   0.001000
 -0.529668  -0.201406  -0.319504   0.759477  -1.414731  -1.273698   0.001000
 -0.529668  -0.201406  -0.319504   0.759477  -1.414731  -1.273698   0.001000
 -0.529668  -0.201406  -0.319504   0.759477  -1.414731  -1.273698   0.001000
 -0.529668  -0.201406  -0.319504   0.759477  -1.414731  -1.273698   0.001000
 -0.529668  -0.201406  -0.319504   0.759477  -1.414731  -1.273698   0.001000
 -0.529668  -0.201406  -0.319504   0.759477  -1.414731  -1.273698   0.001000
 -0.529668  -0.201406  -0.319504   0.759477  -1.414731  -1.273698   0.001000
 -0.529668  -0.201406  -0.319504   0.759477  -1.414731  -1.273698   0.001000
 -0.529668  -0.201406  -0.319504   0.759477  -1.414731  -1.273698   0.001000
 -0.529668  -0.201406  -0.319504   0.759477  -1.414731  -1.273698   0.001000
 -0.529668  -0.201406  -0.319504   0.759477  -1.414731  -1.273698   0.001000
 -0.529668  -0.201406  -0.319504   0.759477  -1.414731  -1.273698   0.001000
 -0.529668  -0.201406  -0.319504   0.759477  -1.414731  -1.273698   0.001000
 -0.529668  -0.201406  -0.319504   0.759477  -1.414731  -1.273698   0.001000
 -0.529668  -0.201406  -0.319504   0.759477  -1.414731  -1.273698   0.001000
 -0.529668  -0.201406  -0.319504   0.759477  -1.414731  -1.273698   0.001000
 -0.529668  -0.201406  -0.319504   0.759477  -1.414731  -1.273698   0.001000
 -0.529668  -0.201406  -0.319504   0.759477  -1.414731  -1.273698   0.001000
 -0.529668  -0.201406  -0.319504   0.759477  -1.414731  -1.273698   0.001000
 -0.529668  -0.201406  -0.319504   0.759477  -1.414731  -1.273698   0.001000
 -0.529668  -0.201406  -0.319504   0.759477  -1.414731  -1.273698   0.001000
 -0.529668  -0.201406  -0.319504   0.759477  -1.414731  -1.273698   0.001000
 -0.529668  -0.201406  -0.319504   0.759477  -1.414731  -1.273698   0.001000
 -0.529668  -0.201406  -0.319504   0.759477  -1.414731  -1.273698   0.001000
 -0.529668  -0.201406  -0.319504   0.759477  -1.414731  -1.273698   0.001000
 -0.529668  -0.201406  -0.319504   0.759477  -1.414731  -1.273698   0.001000
 -0.529668  -0.201406  -0.319504   0.759477  -1.414731  -1.273698   0.001000
 -0.529668  -0.201406  -0.319504   0.759477  -1.414731  -1.273698   0.001000
 -0.529668  -0.201406  -0.319504   0.759477  -1.414731  -1.273698   0.001000
 -0.529668  -0.201406  -0.319504   0.759477  -1.414731  -1.273698   0.001000
 -0.529668  -0.201406  -0.319504   0.759477  -1.414731  -1.273698   0.001000
 -0.529668  -0.201406  -0.319504   0.759477  -1.414731  -1.273698   0.001000
 -0.529668  -0.201406  -0.319504   0.759477  -1.414731  -1.273698   0.001000
 -0.529668  -0.201406  -0.319504   0.759477  -1.414731  -1.273698   0.001000
 -0.529668  -0.201406  -0.319504   0.759477  -1.414731  -1.273698   0.001000
 -0.529668  -0.201406  -0.319504   0.759477  -1.414731  -1.273698   0.001000
 -0.537426  -0.192352  -0.321023   0.755723  -1.252479  -1.489549   0.001000
 -0.537426  -0.192352  -0.321023   0.755723  -1.252479  -1.489549   0.001000
 -0.538555  -0.220559  -0.320902   0.747218  -1.230666  -1.570917   0.001000
 -0.553752  -0.198727  -0.325640   0.740152  -1.235352  -1.635527   0.001000
 -0.537851  -0.203123  -0.318682   0.753591  -1.234270  -1.501508   0.001000
 -0.537851  -0.203123  -0.318682   0.753591  -1.234270  -1.501508   0.001000
 -0.537851  -0.203123  -0.318682   0.753591  -1.234270  -1.501508   0.001000
 -0.537851  -0.203123  -0.318682   0.753591  -1.234270  -1.501508   0.001000
 -0.537851  -0.203123  -0.318682   0.753591  -1.234270  -1.501508   0.001000
 -0.537851  -0.203123  -0.318682   0.753591  -1.234270  -1.501508   0.001000
 -0.537851  -0.203123  -0.318682   0.753591  -1.234270  -1.501508   0.001000
 -0.537851  -0.203123  -0.318682   0.753591  -1.234270  -1.501508   0.001000
 -0.537851  -0.203123  -0.318682   0.753591  -1.234270  -1.501508   0.001000
 -0.537851  -0.203123  -0.318682   0.753591  -1.234270  -1.501508   0.001000
 -0.537851  -0.203123  -0.318682   0.753591  -1.234270  -1.501508   0.001000
 -0.547442  -0.215862  -0.316569   0.743972  -1.301097  -1.426246   0.001000
 -0.530669  -0.206764  -0.330412   0.752640  -1.296604  -1.180519   0.001000
 -0.530669  -0.206764  -0.330412   0.752640  -1.296604  -1.180519   0.001000
 -0.532356  -0.198459  -0.329478   0.754092  -1.173428  -1.205098   0.001000
 -0.532356  -0.198459  -0.329478   0.754092  -1.173428  -1.205098   0.001000
 -0.532356  -0.198459  -0.329478   0.754092  -1.173428  -1.205098   0.001000
 -0.532356  -0.198459  -0.329478   0.754092  -1.173428  -1.205098   0.001000
 -0.532356  -0.198459  -0.329478   0.754092  -1.173428  -1.205098   0.001000
 -0.532356  -0.198459  -0.329478   0.754092  -1.173428  -1.205098   0.001000
 -0.532356  -0.198459  -0.329478   0.754092  -1.173428  -1.205098   0.001000
 -0.532356  -0.198459  -0.329478   0.754092  -1.173428  -1.205098   0.001000
 -0.532356  -0.198459  -0.329478   0.754092  -1.173428  -1.205098   0.001000
 -0.532356  -0.198459  -0.329478   0.754092  -1.173428  -1.205098   0.001000
 -0.532356  -0.198459  -0.329478   0.754092  -1.173428  -1.205098   0.001000
 -0.532356  -0.198459  -0.329478   0.754092  -1.173428  -1.205098   0.001000
 -0.532356  -0.198459  -0.329478   0.754092  -1.173428  -1.205098   0.001000
 -0.532356  -0.198459  -0.329478   0.754092  -1.173428  -1.205098   0.001000
 -0.532356  -0.198459  -0.329478   0.754092  -1.173428  -1.205098   0.001000
 -0.532356  -0.198459  -0.329478   0.754092  -1.173428  -1.205098   0.001000
 -0.532356  -0.198459  -0.329478   0.754092  -1.173428  -1.205098   0.001000
 -0.532356  -0.198459  -0.329478   0.754092  -1.173428  -1.205098   0.001000
 -0.537515  -0.204499  -0.327689   0.749585  -1.170467  -1.185028   0.001000
 -0.537515  -0.204499  -0.327689   0.749585  -1.170467  -1.185028   0.001000
 -0.537515  -0.204499  -0.327689   0.749585  -1.170467  -1.185028   0.001000
 -0.537515  -0.204499  -0.327689   0.749585  -1.170467  -1.185028   0.001000
 -0.537515  -0.204499  -0.327689   0.749585  -1.170467  -1.185028   0.001000
 -0.542461  -0.199775  -0.321149   0.750126  -1.441620  -1.164272   0.001000
 -0.542461  -0.199775  -0.321149   0.750126  -1.441620  -1.164272   0.001000
 -0.542461  -0.199775  -0.321149   0.750126  -1.441620  -1.164272   0.001000
 -0.542461  -0.199775  -0.321149   0.750126  -1.441620  -1.164272   0.001000
 -0.542461  -0.199775  -0.321149   0.750126  -1.441620  -1.164272   0.001000
 -0.542461  -0.199775  -0.321149   0.750126  -1.441620  -1.164272   0.001000
 -0.537335  -0.191816  -0.315128   0.758401  -1.422299  -1.395490   0.001000
 -0.537335  -0.191816  -0.315128   0.758401  -1.422299  -1.395490   0.001000
 -0.537335  -0.191816  -0.315128   0.758401  -1.422299  -1.395490   0.001000
 -0.537335  -0.191816  -0.315128   0.758401  -1.422299  -1.395490   0.001000
 -0.537335  -0.191816  -0.315128   0.758401  -1.422299  -1.395490   0.001000
 -0.537335  -0.191816  -0.315128   0.758401  -1.422299  -1.395490   0.001000
 -0.537335  -0.191816  -0.315128   0.758401  -1.422299  -1.395490   0.001000
 -0.537335  -0.191816  -0.315128   0.758401  -1.422299  -1.395490   0.001000
 -0.537335  -0.191816  -0.315128   0.758401  -1.422299  -1.395490   0.001000
 -0.537335  -0.191816  -0.315128   0.758401  -1.422299  -1.395490   0.001000
 -0.537335  -0.191816  -0.315128   0.758401  -1.422299  -1.395490   0.001000
 -0.535672  -0.196420  -0.312072   0.759662  -1.373471  -1.391752   0.001000
 -0.535672  -0.196420  -0.312072   0.759662  -1.373471  -1.391752   0.001000
 -0.535672  -0.196420  -0.312072   0.759662  -1.373471  -1.391752   0.001000
 -0.535964  -0.204280  -0.332776   0.748513  -1.496096  -1.300754   0.001000
 -0.535964  -0.204280  -0.332776   0.748513  -1.496096  -1.300754   0.001000
 -0.535964  -0.204280  -0.332776   0.748513  -1.496096  -1.300754   0.001000
 -0.535964  -0.204280  -0.332776   0.748513  -1.496096  -1.300754   0.001000
 -0.535964  -0.204280  -0.332776   0.748513  -1.496096  -1.300754   0.001000
 -0.539995  -0.193806  -0.309989   0.758123  -1.453646  -1.397329   0.001000
 -0.537319  -0.209083  -0.318823   0.752280  -1.439955  -1.402559   0.001000
 -0.547987  -0.199685  -0.335043   0.739988  -1.484610  -1.512069   0.001000
 -0.547987  -0.199685  -0.335043   0.739988  -1.484610  -1.512069   0.001000
 -0.547987  -0.199685  -0.335043   0.739988  -1.484610  -1.512069   0.001000
 -0.529127  -0.185883  -0.316776   0.764935  -1.612502  -1.200161   0.001000
 -0.529127  -0.185883  -0.316776   0.764935  -1.612502  -1.200161   0.001000
 -0.543948  -0.201935  -0.314615   0.751239  -1.560081  -1.179753   0.001000
 -0.543948  -0.201935  -0.314615   0.751239  -1.560081  -1.179753   0.001000
 -0.543948  -0.201935  -0.314615   0.751239  -1.560081  -1.179753   0.001000
 -0.543948  -0.201935  -0.314615   0.751239  -1.560081  -1.179753   0.001000
 -0.543948  -0.201935  -0.314615   0.751239  -1.560081  -1.179753   0.001000
 -0.543948  -0.201935  -0.314615   0.751239  -1.560081  -1.179753   0.001000
 -0.543948  -0.201935  -0.314615   0.751239  -1.560081  -1.179753   0.001000
 -0.543948  -0.201935  -0.314615   0.751239  -1.560081  -1.179753   0.001000
 -0.543948  -0.201935  -0.314615   0.751239  -1.560081  -1.179753   0.001000
 -0.543948  -0.201935  -0.314615   0.751239  -1.560081  -1.179753   0.001000
 -0.533820  -0.194316  -0.315724   0.759997  -1.761494  -1.317290   0.001000
 -0.533820  -0.194316  -0.315724   0.759997  -1.761494  -1.317290   0.001000
 -0.533820  -0.194316  -0.315724   0.759997  -1.761494  -1.317290   0.001000
 -0.533820  -0.194316  -0.315724   0.759997  -1.761494  -1.317290   0.001000
 -0.541260  -0.201651  -0.313667   0.753650  -1.689942  -1.047717   0.001000
 -0.541260  -0.201651  -0.313667   0.753650  -1.689942  -1.047717   0.001000
 -0.541260  -0.201651  -0.313667   0.753650  -1.689942  -1.047717   0.001000
 -0.534127  -0.190172  -0.314379   0.761386  -1.579761  -1.147860   0.001000
 -0.534127  -0.190172  -0.314379   0.761386  -1.579761  -1.147860   0.001000
 -0.539672  -0.187534  -0.317964   0.756627  -1.587378  -1.186861   0.001000
 -0.539672  -0.187534  -0.317964   0.756627  -1.587378  -1.186861   0.001000
 -0.539672  -0.187534  -0.317964   0.756627  -1.587378  -1.186861   0.001000
 -0.539672  -0.187534  -0.317964   0.756627  -1.587378  -1.186861   0.001000
 -0.539672  -0.187534  -0.317964   0.756627  -1.587378  -1.186861   0.001000
 -0.539672  -0.187534  -0.317964   0.756627  -1.587378  -1.186861   0.001000
 -0.550733  -0.191747  -0.284714   0.760831  -1.694857  -1.139587   0.001000
 -0.535638  -0.202660  -0.306745   0.760216  -1.583493  -1.091736   0.001000
 -0.536289  -0.203719  -0.321309   0.753428  -1.452303  -1.400877   0.001000
 -0.536289  -0.203719  -0.321309   0.753428  -1.452303  -1.400877   0.001000
 -0.536289  -0.203719  -0.321309   0.753428  -1.452303  -1.400877   0.001000
 -0.536289  -0.203719  -0.321309   0.753428  -1.452303  -1.400877   0.001000
 -0.536289  -0.203719  -0.321309   0.753428  -1.452303  -1.400877   0.001000
 -0.536289  -0.203719  -0.321309   0.753428  -1.452303  -1.400877   0.001000
 -0.536289  -0.203719  -0.321309   0.753428  -1.452303  -1.400877   0.001000
 -0.536289  -0.203719  -0.321309   0.753428  -1.452303  -1.400877   0.001000
 -0.536289  -0.203719  -0.321309   0.753428  -1.452303  -1.400877   0.001000
 -0.544437  -0.206130  -0.326003   0.744863  -1.463431  -1.292229   0.001000
 -0.544437  -0.206130  -0.326003   0.744863  -1.463431  -1.292229   0.001000
 -0.537703  -0.203815  -0.323192   0.751587  -1.431197  -1.263212   0.001000
 -0.537703  -0.203815  -0.323192   0.751587  -1.431197  -1.263212   0.001000
 -0.537703  -0.203815  -0.323192   0.751587  -1.431197  -1.263212   0.001000
 -0.537703  -0.203815  -0.323192   0.751587  -1.431197  -1.263212   0.001000
 -0.537703  -0.203815  -0.323192   0.751587  -1.431197  -1.263212   0.001000
 -0.537703  -0.203815  -0.323192   0.751587  -1.431197  -1.263212   0.001000
 -0.537703  -0.203815  -0.323192   0.751587  -1.431197  -1.263212   0.001000
 -0.540604  -0.197463  -0.322406   0.751538  -1.405590  -1.412074   0.001000
 -0.538155  -0.198249  -0.309409   0.758520  -1.517639  -1.504808   0.001000
 -0.537949  -0.202528  -0.320250   0.753016  -1.329292  -1.210722   0.001000
 -0.548636  -0.196171  -0.320225   0.746975  -1.471443  -1.527331   0.001000
 -0.548636  -0.196171  -0.320225   0.746975  -1.471443  -1.527331   0.001000
 -0.548636  -0.196171  -0.320225   0.746975  -1.471443  -1.527331   0.001000
 -0.548636  -0.196171  -0.320225   0.746975  -1.471443  -1.527331   0.001000
 -0.548636  -0.196171  -0.320225   0.746975  -1.471443  -1.527331   0.001000
 -0.548636  -0.196171  -0.320225   0.746975  -1.471443  -1.527331   0.001000
 -0.548636  -0.196171  -0.320225   0.746975  -1.471443  -1.527331   0.001000
 -0.548636  -0.196171  -0.320225   0.746975  -1.471443  -1.527331   0.001000
 -0.548636  -0.196171  -0.320225   0.746975  -1.471443  -1.527331   0.001000
 -0.548636  -0.196171  -0.320225   0.746975  -1.471443  -1.527331   0.001000
 -0.548636  -0.196171  -0.320225   0.746975  -1.471443  -1.527331   0.001000
 -0.548636  -0.196171  -0.320225   0.746975  -1.471443  -1.527331   0.001000
 -0.548636  -0.196171  -0.320225   0.746975  -1.471443  -1.527331   0.001000
 -0.548636  -0.196171  -0.320225   0.746975  -1.471443  -1.527331   0.001000
 -0.548636  -0.196171  -0.320225   0.746975  -1.471443  -1.527331   0.001000
 -0.541675  -0.199541  -0.343614   0.740744  -1.542394  -1.586729   0.001000
 -0.540437  -0.201364  -0.329124   0.747702  -1.328703  -1.247281   0.001000
 -0.538391  -0.201045  -0.304896   0.759444  -1.530911  -1.079611   0.001000
 -0.532853  -0.202831  -0.320399   0.756486  -1.539296  -1.007431   0.001000
 -0.538539  -0.192015  -0.323063   0.754146  -1.532140  -0.937255   0.001000
 -0.538539  -0.192015  -0.323063   0.754146  -1.532140  -0.937255   0.001000
 -0.538539  -0.192015  -0.323063   0.754146  -1.532140  -0.937255   0.001000
 -0.538539  -0.192015  -0.323063   0.754146  -1.532140  -0.937255   0.001000
 -0.532538  -0.204861  -0.310823   0.760148  -1.560991  -1.191559   0.001000
 -0.532538  -0.204861  -0.310823   0.760148  -1.560991  -1.191559   0.001000
 -0.532538  -0.204861  -0.310823   0.760148  -1.560991  -1.191559   0.001000
 -0.532538  -0.204861  -0.310823   0.760148  -1.560991  -1.191559   0.001000
 -0.534978  -0.198318  -0.317733   0.757307  -1.525210  -1.060958   0.001000
 -0.534978  -0.198318  -0.317733   0.757307  -1.525210  -1.060958   0.001000
 -0.534978  -0.198318  -0.317733   0.757307  -1.525210  -1.060958   0.001000
 -0.537348  -0.213421  -0.320407   0.750365  -1.548352  -0.970066   0.001000
 -0.537348  -0.213421  -0.320407   0.750365  -1.548352  -0.970066   0.001000
 -0.532321  -0.213283  -0.318968   0.754588  -1.524563  -0.998317   0.001000
 -0.533298  -0.203667  -0.320106   0.756072  -1.587135  -1.115179   0.001000
 -0.533298  -0.203667  -0.320106   0.756072  -1.587135  -1.115179   0.001000
 -0.533298  -0.203667  -0.320106   0.756072  -1.587135  -1.115179   0.001000
 -0.533298  -0.203667  -0.320106   0.756072  -1.587135  -1.115179   0.001000
 -0.533298  -0.203667  -0.320106   0.756072  -1.587135  -1.115179   0.001000
 -0.533298  -0.203667  -0.320106   0.756072  -1.587135  -1.115179   0.001000
 -0.533298  -0.203667  -0.320106   0.756072  -1.587135  -1.115179   0.001000
 -0.533298  -0.203667  -0.320106   0.756072  -1.587135  -1.115179   0.001000
 -0.533298  -0.203667  -0.320106   0.756072  -1.587135  -1.115179   0.001000
 -0.533298  -0.203667  -0.320106   0.756072  -1.587135  -1.115179   0.001000
 -0.533298  -0.203667  -0.320106   0.756072  -1.587135  -1.115179   0.001000
 -0.533298  -0.203667  -0.320106   0.756072  -1.587135  -1.115179   0.001000
 -0.533298  -0.203667  -0.320106   0.756072  -1.587135  -1.115179   0.001000
 -0.533298  -0.203667  -0.320106   0.756072  -1.587135  -1.115179   0.001000
 -0.533298  -0.203667  -0.320106   0.756072  -1.587135  -1.115179   0.001000
 -0.533298  -0.203667  -0.320106   0.756072  -1.587135  -1.115179   0.001000
 -0.533298  -0.203667  -0.320106   0.756072  -1.587135  -1.115179   0.001000
 -0.539435  -0.200820  -0.317161   0.753718  -1.535550  -0.970328   0.001000
 -0.539435  -0.200820  -0.317161   0.753718  -1.535550  -0.970328   0.001000
 -0.539435  -0.200820  -0.317161   0.753718  -1.535550  -0.970328   0.001000
 -0.539435  -0.200820  -0.317161   0.753718  -1.535550  -0.970328   0.001000
 -0.539435  -0.200820  -0.317161   0.753718  -1.535550  -0.970328   0.001000
 -0.539435  -0.200820  -0.317161   0.753718  -1.535550  -0.970328   0.001000
 -0.539435  -0.200820  -0.317161   0.753718  -1.535550  -0.970328   0.001000
 -0.539435  -0.200820  -0.317161   0.753718  -1.535550  -0.970328   0.001000
 -0.535388  -0.195181  -0.323675   0.755314  -1.612599  -1.013959   0.001000
 -0.535388  -0.195181  -0.323675   0.755314  -1.612599  -1.013959   0.001000
 -0.530365  -0.204425  -0.314787   0.760153  -1.538440  -1.093013   0.001000
 -0.530365  -0.204425  -0.314787   0.760153  -1.538440  -1.093013   0.001000
 -0.530365  -0.204425  -0.314787   0.760153  -1.538440  -1.093013   0.001000
 -0.530365  -0.204425  -0.314787   0.760153  -1.538440  -1.093013   0.001000
 -0.530365  -0.204425  -0.314787   0.760153  -1.538440  -1.093013   0.001000
 -0.530365  -0.204425  -0.314787   0.760153  -1.538440  -1.093013   0.001000
 -0.530365  -0.204425  -0.314787   0.760153  -1.538440  -1.093013   0.001000
 -0.530365  -0.204425  -0.314787   0.760153  -1.538440  -1.093013   0.001000
 -0.530365  -0.204425  -0.314787   0.760153  -1.538440  -1.093013   0.001000
 -0.530365  -0.204425  -0.314787   0.760153  -1.538440  -1.093013   0.001000
 -0.542033  -0.202345  -0.324830   0.748159  -1.458079  -1.542220   0.001000
 -0.539409  -0.184911  -0.346805   0.744696  -1.441751  -1.368501   0.001000
 -0.534298  -0.196728  -0.327685   0.753954  -1.576147  -1.358627   0.001000
 -0.534298  -0.196728  -0.327685   0.753954  -1.576147  -1.358627   0.001000
 -0.534298  -0.196728  -0.327685   0.753954  -1.576147  -1.358627   0.001000
 -0.545276  -0.199564  -0.315228   0.750653  -1.476889  -1.660920   0.001000
 -0.545276  -0.199564  -0.315228   0.750653  -1.476889  -1.660920   0.001000
 -0.545276  -0.199564  -0.315228   0.750653  -1.476889  -1.660920   0.001000
 -0.545276  -0.199564  -0.315228   0.750653  -1.476889  -1.660920   0.001000
 -0.545276  -0.199564  -0.315228   0.750653  -1.476889  -1.660920   0.001000
 -0.545276  -0.199564  -0.315228   0.750653  -1.476889  -1.660920   0.001000
 -0.544238  -0.185932  -0.302546   0.760066  -1.405079  -1.405110   0.001000
 -0.533581  -0.201588  -0.328820   0.752682  -1.363866  -1.402188   0.001000
 -0.531662  -0.200018  -0.323273   0.756851  -1.506944  -1.418398   0.001000
 -0.531662  -0.200018  -0.323273   0.756851  -1.506944  -1.418398   0.001000
 -0.531662  -0.200018  -0.323273   0.756851  -1.506944  -1.418398   0.001000
 -0.535214  -0.205677  -0.324156   0.752440  -1.412453  -1.192614   0.001000
 -0.535214  -0.205677  -0.324156   0.752440  -1.412453  -1.192614   0.001000
 -0.535214  -0.205677  -0.324156   0.752440  -1.412453  -1.192614   0.001000
 -0.535214  -0.205677  -0.324156   0.752440  -1.412453  -1.192614   0.001000
 -0.535214  -0.205677  -0.324156   0.752440  -1.412453  -1.192614   0.001000
 -0.535214  -0.205677  -0.324156   0.752440  -1.412453  -1.192614   0.001000
 -0.541856  -0.192862  -0.314762   0.755064  -1.417763  -1.456211   0.001000
 -0.541856  -0.192862  -0.314762   0.755064  -1.417763  -1.456211   0.001000
 -0.541856  -0.192862  -0.314762   0.755064  -1.417763  -1.456211   0.001000
 -0.541856  -0.192862  -0.314762   0.755064  -1.417763  -1.456211   0.001000
 -0.541856  -0.192862  -0.314762   0.755064  -1.417763  -1.456211   0.001000
 -0.541856  -0.192862  -0.314762   0.755064  -1.417763  -1.456211   0.001000
 -0.541856  -0.192862  -0.314762   0.755064  -1.417763  -1.456211   0.001000
 -0.507540  -0.197781  -0.330268   0.770850  -1.317522  -1.383804   0.001000
 -0.527871  -0.207640  -0.321704   0.758119  -1.476349  -1.377788   0.001000
 -0.527871  -0.207640  -0.321704   0.758119  -1.476349  -1.377788   0.001000
 -0.527871  -0.207640  -0.321704   0.758119  -1.476349  -1.377788   0.001000
 -0.525341  -0.214732  -0.311755   0.762047  -1.383779  -1.324130   0.001000
 -0.533155  -0.206168  -0.302672   0.762647  -1.475708  -1.445144   0.001000
 -0.542234  -0.198509  -0.307183   0.756449  -1.397842  -1.414434   0.001000
 -0.546297  -0.203658  -0.303861   0.753493  -1.460938  -1.522094   0.001000
 -0.546297  -0.203658  -0.303861   0.753493  -1.460938  -1.522094   0.001000
 -0.546297  -0.203658  -0.303861   0.753493  -1.460938  -1.522094   0.001000
 -0.546297  -0.203658  -0.303861   0.753493  -1.460938  -1.522094   0.001000
 -0.546297  -0.203658  -0.303861   0.753493  -1.460938  -1.522094   0.001000
 -0.546297  -0.203658  -0.303861   0.753493  -1.460938  -1.522094   0.001000
 -0.546297  -0.203658  -0.303861   0.753493  -1.460938  -1.522094   0.001000
 -0.538930  -0.197380  -0.296183   0.763460  -1.399292  -1.555664   0.001000
 -0.529321  -0.211059  -0.319347   0.757160  -1.585884  -1.259960   0.001000
 -0.541741  -0.197710  -0.305377   0.757741  -1.562328  -1.675332   0.001000
 -0.528951  -0.198087  -0.328380   0.757059  -1.653919  -1.599920   0.001000
 -0.533714  -0.198210  -0.316604   0.758699  -1.625025  -1.349526   0.001000
 -0.533714  -0.198210  -0.316604   0.758699  -1.625025  -1.349526   0.001000
 -0.533714  -0.198210  -0.316604   0.758699  -1.625025  -1.349526   0.001000
 -0.533714  -0.198210  -0.316604   0.758699  -1.625025  -1.349526   0.001000
 -0.533028  -0.204036  -0.317378   0.757313  -1.287189  -0.999407   0.001000
 -0.533028  -0.204036  -0.317378   0.757313  -1.287189  -0.999407   0.001000
 -0.538660  -0.203257  -0.318318   0.753131  -1.455264  -1.045995   0.001000
 -0.538660  -0.203257  -0.318318   0.753131  -1.455264  -1.045995   0.001000
 -0.533677  -0.195034  -0.324042   0.756404  -1.566194  -1.077119   0.001000
 -0.527673  -0.199332  -0.318754   0.761724  -1.463471  -1.187002   0.001000
 -0.530812  -0.201248  -0.332688   0.753032  -1.384084  -1.062699   0.001000
 -0.530812  -0.201248  -0.332688   0.753032  -1.384084  -1.062699   0.001000
 -0.530812  -0.201248  -0.332688   0.753032  -1.384084  -1.062699   0.001000
 -0.530812  -0.201248  -0.332688   0.753032  -1.384084  -1.062699   0.001000
 -0.530812  -0.201248  -0.332688   0.753032  -1.384084  -1.062699   0.001000
 -0.530812  -0.201248  -0.332688   0.753032  -1.384084  -1.062699   0.001000
 -0.527140  -0.193791  -0.328599   0.759336  -1.415411  -1.154276   0.001000
 -0.527140  -0.193791  -0.328599   0.759336  -1.415411  -1.154276   0.001000
 -0.553367  -0.186203  -0.317475   0.747210  -1.381681  -1.095181   0.001000
 -0.526131  -0.204885  -0.313562   0.763470  -1.257060  -1.129901   0.001000
 -0.556589  -0.191530  -0.322782   0.741173  -1.261447  -1.183168   0.001000
 -0.556589  -0.191530  -0.322782   0.741173  -1.261447  -1.183168   0.001000
 -0.531376  -0.187554  -0.310981   0.765346  -1.167596  -1.226403   0.001000
 -0.530253  -0.210780  -0.331788   0.751212  -1.335603  -1.105217   0.001000
 -0.530253  -0.210780  -0.331788   0.751212  -1.335603  -1.105217   0.001000
 -0.530253  -0.210780  -0.331788   0.751212  -1.335603  -1.105217   0.001000
 -0.530253  -0.210780  -0.331788   0.751212  -1.335603  -1.105217   0.001000
 -0.526136  -0.191421  -0.309863   0.768456  -1.169544  -1.081502   0.001000
 -0.538352  -0.194852  -0.328649   0.751132  -1.277508  -1.007331   0.001000
 -0.538352  -0.194852  -0.328649   0.751132  -1.277508  -1.007331   0.001000
 -0.538352  -0.194852  -0.328649   0.751132  -1.277508  -1.007331   0.001000
 -0.538352  -0.194852  -0.328649   0.751132  -1.277508  -1.007331   0.001000
 -0.537579  -0.215098  -0.313433   0.752663  -1.335669  -1.288404   0.001000
 -0.537579  -0.215098  -0.313433   0.752663  -1.335669  -1.288404   0.001000
 -0.527925  -0.200824  -0.319670   0.760773  -1.471263  -1.177805   0.001000
 -0.551469  -0.192660  -0.321352   0.745316  -1.515993  -1.101186   0.001000
 -0.551469  -0.192660  -0.321352   0.745316  -1.515993  -1.101186   0.001000
 -0.551469  -0.192660  -0.321352   0.745316  -1.515993  -1.101186   0.001000
 -0.551469  -0.192660  -0.321352   0.745316  -1.515993  -1.101186   0.001000
 -0.551469  -0.192660  -0.321352   0.745316  -1.515993  -1.101186   0.001000
 -0.551469  -0.192660  -0.321352   0.745316  -1.515993  -1.101186   0.001000
 -0.551469  -0.192660  -0.321352   0.745316  -1.515993  -1.101186   0.001000
 -0.551469  -0.192660  -0.321352   0.745316  -1.515993  -1.101186   0.001000
 -0.551469  -0.192660  -0.321352   0.745316  -1.515993  -1.101186   0.001000
 -0.551469  -0.192660  -0.321352   0.745316  -1.515993  -1.101186   0.001000
 -0.551469  -0.192660  -0.321352   0.745316  -1.515993  -1.101186   0.001000
 -0.551469  -0.192660  -0.321352   0.745316  -1.515993  -1.101186   0.001000
 -0.536358  -0.202496  -0.318056   0.755086  -1.588390  -1.211052   0.001000
 -0.536358  -0.202496  -0.318056   0.755086  -1.588390  -1.211052   0.001000
 -0.536358  -0.202496  -0.318056   0.755086  -1.588390  -1.211052   0.001000
 -0.536358  -0.202496  -0.318056   0.755086  -1.588390  -1.211052   0.001000
 -0.536358  -0.202496  -0.318056   0.755086  -1.588390  -1.211052   0.001000
 -0.536358  -0.202496  -0.318056   0.755086  -1.588390  -1.211052   0.001000
 -0.536358  -0.202496  -0.318056   0.755086  -1.588390  -1.211052   0.001000
 -0.536358  -0.202496  -0.318056   0.755086  -1.588390  -1.211052   0.001000
 -0.536358  -0.202496  -0.318056   0.755086  -1.588390  -1.211052   0.001000
 -0.536358  -0.202496  -0.318056   0.755086  -1.588390  -1.211052   0.001000
 -0.536358  -0.202496  -0.318056   0.755086  -1.588390  -1.211052   0.001000
 -0.536358  -0.202496  -0.318056   0.755086  -1.588390  -1.211052   0.001000
 -0.536358  -0.202496  -0.318056   0.755086  -1.588390  -1.211052   0.001000
 -0.536358  -0.202496  -0.318056   0.755086  -1.588390  -1.211052   0.001000
 -0.536358  -0.202496  -0.318056   0.755086  -1.588390  -1.211052   0.001000
 -0.536358  -0.202496  -0.318056   0.755086  -1.588390  -1.211052   0.001000
 -0.536358  -0.202496  -0.318056   0.755086  -1.588390  -1.211052   0.001000
 -0.536358  -0.202496  -0.318056   0.755086  -1.588390  -1.211052   0.001000
 -0.536358  -0.202496  -0.318056   0.755086  -1.588390  -1.211052   0.001000
 -0.536358  -0.202496  -0.318056   0.755086  -1.588390  -1.211052   0.001000
 -0.536358  -0.202496  -0.318056   0.755086  -1.588390  -1.211052   0.001000
 -0.536358  -0.202496  -0.318056   0.755086  -1.588390  -1.211052   0.001000
 -0.536358  -0.202496  -0.318056   0.755086  -1.588390  -1.211052   0.001000
 -0.536358  -0.202496  -0.318056   0.755086  -1.588390  -1.211052   0.001000
 -0.536358  -0.202496  -0.318056   0.755086  -1.588390  -1.211052   0.001000
 -0.536358  -0.202496  -0.318056   0.755086  -1.588390  -1.211052   0.001000
 -0.536358  -0.202496  -0.318056   0.755086  -1.588390  -1.211052   0.001000
 -0.536358  -0.202496  -0.318056   0.755086  -1.588390  -1.211052   0.001000
 -0.536358  -0.202496  -0.318056   0.755086  -1.588390  -1.211052   0.001000
 -0.536358  -0.202496  -0.318056   0.755086  -1.588390  -1.211052   0.001000
 -0.536358  -0.202496  -0.318056   0.755086  -1.588390  -1.211052   0.001000
 -0.536358  -0.202496  -0.318056   0.755086  -1.588390  -1.211052   0.001000
 -0.536358  -0.202496  -0.318056   0.755086  -1.588390  -1.211052   0.001000
 -0.536358  -0.202496  -0.318056   0.755086  -1.588390  -1.211052   0.001000
 -0.536358  -0.202496  -0.318056   0.755086  -1.588390  -1.211052   0.001000
 -0.536358  -0.202496  -0.318056   0.755086  -1.588390  -1.211052   0.001000
 -0.536358  -0.202496  -0.318056   0.755086  -1.588390  -1.211052   0.001000
 -0.536358  -0.202496  -0.318056   0.755086  -1.588390  -1.211052   0.001000
 -0.548285  -0.214478  -0.310572   0.746276  -1.528570  -0.999870   0.001000
 -0.548285  -0.214478  -0.310572   0.746276  -1.528570  -0.999870   0.001000
 -0.522600  -0.206277  -0.318897   0.763311  -1.458782  -0.668649   0.001000
 -0.540102  -0.207292  -0.317463   0.751357  -1.529800  -1.031217   0.001000
 -0.529145  -0.198885  -0.322327   0.759313  -1.454197  -1.061907   0.001000
 -0.533679  -0.198597  -0.315791   0.758961  -1.455317  -0.996709   0.001000
 -0.533679  -0.198597  -0.315791   0.758961  -1.455317  -0.996709   0.001000
 -0.533679  -0.198597  -0.315791   0.758961  -1.455317  -0.996709   0.001000
 -0.523349  -0.212110  -0.332266   0.755456  -1.438233  -0.957476   0.001000
 -0.528416  -0.206800  -0.310148   0.762770  -1.606895  -1.030770   0.001000
 -0.533335  -0.203471  -0.323246   0.754762  -1.563128  -0.966339   0.001000
 -0.533335  -0.203471  -0.323246   0.754762  -1.563128  -0.966339   0.001000
 -0.533335  -0.203471  -0.323246   0.754762  -1.563128  -0.966339   0.001000
 -0.533335  -0.203471  -0.323246   0.754762  -1.563128  -0.966339   0.001000
 -0.533335  -0.203471  -0.323246   0.754762  -1.563128  -0.966339   0.001000
 -0.533335  -0.203471  -0.323246   0.754762  -1.563128  -0.966339   0.001000
 -0.533335  -0.203471  -0.323246   0.754762  -1.563128  -0.966339   0.001000
 -0.533335  -0.203471  -0.323246   0.754762  -1.563128  -0.966339   0.001000
 -0.520495  -0.204017  -0.324259   0.763098  -1.410454  -1.179482   0.001000
 -0.520495  -0.204017  -0.324259   0.763098  -1.410454  -1.179482   0.001000
 -0.520495  -0.204017  -0.324259   0.763098  -1.410454  -1.179482   0.001000
 -0.520495  -0.204017  -0.324259   0.763098  -1.410454  -1.179482   0.001000
 -0.520495  -0.204017  -0.324259   0.763098  -1.410454  -1.179482   0.001000
 -0.520495  -0.204017  -0.324259   0.763098  -1.410454  -1.179482   0.001000
 -0.519371  -0.205519  -0.329759   0.761101  -1.581333  -0.868477   0.001000
 -0.534991  -0.203796  -0.315263   0.756876  -1.525711  -1.090552   0.001000
 -0.534991  -0.203796  -0.315263   0.756876  -1.525711  -1.090552   0.001000
 -0.534991  -0.203796  -0.315263   0.756876  -1.525711  -1.090552   0.001000
 -0.534991  -0.203796  -0.315263   0.756876  -1.525711  -1.090552   0.001000
 -0.534991  -0.203796  -0.315263   0.756876  -1.525711  -1.090552   0.001000
 -0.534991  -0.203796  -0.315263   0.756876  -1.525711  -1.090552   0.001000
 -0.534991  -0.203796  -0.315263   0.756876  -1.525711  -1.090552   0.001000
 -0.534991  -0.203796  -0.315263   0.756876  -1.525711  -1.090552   0.001000
 -0.534991  -0.203796  -0.315263   0.756876  -1.525711  -1.090552   0.001000
 -0.534991  -0.203796  -0.315263   0.756876  -1.525711  -1.090552   0.001000
 -0.534991  -0.203796  -0.315263   0.756876  -1.525711  -1.090552   0.001000
 -0.534991  -0.203796  -0.315263   0.756876  -1.525711  -1.090552   0.001000
 -0.534991  -0.203796  -0.315263   0.756876  -1.525711  -1.090552   0.001000
 -0.537417  -0.213358  -0.314619   0.752779  -1.484454  -0.907926   0.001000
 -0.538260  -0.202804  -0.328500   0.749156  -1.445736  -0.823754   0.001000
 -0.547436  -0.198014  -0.321067   0.747008  -1.392215  -0.932136   0.001000
 -0.547436  -0.198014  -0.321067   0.747008  -1.392215  -0.932136   0.001000
 -0.547436  -0.198014  -0.321067   0.747008  -1.392215  -0.932136   0.001000
 -0.531028  -0.200446  -0.313079   0.761454  -1.521016  -1.118663   0.001000
 -0.531028  -0.200446  -0.313079   0.761454  -1.521016  -1.118663   0.001000
 -0.531028  -0.200446  -0.313079   0.761454  -1.521016  -1.118663   0.001000
 -0.531028  -0.200446  -0.313079   0.761454  -1.521016  -1.118663   0.001000
 -0.534355  -0.193162  -0.322461   0.757081  -1.352728  -0.988727   0.001000
 -0.545749  -0.199464  -0.326099   0.745675  -1.550104  -1.566359   0.001000
 -0.535252  -0.184094  -0.347798   0.747429  -1.428325  -1.521510   0.001000
 -0.675612  -0.143883  -0.332846   0.641918  -1.543633  -1.623792   0.001000
 -0.541069  -0.224159  -0.329671   0.740483  -1.427198  -1.677876   0.001000
 -0.532542  -0.205512  -0.304510   0.762521  -1.535028  -1.479716   0.001000
 -0.532542  -0.205512  -0.304510   0.762521  -1.535028  -1.479716   0.001000
 -0.532542  -0.205512  -0.304510   0.762521  -1.535028  -1.479716   0.001000
 -0.554054  -0.185256  -0.316496   0.747352  -1.856268  -1.586799   0.001000
 -0.540743  -0.202073  -0.312886   0.754232  -1.569790  -1.807977   0.001000
 -0.540743  -0.202073  -0.312886   0.754232  -1.569790  -1.807977   0.001000
 -0.540673  -0.201689  -0.332254   0.746057  -1.079017  -0.926518   0.001000
 -0.550635  -0.204033  -0.325443   0.741120  -1.105857  -1.173128   0.001000
 -0.543396  -0.201494  -0.323250   0.748084  -1.091072  -1.175599   0.001000
 -0.543396  -0.201494  -0.323250   0.748084  -1.091072  -1.175599   0.001000
 -0.543396  -0.201494  -0.323250   0.748084  -1.091072  -1.175599   0.001000
 -0.543396  -0.201494  -0.323250   0.748084  -1.091072  -1.175599   0.001000
 -0.543396  -0.201494  -0.323250   0.748084  -1.091072  -1.175599   0.001000
 -0.543396  -0.201494  -0.323250   0.748084  -1.091072  -1.175599   0.001000
 -0.543396  -0.201494  -0.323250   0.748084  -1.091072  -1.175599   0.001000
