 -0.273041  -0.124961  -0.718072   0.627858  -1.826143   1.166083   0.001000
 -0.251456  -0.095495  -0.792970   0.546671  -1.694406   1.325629   0.001000
 -0.251456  -0.095495  -0.792970   0.546671  -1.694406   1.325629   0.001000
 -0.251456  -0.095495  -0.792970   0.546671  -1.694406   1.325629   0.001000
 -0.245136  -0.116980  -0.767336   0.580878  -1.537914   1.284146   0.001000
 -0.245136  -0.116980  -0.767336   0.580878  -1.537914   1.284146   0.001000
 -0.245136  -0.116980  -0.767336   0.580878  -1.537914   1.284146   0.001000
 -0.245136  -0.116980  -0.767336   0.580878  -1.537914   1.284146   0.001000
 -0.245136  -0.116980  -0.767336   0.580878  -1.537914   1.284146   0.001000
 -0.245136  -0.116980  -0.767336   0.580878  -1.537914   1.284146   0.001000
 -0.245136  -0.116980  -0.767336   0.580878  -1.537914   1.284146   0.001000
 -0.245136  -0.116980  -0.767336   0.580878  -1.537914   1.284146   0.001000
 -0.245136  -0.116980  -0.767336   0.580878  -1.537914   1.284146   0.001000
 -0.264431  -0.084648  -0.755958   0.592822  -1.601513   1.293317   0.001000
 -0.271363  -0.120646  -0.774634   0.558345  -1.384223   1.400385   0.001000
 -0.264394  -0.101611  -0.766168   0.576851  -1.594104   1.364977   0.001000
 -0.264394  -0.101611  -0.766168   0.576851  -1.594104   1.364977   0.001000
 -0.264394  -0.101611  -0.766168   0.576851  -1.594104   1.364977   0.001000
 -0.264394  -0.101611  -0.766168   0.576851  -1.594104   1.364977   0.001000
 -0.264394  -0.101611  -0.766168   0.576851  -1.594104   1.364977   0.001000
 -0.264394  -0.101611  -0.766168   0.576851  -1.594104   1.364977   0.001000
 -0.264394  -0.101611  -0.766168   0.576851  -1.594104   1.364977   0.001000
 -0.264394  -0.101611  -0.766168   0.576851  -1.594104   1.364977   0.001000
 -0.264394  -0.101611  -0.766168   0.576851  -1.594104   1.364977   0.001000
 -0.264394  -0.101611  -0.766168   0.576851  -1.594104   1.364977   0.001000
 -0.264394  -0.101611  -0.766168   0.576851  -1.594104   1.364977   0.001000
 -0.264394  -0.101611  -0.766168   0.576851  -1.594104   1.364977   0.001000
 -0.264394  -0.101611  -0.766168   0.576851  -1.594104   1.364977   0.001000
 -0.264394  -0.101611  -0.766168   0.576851  -1.594104   1.364977   0.001000
 -0.264394  -0.101611  -0.766168   0.576851  -1.594104   1.364977   0.001000
 -0.264394  -0.101611  -0.766168   0.576851  -1.594104   1.364977   0.001000
 -0.264394  -0.101611  -0.766168   0.576851  -1.594104   1.364977   0.001000
 -0.264394  -0.101611  -0.766168   0.576851  -1.594104   1.364977   0.001000
 -0.264394  -0.101611  -0.766168   0.576851  -1.594104   1.364977   0.001000
 -0.264394  -0.101611  -0.766168   0.576851  -1.594104   1.364977   0.001000
 -0.264394  -0.101611  -0.766168   0.576851  -1.594104   1.364977   0.001000
 -0.264394  -0.101611  -0.766168   0.576851  -1.594104   1.364977   0.001000
 -0.264394  -0.101611  -0.766168   0.576851  -1.594104   1.364977   0.001000
 -0.264394  -0.101611  -0.766168   0.576851  -1.594104   1.364977   0.001000
 -0.264394  -0.101611  -0.766168   0.576851  -1.594104   1.364977   0.001000
 -0.264394  -0.101611  -0.766168   0.576851  -1.594104   1.364977   0.001000
 -0.264394  -0.101611  -0.766168   0.576851  -1.594104   1.364977   0.001000
 -0.264394  -0.101611  -0.766168   0.576851  -1.594104   1.364977   0.001000
 -0.264394  -0.101611  -0.766168   0.576851  -1.594104   1.364977   0.001000
 -0.264394  -0.101611  -0.766168   0.576851  -1.594104   1.364977   0.001000
 -0.264394  -0.101611  -0.766168   0.576851  -1.594104   1.364977   0.001000
 -0.264394  -0.101611  -0.766168   0.576851  -1.594104   1.364977   0.001000
 -0.264394  -0.101611  -0.766168   0.576851  -1.594104   1.364977   0.001000
 -0.264394  -0.101611  -0.766168   0.576851  -1.594104   1.364977   0.001000
 -0.264394  -0.101611  -0.766168   0.576851  -1.594104   1.364977   0.001000
 -0.264394  -0.101611  -0.766168   0.576851  -1.594104   1.364977   0.001000
 -0.264394  -0.101611  -0.766168   0.576851  -1.594104   1.364977   0.001000
 -0.264394  -0.101611  -0.766168   0.576851  -1.594104   1.364977   0.001000
 -0.264394  -0.101611  -0.766168   0.576851  -1.594104   1.364977   0.001000
 -0.264394  -0.101611  -0.766168   0.576851  -1.594104   1.364977   0.001000
 -0.264394  -0.101611  -0.766168   0.576851  -1.594104   1.364977   0.001000
 -0.264394  -0.101611  -0.766168   0.576851  -1.594104   1.364977   0.001000
 -0.264394  -0.101611  -0.766168   0.576851  -1.594104   1.364977   0.001000
 -0.264394  -0.101611  -0.766168   0.576851  -1.594104   1.364977   0.001000
 -0.264394  -0.101611  -0.766168   0.576851  -1.594104   1.364977   0.001000
 -0.264394  -0.101611  -0.766168   0.576851  -1.594104   1.364977   0.001000
 -0.264394  -0.101611  -0.766168   0.576851  -1.594104   1.364977   0.001000
 -0.264394  -0.101611  -0.766168   0.576851  -1.594104   1.364977   0.001000
 -0.264394  -0.101611  -0.766168   0.576851  -1.594104   1.364977   0.001000
 -0.264394  -0.101611  -0.766168   0.576851  -1.594104   1.364977   0.001000
 -0.264394  -0.101611  -0.766168   0.576851  -1.594104   1.364977   0.001000
 -0.264394  -0.101611  -0.766168   0.576851  -1.594104   1.364977   0.001000
 -0.264394  -0.101611  -0.766168   0.576851  -1.594104   1.364977   0.001000
 -0.259803  -0.111756  -0.777370   0.561880  -1.481550   1.271203   0.001000
 -0.259803  -0.111756  -0.777370   0.561880  -1.481550   1.271203   0.001000
 -0.259803  -0.111756  -0.777370   0.561880  -1.481550   1.271203   0.001000
 -0.248495  -0.092386  -0.781826   0.564325  -1.565705   1.280112   0.001000
 -0.248495  -0.092386  -0.781826   0.564325  -1.565705   1.280112   0.001000
 -0.248495  -0.092386  -0.781826   0.564325  -1.565705   1.280112   0.001000
 -0.248495  -0.092386  -0.781826   0.564325  -1.565705   1.280112   0.001000
 -0.248495  -0.092386  -0.781826   0.564325  -1.565705   1.280112   0.001000
 -0.248495  -0.092386  -0.781826   0.564325  -1.565705   1.280112   0.001000
 -0.259837  -0.129969  -0.758268   0.583629  -1.322168   1.305224   0.001000
 -0.259837  -0.129969  -0.758268   0.583629  -1.322168   1.305224   0.001000
 -0.260984  -0.108090  -0.756008   0.590470  -1.507832   1.760128   0.001000
 -0.260984  -0.108090  -0.756008   0.590470  -1.507832   1.760128   0.001000
 -0.260984  -0.108090  -0.756008   0.590470  -1.507832   1.760128   0.001000
 -0.260984  -0.108090  -0.756008   0.590470  -1.507832   1.760128   0.001000
 -0.260984  -0.108090  -0.756008   0.590470  -1.507832   1.760128   0.001000
 -0.260984  -0.108090  -0.756008   0.590470  -1.507832   1.760128   0.001000
 -0.243800  -0.121230  -0.771837   0.574571  -1.376435   1.655033   0.001000
 -0.243800  -0.121230  -0.771837   0.574571  -1.376435   1.655033   0.001000
 -0.256165  -0.111692  -0.765910   0.579038  -1.302549   1.677298   0.001000
 -0.256165  -0.111692  -0.765910   0.579038  -1.302549   1.677298   0.001000
 -0.256165  -0.111692  -0.765910   0.579038  -1.302549   1.677298   0.001000
 -0.256165  -0.111692  -0.765910   0.579038  -1.302549   1.677298   0.001000
 -0.250188  -0.140922  -0.756448   0.587650  -1.586337   1.411396   0.001000
 -0.250188  -0.140922  -0.756448   0.587650  -1.586337   1.411396   0.001000
 -0.256534  -0.120501  -0.760515   0.584198  -1.639044   1.553468   0.001000
 -0.256534  -0.120501  -0.760515   0.584198  -1.639044   1.553468   0.001000
 -0.254929  -0.113256  -0.753869   0.594866  -1.587402   1.563211   0.001000
 -0.254929  -0.113256  -0.753869   0.594866  -1.587402   1.563211   0.001000
 -0.261479  -0.130098  -0.754225   0.588088  -1.684575   1.561476   0.001000
 -0.254002  -0.117173  -0.759047   0.587879  -1.738809   1.420792   0.001000
 -0.262390  -0.128063  -0.731197   0.616525  -1.710800   1.522805   0.001000
 -0.271965  -0.098080  -0.776814   0.559442  -0.485882   1.285325   0.001000
 -0.266651  -0.095067  -0.758977   0.586355  -1.265967   1.701751   0.001000
 -0.278639  -0.105337  -0.744964   0.596902  -1.142281   1.522540   0.001000
 -0.232404  -0.126493  -0.772305   0.577523  -1.125937   1.456707   0.001000
 -0.232404  -0.126493  -0.772305   0.577523  -1.125937   1.456707   0.001000
 -0.232404  -0.126493  -0.772305   0.577523  -1.125937   1.456707   0.001000
 -0.232404  -0.126493  -0.772305   0.577523  -1.125937   1.456707   0.001000
 -0.232404  -0.126493  -0.772305   0.577523  -1.125937   1.456707   0.001000
 -0.232404  -0.126493  -0.772305   0.577523  -1.125937   1.456707   0.001000
 -0.232404  -0.126493  -0.772305   0.577523  -1.125937   1.456707   0.001000
 -0.232404  -0.126493  -0.772305   0.577523  -1.125937   1.456707   0.001000
 -0.262787  -0.098656  -0.753912   0.593992  -1.336392   1.531248   0.001000
 -0.250244  -0.130395  -0.763347   0.581100  -1.146620   1.555678   0.001000
 -0.266873  -0.108094  -0.759201   0.583703  -1.208650   1.649946   0.001000
 -0.266873  -0.108094  -0.759201   0.583703  -1.208650   1.649946   0.001000
 -0.266873  -0.108094  -0.759201   0.583703  -1.208650   1.649946   0.001000
 -0.251802  -0.108165  -0.763170   0.585208  -1.477486   1.532511   0.001000
 -0.251802  -0.108165  -0.763170   0.585208  -1.477486   1.532511   0.001000
 -0.251802  -0.108165  -0.763170   0.585208  -1.477486   1.532511   0.001000
 -0.251802  -0.108165  -0.763170   0.585208  -1.477486   1.532511   0.001000
 -0.251802  -0.108165  -0.763170   0.585208  -1.477486   1.532511   0.001000
 -0.251802  -0.108165  -0.763170   0.585208  -1.477486   1.532511   0.001000
 -0.251802  -0.108165  -0.763170   0.585208  -1.477486   1.532511   0.001000
 -0.251802  -0.108165  -0.763170   0.585208  -1.477486   1.532511   0.001000
 -0.251802  -0.108165  -0.763170   0.585208  -1.477486   1.532511   0.001000
 -0.266275  -0.113339  -0.766102   0.573882  -1.335892   1.474446   0.001000
 -0.266275  -0.113339  -0.766102   0.573882  -1.335892   1.474446   0.001000
 -0.266275  -0.113339  -0.766102   0.573882  -1.335892   1.474446   0.001000
 -0.266275  -0.113339  -0.766102   0.573882  -1.335892   1.474446   0.001000
 -0.266275  -0.113339  -0.766102   0.573882  -1.335892   1.474446   0.001000
 -0.266275  -0.113339  -0.766102   0.573882  -1.335892   1.474446   0.001000
 -0.266275  -0.113339  -0.766102   0.573882  -1.335892   1.474446   0.001000
 -0.266275  -0.113339  -0.766102   0.573882  -1.335892   1.474446   0.001000
 -0.266275  -0.113339  -0.766102   0.573882  -1.335892   1.474446   0.001000
 -0.266275  -0.113339  -0.766102   0.573882  -1.335892   1.474446   0.001000
 -0.266275  -0.113339  -0.766102   0.573882  -1.335892   1.474446   0.001000
 -0.266275  -0.113339  -0.766102   0.573882  -1.335892   1.474446   0.001000
 -0.266275  -0.113339  -0.766102   0.573882  -1.335892   1.474446   0.001000
 -0.266275  -0.113339  -0.766102   0.573882  -1.335892   1.474446   0.001000
 -0.266275  -0.113339  -0.766102   0.573882  -1.335892   1.474446   0.001000
 -0.266275  -0.113339  -0.766102   0.573882  -1.335892   1.474446   0.001000
 -0.266275  -0.113339  -0.766102   0.573882  -1.335892   1.474446   0.001000
 -0.266275  -0.113339  -0.766102   0.573882  -1.335892   1.474446   0.001000
 -0.266275  -0.113339  -0.766102   0.573882  -1.335892   1.474446   0.001000
 -0.266275  -0.113339  -0.766102   0.573882  -1.335892   1.474446   0.001000
 -0.266275  -0.113339  -0.766102   0.573882  -1.335892   1.474446   0.001000
 -0.266275  -0.113339  -0.766102   0.573882  -1.335892   1.474446   0.001000
 -0.261908  -0.122432  -0.775192   0.561686  -1.431640   1.608842   0.001000
 -0.261908  -0.122432  -0.775192   0.561686  -1.431640   1.608842   0.001000
 -0.269554  -0.114217  -0.757682   0.583278  -1.418754   1.562548   0.001000
 -0.269554  -0.114217  -0.757682   0.583278  -1.418754   1.562548   0.001000
 -0.269554  -0.114217  -0.757682   0.583278  -1.418754   1.562548   0.001000
 -0.269554  -0.114217  -0.757682   0.583278  -1.418754   1.562548   0.001000
 -0.269554  -0.114217  -0.757682   0.583278  -1.418754   1.562548   0.001000
 -0.269554  -0.114217  -0.757682   0.583278  -1.418754   1.562548   0.001000
 -0.269554  -0.114217  -0.757682   0.583278  -1.418754   1.562548   0.001000
 -0.269554  -0.114217  -0.757682   0.583278  -1.418754   1.562548   0.001000
 -0.256767  -0.120667  -0.759219   0.585744  -1.317507   1.366440   0.001000
 -0.256767  -0.120667  -0.759219   0.585744  -1.317507   1.366440   0.001000
 -0.256767  -0.120667  -0.759219   0.585744  -1.317507   1.366440   0.001000
 -0.256767  -0.120667  -0.759219   0.585744  -1.317507   1.366440   0.001000
 -0.256767  -0.120667  -0.759219   0.585744  -1.317507   1.366440   0.001000
 -0.256767  -0.120667  -0.759219   0.585744  -1.317507   1.366440   0.001000
 -0.256767  -0.120667  -0.759219   0.585744  -1.317507   1.366440   0.001000
 -0.256767  -0.120667  -0.759219   0.585744  -1.317507   1.366440   0.001000
 -0.256767  -0.120667  -0.759219   0.585744  -1.317507   1.366440   0.001000
 -0.256767  -0.120667  -0.759219   0.585744  -1.317507   1.366440   0.001000
 -0.256767  -0.120667  -0.759219   0.585744  -1.317507   1.366440   0.001000
 -0.256767  -0.120667  -0.759219   0.585744  -1.317507   1.366440   0.001000
 -0.256767  -0.120667  -0.759219   0.585744  -1.317507   1.366440   0.001000
 -0.256767  -0.120667  -0.759219   0.585744  -1.317507   1.366440   0.001000
 -0.256767  -0.120667  -0.759219   0.585744  -1.317507   1.366440   0.001000
 -0.256767  -0.120667  -0.759219   0.585744  -1.317507   1.366440   0.001000
 -0.256767  -0.120667  -0.759219   0.585744  -1.317507   1.366440   0.001000
 -0.256767  -0.120667  -0.759219   0.585744  -1.317507   1.366440   0.001000
 -0.256767  -0.120667  -0.759219   0.585744  -1.317507   1.366440   0.001000
 -0.256767  -0.120667  -0.759219   0.585744  -1.317507   1.366440   0.001000
 -0.256767  -0.120667  -0.759219   0.585744  -1.317507   1.366440   0.001000
 -0.256767  -0.120667  -0.759219   0.585744  -1.317507   1.366440   0.001000
 -0.256767  -0.120667  -0.759219   0.585744  -1.317507   1.366440   0.001000
 -0.256767  -0.120667  -0.759219   0.585744  -1.317507   1.366440   0.001000
 -0.256767  -0.120667  -0.759219   0.585744  -1.317507   1.366440   0.001000
 -0.256767  -0.120667  -0.759219   0.585744  -1.317507   1.366440   0.001000
 -0.256767  -0.120667  -0.759219   0.585744  -1.317507   1.366440   0.001000
 -0.256767  -0.120667  -0.759219   0.585744  -1.317507   1.366440   0.001000
 -0.256767  -0.120667  -0.759219   0.585744  -1.317507   1.366440   0.001000
 -0.256767  -0.120667  -0.759219   0.585744  -1.317507   1.366440   0.001000
 -0.256767  -0.120667  -0.759219   0.585744  -1.317507   1.366440   0.001000
 -0.256767  -0.120667  -0.759219   0.585744  -1.317507   1.366440   0.001000
 -0.256767  -0.120667  -0.759219   0.585744  -1.317507   1.366440   0.001000
 -0.256767  -0.120667  -0.759219   0.585744  -1.317507   1.366440   0.001000
 -0.256767  -0.120667  -0.759219   0.585744  -1.317507   1.366440   0.001000
 -0.256767  -0.120667  -0.759219   0.585744  -1.317507   1.366440   0.001000
 -0.256767  -0.120667  -0.759219   0.585744  -1.317507   1.366440   0.001000
 -0.256767  -0.120667  -0.759219   0.585744  -1.317507   1.366440   0.001000
 -0.256767  -0.120667  -0.759219   0.585744  -1.317507   1.366440   0.001000
 -0.256767  -0.120667  -0.759219   0.585744  -1.317507   1.366440   0.001000
 -0.256767  -0.120667  -0.759219   0.585744  -1.317507   1.366440   0.001000
 -0.256767  -0.120667  -0.759219   0.585744  -1.317507   1.366440   0.001000
 -0.256767  -0.120667  -0.759219   0.585744  -1.317507   1.366440   0.001000
 -0.255546  -0.118841  -0.774881   0.565802  -1.428975   1.566206   0.001000
 -0.260542  -0.106622  -0.757847   0.588573  -1.401388   1.612732   0.001000
 -0.260542  -0.106622  -0.757847   0.588573  -1.401388   1.612732   0.001000
 -0.260542  -0.106622  -0.757847   0.588573  -1.401388   1.612732   0.001000
 -0.260542  -0.106622  -0.757847   0.588573  -1.401388   1.612732   0.001000
 -0.260542  -0.106622  -0.757847   0.588573  -1.401388   1.612732   0.001000
 -0.260542  -0.106622  -0.757847   0.588573  -1.401388   1.612732   0.001000
 -0.260542  -0.106622  -0.757847   0.588573  -1.401388   1.612732   0.001000
 -0.260542  -0.106622  -0.757847   0.588573  -1.401388   1.612732   0.001000
 -0.260542  -0.106622  -0.757847   0.588573  -1.401388   1.612732   0.001000
 -0.260542  -0.106622  -0.757847   0.588573  -1.401388   1.612732   0.001000
 -0.260542  -0.106622  -0.757847   0.588573  -1.401388   1.612732   0.001000
 -0.260542  -0.106622  -0.757847   0.588573  -1.401388   1.612732   0.001000
 -0.260542  -0.106622  -0.757847   0.588573  -1.401388   1.612732   0.001000
 -0.260542  -0.106622  -0.757847   0.588573  -1.401388   1.612732   0.001000
 -0.260542  -0.106622  -0.757847   0.588573  -1.401388   1.612732   0.001000
 -0.260542  -0.106622  -0.757847   0.588573  -1.401388   1.612732   0.001000
 -0.260542  -0.106622  -0.757847   0.588573  -1.401388   1.612732   0.001000
 -0.260542  -0.106622  -0.757847   0.588573  -1.401388   1.612732   0.001000
 -0.266881  -0.115777  -0.763835   0.576131  -1.240992   1.496338   0.001000
 -0.266881  -0.115777  -0.763835   0.576131  -1.240992   1.496338   0.001000
 -0.266881  -0.115777  -0.763835   0.576131  -1.240992   1.496338   0.001000
 -0.266881  -0.115777  -0.763835   0.576131  -1.240992   1.496338   0.001000
 -0.266881  -0.115777  -0.763835   0.576131  -1.240992   1.496338   0.001000
 -0.266881  -0.115777  -0.763835   0.576131  -1.240992   1.496338   0.001000
 -0.266881  -0.115777  -0.763835   0.576131  -1.240992   1.496338   0.001000
 -0.266881  -0.115777  -0.763835   0.576131  -1.240992   1.496338   0.001000
 -0.266881  -0.115777  -0.763835   0.576131  -1.240992   1.496338   0.001000
 -0.266881  -0.115777  -0.763835   0.576131  -1.240992   1.496338   0.001000
 -0.266881  -0.115777  -0.763835   0.576131  -1.240992   1.496338   0.001000
 -0.266881  -0.115777  -0.763835   0.576131  -1.240992   1.496338   0.001000
 -0.266881  -0.115777  -0.763835   0.576131  -1.240992   1.496338   0.001000
 -0.266881  -0.115777  -0.763835   0.576131  -1.240992   1.496338   0.001000
 -0.266881  -0.115777  -0.763835   0.576131  -1.240992   1.496338   0.001000
 -0.266881  -0.115777  -0.763835   0.576131  -1.240992   1.496338   0.001000
 -0.266881  -0.115777  -0.763835   0.576131  -1.240992   1.496338   0.001000
 -0.266881  -0.115777  -0.763835   0.576131  -1.240992   1.496338   0.001000
 -0.266881  -0.115777  -0.763835   0.576131  -1.240992   1.496338   0.001000
 -0.266881  -0.115777  -0.763835   0.576131  -1.240992   1.496338   0.001000
 -0.266881  -0.115777  -0.763835   0.576131  -1.240992   1.496338   0.001000
 -0.266881  -0.115777  -0.763835   0.576131  -1.240992   1.496338   0.001000
 -0.266881  -0.115777  -0.763835   0.576131  -1.240992   1.496338   0.001000
 -0.266881  -0.115777  -0.763835   0.576131  -1.240992   1.496338   0.001000
 -0.266881  -0.115777  -0.763835   0.576131  -1.240992   1.496338   0.001000
 -0.266881  -0.115777  -0.763835   0.576131  -1.240992   1.496338   0.001000
 -0.266881  -0.115777  -0.763835   0.576131  -1.240992   1.496338   0.001000
 -0.266881  -0.115777  -0.763835   0.576131  -1.240992   1.496338   0.001000
 -0.266881  -0.115777  -0.763835   0.576131  -1.240992   1.496338   0.001000
 -0.266881  -0.115777  -0.763835   0.576131  -1.240992   1.496338   0.001000
 -0.258777  -0.124532  -0.765789   0.575407  -1.484068   1.539841   0.001000
 -0.258777  -0.124532  -0.765789   0.575407  -1.484068   1.539841   0.001000
 -0.258777  -0.124532  -0.765789   0.575407  -1.484068   1.539841   0.001000
 -0.258777  -0.124532  -0.765789   0.575407  -1.484068   1.539841   0.001000
 -0.258777  -0.124532  -0.765789   0.575407  -1.484068   1.539841   0.001000
 -0.258777  -0.124532  -0.765789   0.575407  -1.484068   1.539841   0.001000
 -0.258777  -0.124532  -0.765789   0.575407  -1.484068   1.539841   0.001000
 -0.258777  -0.124532  -0.765789   0.575407  -1.484068   1.539841   0.001000
 -0.258777  -0.124532  -0.765789   0.575407  -1.484068   1.539841   0.001000
 -0.258777  -0.124532  -0.765789   0.575407  -1.484068   1.539841   0.001000
 -0.258777  -0.124532  -0.765789   0.575407  -1.484068   1.539841   0.001000
 -0.258777  -0.124532  -0.765789   0.575407  -1.484068   1.539841   0.001000
 -0.244842  -0.100058  -0.769195   0.581704  -1.349623   1.632985   0.001000
 -0.253484  -0.106053  -0.755176   0.595154  -1.311803   1.488137   0.001000
 -0.253484  -0.106053  -0.755176   0.595154  -1.311803   1.488137   0.001000
 -0.253484  -0.106053  -0.755176   0.595154  -1.311803   1.488137   0.001000
 -0.253484  -0.106053  -0.755176   0.595154  -1.311803   1.488137   0.001000
 -0.253484  -0.106053  -0.755176   0.595154  -1.311803   1.488137   0.001000
 -0.253484  -0.106053  -0.755176   0.595154  -1.311803   1.488137   0.001000
 -0.253484  -0.106053  -0.755176   0.595154  -1.311803   1.488137   0.001000
 -0.253484  -0.106053  -0.755176   0.595154  -1.311803   1.488137   0.001000
 -0.250706  -0.130416  -0.769738   0.572400  -1.321251   1.545568   0.001000
 -0.250706  -0.130416  -0.769738   0.572400  -1.321251   1.545568   0.001000
 -0.250706  -0.130416  -0.769738   0.572400  -1.321251   1.545568   0.001000
 -0.250706  -0.130416  -0.769738   0.572400  -1.321251   1.545568   0.001000
 -0.250706  -0.130416  -0.769738   0.572400  -1.321251   1.545568   0.001000
 -0.260256  -0.094953  -0.765482   0.580764  -1.447516   1.569869   0.001000
 -0.260256  -0.094953  -0.765482   0.580764  -1.447516   1.569869   0.001000
 -0.260256  -0.094953  -0.765482   0.580764  -1.447516   1.569869   0.001000
 -0.260256  -0.094953  -0.765482   0.580764  -1.447516   1.569869   0.001000
 -0.260256  -0.094953  -0.765482   0.580764  -1.447516   1.569869   0.001000
 -0.250535  -0.116809  -0.757334   0.591637  -1.252496   1.474755   0.001000
 -0.250535  -0.116809  -0.757334   0.591637  -1.252496   1.474755   0.001000
 -0.250535  -0.116809  -0.757334   0.591637  -1.252496   1.474755   0.001000
 -0.250535  -0.116809  -0.757334   0.591637  -1.252496   1.474755   0.001000
 -0.250535  -0.116809  -0.757334   0.591637  -1.252496   1.474755   0.001000
 -0.245357  -0.118836  -0.767324   0.580424  -1.410542   1.496019   0.001000
 -0.245357  -0.118836  -0.767324   0.580424  -1.410542   1.496019   0.001000
 -0.245357  -0.118836  -0.767324   0.580424  -1.410542   1.496019   0.001000
 -0.245357  -0.118836  -0.767324   0.580424  -1.410542   1.496019   0.001000
 -0.245706  -0.097792  -0.763041   0.589775  -1.413279   1.567244   0.001000
 -0.271065  -0.112614  -0.756162   0.584859  -1.404025   1.591756   0.001000
 -0.273127  -0.108768  -0.776120   0.557861  -1.516163   1.556153   0.001000
 -0.261830  -0.109127  -0.762324   0.581721  -1.253647   1.651511   0.001000
 -0.261830  -0.109127  -0.762324   0.581721  -1.253647   1.651511   0.001000
 -0.261830  -0.109127  -0.762324   0.581721  -1.253647   1.651511   0.001000
 -0.261830  -0.109127  -0.762324   0.581721  -1.253647   1.651511   0.001000
 -0.261830  -0.109127  -0.762324   0.581721  -1.253647   1.651511   0.001000
 -0.261830  -0.109127  -0.762324   0.581721  -1.253647   1.651511   0.001000
 -0.261830  -0.109127  -0.762324   0.581721  -1.253647   1.651511   0.001000
 -0.261830  -0.109127  -0.762324   0.581721  -1.253647   1.651511   0.001000
 -0.261830  -0.109127  -0.762324   0.581721  -1.253647   1.651511   0.001000
 -0.261830  -0.109127  -0.762324   0.581721  -1.253647   1.651511   0.001000
 -0.261830  -0.109127  -0.762324   0.581721  -1.253647   1.651511   0.001000
 -0.261830  -0.109127  -0.762324   0.581721  -1.253647   1.651511   0.001000
 -0.261830  -0.109127  -0.762324   0.581721  -1.253647   1.651511   0.001000
 -0.261830  -0.109127  -0.762324   0.581721  -1.253647   1.651511   0.001000
 -0.261830  -0.109127  -0.762324   0.581721  -1.253647   1.651511   0.001000
 -0.261830  -0.109127  -0.762324   0.581721  -1.253647   1.651511   0.001000
 -0.261830  -0.109127  -0.762324   0.581721  -1.253647   1.651511   0.001000
 -0.261830  -0.109127  -0.762324   0.581721  -1.253647   1.651511   0.001000
 -0.261830  -0.109127  -0.762324   0.581721  -1.253647   1.651511   0.001000
 -0.261830  -0.109127  -0.762324   0.581721  -1.253647   1.651511   0.001000
 -0.261830  -0.109127  -0.762324   0.581721  -1.253647   1.651511   0.001000
 -0.261830  -0.109127  -0.762324   0.581721  -1.253647   1.651511   0.001000
 -0.261830  -0.109127  -0.762324   0.581721  -1.253647   1.651511   0.001000
 -0.261830  -0.109127  -0.762324   0.581721  -1.253647   1.651511   0.001000
 -0.261830  -0.109127  -0.762324   0.581721  -1.253647   1.651511   0.001000
 -0.261830  -0.109127  -0.762324   0.581721  -1.253647   1.651511   0.001000
 -0.261830  -0.109127  -0.762324   0.581721  -1.253647   1.651511   0.001000
 -0.261830  -0.109127  -0.762324   0.581721  -1.253647   1.651511   0.001000
 -0.212240  -0.122319  -0.742995   0.622857  -1.203852   1.540354   0.001000
 -0.275107  -0.124678  -0.745899   0.593638  -1.438967   1.691508   0.001000
 -0.275107  -0.124678  -0.745899   0.593638  -1.438967   1.691508   0.001000
 -0.275107  -0.124678  -0.745899   0.593638  -1.438967   1.691508   0.001000
 -0.254914  -0.121392  -0.752052   0.595568  -1.134324   1.654816   0.001000
 -0.254914  -0.121392  -0.752052   0.595568  -1.134324   1.654816   0.001000
 -0.254914  -0.121392  -0.752052   0.595568  -1.134324   1.654816   0.001000
 -0.254914  -0.121392  -0.752052   0.595568  -1.134324   1.654816   0.001000
 -0.265965  -0.100164  -0.742271   0.606847  -1.416970   1.603430   0.001000
 -0.265965  -0.100164  -0.742271   0.606847  -1.416970   1.603430   0.001000
 -0.265965  -0.100164  -0.742271   0.606847  -1.416970   1.603430   0.001000
 -0.265965  -0.100164  -0.742271   0.606847  -1.416970   1.603430   0.001000
 -0.251569  -0.100819  -0.759445   0.591432  -1.434764   1.616699   0.001000
 -0.278152  -0.125573  -0.771658   0.558038  -1.427948   1.565081   0.001000
 -0.262115  -0.118156  -0.758055   0.585396  -1.274921   1.581748   0.001000
 -0.262115  -0.118156  -0.758055   0.585396  -1.274921   1.581748   0.001000
 -0.262115  -0.118156  -0.758055   0.585396  -1.274921   1.581748   0.001000
 -0.262115  -0.118156  -0.758055   0.585396  -1.274921   1.581748   0.001000
 -0.262115  -0.118156  -0.758055   0.585396  -1.274921   1.581748   0.001000
 -0.262115  -0.118156  -0.758055   0.585396  -1.274921   1.581748   0.001000
 -0.262115  -0.118156  -0.758055   0.585396  -1.274921   1.581748   0.001000
 -0.262115  -0.118156  -0.758055   0.585396  -1.274921   1.581748   0.001000
 -0.262115  -0.118156  -0.758055   0.585396  -1.274921   1.581748   0.001000
 -0.262115  -0.118156  -0.758055   0.585396  -1.274921   1.581748   0.001000
 -0.262115  -0.118156  -0.758055   0.585396  -1.274921   1.581748   0.001000
 -0.262115  -0.118156  -0.758055   0.585396  -1.274921   1.581748   0.001000
 -0.262115  -0.118156  -0.758055   0.585396  -1.274921   1.581748   0.001000
 -0.262115  -0.118156  -0.758055   0.585396  -1.274921   1.581748   0.001000
 -0.262115  -0.118156  -0.758055   0.585396  -1.274921   1.581748   0.001000
 -0.262115  -0.118156  -0.758055   0.585396  -1.274921   1.581748   0.001000
 -0.262115  -0.118156  -0.758055   0.585396  -1.274921   1.581748   0.001000
 -0.262115  -0.118156  -0.758055   0.585396  -1.274921   1.581748   0.001000
 -0.262115  -0.118156  -0.758055   0.585396  -1.274921   1.581748   0.001000
 -0.262115  -0.118156  -0.758055   0.585396  -1.274921   1.581748   0.001000
 -0.262115  -0.118156  -0.758055   0.585396  -1.274921   1.581748   0.001000
 -0.262115  -0.118156  -0.758055   0.585396  -1.274921   1.581748   0.001000
 -0.262115  -0.118156  -0.758055   0.585396  -1.274921   1.581748   0.001000
 -0.262115  -0.118156  -0.758055   0.585396  -1.274921   1.581748   0.001000
 -0.262115  -0.118156  -0.758055   0.585396  -1.274921   1.581748   0.001000
 -0.262115  -0.118156  -0.758055   0.585396  -1.274921   1.581748   0.001000
 -0.262115  -0.118156  -0.758055   0.585396  -1.274921   1.581748   0.001000
 -0.262115  -0.118156  -0.758055   0.585396  -1.274921   1.581748   0.001000
 -0.262115  -0.118156  -0.758055   0.585396  -1.274921   1.581748   0.001000
 -0.262115  -0.118156  -0.758055   0.585396  -1.274921   1.581748   0.001000
 -0.262115  -0.118156  -0.758055   0.585396  -1.274921   1.581748   0.001000
 -0.262115  -0.118156  -0.758055   0.585396  -1.274921   1.581748   0.001000
 -0.262115  -0.118156  -0.758055   0.585396  -1.274921   1.581748   0.001000
 -0.262115  -0.118156  -0.758055   0.585396  -1.274921   1.581748   0.001000
 -0.262115  -0.118156  -0.758055   0.585396  -1.274921   1.581748   0.001000
 -0.262115  -0.118156  -0.758055   0.585396  -1.274921   1.581748   0.001000
 -0.262115  -0.118156  -0.758055   0.585396  -1.274921   1.581748   0.001000
 -0.262115  -0.118156  -0.758055   0.585396  -1.274921   1.581748   0.001000
 -0.262115  -0.118156  -0.758055   0.585396  -1.274921   1.581748   0.001000
 -0.262115  -0.118156  -0.758055   0.585396  -1.274921   1.581748   0.001000
 -0.262115  -0.118156  -0.758055   0.585396  -1.274921   1.581748   0.001000
 -0.262115  -0.118156  -0.758055   0.585396  -1.274921   1.581748   0.001000
 -0.265858  -0.086484  -0.763196   0.582557  -1.548706   1.511269   0.001000
 -0.265858  -0.086484  -0.763196   0.582557  -1.548706   1.511269   0.001000
 -0.258430  -0.112667  -0.751369   0.596627  -1.323030   1.541308   0.001000
 -0.258430  -0.112667  -0.751369   0.596627  -1.323030   1.541308   0.001000
 -0.258430  -0.112667  -0.751369   0.596627  -1.323030   1.541308   0.001000
 -0.258430  -0.112667  -0.751369   0.596627  -1.323030   1.541308   0.001000
 -0.258430  -0.112667  -0.751369   0.596627  -1.323030   1.541308   0.001000
 -0.258430  -0.112667  -0.751369   0.596627  -1.323030   1.541308   0.001000
 -0.258430  -0.112667  -0.751369   0.596627  -1.323030   1.541308   0.001000
 -0.258430  -0.112667  -0.751369   0.596627  -1.323030   1.541308   0.001000
 -0.258430  -0.112667  -0.751369   0.596627  -1.323030   1.541308   0.001000
 -0.258430  -0.112667  -0.751369   0.596627  -1.323030   1.541308   0.001000
 -0.258430  -0.112667  -0.751369   0.596627  -1.323030   1.541308   0.001000
 -0.269954  -0.123460  -0.747318   0.594473  -1.381350   1.592681   0.001000
 -0.257332  -0.116059  -0.741397   0.608804  -1.374678   1.458812   0.001000
 -0.257332  -0.116059  -0.741397   0.608804  -1.374678   1.458812   0.001000
 -0.269027  -0.089565  -0.776182   0.563156  -1.575521   1.617360   0.001000
 -0.269027  -0.089565  -0.776182   0.563156  -1.575521   1.617360   0.001000
 -0.258640  -0.131631  -0.770178   0.567983  -1.387657   1.633991   0.001000
 -0.269164  -0.111109  -0.763988   0.575784  -1.294239   1.481670   0.001000
 -0.269164  -0.111109  -0.763988   0.575784  -1.294239   1.481670   0.001000
 -0.270792  -0.120011  -0.738227   0.606045  -1.179729   1.385665   0.001000
 -0.256446  -0.105222  -0.764818   0.581564  -1.360689   1.510964   0.001000
 -0.256446  -0.105222  -0.764818   0.581564  -1.360689   1.510964   0.001000
 -0.274232  -0.097056  -0.765753   0.573584  -1.359841   1.601343   0.001000
 -0.274232  -0.097056  -0.765753   0.573584  -1.359841   1.601343   0.001000
 -0.274232  -0.097056  -0.765753   0.573584  -1.359841   1.601343   0.001000
 -0.277331  -0.086353  -0.774380   0.562109  -1.399414   1.456496   0.001000
 -0.277331  -0.086353  -0.774380   0.562109  -1.399414   1.456496   0.001000
 -0.258523  -0.126115  -0.757129   0.586530  -1.512989   1.439904   0.001000
 -0.258523  -0.126115  -0.757129   0.586530  -1.512989   1.439904   0.001000
 -0.258523  -0.126115  -0.757129   0.586530  -1.512989   1.439904   0.001000
 -0.260688  -0.100196  -0.761659   0.584704  -1.383793   1.502309   0.001000
 -0.260370  -0.105050  -0.770965   0.571651  -1.295985   1.433560   0.001000
 -0.260370  -0.105050  -0.770965   0.571651  -1.295985   1.433560   0.001000
 -0.249309  -0.115345  -0.757558   0.592154  -1.490387   1.558365   0.001000
 -0.250052  -0.100416  -0.769949   0.578420  -1.390435   1.678959   0.001000
 -0.250052  -0.100416  -0.769949   0.578420  -1.390435   1.678959   0.001000
 -0.250052  -0.100416  -0.769949   0.578420  -1.390435   1.678959   0.001000
 -0.274029  -0.096550  -0.769924   0.568158  -1.598265   1.581774   0.001000
 -0.283228  -0.094701  -0.749406   0.590936  -1.645604   1.396139   0.001000
 -0.266382  -0.105519  -0.762597   0.579959  -1.165396   1.436991   0.001000
 -0.293937  -0.087883  -0.772124   0.556509  -1.098680   1.665913   0.001000
 -0.275638  -0.093287  -0.755667   0.586761  -1.067243   1.547011   0.001000
 -0.240329  -0.101764  -0.784940   0.561921  -1.460092   1.593469   0.001000
 -0.253964  -0.126562  -0.761414   0.582866  -1.418982   1.620639   0.001000
 -0.253964  -0.126562  -0.761414   0.582866  -1.418982   1.620639   0.001000
 -0.253964  -0.126562  -0.761414   0.582866  -1.418982   1.620639   0.001000
 -0.253964  -0.126562  -0.761414   0.582866  -1.418982   1.620639   0.001000
 -0.199072  -0.118275  -0.761205   0.605763  -1.332617   1.674401   0.001000
 -0.261744  -0.111207  -0.765805   0.576772  -1.301422   1.607139   0.001000
 -0.261744  -0.111207  -0.765805   0.576772  -1.301422   1.607139   0.001000
 -0.261744  -0.111207  -0.765805   0.576772  -1.301422   1.607139   0.001000
 -0.261744  -0.111207  -0.765805   0.576772  -1.301422   1.607139   0.001000
 -0.261744  -0.111207  -0.765805   0.576772  -1.301422   1.607139   0.001000
 -0.261744  -0.111207  -0.765805   0.576772  -1.301422   1.607139   0.001000
 -0.271805  -0.118319  -0.765921   0.570515  -1.444922   1.679499   0.001000
 -0.271805  -0.118319  -0.765921   0.570515  -1.444922   1.679499   0.001000
 -0.246204  -0.125454  -0.775899   0.567120  -1.439525   1.724815   0.001000
 -0.268438  -0.118087  -0.748374   0.594922  -1.490016   1.683136   0.001000
 -0.268438  -0.118087  -0.748374   0.594922  -1.490016   1.683136   0.001000
 -0.268438  -0.118087  -0.748374   0.594922  -1.490016   1.683136   0.001000
 -0.268438  -0.118087  -0.748374   0.594922  -1.490016   1.683136   0.001000
 -0.262220  -0.104519  -0.764072   0.580096  -1.471654   1.646802   0.001000
 -0.262220  -0.104519  -0.764072   0.580096  -1.471654   1.646802   0.001000
 -0.262220  -0.104519  -0.764072   0.580096  -1.471654   1.646802   0.001000
 -0.262220  -0.104519  -0.764072   0.580096  -1.471654   1.646802   0.001000
 -0.262220  -0.104519  -0.764072   0.580096  -1.471654   1.646802   0.001000
 -0.262220  -0.104519  -0.764072   0.580096  -1.471654   1.646802   0.001000
 -0.262220  -0.104519  -0.764072   0.580096  -1.471654   1.646802   0.001000
 -0.262220  -0.104519  -0.764072   0.580096  -1.471654   1.646802   0.001000
 -0.262220  -0.104519  -0.764072   0.580096  -1.471654   1.646802   0.001000
 -0.262220  -0.104519  -0.764072   0.580096  -1.471654   1.646802   0.001000
 -0.262220  -0.104519  -0.764072   0.580096  -1.471654   1.646802   0.001000
 -0.262220  -0.104519  -0.764072   0.580096  -1.471654   1.646802   0.001000
 -0.262220  -0.104519  -0.764072   0.580096  -1.471654   1.646802   0.001000
 -0.262220  -0.104519  -0.764072   0.580096  -1.471654   1.646802   0.001000
 -0.262220  -0.104519  -0.764072   0.580096  -1.471654   1.646802   0.001000
 -0.262220  -0.104519  -0.764072   0.580096  -1.471654   1.646802   0.001000
 -0.262220  -0.104519  -0.764072   0.580096  -1.471654   1.646802   0.001000
 -0.262220  -0.104519  -0.764072   0.580096  -1.471654   1.646802   0.001000
 -0.262220  -0.104519  -0.764072   0.580096  -1.471654   1.646802   0.001000
 -0.262220  -0.104519  -0.764072   0.580096  -1.471654   1.646802   0.001000
 -0.262220  -0.104519  -0.764072   0.580096  -1.471654   1.646802   0.001000
 -0.262220  -0.104519  -0.764072   0.580096  -1.471654   1.646802   0.001000
 -0.262220  -0.104519  -0.764072   0.580096  -1.471654   1.646802   0.001000
 -0.262220  -0.104519  -0.764072   0.580096  -1.471654   1.646802   0.001000
 -0.262220  -0.104519  -0.764072   0.580096  -1.471654   1.646802   0.001000
 -0.262220  -0.104519  -0.764072   0.580096  -1.471654   1.646802   0.001000
 -0.262220  -0.104519  -0.764072   0.580096  -1.471654   1.646802   0.001000
 -0.262220  -0.104519  -0.764072   0.580096  -1.471654   1.646802   0.001000
 -0.262220  -0.104519  -0.764072   0.580096  -1.471654   1.646802   0.001000
 -0.262220  -0.104519  -0.764072   0.580096  -1.471654   1.646802   0.001000
 -0.262220  -0.104519  -0.764072   0.580096  -1.471654   1.646802   0.001000
 -0.262220  -0.104519  -0.764072   0.580096  -1.471654   1.646802   0.001000
 -0.248742  -0.108302  -0.769149   0.578626  -1.428238   1.739317   0.001000
 -0.248742  -0.108302  -0.769149   0.578626  -1.428238   1.739317   0.001000
 -0.248742  -0.108302  -0.769149   0.578626  -1.428238   1.739317   0.001000
 -0.248742  -0.108302  -0.769149   0.578626  -1.428238   1.739317   0.001000
 -0.248742  -0.108302  -0.769149   0.578626  -1.428238   1.739317   0.001000
 -0.270245  -0.096501  -0.773785   0.564723  -1.499716   1.771374   0.001000
 -0.270245  -0.096501  -0.773785   0.564723  -1.499716   1.771374   0.001000
 -0.270245  -0.096501  -0.773785   0.564723  -1.499716   1.771374   0.001000
 -0.270245  -0.096501  -0.773785   0.564723  -1.499716   1.771374   0.001000
 -0.270245  -0.096501  -0.773785   0.564723  -1.499716   1.771374   0.001000
 -0.270245  -0.096501  -0.773785   0.564723  -1.499716   1.771374   0.001000
 -0.270245  -0.096501  -0.773785   0.564723  -1.499716   1.771374   0.001000
 -0.270245  -0.096501  -0.773785   0.564723  -1.499716   1.771374   0.001000
 -0.270245  -0.096501  -0.773785   0.564723  -1.499716   1.771374   0.001000
 -0.270245  -0.096501  -0.773785   0.564723  -1.499716   1.771374   0.001000
 -0.270245  -0.096501  -0.773785   0.564723  -1.499716   1.771374   0.001000
 -0.270245  -0.096501  -0.773785   0.564723  -1.499716   1.771374   0.001000
 -0.270245  -0.096501  -0.773785   0.564723  -1.499716   1.771374   0.001000
 -0.263229  -0.110610  -0.761793   0.581505  -1.581169   1.534855   0.001000
 -0.263229  -0.110610  -0.761793   0.581505  -1.581169   1.534855   0.001000
 -0.263229  -0.110610  -0.761793   0.581505  -1.581169   1.534855   0.001000
 -0.263229  -0.110610  -0.761793   0.581505  -1.581169   1.534855   0.001000
 -0.263229  -0.110610  -0.761793   0.581505  -1.581169   1.534855   0.001000
 -0.263229  -0.110610  -0.761793   0.581505  -1.581169   1.534855   0.001000
 -0.263229  -0.110610  -0.761793   0.581505  -1.581169   1.534855   0.001000
 -0.263229  -0.110610  -0.761793   0.581505  -1.581169   1.534855   0.001000
 -0.263229  -0.110610  -0.761793   0.581505  -1.581169   1.534855   0.001000
 -0.263229  -0.110610  -0.761793   0.581505  -1.581169   1.534855   0.001000
 -0.263229  -0.110610  -0.761793   0.581505  -1.581169   1.534855   0.001000
 -0.263229  -0.110610  -0.761793   0.581505  -1.581169   1.534855   0.001000
 -0.263229  -0.110610  -0.761793   0.581505  -1.581169   1.534855   0.001000
 -0.263229  -0.110610  -0.761793   0.581505  -1.581169   1.534855   0.001000
 -0.263229  -0.110610  -0.761793   0.581505  -1.581169   1.534855   0.001000
 -0.263229  -0.110610  -0.761793   0.581505  -1.581169   1.534855   0.001000
 -0.263229  -0.110610  -0.761793   0.581505  -1.581169   1.534855   0.001000
 -0.263229  -0.110610  -0.761793   0.581505  -1.581169   1.534855   0.001000
 -0.263229  -0.110610  -0.761793   0.581505  -1.581169   1.534855   0.001000
 -0.263229  -0.110610  -0.761793   0.581505  -1.581169   1.534855   0.001000
 -0.263229  -0.110610  -0.761793   0.581505  -1.581169   1.534855   0.001000
 -0.263229  -0.110610  -0.761793   0.581505  -1.581169   1.534855   0.001000
 -0.263229  -0.110610  -0.761793   0.581505  -1.581169   1.534855   0.001000
 -0.263229  -0.110610  -0.761793   0.581505  -1.581169   1.534855   0.001000
 -0.263229  -0.110610  -0.761793   0.581505  -1.581169   1.534855   0.001000
 -0.263229  -0.110610  -0.761793   0.581505  -1.581169   1.534855   0.001000
 -0.263229  -0.110610  -0.761793   0.581505  -1.581169   1.534855   0.001000
 -0.263229  -0.110610  -0.761793   0.581505  -1.581169   1.534855   0.001000
 -0.263229  -0.110610  -0.761793   0.581505  -1.581169   1.534855   0.001000
 -0.263229  -0.110610  -0.761793   0.581505  -1.581169   1.534855   0.001000
 -0.263229  -0.110610  -0.761793   0.581505  -1.581169   1.534855   0.001000
 -0.263229  -0.110610  -0.761793   0.581505  -1.581169   1.534855   0.001000
 -0.263229  -0.110610  -0.761793   0.581505  -1.581169   1.534855   0.001000
 -0.263229  -0.110610  -0.761793   0.581505  -1.581169   1.534855   0.001000
 -0.263229  -0.110610  -0.761793   0.581505  -1.581169   1.534855   0.001000
 -0.263229  -0.110610  -0.761793   0.581505  -1.581169   1.534855   0.001000
 -0.263229  -0.110610  -0.761793   0.581505  -1.581169   1.534855   0.001000
 -0.263229  -0.110610  -0.761793   0.581505  -1.581169   1.534855   0.001000
 -0.263229  -0.110610  -0.761793   0.581505  -1.581169   1.534855   0.001000
 -0.263229  -0.110610  -0.761793   0.581505  -1.581169   1.534855   0.001000
 -0.263229  -0.110610  -0.761793   0.581505  -1.581169   1.534855   0.001000
 -0.263229  -0.110610  -0.761793   0.581505  -1.581169   1.534855   0.001000
 -0.263229  -0.110610  -0.761793   0.581505  -1.581169   1.534855   0.001000
 -0.263229  -0.110610  -0.761793   0.581505  -1.581169   1.534855   0.001000
 -0.263229  -0.110610  -0.761793   0.581505  -1.581169   1.534855   0.001000
 -0.256337  -0.109544  -0.789390   0.546950  -1.617763   1.637412   0.001000
 -0.266886  -0.094432  -0.771953   0.569160  -1.550413   1.583830   0.001000
 -0.266886  -0.094432  -0.771953   0.569160  -1.550413   1.583830   0.001000
 -0.259082  -0.096238  -0.762181   0.585402  -1.391513   1.644967   0.001000
 -0.259082  -0.096238  -0.762181   0.585402  -1.391513   1.644967   0.001000
 -0.259082  -0.096238  -0.762181   0.585402  -1.391513   1.644967   0.001000
 -0.259082  -0.096238  -0.762181   0.585402  -1.391513   1.644967   0.001000
 -0.262279  -0.098835  -0.764117   0.581005  -1.381415   1.574120   0.001000
 -0.262279  -0.098835  -0.764117   0.581005  -1.381415   1.574120   0.001000
 -0.256861  -0.096748  -0.770963   0.574699  -1.314181   1.609525   0.001000
 -0.256861  -0.096748  -0.770963   0.574699  -1.314181   1.609525   0.001000
 -0.256861  -0.096748  -0.770963   0.574699  -1.314181   1.609525   0.001000
 -0.256861  -0.096748  -0.770963   0.574699  -1.314181   1.609525   0.001000
 -0.256861  -0.096748  -0.770963   0.574699  -1.314181   1.609525   0.001000
 -0.256861  -0.096748  -0.770963   0.574699  -1.314181   1.609525   0.001000
 -0.256861  -0.096748  -0.770963   0.574699  -1.314181   1.609525   0.001000
 -0.230767  -0.165793  -0.697168   0.658191  -1.376716   1.553170   0.001000
 -0.255007  -0.105897  -0.760845   0.587258  -1.222619   1.657538   0.001000
 -0.255007  -0.105897  -0.760845   0.587258  -1.222619   1.657538   0.001000
 -0.255007  -0.105897  -0.760845   0.587258  -1.222619   1.657538   0.001000
 -0.255007  -0.105897  -0.760845   0.587258  -1.222619   1.657538   0.001000
 -0.255007  -0.105897  -0.760845   0.587258  -1.222619   1.657538   0.001000
 -0.255007  -0.105897  -0.760845   0.587258  -1.222619   1.657538   0.001000
 -0.255007  -0.105897  -0.760845   0.587258  -1.222619   1.657538   0.001000
 -0.267141  -0.090402  -0.774198   0.566639  -1.302500   1.612742   0.001000
 -0.267141  -0.090402  -0.774198   0.566639  -1.302500   1.612742   0.001000
 -0.267141  -0.090402  -0.774198   0.566639  -1.302500   1.612742   0.001000
 -0.267141  -0.090402  -0.774198   0.566639  -1.302500   1.612742   0.001000
 -0.274259  -0.094146  -0.761057   0.580267  -1.359506   1.643838   0.001000
 -0.274259  -0.094146  -0.761057   0.580267  -1.359506   1.643838   0.001000
 -0.274259  -0.094146  -0.761057   0.580267  -1.359506   1.643838   0.001000
 -0.274259  -0.094146  -0.761057   0.580267  -1.359506   1.643838   0.001000
 -0.274259  -0.094146  -0.761057   0.580267  -1.359506   1.643838   0.001000
 -0.274259  -0.094146  -0.761057   0.580267  -1.359506   1.643838   0.001000
 -0.274259  -0.094146  -0.761057   0.580267  -1.359506   1.643838   0.001000
 -0.274259  -0.094146  -0.761057   0.580267  -1.359506   1.643838   0.001000
 -0.263270  -0.093004  -0.769583   0.574266  -1.304545   1.490362   0.001000
 -0.237617  -0.118192  -0.754145   0.600694  -1.278581   1.563450   0.001000
 -0.237617  -0.118192  -0.754145   0.600694  -1.278581   1.563450   0.001000
 -0.260714  -0.123251  -0.771106   0.567655  -1.305146   1.579653   0.001000
 -0.260714  -0.123251  -0.771106   0.567655  -1.305146   1.579653   0.001000
 -0.260714  -0.123251  -0.771106   0.567655  -1.305146   1.579653   0.001000
 -0.263965  -0.115785  -0.759909   0.582627  -1.259970   1.686464   0.001000
 -0.263965  -0.115785  -0.759909   0.582627  -1.259970   1.686464   0.001000
 -0.263965  -0.115785  -0.759909   0.582627  -1.259970   1.686464   0.001000
 -0.263965  -0.115785  -0.759909   0.582627  -1.259970   1.686464   0.001000
 -0.263965  -0.115785  -0.759909   0.582627  -1.259970   1.686464   0.001000
 -0.263965  -0.115785  -0.759909   0.582627  -1.259970   1.686464   0.001000
 -0.263965  -0.115785  -0.759909   0.582627  -1.259970   1.686464   0.001000
 -0.263965  -0.115785  -0.759909   0.582627  -1.259970   1.686464   0.001000
 -0.263965  -0.115785  -0.759909   0.582627  -1.259970   1.686464   0.001000
 -0.263965  -0.115785  -0.759909   0.582627  -1.259970   1.686464   0.001000
 -0.263965  -0.115785  -0.759909   0.582627  -1.259970   1.686464   0.001000
 -0.263965  -0.115785  -0.759909   0.582627  -1.259970   1.686464   0.001000
 -0.263965  -0.115785  -0.759909   0.582627  -1.259970   1.686464   0.001000
 -0.263965  -0.115785  -0.759909   0.582627  -1.259970   1.686464   0.001000
 -0.263965  -0.115785  -0.759909   0.582627  -1.259970   1.686464   0.001000
 -0.263965  -0.115785  -0.759909   0.582627  -1.259970   1.686464   0.001000
 -0.263965  -0.115785  -0.759909   0.582627  -1.259970   1.686464   0.001000
 -0.263965  -0.115785  -0.759909   0.582627  -1.259970   1.686464   0.001000
 -0.263965  -0.115785  -0.759909   0.582627  -1.259970   1.686464   0.001000
 -0.259524  -0.117153  -0.768092   0.573548  -1.524362   1.606113   0.001000
 -0.259524  -0.117153  -0.768092   0.573548  -1.524362   1.606113   0.001000
 -0.206042  -0.139659  -0.800986   0.544485  -1.462365   1.536800   0.001000
 -0.217429  -0.116088  -0.758864   0.602805  -1.582831   1.570879   0.001000
 -0.267945  -0.131956  -0.754507   0.584391  -1.502905   1.496900   0.001000
 -0.232652  -0.096122  -0.764861   0.592976  -1.640154   1.417276   0.001000
 -0.257646  -0.130939  -0.769237   0.569867  -1.361393   1.446216   0.001000
 -0.255647  -0.112274  -0.775950   0.565633  -1.506961   1.554414   0.001000
 -0.255647  -0.112274  -0.775950   0.565633  -1.506961   1.554414   0.001000
 -0.255647  -0.112274  -0.775950   0.565633  -1.506961   1.554414   0.001000
 -0.246656  -0.119202  -0.750438   0.601494  -1.361511   1.542510   0.001000
 -0.273392  -0.104483  -0.764471   0.574391  -1.449735   1.495527   0.001000
 -0.273392  -0.104483  -0.764471   0.574391  -1.449735   1.495527   0.001000
 -0.273392  -0.104483  -0.764471   0.574391  -1.449735   1.495527   0.001000
 -0.273392  -0.104483  -0.764471   0.574391  -1.449735   1.495527   0.001000
 -0.271381  -0.094292  -0.768559   0.571645  -1.347646   1.642475   0.001000
 -0.271381  -0.094292  -0.768559   0.571645  -1.347646   1.642475   0.001000
 -0.271381  -0.094292  -0.768559   0.571645  -1.347646   1.642475   0.001000
 -0.271381  -0.094292  -0.768559   0.571645  -1.347646   1.642475   0.001000
 -0.271381  -0.094292  -0.768559   0.571645  -1.347646   1.642475   0.001000
 -0.271381  -0.094292  -0.768559   0.571645  -1.347646   1.642475   0.001000
 -0.271381  -0.094292  -0.768559   0.571645  -1.347646   1.642475   0.001000
 -0.271381  -0.094292  -0.768559   0.571645  -1.347646   1.642475   0.001000
 -0.271381  -0.094292  -0.768559   0.571645  -1.347646   1.642475   0.001000
 -0.271381  -0.094292  -0.768559   0.571645  -1.347646   1.642475   0.001000
 -0.271381  -0.094292  -0.768559   0.571645  -1.347646   1.642475   0.001000
 -0.253350  -0.107009  -0.765995   0.581047  -1.342820   1.663872   0.001000
 -0.255349  -0.113440  -0.775251   0.566493  -1.536291   1.489580   0.001000
 -0.255349  -0.113440  -0.775251   0.566493  -1.536291   1.489580   0.001000
 -0.255349  -0.113440  -0.775251   0.566493  -1.536291   1.489580   0.001000
 -0.263987  -0.110615  -0.775726   0.562427  -1.404308   1.303864   0.001000
 -0.263987  -0.110615  -0.775726   0.562427  -1.404308   1.303864   0.001000
 -0.256277  -0.119088  -0.774358   0.566136  -1.444474   1.441851   0.001000
 -0.256277  -0.119088  -0.774358   0.566136  -1.444474   1.441851   0.001000
 -0.256277  -0.119088  -0.774358   0.566136  -1.444474   1.441851   0.001000
 -0.256277  -0.119088  -0.774358   0.566136  -1.444474   1.441851   0.001000
 -0.256277  -0.119088  -0.774358   0.566136  -1.444474   1.441851   0.001000
 -0.256277  -0.119088  -0.774358   0.566136  -1.444474   1.441851   0.001000
 -0.264477  -0.106648  -0.776765   0.561529  -1.509461   1.352784   0.001000
 -0.264477  -0.106648  -0.776765   0.561529  -1.509461   1.352784   0.001000
 -0.264477  -0.106648  -0.776765   0.561529  -1.509461   1.352784   0.001000
 -0.264477  -0.106648  -0.776765   0.561529  -1.509461   1.352784   0.001000
 -0.264477  -0.106648  -0.776765   0.561529  -1.509461   1.352784   0.001000
 -0.264477  -0.106648  -0.776765   0.561529  -1.509461   1.352784   0.001000
 -0.264477  -0.106648  -0.776765   0.561529  -1.509461   1.352784   0.001000
 -0.264477  -0.106648  -0.776765   0.561529  -1.509461   1.352784   0.001000
 -0.264477  -0.106648  -0.776765   0.561529  -1.509461   1.352784   0.001000
 -0.264477  -0.106648  -0.776765   0.561529  -1.509461   1.352784   0.001000
 -0.264477  -0.106648  -0.776765   0.561529  -1.509461   1.352784   0.001000
 -0.264477  -0.106648  -0.776765   0.561529  -1.509461   1.352784   0.001000
 -0.265991  -0.112919  -0.774936   0.562114  -1.429653   1.538490   0.001000
 -0.265991  -0.112919  -0.774936   0.562114  -1.429653   1.538490   0.001000
 -0.266152  -0.103256  -0.764724   0.577666  -1.269367   1.533399   0.001000
 -0.266152  -0.103256  -0.764724   0.577666  -1.269367   1.533399   0.001000
 -0.251387  -0.102355  -0.768649   0.579229  -1.714203   1.781687   0.001000
 -0.277993  -0.113435  -0.771060   0.561532  -1.870540   1.563710   0.001000
 -0.247261  -0.115014  -0.757617   0.593001  -1.715097   1.223263   0.001000
 -0.267521  -0.115065  -0.774681   0.561304  -1.848511   1.302234   0.001000
 -0.265304  -0.106943  -0.763658   0.578795  -1.811642   1.418689   0.001000
 -0.265304  -0.106943  -0.763658   0.578795  -1.811642   1.418689   0.001000
 -0.265304  -0.106943  -0.763658   0.578795  -1.811642   1.418689   0.001000
 -0.265304  -0.106943  -0.763658   0.578795  -1.811642   1.418689   0.001000
 -0.246999  -0.117007  -0.758662   0.591381  -1.782555   1.359777   0.001000
 -0.264666  -0.118634  -0.761448   0.579720  -1.630917   1.720236   0.001000
 -0.264666  -0.118634  -0.761448   0.579720  -1.630917   1.720236   0.001000
 -0.271474  -0.103175  -0.768682   0.569899  -1.239456   1.621134   0.001000
 -0.271474  -0.103175  -0.768682   0.569899  -1.239456   1.621134   0.001000
 -0.258044  -0.111800  -0.770352   0.572251  -1.309634   1.506072   0.001000
 -0.258044  -0.111800  -0.770352   0.572251  -1.309634   1.506072   0.001000
 -0.258044  -0.111800  -0.770352   0.572251  -1.309634   1.506072   0.001000
 -0.213454  -0.078829  -0.767944   0.598736  -1.328050   1.413348   0.001000
 -0.263803  -0.110735  -0.744401   0.603335  -0.707044   1.866690   0.001000
 -0.282130  -0.113756  -0.768726   0.562603  -1.338753   1.459476   0.001000
 -0.282130  -0.113756  -0.768726   0.562603  -1.338753   1.459476   0.001000
 -0.263511  -0.083799  -0.765957   0.580387  -1.160658   1.490209   0.001000
 -0.276435  -0.102642  -0.759352   0.580029  -1.398784   1.389890   0.001000
 -0.276435  -0.102642  -0.759352   0.580029  -1.398784   1.389890   0.001000
 -0.276435  -0.102642  -0.759352   0.580029  -1.398784   1.389890   0.001000
 -0.276435  -0.102642  -0.759352   0.580029  -1.398784   1.389890   0.001000
 -0.276435  -0.102642  -0.759352   0.580029  -1.398784   1.389890   0.001000
 -0.276435  -0.102642  -0.759352   0.580029  -1.398784   1.389890   0.001000
 -0.276435  -0.102642  -0.759352   0.580029  -1.398784   1.389890   0.001000
 -0.276435  -0.102642  -0.759352   0.580029  -1.398784   1.389890   0.001000
 -0.276435  -0.102642  -0.759352   0.580029  -1.398784   1.389890   0.001000
 -0.269935  -0.110528  -0.773403   0.562820  -1.431786   1.433907   0.001000
 -0.243510  -0.106710  -0.779230   0.567554  -1.123820   1.660520   0.001000
 -0.266025  -0.127332  -0.767664   0.568954  -1.331336   1.677073   0.001000
 -0.266025  -0.127332  -0.767664   0.568954  -1.331336   1.677073   0.001000
 -0.267436  -0.122991  -0.764315   0.573737  -0.900869   1.685412   0.001000
 -0.261348  -0.111486  -0.758964   0.585868  -0.991498   1.588629   0.001000
 -0.261348  -0.111486  -0.758964   0.585868  -0.991498   1.588629   0.001000
 -0.261348  -0.111486  -0.758964   0.585868  -0.991498   1.588629   0.001000
 -0.261348  -0.111486  -0.758964   0.585868  -0.991498   1.588629   0.001000
 -0.261348  -0.111486  -0.758964   0.585868  -0.991498   1.588629   0.001000
 -0.261348  -0.111486  -0.758964   0.585868  -0.991498   1.588629   0.001000
 -0.266665  -0.138185  -0.762416   0.573163  -1.057416   1.700600   0.001000
 -0.266665  -0.138185  -0.762416   0.573163  -1.057416   1.700600   0.001000
 -0.252934  -0.150782  -0.741038   0.603450  -1.243383   1.588385   0.001000
 -0.252934  -0.150782  -0.741038   0.603450  -1.243383   1.588385   0.001000
 -0.265236  -0.108995  -0.760338   0.582800  -1.125915   1.627511   0.001000
 -0.265236  -0.108995  -0.760338   0.582800  -1.125915   1.627511   0.001000
 -0.265236  -0.108995  -0.760338   0.582800  -1.125915   1.627511   0.001000
 -0.265236  -0.108995  -0.760338   0.582800  -1.125915   1.627511   0.001000
 -0.265236  -0.108995  -0.760338   0.582800  -1.125915   1.627511   0.001000
 -0.265236  -0.108995  -0.760338   0.582800  -1.125915   1.627511   0.001000
 -0.265236  -0.108995  -0.760338   0.582800  -1.125915   1.627511   0.001000
 -0.265236  -0.108995  -0.760338   0.582800  -1.125915   1.627511   0.001000
 -0.265236  -0.108995  -0.760338   0.582800  -1.125915   1.627511   0.001000
 -0.265236  -0.108995  -0.760338   0.582800  -1.125915   1.627511   0.001000
 -0.265236  -0.108995  -0.760338   0.582800  -1.125915   1.627511   0.001000
 -0.265236  -0.108995  -0.760338   0.582800  -1.125915   1.627511   0.001000
 -0.265236  -0.108995  -0.760338   0.582800  -1.125915   1.627511   0.001000
 -0.265236  -0.108995  -0.760338   0.582800  -1.125915   1.627511   0.001000
 -0.265236  -0.108995  -0.760338   0.582800  -1.125915   1.627511   0.001000
 -0.265236  -0.108995  -0.760338   0.582800  -1.125915   1.627511   0.001000
 -0.265236  -0.108995  -0.760338   0.582800  -1.125915   1.627511   0.001000
 -0.265236  -0.108995  -0.760338   0.582800  -1.125915   1.627511   0.001000
 -0.265236  -0.108995  -0.760338   0.582800  -1.125915   1.627511   0.001000
 -0.265236  -0.108995  -0.760338   0.582800  -1.125915   1.627511   0.001000
 -0.265236  -0.108995  -0.760338   0.582800  -1.125915   1.627511   0.001000
 -0.265236  -0.108995  -0.760338   0.582800  -1.125915   1.627511   0.001000
 -0.265236  -0.108995  -0.760338   0.582800  -1.125915   1.627511   0.001000
 -0.265236  -0.108995  -0.760338   0.582800  -1.125915   1.627511   0.001000
 -0.265236  -0.108995  -0.760338   0.582800  -1.125915   1.627511   0.001000
 -0.265236  -0.108995  -0.760338   0.582800  -1.125915   1.627511   0.001000
 -0.265236  -0.108995  -0.760338   0.582800  -1.125915   1.627511   0.001000
 -0.265236  -0.108995  -0.760338   0.582800  -1.125915   1.627511   0.001000
 -0.265236  -0.108995  -0.760338   0.582800  -1.125915   1.627511   0.001000
 -0.265236  -0.108995  -0.760338   0.582800  -1.125915   1.627511   0.001000
 -0.265236  -0.108995  -0.760338   0.582800  -1.125915   1.627511   0.001000
 -0.265236  -0.108995  -0.760338   0.582800  -1.125915   1.627511   0.001000
 -0.265236  -0.108995  -0.760338   0.582800  -1.125915   1.627511   0.001000
 -0.265236  -0.108995  -0.760338   0.582800  -1.125915   1.627511   0.001000
 -0.265236  -0.108995  -0.760338   0.582800  -1.125915   1.627511   0.001000
 -0.265236  -0.108995  -0.760338   0.582800  -1.125915   1.627511   0.001000
 -0.265236  -0.108995  -0.760338   0.582800  -1.125915   1.627511   0.001000
 -0.265236  -0.108995  -0.760338   0.582800  -1.125915   1.627511   0.001000
 -0.265236  -0.108995  -0.760338   0.582800  -1.125915   1.627511   0.001000
 -0.265236  -0.108995  -0.760338   0.582800  -1.125915   1.627511   0.001000
 -0.265236  -0.108995  -0.760338   0.582800  -1.125915   1.627511   0.001000
 -0.265236  -0.108995  -0.760338   0.582800  -1.125915   1.627511   0.001000
 -0.265236  -0.108995  -0.760338   0.582800  -1.125915   1.627511   0.001000
 -0.265236  -0.108995  -0.760338   0.582800  -1.125915   1.627511   0.001000
 -0.265236  -0.108995  -0.760338   0.582800  -1.125915   1.627511   0.001000
 -0.265236  -0.108995  -0.760338   0.582800  -1.125915   1.627511   0.001000
 -0.265236  -0.108995  -0.760338   0.582800  -1.125915   1.627511   0.001000
 -0.265236  -0.108995  -0.760338   0.582800  -1.125915   1.627511   0.001000
 -0.265236  -0.108995  -0.760338   0.582800  -1.125915   1.627511   0.001000
 -0.265236  -0.108995  -0.760338   0.582800  -1.125915   1.627511   0.001000
 -0.265236  -0.108995  -0.760338   0.582800  -1.125915   1.627511   0.001000
 -0.259366  -0.109201  -0.772624   0.569084  -0.965096   1.389821   0.001000
 -0.259366  -0.109201  -0.772624   0.569084  -0.965096   1.389821   0.001000
 -0.259366  -0.109201  -0.772624   0.569084  -0.965096   1.389821   0.001000
 -0.259366  -0.109201  -0.772624   0.569084  -0.965096   1.389821   0.001000
 -0.242693  -0.120976  -0.760165   0.590436  -1.773474   1.628753   0.001000
 -0.255239  -0.096431  -0.760027   0.589842  -1.883430   1.621798   0.001000
 -0.266272  -0.099229  -0.775534   0.563737  -1.780495   1.675967   0.001000
 -0.266272  -0.099229  -0.775534   0.563737  -1.780495   1.675967   0.001000
 -0.266272  -0.099229  -0.775534   0.563737  -1.780495   1.675967   0.001000
 -0.266272  -0.099229  -0.775534   0.563737  -1.780495   1.675967   0.001000
 -0.243330  -0.095894  -0.780255   0.568152  -0.936820   1.377247   0.001000
 -0.258204  -0.108702  -0.776506   0.564405  -0.767174   1.453513   0.001000
 -0.258204  -0.108702  -0.776506   0.564405  -0.767174   1.453513   0.001000
 -0.253721  -0.118199  -0.751314   0.597648  -0.782170   1.316384   0.001000
 -0.253721  -0.118199  -0.751314   0.597648  -0.782170   1.316384   0.001000
 -0.253721  -0.118199  -0.751314   0.597648  -0.782170   1.316384   0.001000
 -0.241159  -0.131318  -0.775192   0.568924  -1.160269   1.305207   0.001000
 -0.249654  -0.128270  -0.772365   0.569800  -1.213880   1.527163   0.001000
 -0.252811  -0.129360  -0.775058   0.564480  -1.071503   1.732781   0.001000
 -0.250905  -0.100439  -0.771213   0.576359  -1.310311   1.601044   0.001000
 -0.251685  -0.136669  -0.750757   0.595265  -1.456198   1.454695   0.001000
 -0.251685  -0.136669  -0.750757   0.595265  -1.456198   1.454695   0.001000
 -0.251685  -0.136669  -0.750757   0.595265  -1.456198   1.454695   0.001000
 -0.316389  -0.100144  -0.753288   0.567825  -1.612276   1.446343   0.001000
 -0.316389  -0.100144  -0.753288   0.567825  -1.612276   1.446343   0.001000
 -0.218622  -0.147154  -0.784110   0.561891  -1.825597   1.441615   0.001000
 -0.218622  -0.147154  -0.784110   0.561891  -1.825597   1.441615   0.001000
 -0.256449  -0.136289  -0.763668   0.576603  -1.685290   1.445456   0.001000
 -0.239365  -0.079376  -0.776946   0.576853  -1.766802   1.507990   0.001000
 -0.262290  -0.144995  -0.758423   0.578770  -1.708049   1.513479   0.001000
 -0.277786  -0.112242  -0.768242   0.565721  -1.664427   1.473846   0.001000
 -0.277786  -0.112242  -0.768242   0.565721  -1.664427   1.473846   0.001000
 -0.251810  -0.129397  -0.738996   0.611337  -1.608768   1.541493   0.001000
 -0.251810  -0.129397  -0.738996   0.611337  -1.608768   1.541493   0.001000
 -0.276148  -0.096815  -0.775686   0.559178  -1.582802   1.554901   0.001000
 -0.262593  -0.110838  -0.775704   0.563066  -1.614121   1.399537   0.001000
 -0.264268  -0.083069  -0.757753   0.590824  -1.662415   1.561089   0.001000
 -0.274119  -0.109465  -0.759815   0.579273  -1.800074   1.325757   0.001000
 -0.266473  -0.112884  -0.763009   0.577985  -1.479751   1.988259   0.001000
 -0.247059  -0.110716  -0.776641   0.568799  -1.650571   1.737091   0.001000
 -0.268156  -0.114243  -0.754005   0.588657  -1.706994   1.781559   0.001000
 -0.268156  -0.114243  -0.754005   0.588657  -1.706994   1.781559   0.001000
 -0.258333  -0.105764  -0.775914   0.565716  -1.687190   1.718725   0.001000
 -0.255591  -0.111471  -0.766475   0.578588  -1.702289   1.719086   0.001000
 -0.255591  -0.111471  -0.766475   0.578588  -1.702289   1.719086   0.001000
 -0.255591  -0.111471  -0.766475   0.578588  -1.702289   1.719086   0.001000
 -0.255591  -0.111471  -0.766475   0.578588  -1.702289   1.719086   0.001000
 -0.255591  -0.111471  -0.766475   0.578588  -1.702289   1.719086   0.001000
 -0.245603  -0.115111  -0.772093   0.574718  -1.666517   1.629428   0.001000
 -0.271555  -0.107722  -0.768941   0.568669  -1.497684   1.412449   0.001000
 -0.271555  -0.107722  -0.768941   0.568669  -1.497684   1.412449   0.001000
 -0.252567  -0.115743  -0.757300   0.591025  -2.248905   1.780381   0.001000
 -0.267868  -0.369286  -0.745559   0.485815  -1.336969   1.396577   0.001000
 -0.244416  -0.114312  -0.752249   0.601095  -1.840571   1.460527   0.001000
 -0.250850  -0.117242  -0.765973   0.580185  -1.801312   1.451347   0.001000
 -0.257577  -0.081238  -0.768140   0.580531  -1.477778   1.723144   0.001000
 -0.257577  -0.081238  -0.768140   0.580531  -1.477778   1.723144   0.001000
 -0.276026  -0.108332  -0.763912   0.573160  -1.464757   1.846422   0.001000
 -0.251566  -0.103788  -0.772309   0.574004  -1.671446   1.463703   0.001000
 -0.251566  -0.103788  -0.772309   0.574004  -1.671446   1.463703   0.001000
 -0.255536  -0.117323  -0.774634   0.566461  -1.624059   1.518498   0.001000
 -0.255536  -0.117323  -0.774634   0.566461  -1.624059   1.518498   0.001000
 -0.245055  -0.127354  -0.757893   0.591040  -1.173797   1.493833   0.001000
 -0.245055  -0.127354  -0.757893   0.591040  -1.173797   1.493833   0.001000
 -0.245055  -0.127354  -0.757893   0.591040  -1.173797   1.493833   0.001000
 -0.256488  -0.120012  -0.761582   0.582926  -1.285166   1.813458   0.001000
 -0.257923  -0.109087  -0.762423   0.583340  -1.503032   1.396295   0.001000
 -0.257923  -0.109087  -0.762423   0.583340  -1.503032   1.396295   0.001000
 -0.257923  -0.109087  -0.762423   0.583340  -1.503032   1.396295   0.001000
 -0.257923  -0.109087  -0.762423   0.583340  -1.503032   1.396295   0.001000
 -0.257923  -0.109087  -0.762423   0.583340  -1.503032   1.396295   0.001000
 -0.243802  -0.120989  -0.766676   0.581489  -1.290436   1.398977   0.001000
 -0.243802  -0.120989  -0.766676   0.581489  -1.290436   1.398977   0.001000
 -0.262619  -0.146597  -0.762002   0.573492  -1.232617   1.583948   0.001000
 -0.259092  -0.122167  -0.764783   0.577109  -1.375887   1.508582   0.001000
 -0.259092  -0.122167  -0.764783   0.577109  -1.375887   1.508582   0.001000
 -0.255074  -0.117930  -0.768206   0.575230  -1.535913   1.434913   0.001000
 -0.261274  -0.123410  -0.762761   0.578533  -1.533339   1.595289   0.001000
 -0.266987  -0.117566  -0.785744   0.545438  -1.537088   1.593584   0.001000
 -0.264134  -0.111007  -0.763549   0.578708  -1.291937   1.390102   0.001000
 -0.264134  -0.111007  -0.763549   0.578708  -1.291937   1.390102   0.001000
 -0.264134  -0.111007  -0.763549   0.578708  -1.291937   1.390102   0.001000
 -0.264134  -0.111007  -0.763549   0.578708  -1.291937   1.390102   0.001000
 -0.264134  -0.111007  -0.763549   0.578708  -1.291937   1.390102   0.001000
 -0.264134  -0.111007  -0.763549   0.578708  -1.291937   1.390102   0.001000
 -0.264134  -0.111007  -0.763549   0.578708  -1.291937   1.390102   0.001000
 -0.264134  -0.111007  -0.763549   0.578708  -1.291937   1.390102   0.001000
 -0.264134  -0.111007  -0.763549   0.578708  -1.291937   1.390102   0.001000
 -0.264134  -0.111007  -0.763549   0.578708  -1.291937   1.390102   0.001000
 -0.264134  -0.111007  -0.763549   0.578708  -1.291937   1.390102   0.001000
 -0.264134  -0.111007  -0.763549   0.578708  -1.291937   1.390102   0.001000
 -0.264134  -0.111007  -0.763549   0.578708  -1.291937   1.390102   0.001000
 -0.264134  -0.111007  -0.763549   0.578708  -1.291937   1.390102   0.001000
 -0.264134  -0.111007  -0.763549   0.578708  -1.291937   1.390102   0.001000
 -0.264134  -0.111007  -0.763549   0.578708  -1.291937   1.390102   0.001000
 -0.264134  -0.111007  -0.763549   0.578708  -1.291937   1.390102   0.001000
 -0.264134  -0.111007  -0.763549   0.578708  -1.291937   1.390102   0.001000
 -0.264134  -0.111007  -0.763549   0.578708  -1.291937   1.390102   0.001000
 -0.264134  -0.111007  -0.763549   0.578708  -1.291937   1.390102   0.001000
 -0.264134  -0.111007  -0.763549   0.578708  -1.291937   1.390102   0.001000
 -0.264134  -0.111007  -0.763549   0.578708  -1.291937   1.390102   0.001000
 -0.264134  -0.111007  -0.763549   0.578708  -1.291937   1.390102   0.001000
 -0.264134  -0.111007  -0.763549   0.578708  -1.291937   1.390102   0.001000
 -0.264134  -0.111007  -0.763549   0.578708  -1.291937   1.390102   0.001000
 -0.264134  -0.111007  -0.763549   0.578708  -1.291937   1.390102   0.001000
 -0.264134  -0.111007  -0.763549   0.578708  -1.291937   1.390102   0.001000
 -0.264134  -0.111007  -0.763549   0.578708  -1.291937   1.390102   0.001000
 -0.264134  -0.111007  -0.763549   0.578708  -1.291937   1.390102   0.001000
 -0.264134  -0.111007  -0.763549   0.578708  -1.291937   1.390102   0.001000
 -0.264134  -0.111007  -0.763549   0.578708  -1.291937   1.390102   0.001000
 -0.264134  -0.111007  -0.763549   0.578708  -1.291937   1.390102   0.001000
 -0.264134  -0.111007  -0.763549   0.578708  -1.291937   1.390102   0.001000
 -0.264134  -0.111007  -0.763549   0.578708  -1.291937   1.390102   0.001000
 -0.264134  -0.111007  -0.763549   0.578708  -1.291937   1.390102   0.001000
 -0.264134  -0.111007  -0.763549   0.578708  -1.291937   1.390102   0.001000
 -0.264134  -0.111007  -0.763549   0.578708  -1.291937   1.390102   0.001000
 -0.264134  -0.111007  -0.763549   0.578708  -1.291937   1.390102   0.001000
 -0.264134  -0.111007  -0.763549   0.578708  -1.291937   1.390102   0.001000
 -0.264134  -0.111007  -0.763549   0.578708  -1.291937   1.390102   0.001000
 -0.264134  -0.111007  -0.763549   0.578708  -1.291937   1.390102   0.001000
 -0.264134  -0.111007  -0.763549   0.578708  -1.291937   1.390102   0.001000
 -0.264134  -0.111007  -0.763549   0.578708  -1.291937   1.390102   0.001000
 -0.264134  -0.111007  -0.763549   0.578708  -1.291937   1.390102   0.001000
 -0.264134  -0.111007  -0.763549   0.578708  -1.291937   1.390102   0.001000
 -0.264134  -0.111007  -0.763549   0.578708  -1.291937   1.390102   0.001000
 -0.264134  -0.111007  -0.763549   0.578708  -1.291937   1.390102   0.001000
 -0.264134  -0.111007  -0.763549   0.578708  -1.291937   1.390102   0.001000
 -0.264134  -0.111007  -0.763549   0.578708  -1.291937   1.390102   0.001000
 -0.264134  -0.111007  -0.763549   0.578708  -1.291937   1.390102   0.001000
 -0.264134  -0.111007  -0.763549   0.578708  -1.291937   1.390102   0.001000
 -0.264134  -0.111007  -0.763549   0.578708  -1.291937   1.390102   0.001000
 -0.264134  -0.111007  -0.763549   0.578708  -1.291937   1.390102   0.001000
 -0.264134  -0.111007  -0.763549   0.578708  -1.291937   1.390102   0.001000
 -0.264134  -0.111007  -0.763549   0.578708  -1.291937   1.390102   0.001000
 -0.264134  -0.111007  -0.763549   0.578708  -1.291937   1.390102   0.001000
 -0.264134  -0.111007  -0.763549   0.578708  -1.291937   1.390102   0.001000
 -0.264134  -0.111007  -0.763549   0.578708  -1.291937   1.390102   0.001000
 -0.264134  -0.111007  -0.763549   0.578708  -1.291937   1.390102   0.001000
 -0.264134  -0.111007  -0.763549   0.578708  -1.291937   1.390102   0.001000
 -0.264134  -0.111007  -0.763549   0.578708  -1.291937   1.390102   0.001000
 -0.264134  -0.111007  -0.763549   0.578708  -1.291937   1.390102   0.001000
 -0.264134  -0.111007  -0.763549   0.578708  -1.291937   1.390102   0.001000
 -0.264134  -0.111007  -0.763549   0.578708  -1.291937   1.390102   0.001000
 -0.264134  -0.111007  -0.763549   0.578708  -1.291937   1.390102   0.001000
 -0.264134  -0.111007  -0.763549   0.578708  -1.291937   1.390102   0.001000
 -0.264134  -0.111007  -0.763549   0.578708  -1.291937   1.390102   0.001000
 -0.264134  -0.111007  -0.763549   0.578708  -1.291937   1.390102   0.001000
 -0.264134  -0.111007  -0.763549   0.578708  -1.291937   1.390102   0.001000
 -0.264134  -0.111007  -0.763549   0.578708  -1.291937   1.390102   0.001000
 -0.264134  -0.111007  -0.763549   0.578708  -1.291937   1.390102   0.001000
 -0.264134  -0.111007  -0.763549   0.578708  -1.291937   1.390102   0.001000
 -0.264134  -0.111007  -0.763549   0.578708  -1.291937   1.390102   0.001000
 -0.264134  -0.111007  -0.763549   0.578708  -1.291937   1.390102   0.001000
 -0.264134  -0.111007  -0.763549   0.578708  -1.291937   1.390102   0.001000
 -0.264134  -0.111007  -0.763549   0.578708  -1.291937   1.390102   0.001000
 -0.264134  -0.111007  -0.763549   0.578708  -1.291937   1.390102   0.001000
 -0.289382  -0.104993  -0.737463   0.601151  -1.614962   1.519900   0.001000
 -0.254235  -0.111490  -0.765440   0.580548  -1.755075   1.711363   0.001000
 -0.250270  -0.118944  -0.770504   0.574056  -1.468145   1.228030   0.001000
 -0.250270  -0.118944  -0.770504   0.574056  -1.468145   1.228030   0.001000
 -0.250270  -0.118944  -0.770504   0.574056  -1.468145   1.228030   0.001000
 -0.250270  -0.118944  -0.770504   0.574056  -1.468145   1.228030   0.001000
 -0.264824  -0.105778  -0.761996   0.581414  -1.669733   1.524480   0.001000
 -0.264824  -0.105778  -0.761996   0.581414  -1.669733   1.524480   0.001000
 -0.264824  -0.105778  -0.761996   0.581414  -1.669733   1.524480   0.001000
 -0.264824  -0.105778  -0.761996   0.581414  -1.669733   1.524480   0.001000
 -0.264824  -0.105778  -0.761996   0.581414  -1.669733   1.524480   0.001000
 -0.264824  -0.105778  -0.761996   0.581414  -1.669733   1.524480   0.001000
 -0.263616  -0.097343  -0.767491   0.576185  -2.089036   1.627722   0.001000
 -0.259676  -0.107655  -0.768622   0.574630  -2.042747   1.497907   0.001000
 -0.259676  -0.107655  -0.768622   0.574630  -2.042747   1.497907   0.001000
 -0.270370  -0.093111  -0.769686   0.570801  -2.098691   1.462755   0.001000
 -0.260289  -0.114039  -0.764128   0.579097  -1.466727   1.809003   0.001000
 -0.260289  -0.114039  -0.764128   0.579097  -1.466727   1.809003   0.001000
 -0.256102  -0.119121  -0.777911   0.561317  -1.214037   1.787704   0.001000
 -0.263644  -0.099546  -0.761752   0.583366  -1.396325   1.733144   0.001000
 -0.261252  -0.112202  -0.757111   0.588168  -1.431044   1.649434   0.001000
 -0.261252  -0.112202  -0.757111   0.588168  -1.431044   1.649434   0.001000
 -0.245128  -0.126458  -0.770787   0.574289  -1.507570   1.608421   0.001000
 -0.290819  -0.118145  -0.747920   0.584877  -0.947458   1.377134   0.001000
 -0.261995  -0.092298  -0.760957   0.586331  -0.952946   1.319987   0.001000
 -0.269998  -0.100621  -0.767797   0.572245  -1.372791   1.394972   0.001000
 -0.269998  -0.100621  -0.767797   0.572245  -1.372791   1.394972   0.001000
 -0.269998  -0.100621  -0.767797   0.572245  -1.372791   1.394972   0.001000
 -0.269998  -0.100621  -0.767797   0.572245  -1.372791   1.394972   0.001000
 -0.269998  -0.100621  -0.767797   0.572245  -1.372791   1.394972   0.001000
 -0.269998  -0.100621  -0.767797   0.572245  -1.372791   1.394972   0.001000
 -0.269998  -0.100621  -0.767797   0.572245  -1.372791   1.394972   0.001000
 -0.269998  -0.100621  -0.767797   0.572245  -1.372791   1.394972   0.001000
 -0.269998  -0.100621  -0.767797   0.572245  -1.372791   1.394972   0.001000
 -0.269998  -0.100621  -0.767797   0.572245  -1.372791   1.394972   0.001000
 -0.269998  -0.100621  -0.767797   0.572245  -1.372791   1.394972   0.001000
 -0.269998  -0.100621  -0.767797   0.572245  -1.372791   1.394972   0.001000
 -0.269998  -0.100621  -0.767797   0.572245  -1.372791   1.394972   0.001000
 -0.269998  -0.100621  -0.767797   0.572245  -1.372791   1.394972   0.001000
 -0.269998  -0.100621  -0.767797   0.572245  -1.372791   1.394972   0.001000
 -0.269998  -0.100621  -0.767797   0.572245  -1.372791   1.394972   0.001000
 -0.269998  -0.100621  -0.767797   0.572245  -1.372791   1.394972   0.001000
 -0.269998  -0.100621  -0.767797   0.572245  -1.372791   1.394972   0.001000
 -0.269998  -0.100621  -0.767797   0.572245  -1.372791   1.394972   0.001000
 -0.269998  -0.100621  -0.767797   0.572245  -1.372791   1.394972   0.001000
 -0.257300  -0.104066  -0.765428   0.580591  -1.095356   1.300967   0.001000
 -0.259580  -0.106016  -0.771885   0.570589  -1.166807   1.426825   0.001000
 -0.259580  -0.106016  -0.771885   0.570589  -1.166807   1.426825   0.001000
 -0.259580  -0.106016  -0.771885   0.570589  -1.166807   1.426825   0.001000
 -0.259580  -0.106016  -0.771885   0.570589  -1.166807   1.426825   0.001000
 -0.259580  -0.106016  -0.771885   0.570589  -1.166807   1.426825   0.001000
 -0.259580  -0.106016  -0.771885   0.570589  -1.166807   1.426825   0.001000
 -0.259580  -0.106016  -0.771885   0.570589  -1.166807   1.426825   0.001000
 -0.259580  -0.106016  -0.771885   0.570589  -1.166807   1.426825   0.001000
 -0.259580  -0.106016  -0.771885   0.570589  -1.166807   1.426825   0.001000
 -0.259580  -0.106016  -0.771885   0.570589  -1.166807   1.426825   0.001000
 -0.259580  -0.106016  -0.771885   0.570589  -1.166807   1.426825   0.001000
 -0.259580  -0.106016  -0.771885   0.570589  -1.166807   1.426825   0.001000
 -0.259580  -0.106016  -0.771885   0.570589  -1.166807   1.426825   0.001000
 -0.259580  -0.106016  -0.771885   0.570589  -1.166807   1.426825   0.001000
 -0.259580  -0.106016  -0.771885   0.570589  -1.166807   1.426825   0.001000
 -0.259580  -0.106016  -0.771885   0.570589  -1.166807   1.426825   0.001000
 -0.259580  -0.106016  -0.771885   0.570589  -1.166807   1.426825   0.001000
 -0.259580  -0.106016  -0.771885   0.570589  -1.166807   1.426825   0.001000
 -0.259580  -0.106016  -0.771885   0.570589  -1.166807   1.426825   0.001000
 -0.259580  -0.106016  -0.771885   0.570589  -1.166807   1.426825   0.001000
 -0.259580  -0.106016  -0.771885   0.570589  -1.166807   1.426825   0.001000
 -0.259580  -0.106016  -0.771885   0.570589  -1.166807   1.426825   0.001000
 -0.259580  -0.106016  -0.771885   0.570589  -1.166807   1.426825   0.001000
 -0.259580  -0.106016  -0.771885   0.570589  -1.166807   1.426825   0.001000
 -0.259580  -0.106016  -0.771885   0.570589  -1.166807   1.426825   0.001000
 -0.259580  -0.106016  -0.771885   0.570589  -1.166807   1.426825   0.001000
 -0.259580  -0.106016  -0.771885   0.570589  -1.166807   1.426825   0.001000
 -0.259580  -0.106016  -0.771885   0.570589  -1.166807   1.426825   0.001000
 -0.259580  -0.106016  -0.771885   0.570589  -1.166807   1.426825   0.001000
 -0.249726  -0.117998  -0.765641   0.580954  -1.101486   1.530724   0.001000
 -0.259635  -0.122996  -0.772972   0.565663  -1.001152   1.453933   0.001000
 -0.278725  -0.220745  -0.833768   0.422391  -1.213714   1.619395   0.001000
 -0.263957  -0.100394  -0.765592   0.578028  -1.079522   1.582859   0.001000
 -0.263957  -0.100394  -0.765592   0.578028  -1.079522   1.582859   0.001000
 -0.263957  -0.100394  -0.765592   0.578028  -1.079522   1.582859   0.001000
 -0.263957  -0.100394  -0.765592   0.578028  -1.079522   1.582859   0.001000
 -0.258023  -0.108588  -0.760798   0.585507  -1.411908   1.533247   0.001000
 -0.258023  -0.108588  -0.760798   0.585507  -1.411908   1.533247   0.001000
 -0.258023  -0.108588  -0.760798   0.585507  -1.411908   1.533247   0.001000
 -0.258023  -0.108588  -0.760798   0.585507  -1.411908   1.533247   0.001000
 -0.258023  -0.108588  -0.760798   0.585507  -1.411908   1.533247   0.001000
 -0.258023  -0.108588  -0.760798   0.585507  -1.411908   1.533247   0.001000
 -0.266460  -0.097954  -0.766673   0.575862  -1.215396   1.610954   0.001000
 -0.266460  -0.097954  -0.766673   0.575862  -1.215396   1.610954   0.001000
 -0.268400  -0.113784  -0.768012   0.570239  -1.361624   1.562194   0.001000
 -0.278113  -0.109053  -0.762304   0.574154  -1.182729   1.512916   0.001000
 -0.261435  -0.128194  -0.774261   0.561906  -0.940911   1.548194   0.001000
 -0.264456  -0.101088  -0.762243   0.582091  -0.966720   1.703724   0.001000
 -0.264456  -0.101088  -0.762243   0.582091  -0.966720   1.703724   0.001000
 -0.264456  -0.101088  -0.762243   0.582091  -0.966720   1.703724   0.001000
 -0.264456  -0.101088  -0.762243   0.582091  -0.966720   1.703724   0.001000
 -0.264456  -0.101088  -0.762243   0.582091  -0.966720   1.703724   0.001000
 -0.259535  -0.135410  -0.769389   0.567756  -1.285612   1.654599   0.001000
