 -0.505673  -0.697898  -0.481486   0.159390  -0.861798  -1.482389   0.001000
 -0.504287  -0.694845  -0.486311   0.162440  -1.022637  -1.463394   0.001000
 -0.508825  -0.693803  -0.482229   0.164894  -0.832732  -1.453288   0.001000
 -0.508825  -0.693803  -0.482229   0.164894  -0.832732  -1.453288   0.001000
 -0.508825  -0.693803  -0.482229   0.164894  -0.832732  -1.453288   0.001000
 -0.508825  -0.693803  -0.482229   0.164894  -0.832732  -1.453288   0.001000
 -0.508825  -0.693803  -0.482229   0.164894  -0.832732  -1.453288   0.001000
 -0.508825  -0.693803  -0.482229   0.164894  -0.832732  -1.453288   0.001000
 -0.508825  -0.693803  -0.482229   0.164894  -0.832732  -1.453288   0.001000
 -0.508825  -0.693803  -0.482229   0.164894  -0.832732  -1.453288   0.001000
 -0.508825  -0.693803  -0.482229   0.164894  -0.832732  -1.453288   0.001000
 -0.508825  -0.693803  -0.482229   0.164894  -0.832732  -1.453288   0.001000
 -0.508825  -0.693803  -0.482229   0.164894  -0.832732  -1.453288   0.001000
 -0.508825  -0.693803  -0.482229   0.164894  -0.832732  -1.453288   0.001000
 -0.509903  -0.700685  -0.472640   0.160157  -1.044135  -1.282944   0.001000
 -0.509903  -0.700685  -0.472640   0.160157  -1.044135  -1.282944   0.001000
 -0.510266  -0.705352  -0.462491   0.167955  -0.892516  -1.447077   0.001000
 -0.510266  -0.705352  -0.462491   0.167955  -0.892516  -1.447077   0.001000
 -0.510266  -0.705352  -0.462491   0.167955  -0.892516  -1.447077   0.001000
 -0.509157  -0.692897  -0.484100   0.162175  -0.909917  -1.410596   0.001000
 -0.509157  -0.692897  -0.484100   0.162175  -0.909917  -1.410596   0.001000
 -0.509157  -0.692897  -0.484100   0.162175  -0.909917  -1.410596   0.001000
 -0.509157  -0.692897  -0.484100   0.162175  -0.909917  -1.410596   0.001000
 -0.497683  -0.705679  -0.477442   0.162416  -1.321229  -1.369312   0.001000
 -0.502892  -0.698436  -0.487003   0.148711  -1.283672  -1.466720   0.001000
 -0.502892  -0.698436  -0.487003   0.148711  -1.283672  -1.466720   0.001000
 -0.510740  -0.691805  -0.485788   0.156717  -1.169750  -1.557621   0.001000
 -0.510740  -0.691805  -0.485788   0.156717  -1.169750  -1.557621   0.001000
 -0.510740  -0.691805  -0.485788   0.156717  -1.169750  -1.557621   0.001000
 -0.510740  -0.691805  -0.485788   0.156717  -1.169750  -1.557621   0.001000
 -0.510740  -0.691805  -0.485788   0.156717  -1.169750  -1.557621   0.001000
 -0.510740  -0.691805  -0.485788   0.156717  -1.169750  -1.557621   0.001000
 -0.510740  -0.691805  -0.485788   0.156717  -1.169750  -1.557621   0.001000
 -0.510740  -0.691805  -0.485788   0.156717  -1.169750  -1.557621   0.001000
 -0.510740  -0.691805  -0.485788   0.156717  -1.169750  -1.557621   0.001000
 -0.510740  -0.691805  -0.485788   0.156717  -1.169750  -1.557621   0.001000
 -0.510740  -0.691805  -0.485788   0.156717  -1.169750  -1.557621   0.001000
 -0.510740  -0.691805  -0.485788   0.156717  -1.169750  -1.557621   0.001000
 -0.510740  -0.691805  -0.485788   0.156717  -1.169750  -1.557621   0.001000
 -0.510740  -0.691805  -0.485788   0.156717  -1.169750  -1.557621   0.001000
 -0.510740  -0.691805  -0.485788   0.156717  -1.169750  -1.557621   0.001000
 -0.510740  -0.691805  -0.485788   0.156717  -1.169750  -1.557621   0.001000
 -0.510740  -0.691805  -0.485788   0.156717  -1.169750  -1.557621   0.001000
 -0.510740  -0.691805  -0.485788   0.156717  -1.169750  -1.557621   0.001000
 -0.510740  -0.691805  -0.485788   0.156717  -1.169750  -1.557621   0.001000
 -0.510740  -0.691805  -0.485788   0.156717  -1.169750  -1.557621   0.001000
 -0.510740  -0.691805  -0.485788   0.156717  -1.169750  -1.557621   0.001000
 -0.510740  -0.691805  -0.485788   0.156717  -1.169750  -1.557621   0.001000
 -0.510740  -0.691805  -0.485788   0.156717  -1.169750  -1.557621   0.001000
 -0.516663  -0.690994  -0.476007   0.170307  -1.013943  -1.710424   0.001000
 -0.513073  -0.689651  -0.487941   0.151826  -1.061237  -1.810423   0.001000
 -0.513073  -0.689651  -0.487941   0.151826  -1.061237  -1.810423   0.001000
 -0.513073  -0.689651  -0.487941   0.151826  -1.061237  -1.810423   0.001000
 -0.513073  -0.689651  -0.487941   0.151826  -1.061237  -1.810423   0.001000
 -0.513073  -0.689651  -0.487941   0.151826  -1.061237  -1.810423   0.001000
 -0.513073  -0.689651  -0.487941   0.151826  -1.061237  -1.810423   0.001000
 -0.513073  -0.689651  -0.487941   0.151826  -1.061237  -1.810423   0.001000
 -0.513073  -0.689651  -0.487941   0.151826  -1.061237  -1.810423   0.001000
 -0.513073  -0.689651  -0.487941   0.151826  -1.061237  -1.810423   0.001000
 -0.513073  -0.689651  -0.487941   0.151826  -1.061237  -1.810423   0.001000
 -0.513073  -0.689651  -0.487941   0.151826  -1.061237  -1.810423   0.001000
 -0.513073  -0.689651  -0.487941   0.151826  -1.061237  -1.810423   0.001000
 -0.513073  -0.689651  -0.487941   0.151826  -1.061237  -1.810423   0.001000
 -0.513073  -0.689651  -0.487941   0.151826  -1.061237  -1.810423   0.001000
 -0.513073  -0.689651  -0.487941   0.151826  -1.061237  -1.810423   0.001000
 -0.513073  -0.689651  -0.487941   0.151826  -1.061237  -1.810423   0.001000
 -0.513073  -0.689651  -0.487941   0.151826  -1.061237  -1.810423   0.001000
 -0.513073  -0.689651  -0.487941   0.151826  -1.061237  -1.810423   0.001000
 -0.513073  -0.689651  -0.487941   0.151826  -1.061237  -1.810423   0.001000
 -0.513073  -0.689651  -0.487941   0.151826  -1.061237  -1.810423   0.001000
 -0.513073  -0.689651  -0.487941   0.151826  -1.061237  -1.810423   0.001000
 -0.513073  -0.689651  -0.487941   0.151826  -1.061237  -1.810423   0.001000
 -0.513073  -0.689651  -0.487941   0.151826  -1.061237  -1.810423   0.001000
 -0.513073  -0.689651  -0.487941   0.151826  -1.061237  -1.810423   0.001000
 -0.513073  -0.689651  -0.487941   0.151826  -1.061237  -1.810423   0.001000
 -0.513073  -0.689651  -0.487941   0.151826  -1.061237  -1.810423   0.001000
 -0.513073  -0.689651  -0.487941   0.151826  -1.061237  -1.810423   0.001000
 -0.513073  -0.689651  -0.487941   0.151826  -1.061237  -1.810423   0.001000
 -0.513073  -0.689651  -0.487941   0.151826  -1.061237  -1.810423   0.001000
 -0.517556  -0.684442  -0.491153   0.149808  -1.114818  -1.910992   0.001000
 -0.517556  -0.684442  -0.491153   0.149808  -1.114818  -1.910992   0.001000
 -0.526002  -0.686003  -0.476221   0.161044  -1.320604  -1.629815   0.001000
 -0.515809  -0.687767  -0.476468   0.184106  -0.815499  -1.737807   0.001000
 -0.515809  -0.687767  -0.476468   0.184106  -0.815499  -1.737807   0.001000
 -0.517968  -0.685465  -0.487437   0.155734  -0.969967  -1.930652   0.001000
 -0.502172  -0.701913  -0.482371   0.149868  -1.187796  -1.818063   0.001000
 -0.519024  -0.689346  -0.487630   0.132790  -1.233810  -1.845499   0.001000
 -0.518830  -0.696794  -0.472833   0.147388  -1.191548  -1.463684   0.001000
 -0.518830  -0.696794  -0.472833   0.147388  -1.191548  -1.463684   0.001000
 -0.518830  -0.696794  -0.472833   0.147388  -1.191548  -1.463684   0.001000
 -0.518830  -0.696794  -0.472833   0.147388  -1.191548  -1.463684   0.001000
 -0.518830  -0.696794  -0.472833   0.147388  -1.191548  -1.463684   0.001000
 -0.514584  -0.690611  -0.484916   0.152040  -1.264302  -1.592825   0.001000
 -0.514584  -0.690611  -0.484916   0.152040  -1.264302  -1.592825   0.001000
 -0.518686  -0.685175  -0.491355   0.141668  -1.052171  -1.627534   0.001000
 -0.510145  -0.691620  -0.482223   0.169928  -0.930891  -1.550837   0.001000
 -0.510611  -0.685466  -0.498809   0.143535  -1.086862  -1.543601   0.001000
 -0.512085  -0.684361  -0.494610   0.157414  -0.848903  -1.645897   0.001000
 -0.512085  -0.684361  -0.494610   0.157414  -0.848903  -1.645897   0.001000
 -0.517844  -0.683365  -0.491639   0.152123  -1.160191  -1.656699   0.001000
 -0.517844  -0.683365  -0.491639   0.152123  -1.160191  -1.656699   0.001000
 -0.517844  -0.683365  -0.491639   0.152123  -1.160191  -1.656699   0.001000
 -0.517844  -0.683365  -0.491639   0.152123  -1.160191  -1.656699   0.001000
 -0.517844  -0.683365  -0.491639   0.152123  -1.160191  -1.656699   0.001000
 -0.517844  -0.683365  -0.491639   0.152123  -1.160191  -1.656699   0.001000
 -0.517844  -0.683365  -0.491639   0.152123  -1.160191  -1.656699   0.001000
 -0.458794  -0.758366  -0.439991   0.144211  -1.173350  -1.642110   0.001000
 -0.525014  -0.680918  -0.488875   0.147349  -0.836666  -1.800666   0.001000
 -0.525360  -0.690840  -0.470654   0.158813  -0.859619  -1.962380   0.001000
 -0.525360  -0.690840  -0.470654   0.158813  -0.859619  -1.962380   0.001000
 -0.525360  -0.690840  -0.470654   0.158813  -0.859619  -1.962380   0.001000
 -0.525360  -0.690840  -0.470654   0.158813  -0.859619  -1.962380   0.001000
 -0.516724  -0.683686  -0.492286   0.152393  -0.913353  -1.661338   0.001000
 -0.516724  -0.683686  -0.492286   0.152393  -0.913353  -1.661338   0.001000
 -0.516724  -0.683686  -0.492286   0.152393  -0.913353  -1.661338   0.001000
 -0.516724  -0.683686  -0.492286   0.152393  -0.913353  -1.661338   0.001000
 -0.516724  -0.683686  -0.492286   0.152393  -0.913353  -1.661338   0.001000
 -0.516724  -0.683686  -0.492286   0.152393  -0.913353  -1.661338   0.001000
 -0.516724  -0.683686  -0.492286   0.152393  -0.913353  -1.661338   0.001000
 -0.516724  -0.683686  -0.492286   0.152393  -0.913353  -1.661338   0.001000
 -0.516724  -0.683686  -0.492286   0.152393  -0.913353  -1.661338   0.001000
 -0.516724  -0.683686  -0.492286   0.152393  -0.913353  -1.661338   0.001000
 -0.529789  -0.697621  -0.453969   0.162972  -0.932581  -1.628805   0.001000
 -0.529789  -0.697621  -0.453969   0.162972  -0.932581  -1.628805   0.001000
 -0.529789  -0.697621  -0.453969   0.162972  -0.932581  -1.628805   0.001000
 -0.495412  -0.707572  -0.479418   0.155136  -1.092357  -1.818509   0.001000
 -0.520441  -0.695828  -0.467736   0.161824  -0.991412  -1.552524   0.001000
 -0.516475  -0.693470  -0.477541   0.155910  -1.020688  -1.499736   0.001000
 -0.516475  -0.693470  -0.477541   0.155910  -1.020688  -1.499736   0.001000
 -0.516475  -0.693470  -0.477541   0.155910  -1.020688  -1.499736   0.001000
 -0.516475  -0.693470  -0.477541   0.155910  -1.020688  -1.499736   0.001000
 -0.516475  -0.693470  -0.477541   0.155910  -1.020688  -1.499736   0.001000
 -0.516475  -0.693470  -0.477541   0.155910  -1.020688  -1.499736   0.001000
 -0.516475  -0.693470  -0.477541   0.155910  -1.020688  -1.499736   0.001000
 -0.516475  -0.693470  -0.477541   0.155910  -1.020688  -1.499736   0.001000
 -0.516475  -0.693470  -0.477541   0.155910  -1.020688  -1.499736   0.001000
 -0.516475  -0.693470  -0.477541   0.155910  -1.020688  -1.499736   0.001000
 -0.516475  -0.693470  -0.477541   0.155910  -1.020688  -1.499736   0.001000
 -0.516475  -0.693470  -0.477541   0.155910  -1.020688  -1.499736   0.001000
 -0.516475  -0.693470  -0.477541   0.155910  -1.020688  -1.499736   0.001000
 -0.516475  -0.693470  -0.477541   0.155910  -1.020688  -1.499736   0.001000
 -0.516475  -0.693470  -0.477541   0.155910  -1.020688  -1.499736   0.001000
 -0.523493  -0.697346  -0.468267   0.142792  -0.944879  -1.738239   0.001000
 -0.512297  -0.687403  -0.492106   0.151198  -1.009236  -1.594369   0.001000
 -0.512297  -0.687403  -0.492106   0.151198  -1.009236  -1.594369   0.001000
 -0.512297  -0.687403  -0.492106   0.151198  -1.009236  -1.594369   0.001000
 -0.512297  -0.687403  -0.492106   0.151198  -1.009236  -1.594369   0.001000
 -0.512297  -0.687403  -0.492106   0.151198  -1.009236  -1.594369   0.001000
 -0.512297  -0.687403  -0.492106   0.151198  -1.009236  -1.594369   0.001000
 -0.512297  -0.687403  -0.492106   0.151198  -1.009236  -1.594369   0.001000
 -0.512297  -0.687403  -0.492106   0.151198  -1.009236  -1.594369   0.001000
 -0.512297  -0.687403  -0.492106   0.151198  -1.009236  -1.594369   0.001000
 -0.512297  -0.687403  -0.492106   0.151198  -1.009236  -1.594369   0.001000
 -0.512297  -0.687403  -0.492106   0.151198  -1.009236  -1.594369   0.001000
 -0.512297  -0.687403  -0.492106   0.151198  -1.009236  -1.594369   0.001000
 -0.512297  -0.687403  -0.492106   0.151198  -1.009236  -1.594369   0.001000
 -0.512297  -0.687403  -0.492106   0.151198  -1.009236  -1.594369   0.001000
 -0.512297  -0.687403  -0.492106   0.151198  -1.009236  -1.594369   0.001000
 -0.512297  -0.687403  -0.492106   0.151198  -1.009236  -1.594369   0.001000
 -0.512297  -0.687403  -0.492106   0.151198  -1.009236  -1.594369   0.001000
 -0.512297  -0.687403  -0.492106   0.151198  -1.009236  -1.594369   0.001000
 -0.512297  -0.687403  -0.492106   0.151198  -1.009236  -1.594369   0.001000
 -0.512297  -0.687403  -0.492106   0.151198  -1.009236  -1.594369   0.001000
 -0.512297  -0.687403  -0.492106   0.151198  -1.009236  -1.594369   0.001000
 -0.504778  -0.699783  -0.476858   0.167660  -1.013825  -1.876093   0.001000
 -0.504778  -0.699783  -0.476858   0.167660  -1.013825  -1.876093   0.001000
 -0.504778  -0.699783  -0.476858   0.167660  -1.013825  -1.876093   0.001000
 -0.504778  -0.699783  -0.476858   0.167660  -1.013825  -1.876093   0.001000
 -0.511308  -0.698952  -0.475473   0.154779  -0.823752  -1.962081   0.001000
 -0.511308  -0.698952  -0.475473   0.154779  -0.823752  -1.962081   0.001000
 -0.568638  -0.700458  -0.398789   0.164245  -0.807205  -1.448730   0.001000
 -0.508599  -0.705199  -0.481213   0.111606  -1.074791  -1.458898   0.001000
 -0.508599  -0.705199  -0.481213   0.111606  -1.074791  -1.458898   0.001000
 -0.504303  -0.695670  -0.486598   0.157939  -1.024717  -1.491423   0.001000
 -0.504303  -0.695670  -0.486598   0.157939  -1.024717  -1.491423   0.001000
 -0.504303  -0.695670  -0.486598   0.157939  -1.024717  -1.491423   0.001000
 -0.504303  -0.695670  -0.486598   0.157939  -1.024717  -1.491423   0.001000
 -0.504303  -0.695670  -0.486598   0.157939  -1.024717  -1.491423   0.001000
 -0.504303  -0.695670  -0.486598   0.157939  -1.024717  -1.491423   0.001000
 -0.504303  -0.695670  -0.486598   0.157939  -1.024717  -1.491423   0.001000
 -0.504303  -0.695670  -0.486598   0.157939  -1.024717  -1.491423   0.001000
 -0.504303  -0.695670  -0.486598   0.157939  -1.024717  -1.491423   0.001000
 -0.504303  -0.695670  -0.486598   0.157939  -1.024717  -1.491423   0.001000
 -0.504303  -0.695670  -0.486598   0.157939  -1.024717  -1.491423   0.001000
 -0.504303  -0.695670  -0.486598   0.157939  -1.024717  -1.491423   0.001000
 -0.504303  -0.695670  -0.486598   0.157939  -1.024717  -1.491423   0.001000
 -0.504303  -0.695670  -0.486598   0.157939  -1.024717  -1.491423   0.001000
 -0.504303  -0.695670  -0.486598   0.157939  -1.024717  -1.491423   0.001000
 -0.516407  -0.684409  -0.490136   0.157083  -0.915330  -1.560715   0.001000
 -0.516407  -0.684409  -0.490136   0.157083  -0.915330  -1.560715   0.001000
 -0.516407  -0.684409  -0.490136   0.157083  -0.915330  -1.560715   0.001000
 -0.516407  -0.684409  -0.490136   0.157083  -0.915330  -1.560715   0.001000
 -0.495843  -0.708330  -0.470402   0.176435  -1.023200  -1.459677   0.001000
 -0.511983  -0.705526  -0.465194   0.153949  -0.953522  -1.621590   0.001000
 -0.508866  -0.692755  -0.486077   0.157720  -1.298799  -1.667963   0.001000
 -0.508866  -0.692755  -0.486077   0.157720  -1.298799  -1.667963   0.001000
 -0.508866  -0.692755  -0.486077   0.157720  -1.298799  -1.667963   0.001000
 -0.508866  -0.692755  -0.486077   0.157720  -1.298799  -1.667963   0.001000
 -0.508866  -0.692755  -0.486077   0.157720  -1.298799  -1.667963   0.001000
 -0.508866  -0.692755  -0.486077   0.157720  -1.298799  -1.667963   0.001000
 -0.508866  -0.692755  -0.486077   0.157720  -1.298799  -1.667963   0.001000
 -0.508866  -0.692755  -0.486077   0.157720  -1.298799  -1.667963   0.001000
 -0.508866  -0.692755  -0.486077   0.157720  -1.298799  -1.667963   0.001000
 -0.508866  -0.692755  -0.486077   0.157720  -1.298799  -1.667963   0.001000
 -0.508866  -0.692755  -0.486077   0.157720  -1.298799  -1.667963   0.001000
 -0.508866  -0.692755  -0.486077   0.157720  -1.298799  -1.667963   0.001000
 -0.508866  -0.692755  -0.486077   0.157720  -1.298799  -1.667963   0.001000
 -0.508866  -0.692755  -0.486077   0.157720  -1.298799  -1.667963   0.001000
 -0.508866  -0.692755  -0.486077   0.157720  -1.298799  -1.667963   0.001000
 -0.508866  -0.692755  -0.486077   0.157720  -1.298799  -1.667963   0.001000
 -0.508866  -0.692755  -0.486077   0.157720  -1.298799  -1.667963   0.001000
 -0.508866  -0.692755  -0.486077   0.157720  -1.298799  -1.667963   0.001000
 -0.508866  -0.692755  -0.486077   0.157720  -1.298799  -1.667963   0.001000
 -0.508866  -0.692755  -0.486077   0.157720  -1.298799  -1.667963   0.001000
 -0.508866  -0.692755  -0.486077   0.157720  -1.298799  -1.667963   0.001000
 -0.508866  -0.692755  -0.486077   0.157720  -1.298799  -1.667963   0.001000
 -0.508866  -0.692755  -0.486077   0.157720  -1.298799  -1.667963   0.001000
 -0.508866  -0.692755  -0.486077   0.157720  -1.298799  -1.667963   0.001000
 -0.508866  -0.692755  -0.486077   0.157720  -1.298799  -1.667963   0.001000
 -0.508866  -0.692755  -0.486077   0.157720  -1.298799  -1.667963   0.001000
 -0.508866  -0.692755  -0.486077   0.157720  -1.298799  -1.667963   0.001000
 -0.508866  -0.692755  -0.486077   0.157720  -1.298799  -1.667963   0.001000
 -0.508866  -0.692755  -0.486077   0.157720  -1.298799  -1.667963   0.001000
 -0.508866  -0.692755  -0.486077   0.157720  -1.298799  -1.667963   0.001000
 -0.508866  -0.692755  -0.486077   0.157720  -1.298799  -1.667963   0.001000
 -0.508866  -0.692755  -0.486077   0.157720  -1.298799  -1.667963   0.001000
 -0.508866  -0.692755  -0.486077   0.157720  -1.298799  -1.667963   0.001000
 -0.508866  -0.692755  -0.486077   0.157720  -1.298799  -1.667963   0.001000
 -0.508866  -0.692755  -0.486077   0.157720  -1.298799  -1.667963   0.001000
 -0.508866  -0.692755  -0.486077   0.157720  -1.298799  -1.667963   0.001000
 -0.508866  -0.692755  -0.486077   0.157720  -1.298799  -1.667963   0.001000
 -0.508866  -0.692755  -0.486077   0.157720  -1.298799  -1.667963   0.001000
 -0.508866  -0.692755  -0.486077   0.157720  -1.298799  -1.667963   0.001000
 -0.508866  -0.692755  -0.486077   0.157720  -1.298799  -1.667963   0.001000
 -0.508866  -0.692755  -0.486077   0.157720  -1.298799  -1.667963   0.001000
 -0.508866  -0.692755  -0.486077   0.157720  -1.298799  -1.667963   0.001000
 -0.508866  -0.692755  -0.486077   0.157720  -1.298799  -1.667963   0.001000
 -0.508866  -0.692755  -0.486077   0.157720  -1.298799  -1.667963   0.001000
 -0.508866  -0.692755  -0.486077   0.157720  -1.298799  -1.667963   0.001000
 -0.508866  -0.692755  -0.486077   0.157720  -1.298799  -1.667963   0.001000
 -0.508866  -0.692755  -0.486077   0.157720  -1.298799  -1.667963   0.001000
 -0.508866  -0.692755  -0.486077   0.157720  -1.298799  -1.667963   0.001000
 -0.508866  -0.692755  -0.486077   0.157720  -1.298799  -1.667963   0.001000
 -0.508866  -0.692755  -0.486077   0.157720  -1.298799  -1.667963   0.001000
 -0.508866  -0.692755  -0.486077   0.157720  -1.298799  -1.667963   0.001000
 -0.508866  -0.692755  -0.486077   0.157720  -1.298799  -1.667963   0.001000
 -0.508866  -0.692755  -0.486077   0.157720  -1.298799  -1.667963   0.001000
 -0.491968  -0.707564  -0.485241   0.147858  -1.033822  -1.663247   0.001000
 -0.508266  -0.693233  -0.487925   0.151730  -0.865094  -1.597488   0.001000
 -0.508266  -0.693233  -0.487925   0.151730  -0.865094  -1.597488   0.001000
 -0.508266  -0.693233  -0.487925   0.151730  -0.865094  -1.597488   0.001000
 -0.508266  -0.693233  -0.487925   0.151730  -0.865094  -1.597488   0.001000
 -0.508266  -0.693233  -0.487925   0.151730  -0.865094  -1.597488   0.001000
 -0.508266  -0.693233  -0.487925   0.151730  -0.865094  -1.597488   0.001000
 -0.497178  -0.702700  -0.485914   0.151375  -1.011922  -1.513800   0.001000
 -0.497178  -0.702700  -0.485914   0.151375  -1.011922  -1.513800   0.001000
 -0.497178  -0.702700  -0.485914   0.151375  -1.011922  -1.513800   0.001000
 -0.497178  -0.702700  -0.485914   0.151375  -1.011922  -1.513800   0.001000
 -0.497178  -0.702700  -0.485914   0.151375  -1.011922  -1.513800   0.001000
 -0.497178  -0.702700  -0.485914   0.151375  -1.011922  -1.513800   0.001000
 -0.498180  -0.685912  -0.514113   0.130497  -0.914914  -1.753528   0.001000
 -0.519424  -0.684068  -0.489949   0.148993  -0.973983  -1.545528   0.001000
 -0.519424  -0.684068  -0.489949   0.148993  -0.973983  -1.545528   0.001000
 -0.519424  -0.684068  -0.489949   0.148993  -0.973983  -1.545528   0.001000
 -0.519424  -0.684068  -0.489949   0.148993  -0.973983  -1.545528   0.001000
 -0.519424  -0.684068  -0.489949   0.148993  -0.973983  -1.545528   0.001000
 -0.519424  -0.684068  -0.489949   0.148993  -0.973983  -1.545528   0.001000
 -0.554962  -0.681293  -0.439911   0.185297  -0.863302  -1.413078   0.001000
 -0.554962  -0.681293  -0.439911   0.185297  -0.863302  -1.413078   0.001000
 -0.554962  -0.681293  -0.439911   0.185297  -0.863302  -1.413078   0.001000
 -0.523154  -0.685499  -0.483731   0.149682  -0.949551  -1.708923   0.001000
 -0.526094  -0.686413  -0.477911   0.153826  -0.773252  -1.685184   0.001000
 -0.499261  -0.718624  -0.460016   0.150678  -1.013794  -1.547343   0.001000
 -0.510561  -0.687926  -0.498297   0.133365  -1.099542  -1.658813   0.001000
 -0.510561  -0.687926  -0.498297   0.133365  -1.099542  -1.658813   0.001000
 -0.523512  -0.675660  -0.490911   0.168596  -0.964329  -1.655808   0.001000
 -0.517564  -0.701971  -0.463579   0.156392  -1.094819  -1.408920   0.001000
 -0.517564  -0.701971  -0.463579   0.156392  -1.094819  -1.408920   0.001000
 -0.517564  -0.701971  -0.463579   0.156392  -1.094819  -1.408920   0.001000
 -0.506587  -0.686499  -0.499427   0.150534  -0.970237  -1.551433   0.001000
 -0.506587  -0.686499  -0.499427   0.150534  -0.970237  -1.551433   0.001000
 -0.506587  -0.686499  -0.499427   0.150534  -0.970237  -1.551433   0.001000
 -0.506587  -0.686499  -0.499427   0.150534  -0.970237  -1.551433   0.001000
 -0.506587  -0.686499  -0.499427   0.150534  -0.970237  -1.551433   0.001000
 -0.506587  -0.686499  -0.499427   0.150534  -0.970237  -1.551433   0.001000
 -0.498466  -0.694060  -0.493055   0.163429  -0.951880  -1.536009   0.001000
 -0.498466  -0.694060  -0.493055   0.163429  -0.951880  -1.536009   0.001000
 -0.508569  -0.691254  -0.489237   0.155476  -1.016722  -1.681483   0.001000
 -0.508569  -0.691254  -0.489237   0.155476  -1.016722  -1.681483   0.001000
 -0.508569  -0.691254  -0.489237   0.155476  -1.016722  -1.681483   0.001000
 -0.508569  -0.691254  -0.489237   0.155476  -1.016722  -1.681483   0.001000
 -0.508569  -0.691254  -0.489237   0.155476  -1.016722  -1.681483   0.001000
 -0.508569  -0.691254  -0.489237   0.155476  -1.016722  -1.681483   0.001000
 -0.508569  -0.691254  -0.489237   0.155476  -1.016722  -1.681483   0.001000
 -0.508569  -0.691254  -0.489237   0.155476  -1.016722  -1.681483   0.001000
 -0.508569  -0.691254  -0.489237   0.155476  -1.016722  -1.681483   0.001000
 -0.508569  -0.691254  -0.489237   0.155476  -1.016722  -1.681483   0.001000
 -0.508569  -0.691254  -0.489237   0.155476  -1.016722  -1.681483   0.001000
 -0.508569  -0.691254  -0.489237   0.155476  -1.016722  -1.681483   0.001000
 -0.508569  -0.691254  -0.489237   0.155476  -1.016722  -1.681483   0.001000
 -0.508569  -0.691254  -0.489237   0.155476  -1.016722  -1.681483   0.001000
 -0.508569  -0.691254  -0.489237   0.155476  -1.016722  -1.681483   0.001000
 -0.508569  -0.691254  -0.489237   0.155476  -1.016722  -1.681483   0.001000
 -0.508569  -0.691254  -0.489237   0.155476  -1.016722  -1.681483   0.001000
 -0.508569  -0.691254  -0.489237   0.155476  -1.016722  -1.681483   0.001000
 -0.508569  -0.691254  -0.489237   0.155476  -1.016722  -1.681483   0.001000
 -0.508569  -0.691254  -0.489237   0.155476  -1.016722  -1.681483   0.001000
 -0.508569  -0.691254  -0.489237   0.155476  -1.016722  -1.681483   0.001000
 -0.508569  -0.691254  -0.489237   0.155476  -1.016722  -1.681483   0.001000
 -0.508569  -0.691254  -0.489237   0.155476  -1.016722  -1.681483   0.001000
 -0.508569  -0.691254  -0.489237   0.155476  -1.016722  -1.681483   0.001000
 -0.508569  -0.691254  -0.489237   0.155476  -1.016722  -1.681483   0.001000
 -0.508569  -0.691254  -0.489237   0.155476  -1.016722  -1.681483   0.001000
 -0.508569  -0.691254  -0.489237   0.155476  -1.016722  -1.681483   0.001000
 -0.508569  -0.691254  -0.489237   0.155476  -1.016722  -1.681483   0.001000
 -0.508569  -0.691254  -0.489237   0.155476  -1.016722  -1.681483   0.001000
 -0.500081  -0.685585  -0.503691   0.161826  -0.990128  -1.645698   0.001000
 -0.494440  -0.696519  -0.494176   0.161801  -1.056426  -1.653342   0.001000
 -0.523435  -0.684023  -0.485321   0.150307  -0.944025  -1.498041   0.001000
 -0.523435  -0.684023  -0.485321   0.150307  -0.944025  -1.498041   0.001000
 -0.507249  -0.681755  -0.501585   0.162240  -0.898925  -1.467690   0.001000
 -0.511077  -0.690879  -0.490882   0.143252  -1.053930  -1.471898   0.001000
 -0.521425  -0.710182  -0.444452   0.161929  -1.295483  -1.401926   0.001000
 -0.509825  -0.686146  -0.493388   0.160781  -1.194584  -1.731493   0.001000
 -0.501833  -0.702622  -0.476882   0.164528  -1.410572  -1.552004   0.001000
 -0.501833  -0.702622  -0.476882   0.164528  -1.410572  -1.552004   0.001000
 -0.508048  -0.699500  -0.480137   0.148507  -1.241689  -1.471478   0.001000
 -0.508872  -0.702676  -0.468254   0.167434  -1.047052  -1.534500   0.001000
 -0.508872  -0.702676  -0.468254   0.167434  -1.047052  -1.534500   0.001000
 -0.508872  -0.702676  -0.468254   0.167434  -1.047052  -1.534500   0.001000
 -0.508872  -0.702676  -0.468254   0.167434  -1.047052  -1.534500   0.001000
 -0.508872  -0.702676  -0.468254   0.167434  -1.047052  -1.534500   0.001000
 -0.508872  -0.702676  -0.468254   0.167434  -1.047052  -1.534500   0.001000
 -0.516840  -0.686729  -0.487639   0.153260  -1.246842  -1.620722   0.001000
 -0.516840  -0.686729  -0.487639   0.153260  -1.246842  -1.620722   0.001000
 -0.516840  -0.686729  -0.487639   0.153260  -1.246842  -1.620722   0.001000
 -0.515794  -0.686293  -0.487917   0.157784  -1.337841  -1.399957   0.001000
 -0.515794  -0.686293  -0.487917   0.157784  -1.337841  -1.399957   0.001000
 -0.515794  -0.686293  -0.487917   0.157784  -1.337841  -1.399957   0.001000
 -0.515794  -0.686293  -0.487917   0.157784  -1.337841  -1.399957   0.001000
 -0.510241  -0.695486  -0.474502   0.175502  -1.035195  -1.794586   0.001000
 -0.510738  -0.691517  -0.482064   0.169012  -0.965033  -1.577711   0.001000
 -0.510738  -0.691517  -0.482064   0.169012  -0.965033  -1.577711   0.001000
 -0.510738  -0.691517  -0.482064   0.169012  -0.965033  -1.577711   0.001000
 -0.512857  -0.691977  -0.481433   0.162381  -1.123329  -1.451522   0.001000
 -0.512857  -0.691977  -0.481433   0.162381  -1.123329  -1.451522   0.001000
 -0.512857  -0.691977  -0.481433   0.162381  -1.123329  -1.451522   0.001000
 -0.512857  -0.691977  -0.481433   0.162381  -1.123329  -1.451522   0.001000
 -0.512857  -0.691977  -0.481433   0.162381  -1.123329  -1.451522   0.001000
 -0.512857  -0.691977  -0.481433   0.162381  -1.123329  -1.451522   0.001000
 -0.512857  -0.691977  -0.481433   0.162381  -1.123329  -1.451522   0.001000
 -0.512857  -0.691977  -0.481433   0.162381  -1.123329  -1.451522   0.001000
 -0.512857  -0.691977  -0.481433   0.162381  -1.123329  -1.451522   0.001000
 -0.512857  -0.691977  -0.481433   0.162381  -1.123329  -1.451522   0.001000
 -0.512857  -0.691977  -0.481433   0.162381  -1.123329  -1.451522   0.001000
 -0.512857  -0.691977  -0.481433   0.162381  -1.123329  -1.451522   0.001000
 -0.512857  -0.691977  -0.481433   0.162381  -1.123329  -1.451522   0.001000
 -0.512857  -0.691977  -0.481433   0.162381  -1.123329  -1.451522   0.001000
 -0.512857  -0.691977  -0.481433   0.162381  -1.123329  -1.451522   0.001000
 -0.512857  -0.691977  -0.481433   0.162381  -1.123329  -1.451522   0.001000
 -0.512857  -0.691977  -0.481433   0.162381  -1.123329  -1.451522   0.001000
 -0.512857  -0.691977  -0.481433   0.162381  -1.123329  -1.451522   0.001000
 -0.512857  -0.691977  -0.481433   0.162381  -1.123329  -1.451522   0.001000
 -0.512857  -0.691977  -0.481433   0.162381  -1.123329  -1.451522   0.001000
 -0.512857  -0.691977  -0.481433   0.162381  -1.123329  -1.451522   0.001000
 -0.512857  -0.691977  -0.481433   0.162381  -1.123329  -1.451522   0.001000
 -0.512857  -0.691977  -0.481433   0.162381  -1.123329  -1.451522   0.001000
 -0.512857  -0.691977  -0.481433   0.162381  -1.123329  -1.451522   0.001000
 -0.512857  -0.691977  -0.481433   0.162381  -1.123329  -1.451522   0.001000
 -0.512857  -0.691977  -0.481433   0.162381  -1.123329  -1.451522   0.001000
 -0.512857  -0.691977  -0.481433   0.162381  -1.123329  -1.451522   0.001000
 -0.512857  -0.691977  -0.481433   0.162381  -1.123329  -1.451522   0.001000
 -0.512857  -0.691977  -0.481433   0.162381  -1.123329  -1.451522   0.001000
 -0.512857  -0.691977  -0.481433   0.162381  -1.123329  -1.451522   0.001000
 -0.512857  -0.691977  -0.481433   0.162381  -1.123329  -1.451522   0.001000
 -0.512857  -0.691977  -0.481433   0.162381  -1.123329  -1.451522   0.001000
 -0.512857  -0.691977  -0.481433   0.162381  -1.123329  -1.451522   0.001000
 -0.512857  -0.691977  -0.481433   0.162381  -1.123329  -1.451522   0.001000
 -0.512857  -0.691977  -0.481433   0.162381  -1.123329  -1.451522   0.001000
 -0.512857  -0.691977  -0.481433   0.162381  -1.123329  -1.451522   0.001000
 -0.512857  -0.691977  -0.481433   0.162381  -1.123329  -1.451522   0.001000
 -0.512857  -0.691977  -0.481433   0.162381  -1.123329  -1.451522   0.001000
 -0.512857  -0.691977  -0.481433   0.162381  -1.123329  -1.451522   0.001000
 -0.512857  -0.691977  -0.481433   0.162381  -1.123329  -1.451522   0.001000
 -0.512857  -0.691977  -0.481433   0.162381  -1.123329  -1.451522   0.001000
 -0.512857  -0.691977  -0.481433   0.162381  -1.123329  -1.451522   0.001000
 -0.512857  -0.691977  -0.481433   0.162381  -1.123329  -1.451522   0.001000
 -0.512857  -0.691977  -0.481433   0.162381  -1.123329  -1.451522   0.001000
 -0.512857  -0.691977  -0.481433   0.162381  -1.123329  -1.451522   0.001000
 -0.512857  -0.691977  -0.481433   0.162381  -1.123329  -1.451522   0.001000
 -0.512857  -0.691977  -0.481433   0.162381  -1.123329  -1.451522   0.001000
 -0.512857  -0.691977  -0.481433   0.162381  -1.123329  -1.451522   0.001000
 -0.516260  -0.692004  -0.478607   0.159815  -1.130311  -1.493140   0.001000
 -0.516260  -0.692004  -0.478607   0.159815  -1.130311  -1.493140   0.001000
 -0.516260  -0.692004  -0.478607   0.159815  -1.130311  -1.493140   0.001000
 -0.516260  -0.692004  -0.478607   0.159815  -1.130311  -1.493140   0.001000
 -0.530975  -0.673613  -0.492761   0.146620  -0.784975  -1.664310   0.001000
 -0.530975  -0.673613  -0.492761   0.146620  -0.784975  -1.664310   0.001000
 -0.510073  -0.698672  -0.476478   0.157007  -0.624225  -1.760686   0.001000
 -0.510073  -0.698672  -0.476478   0.157007  -0.624225  -1.760686   0.001000
 -0.510073  -0.698672  -0.476478   0.157007  -0.624225  -1.760686   0.001000
 -0.510073  -0.698672  -0.476478   0.157007  -0.624225  -1.760686   0.001000
 -0.510073  -0.698672  -0.476478   0.157007  -0.624225  -1.760686   0.001000
 -0.510073  -0.698672  -0.476478   0.157007  -0.624225  -1.760686   0.001000
 -0.527746  -0.684599  -0.479771   0.150424  -0.885341  -1.621321   0.001000
 -0.527746  -0.684599  -0.479771   0.150424  -0.885341  -1.621321   0.001000
 -0.524741  -0.683869  -0.481870   0.157388  -0.845670  -1.603662   0.001000
 -0.525868  -0.687204  -0.475578   0.158237  -0.742446  -1.550732   0.001000
 -0.525868  -0.687204  -0.475578   0.158237  -0.742446  -1.550732   0.001000
 -0.525868  -0.687204  -0.475578   0.158237  -0.742446  -1.550732   0.001000
 -0.522767  -0.691794  -0.471773   0.159891  -0.641341  -1.721111   0.001000
 -0.518549  -0.686048  -0.487579   0.150705  -0.734914  -1.726030   0.001000
 -0.518549  -0.686048  -0.487579   0.150705  -0.734914  -1.726030   0.001000
 -0.513813  -0.689635  -0.482080   0.167328  -0.873094  -1.496222   0.001000
 -0.511488  -0.694761  -0.477993   0.164954  -1.116579  -2.092903   0.001000
 -0.503509  -0.692585  -0.491596   0.158549  -1.041470  -1.788606   0.001000
 -0.522965  -0.700624  -0.468669   0.126426  -1.087785  -1.805343   0.001000
 -0.386269  -0.764534  -0.502936   0.115494  -1.057394  -1.475589   0.001000
 -0.506601  -0.692417  -0.492537   0.146018  -1.211766  -1.595844   0.001000
 -0.516381  -0.693085  -0.477968   0.156619  -0.972155  -1.489274   0.001000
 -0.516381  -0.693085  -0.477968   0.156619  -0.972155  -1.489274   0.001000
 -0.516381  -0.693085  -0.477968   0.156619  -0.972155  -1.489274   0.001000
 -0.516381  -0.693085  -0.477968   0.156619  -0.972155  -1.489274   0.001000
 -0.516381  -0.693085  -0.477968   0.156619  -0.972155  -1.489274   0.001000
 -0.516381  -0.693085  -0.477968   0.156619  -0.972155  -1.489274   0.001000
 -0.516381  -0.693085  -0.477968   0.156619  -0.972155  -1.489274   0.001000
 -0.516381  -0.693085  -0.477968   0.156619  -0.972155  -1.489274   0.001000
 -0.516381  -0.693085  -0.477968   0.156619  -0.972155  -1.489274   0.001000
 -0.516381  -0.693085  -0.477968   0.156619  -0.972155  -1.489274   0.001000
 -0.516381  -0.693085  -0.477968   0.156619  -0.972155  -1.489274   0.001000
 -0.516381  -0.693085  -0.477968   0.156619  -0.972155  -1.489274   0.001000
 -0.516381  -0.693085  -0.477968   0.156619  -0.972155  -1.489274   0.001000
 -0.516381  -0.693085  -0.477968   0.156619  -0.972155  -1.489274   0.001000
 -0.516381  -0.693085  -0.477968   0.156619  -0.972155  -1.489274   0.001000
 -0.516381  -0.693085  -0.477968   0.156619  -0.972155  -1.489274   0.001000
 -0.516381  -0.693085  -0.477968   0.156619  -0.972155  -1.489274   0.001000
 -0.516381  -0.693085  -0.477968   0.156619  -0.972155  -1.489274   0.001000
 -0.516381  -0.693085  -0.477968   0.156619  -0.972155  -1.489274   0.001000
 -0.516381  -0.693085  -0.477968   0.156619  -0.972155  -1.489274   0.001000
 -0.516381  -0.693085  -0.477968   0.156619  -0.972155  -1.489274   0.001000
 -0.516381  -0.693085  -0.477968   0.156619  -0.972155  -1.489274   0.001000
 -0.516381  -0.693085  -0.477968   0.156619  -0.972155  -1.489274   0.001000
 -0.481135  -0.724423  -0.471097   0.147605  -0.933620  -1.610317   0.001000
 -0.526385  -0.689665  -0.472166   0.156012  -1.046924  -1.774768   0.001000
 -0.516689  -0.686277  -0.490119   0.147781  -1.072532  -1.308356   0.001000
 -0.516689  -0.686277  -0.490119   0.147781  -1.072532  -1.308356   0.001000
 -0.516689  -0.686277  -0.490119   0.147781  -1.072532  -1.308356   0.001000
 -0.516689  -0.686277  -0.490119   0.147781  -1.072532  -1.308356   0.001000
 -0.516689  -0.686277  -0.490119   0.147781  -1.072532  -1.308356   0.001000
 -0.519014  -0.695435  -0.470923   0.158826  -1.139823  -1.614496   0.001000
 -0.519014  -0.695435  -0.470923   0.158826  -1.139823  -1.614496   0.001000
 -0.519014  -0.695435  -0.470923   0.158826  -1.139823  -1.614496   0.001000
 -0.519014  -0.695435  -0.470923   0.158826  -1.139823  -1.614496   0.001000
 -0.519014  -0.695435  -0.470923   0.158826  -1.139823  -1.614496   0.001000
 -0.519014  -0.695435  -0.470923   0.158826  -1.139823  -1.614496   0.001000
 -0.519014  -0.695435  -0.470923   0.158826  -1.139823  -1.614496   0.001000
 -0.519014  -0.695435  -0.470923   0.158826  -1.139823  -1.614496   0.001000
 -0.519014  -0.695435  -0.470923   0.158826  -1.139823  -1.614496   0.001000
 -0.519014  -0.695435  -0.470923   0.158826  -1.139823  -1.614496   0.001000
 -0.519014  -0.695435  -0.470923   0.158826  -1.139823  -1.614496   0.001000
 -0.519014  -0.695435  -0.470923   0.158826  -1.139823  -1.614496   0.001000
 -0.519014  -0.695435  -0.470923   0.158826  -1.139823  -1.614496   0.001000
 -0.519014  -0.695435  -0.470923   0.158826  -1.139823  -1.614496   0.001000
 -0.519014  -0.695435  -0.470923   0.158826  -1.139823  -1.614496   0.001000
 -0.519014  -0.695435  -0.470923   0.158826  -1.139823  -1.614496   0.001000
 -0.519014  -0.695435  -0.470923   0.158826  -1.139823  -1.614496   0.001000
 -0.519014  -0.695435  -0.470923   0.158826  -1.139823  -1.614496   0.001000
 -0.519014  -0.695435  -0.470923   0.158826  -1.139823  -1.614496   0.001000
 -0.519014  -0.695435  -0.470923   0.158826  -1.139823  -1.614496   0.001000
 -0.515677  -0.687621  -0.485212   0.160700  -0.967401  -1.432608   0.001000
 -0.515677  -0.687621  -0.485212   0.160700  -0.967401  -1.432608   0.001000
 -0.515677  -0.687621  -0.485212   0.160700  -0.967401  -1.432608   0.001000
 -0.515677  -0.687621  -0.485212   0.160700  -0.967401  -1.432608   0.001000
 -0.515677  -0.687621  -0.485212   0.160700  -0.967401  -1.432608   0.001000
 -0.515677  -0.687621  -0.485212   0.160700  -0.967401  -1.432608   0.001000
 -0.515677  -0.687621  -0.485212   0.160700  -0.967401  -1.432608   0.001000
 -0.515677  -0.687621  -0.485212   0.160700  -0.967401  -1.432608   0.001000
 -0.515677  -0.687621  -0.485212   0.160700  -0.967401  -1.432608   0.001000
 -0.515677  -0.687621  -0.485212   0.160700  -0.967401  -1.432608   0.001000
 -0.515677  -0.687621  -0.485212   0.160700  -0.967401  -1.432608   0.001000
 -0.515677  -0.687621  -0.485212   0.160700  -0.967401  -1.432608   0.001000
 -0.515677  -0.687621  -0.485212   0.160700  -0.967401  -1.432608   0.001000
 -0.515677  -0.687621  -0.485212   0.160700  -0.967401  -1.432608   0.001000
 -0.515677  -0.687621  -0.485212   0.160700  -0.967401  -1.432608   0.001000
 -0.515677  -0.687621  -0.485212   0.160700  -0.967401  -1.432608   0.001000
 -0.515677  -0.687621  -0.485212   0.160700  -0.967401  -1.432608   0.001000
 -0.515677  -0.687621  -0.485212   0.160700  -0.967401  -1.432608   0.001000
 -0.515677  -0.687621  -0.485212   0.160700  -0.967401  -1.432608   0.001000
 -0.515677  -0.687621  -0.485212   0.160700  -0.967401  -1.432608   0.001000
 -0.515677  -0.687621  -0.485212   0.160700  -0.967401  -1.432608   0.001000
 -0.515677  -0.687621  -0.485212   0.160700  -0.967401  -1.432608   0.001000
 -0.515677  -0.687621  -0.485212   0.160700  -0.967401  -1.432608   0.001000
 -0.515677  -0.687621  -0.485212   0.160700  -0.967401  -1.432608   0.001000
 -0.515677  -0.687621  -0.485212   0.160700  -0.967401  -1.432608   0.001000
 -0.515677  -0.687621  -0.485212   0.160700  -0.967401  -1.432608   0.001000
 -0.515677  -0.687621  -0.485212   0.160700  -0.967401  -1.432608   0.001000
 -0.515677  -0.687621  -0.485212   0.160700  -0.967401  -1.432608   0.001000
 -0.507678  -0.695867  -0.480071   0.166025  -1.112298  -1.443788   0.001000
 -0.507678  -0.695867  -0.480071   0.166025  -1.112298  -1.443788   0.001000
 -0.507678  -0.695867  -0.480071   0.166025  -1.112298  -1.443788   0.001000
 -0.507678  -0.695867  -0.480071   0.166025  -1.112298  -1.443788   0.001000
 -0.512894  -0.692665  -0.484166   0.150792  -0.906941  -1.412319   0.001000
 -0.512894  -0.692665  -0.484166   0.150792  -0.906941  -1.412319   0.001000
 -0.512894  -0.692665  -0.484166   0.150792  -0.906941  -1.412319   0.001000
 -0.516659  -0.690299  -0.480322   0.160751  -1.058678  -1.461361   0.001000
 -0.516659  -0.690299  -0.480322   0.160751  -1.058678  -1.461361   0.001000
 -0.523462  -0.690070  -0.470842   0.167625  -1.030700  -1.532415   0.001000
 -0.523462  -0.690070  -0.470842   0.167625  -1.030700  -1.532415   0.001000
 -0.523462  -0.690070  -0.470842   0.167625  -1.030700  -1.532415   0.001000
 -0.523462  -0.690070  -0.470842   0.167625  -1.030700  -1.532415   0.001000
 -0.517657  -0.689058  -0.473830   0.180874  -0.918523  -1.586720   0.001000
 -0.517657  -0.689058  -0.473830   0.180874  -0.918523  -1.586720   0.001000
 -0.512885  -0.675493  -0.493553   0.192519  -0.939174  -1.498243   0.001000
 -0.522879  -0.693574  -0.470928   0.154205  -0.973318  -1.533981   0.001000
 -0.508544  -0.694114  -0.480804   0.168574  -1.026362  -1.567714   0.001000
 -0.508544  -0.694114  -0.480804   0.168574  -1.026362  -1.567714   0.001000
 -0.508544  -0.694114  -0.480804   0.168574  -1.026362  -1.567714   0.001000
 -0.508544  -0.694114  -0.480804   0.168574  -1.026362  -1.567714   0.001000
 -0.508544  -0.694114  -0.480804   0.168574  -1.026362  -1.567714   0.001000
 -0.508544  -0.694114  -0.480804   0.168574  -1.026362  -1.567714   0.001000
 -0.508544  -0.694114  -0.480804   0.168574  -1.026362  -1.567714   0.001000
 -0.508544  -0.694114  -0.480804   0.168574  -1.026362  -1.567714   0.001000
 -0.508544  -0.694114  -0.480804   0.168574  -1.026362  -1.567714   0.001000
 -0.508544  -0.694114  -0.480804   0.168574  -1.026362  -1.567714   0.001000
 -0.508544  -0.694114  -0.480804   0.168574  -1.026362  -1.567714   0.001000
 -0.508544  -0.694114  -0.480804   0.168574  -1.026362  -1.567714   0.001000
 -0.508544  -0.694114  -0.480804   0.168574  -1.026362  -1.567714   0.001000
 -0.508544  -0.694114  -0.480804   0.168574  -1.026362  -1.567714   0.001000
 -0.508544  -0.694114  -0.480804   0.168574  -1.026362  -1.567714   0.001000
 -0.505256  -0.694902  -0.486667   0.158061  -1.232399  -1.714725   0.001000
 -0.527326  -0.684360  -0.478032   0.158316  -1.044109  -1.656484   0.001000
 -0.527326  -0.684360  -0.478032   0.158316  -1.044109  -1.656484   0.001000
 -0.496778  -0.692389  -0.496256   0.165949  -0.944296  -1.448300   0.001000
 -0.496778  -0.692389  -0.496256   0.165949  -0.944296  -1.448300   0.001000
 -0.496778  -0.692389  -0.496256   0.165949  -0.944296  -1.448300   0.001000
 -0.496778  -0.692389  -0.496256   0.165949  -0.944296  -1.448300   0.001000
 -0.496778  -0.692389  -0.496256   0.165949  -0.944296  -1.448300   0.001000
 -0.496778  -0.692389  -0.496256   0.165949  -0.944296  -1.448300   0.001000
 -0.469045  -0.787586  -0.349985   0.192915  -0.997564  -1.591594   0.001000
 -0.495669  -0.707899  -0.477536   0.158590  -0.996650  -1.421340   0.001000
 -0.495669  -0.707899  -0.477536   0.158590  -0.996650  -1.421340   0.001000
 -0.495669  -0.707899  -0.477536   0.158590  -0.996650  -1.421340   0.001000
 -0.495669  -0.707899  -0.477536   0.158590  -0.996650  -1.421340   0.001000
 -0.495669  -0.707899  -0.477536   0.158590  -0.996650  -1.421340   0.001000
 -0.495669  -0.707899  -0.477536   0.158590  -0.996650  -1.421340   0.001000
 -0.495669  -0.707899  -0.477536   0.158590  -0.996650  -1.421340   0.001000
 -0.509531  -0.699670  -0.473580   0.162978  -0.847024  -1.654294   0.001000
 -0.509531  -0.699670  -0.473580   0.162978  -0.847024  -1.654294   0.001000
 -0.509531  -0.699670  -0.473580   0.162978  -0.847024  -1.654294   0.001000
 -0.509531  -0.699670  -0.473580   0.162978  -0.847024  -1.654294   0.001000
 -0.509531  -0.699670  -0.473580   0.162978  -0.847024  -1.654294   0.001000
 -0.509531  -0.699670  -0.473580   0.162978  -0.847024  -1.654294   0.001000
 -0.509531  -0.699670  -0.473580   0.162978  -0.847024  -1.654294   0.001000
 -0.509531  -0.699670  -0.473580   0.162978  -0.847024  -1.654294   0.001000
 -0.509531  -0.699670  -0.473580   0.162978  -0.847024  -1.654294   0.001000
 -0.509531  -0.699670  -0.473580   0.162978  -0.847024  -1.654294   0.001000
 -0.519561  -0.685793  -0.493756   0.126293  -1.081554  -1.652271   0.001000
 -0.519561  -0.685793  -0.493756   0.126293  -1.081554  -1.652271   0.001000
 -0.519561  -0.685793  -0.493756   0.126293  -1.081554  -1.652271   0.001000
 -0.519561  -0.685793  -0.493756   0.126293  -1.081554  -1.652271   0.001000
 -0.519561  -0.685793  -0.493756   0.126293  -1.081554  -1.652271   0.001000
 -0.519561  -0.685793  -0.493756   0.126293  -1.081554  -1.652271   0.001000
 -0.516014  -0.697314  -0.476527   0.142847  -1.142909  -1.413878   0.001000
 -0.516014  -0.697314  -0.476527   0.142847  -1.142909  -1.413878   0.001000
 -0.516014  -0.697314  -0.476527   0.142847  -1.142909  -1.413878   0.001000
 -0.516014  -0.697314  -0.476527   0.142847  -1.142909  -1.413878   0.001000
 -0.516014  -0.697314  -0.476527   0.142847  -1.142909  -1.413878   0.001000
 -0.516014  -0.697314  -0.476527   0.142847  -1.142909  -1.413878   0.001000
 -0.496725  -0.695159  -0.498899   0.145317  -1.166879  -1.545557   0.001000
 -0.508447  -0.709179  -0.460859   0.161726  -1.129498  -1.614979   0.001000
 -0.508447  -0.709179  -0.460859   0.161726  -1.129498  -1.614979   0.001000
 -0.508447  -0.709179  -0.460859   0.161726  -1.129498  -1.614979   0.001000
 -0.524359  -0.678774  -0.493182   0.145210  -1.184013  -1.438800   0.001000
 -0.517114  -0.686931  -0.487861   0.150698  -1.141390  -1.914646   0.001000
 -0.517114  -0.686931  -0.487861   0.150698  -1.141390  -1.914646   0.001000
 -0.517114  -0.686931  -0.487861   0.150698  -1.141390  -1.914646   0.001000
 -0.517114  -0.686931  -0.487861   0.150698  -1.141390  -1.914646   0.001000
 -0.508957  -0.701109  -0.473915   0.157521  -1.133589  -2.019961   0.001000
 -0.508957  -0.701109  -0.473915   0.157521  -1.133589  -2.019961   0.001000
 -0.520114  -0.690210  -0.478317   0.155897  -0.945390  -1.849158   0.001000
 -0.520114  -0.690210  -0.478317   0.155897  -0.945390  -1.849158   0.001000
 -0.520114  -0.690210  -0.478317   0.155897  -0.945390  -1.849158   0.001000
 -0.520114  -0.690210  -0.478317   0.155897  -0.945390  -1.849158   0.001000
 -0.520114  -0.690210  -0.478317   0.155897  -0.945390  -1.849158   0.001000
 -0.520114  -0.690210  -0.478317   0.155897  -0.945390  -1.849158   0.001000
 -0.520114  -0.690210  -0.478317   0.155897  -0.945390  -1.849158   0.001000
 -0.520114  -0.690210  -0.478317   0.155897  -0.945390  -1.849158   0.001000
 -0.520114  -0.690210  -0.478317   0.155897  -0.945390  -1.849158   0.001000
 -0.520114  -0.690210  -0.478317   0.155897  -0.945390  -1.849158   0.001000
 -0.520114  -0.690210  -0.478317   0.155897  -0.945390  -1.849158   0.001000
 -0.520114  -0.690210  -0.478317   0.155897  -0.945390  -1.849158   0.001000
 -0.520114  -0.690210  -0.478317   0.155897  -0.945390  -1.849158   0.001000
 -0.520114  -0.690210  -0.478317   0.155897  -0.945390  -1.849158   0.001000
 -0.528238  -0.685101  -0.474152   0.163650  -0.980580  -1.943563   0.001000
 -0.527574  -0.703131  -0.409658   0.243831  -0.942341  -1.829716   0.001000
 -0.521783  -0.687541  -0.478048   0.162790  -1.262500  -1.604568   0.001000
 -0.521783  -0.687541  -0.478048   0.162790  -1.262500  -1.604568   0.001000
 -0.521783  -0.687541  -0.478048   0.162790  -1.262500  -1.604568   0.001000
 -0.521783  -0.687541  -0.478048   0.162790  -1.262500  -1.604568   0.001000
 -0.521783  -0.687541  -0.478048   0.162790  -1.262500  -1.604568   0.001000
 -0.521783  -0.687541  -0.478048   0.162790  -1.262500  -1.604568   0.001000
 -0.521783  -0.687541  -0.478048   0.162790  -1.262500  -1.604568   0.001000
 -0.515834  -0.689010  -0.486492   0.150016  -1.108848  -1.572956   0.001000
 -0.511619  -0.687096  -0.491011   0.158283  -0.907576  -1.563909   0.001000
 -0.511619  -0.687096  -0.491011   0.158283  -0.907576  -1.563909   0.001000
 -0.511619  -0.687096  -0.491011   0.158283  -0.907576  -1.563909   0.001000
 -0.506812  -0.699630  -0.481787   0.146768  -1.315109  -1.510721   0.001000
 -0.524319  -0.674653  -0.495837   0.155173  -0.998213  -1.299418   0.001000
 -0.503217  -0.698343  -0.482530   0.162032  -0.991058  -1.211533   0.001000
 -0.503217  -0.698343  -0.482530   0.162032  -0.991058  -1.211533   0.001000
 -0.503217  -0.698343  -0.482530   0.162032  -0.991058  -1.211533   0.001000
 -0.503217  -0.698343  -0.482530   0.162032  -0.991058  -1.211533   0.001000
 -0.503217  -0.698343  -0.482530   0.162032  -0.991058  -1.211533   0.001000
 -0.503217  -0.698343  -0.482530   0.162032  -0.991058  -1.211533   0.001000
 -0.503217  -0.698343  -0.482530   0.162032  -0.991058  -1.211533   0.001000
 -0.503217  -0.698343  -0.482530   0.162032  -0.991058  -1.211533   0.001000
 -0.503217  -0.698343  -0.482530   0.162032  -0.991058  -1.211533   0.001000
 -0.503217  -0.698343  -0.482530   0.162032  -0.991058  -1.211533   0.001000
 -0.503217  -0.698343  -0.482530   0.162032  -0.991058  -1.211533   0.001000
 -0.503217  -0.698343  -0.482530   0.162032  -0.991058  -1.211533   0.001000
 -0.503217  -0.698343  -0.482530   0.162032  -0.991058  -1.211533   0.001000
 -0.503217  -0.698343  -0.482530   0.162032  -0.991058  -1.211533   0.001000
 -0.503217  -0.698343  -0.482530   0.162032  -0.991058  -1.211533   0.001000
 -0.503217  -0.698343  -0.482530   0.162032  -0.991058  -1.211533   0.001000
 -0.503217  -0.698343  -0.482530   0.162032  -0.991058  -1.211533   0.001000
 -0.503217  -0.698343  -0.482530   0.162032  -0.991058  -1.211533   0.001000
 -0.503217  -0.698343  -0.482530   0.162032  -0.991058  -1.211533   0.001000
 -0.503217  -0.698343  -0.482530   0.162032  -0.991058  -1.211533   0.001000
 -0.503217  -0.698343  -0.482530   0.162032  -0.991058  -1.211533   0.001000
 -0.503217  -0.698343  -0.482530   0.162032  -0.991058  -1.211533   0.001000
 -0.527279  -0.679883  -0.479099   0.173784  -1.116540  -1.603301   0.001000
 -0.495271  -0.698610  -0.492412   0.155500  -1.199687  -1.471513   0.001000
 -0.495271  -0.698610  -0.492412   0.155500  -1.199687  -1.471513   0.001000
 -0.504404  -0.695170  -0.478459   0.182735  -1.025530  -1.570886   0.001000
 -0.520312  -0.689461  -0.478302   0.158576  -1.038975  -1.443394   0.001000
 -0.520312  -0.689461  -0.478302   0.158576  -1.038975  -1.443394   0.001000
 -0.520312  -0.689461  -0.478302   0.158576  -1.038975  -1.443394   0.001000
 -0.520312  -0.689461  -0.478302   0.158576  -1.038975  -1.443394   0.001000
 -0.520312  -0.689461  -0.478302   0.158576  -1.038975  -1.443394   0.001000
 -0.520312  -0.689461  -0.478302   0.158576  -1.038975  -1.443394   0.001000
 -0.520312  -0.689461  -0.478302   0.158576  -1.038975  -1.443394   0.001000
 -0.520312  -0.689461  -0.478302   0.158576  -1.038975  -1.443394   0.001000
 -0.520312  -0.689461  -0.478302   0.158576  -1.038975  -1.443394   0.001000
 -0.520312  -0.689461  -0.478302   0.158576  -1.038975  -1.443394   0.001000
 -0.520312  -0.689461  -0.478302   0.158576  -1.038975  -1.443394   0.001000
 -0.520312  -0.689461  -0.478302   0.158576  -1.038975  -1.443394   0.001000
 -0.520312  -0.689461  -0.478302   0.158576  -1.038975  -1.443394   0.001000
 -0.520312  -0.689461  -0.478302   0.158576  -1.038975  -1.443394   0.001000
 -0.520312  -0.689461  -0.478302   0.158576  -1.038975  -1.443394   0.001000
 -0.520312  -0.689461  -0.478302   0.158576  -1.038975  -1.443394   0.001000
 -0.520312  -0.689461  -0.478302   0.158576  -1.038975  -1.443394   0.001000
 -0.519852  -0.682297  -0.482534   0.177159  -0.977644  -1.458211   0.001000
 -0.507330  -0.698580  -0.479590   0.156832  -0.763258  -1.634925   0.001000
 -0.507330  -0.698580  -0.479590   0.156832  -0.763258  -1.634925   0.001000
 -0.507330  -0.698580  -0.479590   0.156832  -0.763258  -1.634925   0.001000
 -0.507330  -0.698580  -0.479590   0.156832  -0.763258  -1.634925   0.001000
 -0.507330  -0.698580  -0.479590   0.156832  -0.763258  -1.634925   0.001000
 -0.507330  -0.698580  -0.479590   0.156832  -0.763258  -1.634925   0.001000
 -0.507330  -0.698580  -0.479590   0.156832  -0.763258  -1.634925   0.001000
 -0.507330  -0.698580  -0.479590   0.156832  -0.763258  -1.634925   0.001000
 -0.507330  -0.698580  -0.479590   0.156832  -0.763258  -1.634925   0.001000
 -0.507330  -0.698580  -0.479590   0.156832  -0.763258  -1.634925   0.001000
 -0.507330  -0.698580  -0.479590   0.156832  -0.763258  -1.634925   0.001000
 -0.507330  -0.698580  -0.479590   0.156832  -0.763258  -1.634925   0.001000
 -0.507330  -0.698580  -0.479590   0.156832  -0.763258  -1.634925   0.001000
 -0.507330  -0.698580  -0.479590   0.156832  -0.763258  -1.634925   0.001000
 -0.507330  -0.698580  -0.479590   0.156832  -0.763258  -1.634925   0.001000
 -0.507330  -0.698580  -0.479590   0.156832  -0.763258  -1.634925   0.001000
 -0.507330  -0.698580  -0.479590   0.156832  -0.763258  -1.634925   0.001000
 -0.507330  -0.698580  -0.479590   0.156832  -0.763258  -1.634925   0.001000
 -0.507330  -0.698580  -0.479590   0.156832  -0.763258  -1.634925   0.001000
 -0.507330  -0.698580  -0.479590   0.156832  -0.763258  -1.634925   0.001000
 -0.507330  -0.698580  -0.479590   0.156832  -0.763258  -1.634925   0.001000
 -0.507330  -0.698580  -0.479590   0.156832  -0.763258  -1.634925   0.001000
 -0.507330  -0.698580  -0.479590   0.156832  -0.763258  -1.634925   0.001000
 -0.507330  -0.698580  -0.479590   0.156832  -0.763258  -1.634925   0.001000
 -0.503430  -0.690229  -0.497282   0.151174  -0.563300  -1.815134   0.001000
 -0.514944  -0.685167  -0.487847   0.165483  -0.752047  -1.400937   0.001000
 -0.514944  -0.685167  -0.487847   0.165483  -0.752047  -1.400937   0.001000
 -0.514944  -0.685167  -0.487847   0.165483  -0.752047  -1.400937   0.001000
 -0.514944  -0.685167  -0.487847   0.165483  -0.752047  -1.400937   0.001000
 -0.514944  -0.685167  -0.487847   0.165483  -0.752047  -1.400937   0.001000
 -0.514944  -0.685167  -0.487847   0.165483  -0.752047  -1.400937   0.001000
 -0.510967  -0.697356  -0.472095   0.172432  -0.610538  -1.662455   0.001000
 -0.536975  -0.679353  -0.477813   0.147757  -1.271523  -1.539771   0.001000
 -0.536975  -0.679353  -0.477813   0.147757  -1.271523  -1.539771   0.001000
 -0.509866  -0.695105  -0.480760   0.160422  -1.344717  -1.449171   0.001000
 -0.509866  -0.695105  -0.480760   0.160422  -1.344717  -1.449171   0.001000
 -0.509866  -0.695105  -0.480760   0.160422  -1.344717  -1.449171   0.001000
 -0.509866  -0.695105  -0.480760   0.160422  -1.344717  -1.449171   0.001000
 -0.509866  -0.695105  -0.480760   0.160422  -1.344717  -1.449171   0.001000
 -0.509866  -0.695105  -0.480760   0.160422  -1.344717  -1.449171   0.001000
 -0.509866  -0.695105  -0.480760   0.160422  -1.344717  -1.449171   0.001000
 -0.509866  -0.695105  -0.480760   0.160422  -1.344717  -1.449171   0.001000
 -0.509866  -0.695105  -0.480760   0.160422  -1.344717  -1.449171   0.001000
 -0.509866  -0.695105  -0.480760   0.160422  -1.344717  -1.449171   0.001000
 -0.509866  -0.695105  -0.480760   0.160422  -1.344717  -1.449171   0.001000
 -0.509866  -0.695105  -0.480760   0.160422  -1.344717  -1.449171   0.001000
 -0.486780  -0.718422  -0.470145   0.160867  -1.263584  -1.321597   0.001000
 -0.506749  -0.694591  -0.483899   0.163064  -1.239792  -1.522408   0.001000
 -0.513623  -0.696540  -0.475124   0.158996  -1.306862  -1.302397   0.001000
 -0.513623  -0.696540  -0.475124   0.158996  -1.306862  -1.302397   0.001000
 -0.508882  -0.677228  -0.506342   0.161303  -1.187967  -1.454501   0.001000
 -0.505616  -0.703376  -0.473920   0.158159  -1.322552  -1.537048   0.001000
 -0.497574  -0.708851  -0.469466   0.171908  -1.053734  -1.436677   0.001000
 -0.497574  -0.708851  -0.469466   0.171908  -1.053734  -1.436677   0.001000
 -0.497574  -0.708851  -0.469466   0.171908  -1.053734  -1.436677   0.001000
 -0.497574  -0.708851  -0.469466   0.171908  -1.053734  -1.436677   0.001000
 -0.519790  -0.685483  -0.481003   0.169021  -1.243280  -1.558052   0.001000
 -0.514681  -0.685946  -0.490781   0.154002  -1.142427  -1.491574   0.001000
 -0.514681  -0.685946  -0.490781   0.154002  -1.142427  -1.491574   0.001000
 -0.514681  -0.685946  -0.490781   0.154002  -1.142427  -1.491574   0.001000
 -0.514681  -0.685946  -0.490781   0.154002  -1.142427  -1.491574   0.001000
 -0.514681  -0.685946  -0.490781   0.154002  -1.142427  -1.491574   0.001000
 -0.514681  -0.685946  -0.490781   0.154002  -1.142427  -1.491574   0.001000
 -0.514681  -0.685946  -0.490781   0.154002  -1.142427  -1.491574   0.001000
 -0.514681  -0.685946  -0.490781   0.154002  -1.142427  -1.491574   0.001000
 -0.514681  -0.685946  -0.490781   0.154002  -1.142427  -1.491574   0.001000
 -0.514681  -0.685946  -0.490781   0.154002  -1.142427  -1.491574   0.001000
 -0.514681  -0.685946  -0.490781   0.154002  -1.142427  -1.491574   0.001000
 -0.514681  -0.685946  -0.490781   0.154002  -1.142427  -1.491574   0.001000
 -0.514681  -0.685946  -0.490781   0.154002  -1.142427  -1.491574   0.001000
 -0.514681  -0.685946  -0.490781   0.154002  -1.142427  -1.491574   0.001000
 -0.514681  -0.685946  -0.490781   0.154002  -1.142427  -1.491574   0.001000
 -0.514681  -0.685946  -0.490781   0.154002  -1.142427  -1.491574   0.001000
 -0.514681  -0.685946  -0.490781   0.154002  -1.142427  -1.491574   0.001000
 -0.514681  -0.685946  -0.490781   0.154002  -1.142427  -1.491574   0.001000
 -0.514681  -0.685946  -0.490781   0.154002  -1.142427  -1.491574   0.001000
 -0.514681  -0.685946  -0.490781   0.154002  -1.142427  -1.491574   0.001000
 -0.514681  -0.685946  -0.490781   0.154002  -1.142427  -1.491574   0.001000
 -0.514681  -0.685946  -0.490781   0.154002  -1.142427  -1.491574   0.001000
 -0.514681  -0.685946  -0.490781   0.154002  -1.142427  -1.491574   0.001000
 -0.514681  -0.685946  -0.490781   0.154002  -1.142427  -1.491574   0.001000
 -0.514681  -0.685946  -0.490781   0.154002  -1.142427  -1.491574   0.001000
 -0.514681  -0.685946  -0.490781   0.154002  -1.142427  -1.491574   0.001000
 -0.514681  -0.685946  -0.490781   0.154002  -1.142427  -1.491574   0.001000
 -0.514681  -0.685946  -0.490781   0.154002  -1.142427  -1.491574   0.001000
 -0.514681  -0.685946  -0.490781   0.154002  -1.142427  -1.491574   0.001000
 -0.514681  -0.685946  -0.490781   0.154002  -1.142427  -1.491574   0.001000
 -0.514681  -0.685946  -0.490781   0.154002  -1.142427  -1.491574   0.001000
 -0.514681  -0.685946  -0.490781   0.154002  -1.142427  -1.491574   0.001000
 -0.514681  -0.685946  -0.490781   0.154002  -1.142427  -1.491574   0.001000
 -0.514681  -0.685946  -0.490781   0.154002  -1.142427  -1.491574   0.001000
 -0.514681  -0.685946  -0.490781   0.154002  -1.142427  -1.491574   0.001000
 -0.514681  -0.685946  -0.490781   0.154002  -1.142427  -1.491574   0.001000
 -0.514681  -0.685946  -0.490781   0.154002  -1.142427  -1.491574   0.001000
 -0.514681  -0.685946  -0.490781   0.154002  -1.142427  -1.491574   0.001000
 -0.514681  -0.685946  -0.490781   0.154002  -1.142427  -1.491574   0.001000
 -0.514681  -0.685946  -0.490781   0.154002  -1.142427  -1.491574   0.001000
 -0.514681  -0.685946  -0.490781   0.154002  -1.142427  -1.491574   0.001000
 -0.514681  -0.685946  -0.490781   0.154002  -1.142427  -1.491574   0.001000
 -0.514681  -0.685946  -0.490781   0.154002  -1.142427  -1.491574   0.001000
 -0.514681  -0.685946  -0.490781   0.154002  -1.142427  -1.491574   0.001000
 -0.514681  -0.685946  -0.490781   0.154002  -1.142427  -1.491574   0.001000
 -0.514681  -0.685946  -0.490781   0.154002  -1.142427  -1.491574   0.001000
 -0.514681  -0.685946  -0.490781   0.154002  -1.142427  -1.491574   0.001000
 -0.514681  -0.685946  -0.490781   0.154002  -1.142427  -1.491574   0.001000
 -0.514681  -0.685946  -0.490781   0.154002  -1.142427  -1.491574   0.001000
 -0.514681  -0.685946  -0.490781   0.154002  -1.142427  -1.491574   0.001000
 -0.514681  -0.685946  -0.490781   0.154002  -1.142427  -1.491574   0.001000
 -0.501019  -0.706501  -0.474524   0.157050  -1.401681  -1.441472   0.001000
 -0.501019  -0.706501  -0.474524   0.157050  -1.401681  -1.441472   0.001000
 -0.520008  -0.691389  -0.474889   0.161410  -1.131169  -1.065652   0.001000
 -0.520008  -0.691389  -0.474889   0.161410  -1.131169  -1.065652   0.001000
 -0.507914  -0.701877  -0.473733   0.158016  -1.267413  -1.420173   0.001000
 -0.507914  -0.701877  -0.473733   0.158016  -1.267413  -1.420173   0.001000
 -0.507914  -0.701877  -0.473733   0.158016  -1.267413  -1.420173   0.001000
 -0.507914  -0.701877  -0.473733   0.158016  -1.267413  -1.420173   0.001000
 -0.507914  -0.701877  -0.473733   0.158016  -1.267413  -1.420173   0.001000
 -0.507914  -0.701877  -0.473733   0.158016  -1.267413  -1.420173   0.001000
 -0.507914  -0.701877  -0.473733   0.158016  -1.267413  -1.420173   0.001000
 -0.507914  -0.701877  -0.473733   0.158016  -1.267413  -1.420173   0.001000
 -0.507914  -0.701877  -0.473733   0.158016  -1.267413  -1.420173   0.001000
 -0.507914  -0.701877  -0.473733   0.158016  -1.267413  -1.420173   0.001000
 -0.507914  -0.701877  -0.473733   0.158016  -1.267413  -1.420173   0.001000
 -0.507914  -0.701877  -0.473733   0.158016  -1.267413  -1.420173   0.001000
 -0.507914  -0.701877  -0.473733   0.158016  -1.267413  -1.420173   0.001000
 -0.507914  -0.701877  -0.473733   0.158016  -1.267413  -1.420173   0.001000
 -0.507914  -0.701877  -0.473733   0.158016  -1.267413  -1.420173   0.001000
 -0.513403  -0.702884  -0.471447   0.141805  -1.382008  -1.435971   0.001000
 -0.507162  -0.697143  -0.483083   0.152998  -1.310991  -1.343795   0.001000
 -0.519660  -0.691036  -0.472832   0.169860  -1.278306  -1.304002   0.001000
 -0.519660  -0.691036  -0.472832   0.169860  -1.278306  -1.304002   0.001000
 -0.519660  -0.691036  -0.472832   0.169860  -1.278306  -1.304002   0.001000
 -0.519660  -0.691036  -0.472832   0.169860  -1.278306  -1.304002   0.001000
 -0.519660  -0.691036  -0.472832   0.169860  -1.278306  -1.304002   0.001000
 -0.519660  -0.691036  -0.472832   0.169860  -1.278306  -1.304002   0.001000
 -0.519660  -0.691036  -0.472832   0.169860  -1.278306  -1.304002   0.001000
 -0.519660  -0.691036  -0.472832   0.169860  -1.278306  -1.304002   0.001000
 -0.519660  -0.691036  -0.472832   0.169860  -1.278306  -1.304002   0.001000
 -0.519660  -0.691036  -0.472832   0.169860  -1.278306  -1.304002   0.001000
 -0.500312  -0.699951  -0.480804   0.169069  -1.252988  -1.272946   0.001000
 -0.500312  -0.699951  -0.480804   0.169069  -1.252988  -1.272946   0.001000
 -0.500312  -0.699951  -0.480804   0.169069  -1.252988  -1.272946   0.001000
 -0.520608  -0.686926  -0.477626   0.170214  -1.156528  -1.691092   0.001000
 -0.528506  -0.676701  -0.487885   0.157242  -1.202076  -1.671751   0.001000
 -0.506835  -0.693799  -0.485968   0.159990  -1.183690  -1.566411   0.001000
 -0.506835  -0.693799  -0.485968   0.159990  -1.183690  -1.566411   0.001000
 -0.512460  -0.694743  -0.477658   0.162974  -1.007230  -1.281012   0.001000
 -0.512460  -0.694743  -0.477658   0.162974  -1.007230  -1.281012   0.001000
 -0.512460  -0.694743  -0.477658   0.162974  -1.007230  -1.281012   0.001000
 -0.512460  -0.694743  -0.477658   0.162974  -1.007230  -1.281012   0.001000
 -0.512460  -0.694743  -0.477658   0.162974  -1.007230  -1.281012   0.001000
 -0.491104  -0.700564  -0.492871   0.158447  -1.029229  -1.499102   0.001000
 -0.491104  -0.700564  -0.492871   0.158447  -1.029229  -1.499102   0.001000
 -0.518166  -0.681330  -0.499247   0.134337  -1.228947  -1.352911   0.001000
 -0.518166  -0.681330  -0.499247   0.134337  -1.228947  -1.352911   0.001000
 -0.515945  -0.683494  -0.492598   0.154865  -0.939376  -1.356864   0.001000
 -0.515945  -0.683494  -0.492598   0.154865  -0.939376  -1.356864   0.001000
 -0.515945  -0.683494  -0.492598   0.154865  -0.939376  -1.356864   0.001000
 -0.515945  -0.683494  -0.492598   0.154865  -0.939376  -1.356864   0.001000
 -0.515945  -0.683494  -0.492598   0.154865  -0.939376  -1.356864   0.001000
 -0.513464  -0.693935  -0.480089   0.155960  -1.374059  -1.353199   0.001000
 -0.513464  -0.693935  -0.480089   0.155960  -1.374059  -1.353199   0.001000
 -0.523137  -0.682595  -0.490305   0.141399  -0.978698  -1.507095   0.001000
 -0.511399  -0.689698  -0.486156   0.162600  -1.360594  -0.771097   0.001000
 -0.500841  -0.694604  -0.495181   0.146557  -1.464855  -0.942088   0.001000
 -0.523118  -0.686395  -0.480853   0.154886  -1.183892  -0.780598   0.001000
 -0.523118  -0.686395  -0.480853   0.154886  -1.183892  -0.780598   0.001000
 -0.512868  -0.695297  -0.481045   0.148744  -1.279117  -1.189002   0.001000
 -0.501906  -0.690038  -0.494247   0.166305  -1.067276  -1.687080   0.001000
 -0.485614  -0.697851  -0.502931   0.155702  -1.017956  -1.555625   0.001000
 -0.509943  -0.699472  -0.476393   0.154098  -0.527271  -1.681587   0.001000
 -0.513932  -0.687775  -0.486262   0.162449  -0.384390  -1.857968   0.001000
 -0.521836  -0.678190  -0.493282   0.156264  -0.508613  -1.800089   0.001000
 -0.531886  -0.675784  -0.481435   0.169214  -0.895397  -1.789443   0.001000
 -0.520444  -0.684140  -0.484993   0.160847  -0.488516  -1.807249   0.001000
 -0.520444  -0.684140  -0.484993   0.160847  -0.488516  -1.807249   0.001000
 -0.520444  -0.684140  -0.484993   0.160847  -0.488516  -1.807249   0.001000
 -0.508737  -0.688925  -0.492838   0.153882  -0.742442  -1.843508   0.001000
 -0.508737  -0.688925  -0.492838   0.153882  -0.742442  -1.843508   0.001000
 -0.508737  -0.688925  -0.492838   0.153882  -0.742442  -1.843508   0.001000
 -0.508737  -0.688925  -0.492838   0.153882  -0.742442  -1.843508   0.001000
 -0.508737  -0.688925  -0.492838   0.153882  -0.742442  -1.843508   0.001000
 -0.513888  -0.687941  -0.484490   0.167112  -0.434884  -1.664253   0.001000
 -0.513888  -0.687941  -0.484490   0.167112  -0.434884  -1.664253   0.001000
 -0.514069  -0.693991  -0.479851   0.154445  -0.490107  -1.680094   0.001000
 -0.514069  -0.693991  -0.479851   0.154445  -0.490107  -1.680094   0.001000
 -0.514069  -0.693991  -0.479851   0.154445  -0.490107  -1.680094   0.001000
 -0.516494  -0.688573  -0.486444   0.149912  -0.512615  -1.637251   0.001000
 -0.510201  -0.686060  -0.491484   0.165713  -0.609914  -1.728384   0.001000
 -0.510201  -0.686060  -0.491484   0.165713  -0.609914  -1.728384   0.001000
 -0.523760  -0.669831  -0.501675   0.159136  -0.702944  -1.318908   0.001000
 -0.523760  -0.669831  -0.501675   0.159136  -0.702944  -1.318908   0.001000
 -0.523760  -0.669831  -0.501675   0.159136  -0.702944  -1.318908   0.001000
 -0.523107  -0.678977  -0.485804   0.171303  -0.611113  -1.589122   0.001000
 -0.519370  -0.696282  -0.468290   0.161712  -0.565781  -1.402153   0.001000
 -0.519370  -0.696282  -0.468290   0.161712  -0.565781  -1.402153   0.001000
 -0.536505  -0.676756  -0.480974   0.151088  -0.522109  -1.582763   0.001000
 -0.521080  -0.691396  -0.472714   0.164286  -0.504787  -1.564180   0.001000
 -0.521080  -0.691396  -0.472714   0.164286  -0.504787  -1.564180   0.001000
 -0.521080  -0.691396  -0.472714   0.164286  -0.504787  -1.564180   0.001000
 -0.518889  -0.680950  -0.491490   0.159684  -0.466649  -1.466566   0.001000
 -0.516584  -0.698955  -0.469040   0.156859  -0.461977  -1.777294   0.001000
 -0.513916  -0.691702  -0.482258   0.157687  -0.533861  -1.774889   0.001000
 -0.513916  -0.691702  -0.482258   0.157687  -0.533861  -1.774889   0.001000
 -0.513916  -0.691702  -0.482258   0.157687  -0.533861  -1.774889   0.001000
 -0.513633  -0.690957  -0.483950   0.156691  -0.630410  -1.611012   0.001000
 -0.513633  -0.690957  -0.483950   0.156691  -0.630410  -1.611012   0.001000
 -0.513633  -0.690957  -0.483950   0.156691  -0.630410  -1.611012   0.001000
 -0.513633  -0.690957  -0.483950   0.156691  -0.630410  -1.611012   0.001000
 -0.513633  -0.690957  -0.483950   0.156691  -0.630410  -1.611012   0.001000
 -0.513633  -0.690957  -0.483950   0.156691  -0.630410  -1.611012   0.001000
 -0.513633  -0.690957  -0.483950   0.156691  -0.630410  -1.611012   0.001000
 -0.513633  -0.690957  -0.483950   0.156691  -0.630410  -1.611012   0.001000
 -0.513633  -0.690957  -0.483950   0.156691  -0.630410  -1.611012   0.001000
 -0.513633  -0.690957  -0.483950   0.156691  -0.630410  -1.611012   0.001000
 -0.513633  -0.690957  -0.483950   0.156691  -0.630410  -1.611012   0.001000
 -0.513633  -0.690957  -0.483950   0.156691  -0.630410  -1.611012   0.001000
 -0.513633  -0.690957  -0.483950   0.156691  -0.630410  -1.611012   0.001000
 -0.513633  -0.690957  -0.483950   0.156691  -0.630410  -1.611012   0.001000
 -0.513633  -0.690957  -0.483950   0.156691  -0.630410  -1.611012   0.001000
 -0.513633  -0.690957  -0.483950   0.156691  -0.630410  -1.611012   0.001000
 -0.513633  -0.690957  -0.483950   0.156691  -0.630410  -1.611012   0.001000
 -0.513633  -0.690957  -0.483950   0.156691  -0.630410  -1.611012   0.001000
 -0.524853  -0.686045  -0.480578   0.151380  -0.376045  -1.829111   0.001000
 -0.524853  -0.686045  -0.480578   0.151380  -0.376045  -1.829111   0.001000
 -0.513683  -0.687076  -0.491847   0.148806  -0.450114  -1.790177   0.001000
 -0.523251  -0.692237  -0.473055   0.152432  -0.652604  -1.222312   0.001000
 -0.523251  -0.692237  -0.473055   0.152432  -0.652604  -1.222312   0.001000
 -0.521137  -0.683136  -0.486922   0.156998  -0.647666  -1.113562   0.001000
 -0.521137  -0.683136  -0.486922   0.156998  -0.647666  -1.113562   0.001000
 -0.529449  -0.668141  -0.500224   0.151816  -0.704317  -1.134423   0.001000
 -0.522528  -0.680463  -0.492746   0.145382  -0.653855  -1.067671   0.001000
 -0.525059  -0.667602  -0.452807   0.271269  -0.593525  -0.876491   0.001000
 -0.527572  -0.688379  -0.475410   0.147610  -0.762944  -1.593888   0.001000
 -0.514675  -0.692134  -0.469794   0.188024  -0.736652  -1.478187   0.001000
 -0.525482  -0.687092  -0.472739   0.168202  -0.821066  -1.768750   0.001000
 -0.515049  -0.695084  -0.478132   0.151570  -0.763439  -1.393805   0.001000
 -0.509347  -0.694191  -0.481499   0.163775  -0.785285  -1.335513   0.001000
 -0.509347  -0.694191  -0.481499   0.163775  -0.785285  -1.335513   0.001000
 -0.536877  -0.689182  -0.461743   0.153575  -0.608849  -1.358878   0.001000
 -0.526231  -0.695593  -0.469212   0.138100  -0.463065  -1.418515   0.001000
 -0.518214  -0.694255  -0.474081   0.157200  -0.398970  -1.599292   0.001000
 -0.518214  -0.694255  -0.474081   0.157200  -0.398970  -1.599292   0.001000
 -0.518214  -0.694255  -0.474081   0.157200  -0.398970  -1.599292   0.001000
 -0.514625  -0.699831  -0.465934   0.168232  -1.005756  -1.398566   0.001000
 -0.504509  -0.696662  -0.483634   0.161960  -0.867984  -1.377578   0.001000
 -0.498029  -0.699261  -0.486144   0.163295  -0.854362  -1.061792   0.001000
 -0.518621  -0.685671  -0.479451   0.176108  -0.966441  -1.105870   0.001000
 -0.518621  -0.685671  -0.479451   0.176108  -0.966441  -1.105870   0.001000
 -0.522511  -0.681394  -0.487245   0.158988  -0.890356  -1.234681   0.001000
 -0.522511  -0.681394  -0.487245   0.158988  -0.890356  -1.234681   0.001000
 -0.498337  -0.704119  -0.480130   0.159224  -0.804692  -1.382956   0.001000
 -0.519278  -0.683187  -0.484891   0.168778  -0.607604  -1.448564   0.001000
 -0.503832  -0.679456  -0.516306   0.133869  -0.702695  -1.194167   0.001000
 -0.521027  -0.687048  -0.476844   0.170634  -0.660914  -1.370729   0.001000
 -0.521027  -0.687048  -0.476844   0.170634  -0.660914  -1.370729   0.001000
 -0.521027  -0.687048  -0.476844   0.170634  -0.660914  -1.370729   0.001000
 -0.521027  -0.687048  -0.476844   0.170634  -0.660914  -1.370729   0.001000
 -0.523688  -0.692546  -0.468755   0.162478  -0.796639  -1.342980   0.001000
 -0.538149  -0.683042  -0.464996   0.166221  -0.824664  -1.098406   0.001000
 -0.515259  -0.690317  -0.480766   0.163815  -0.872163  -1.394733   0.001000
 -0.515259  -0.690317  -0.480766   0.163815  -0.872163  -1.394733   0.001000
 -0.515259  -0.690317  -0.480766   0.163815  -0.872163  -1.394733   0.001000
 -0.515259  -0.690317  -0.480766   0.163815  -0.872163  -1.394733   0.001000
 -0.515259  -0.690317  -0.480766   0.163815  -0.872163  -1.394733   0.001000
 -0.515259  -0.690317  -0.480766   0.163815  -0.872163  -1.394733   0.001000
 -0.515259  -0.690317  -0.480766   0.163815  -0.872163  -1.394733   0.001000
 -0.515259  -0.690317  -0.480766   0.163815  -0.872163  -1.394733   0.001000
 -0.515259  -0.690317  -0.480766   0.163815  -0.872163  -1.394733   0.001000
 -0.515259  -0.690317  -0.480766   0.163815  -0.872163  -1.394733   0.001000
 -0.515259  -0.690317  -0.480766   0.163815  -0.872163  -1.394733   0.001000
 -0.515259  -0.690317  -0.480766   0.163815  -0.872163  -1.394733   0.001000
 -0.515259  -0.690317  -0.480766   0.163815  -0.872163  -1.394733   0.001000
 -0.515259  -0.690317  -0.480766   0.163815  -0.872163  -1.394733   0.001000
 -0.515259  -0.690317  -0.480766   0.163815  -0.872163  -1.394733   0.001000
 -0.515259  -0.690317  -0.480766   0.163815  -0.872163  -1.394733   0.001000
 -0.515259  -0.690317  -0.480766   0.163815  -0.872163  -1.394733   0.001000
 -0.515259  -0.690317  -0.480766   0.163815  -0.872163  -1.394733   0.001000
 -0.515259  -0.690317  -0.480766   0.163815  -0.872163  -1.394733   0.001000
 -0.515259  -0.690317  -0.480766   0.163815  -0.872163  -1.394733   0.001000
 -0.515259  -0.690317  -0.480766   0.163815  -0.872163  -1.394733   0.001000
 -0.515259  -0.690317  -0.480766   0.163815  -0.872163  -1.394733   0.001000
 -0.515259  -0.690317  -0.480766   0.163815  -0.872163  -1.394733   0.001000
 -0.515259  -0.690317  -0.480766   0.163815  -0.872163  -1.394733   0.001000
 -0.515259  -0.690317  -0.480766   0.163815  -0.872163  -1.394733   0.001000
 -0.515259  -0.690317  -0.480766   0.163815  -0.872163  -1.394733   0.001000
 -0.515259  -0.690317  -0.480766   0.163815  -0.872163  -1.394733   0.001000
 -0.515259  -0.690317  -0.480766   0.163815  -0.872163  -1.394733   0.001000
 -0.515259  -0.690317  -0.480766   0.163815  -0.872163  -1.394733   0.001000
 -0.515259  -0.690317  -0.480766   0.163815  -0.872163  -1.394733   0.001000
 -0.515259  -0.690317  -0.480766   0.163815  -0.872163  -1.394733   0.001000
 -0.515259  -0.690317  -0.480766   0.163815  -0.872163  -1.394733   0.001000
 -0.507085  -0.693079  -0.491170   0.145799  -0.879239  -1.323225   0.001000
 -0.507085  -0.693079  -0.491170   0.145799  -0.879239  -1.323225   0.001000
 -0.507085  -0.693079  -0.491170   0.145799  -0.879239  -1.323225   0.001000
 -0.507085  -0.693079  -0.491170   0.145799  -0.879239  -1.323225   0.001000
 -0.514973  -0.694765  -0.474446   0.164333  -0.655414  -1.356369   0.001000
 -0.514973  -0.694765  -0.474446   0.164333  -0.655414  -1.356369   0.001000
 -0.514973  -0.694765  -0.474446   0.164333  -0.655414  -1.356369   0.001000
 -0.514973  -0.694765  -0.474446   0.164333  -0.655414  -1.356369   0.001000
 -0.514973  -0.694765  -0.474446   0.164333  -0.655414  -1.356369   0.001000
 -0.514973  -0.694765  -0.474446   0.164333  -0.655414  -1.356369   0.001000
 -0.514973  -0.694765  -0.474446   0.164333  -0.655414  -1.356369   0.001000
 -0.514973  -0.694765  -0.474446   0.164333  -0.655414  -1.356369   0.001000
 -0.514973  -0.694765  -0.474446   0.164333  -0.655414  -1.356369   0.001000
 -0.514973  -0.694765  -0.474446   0.164333  -0.655414  -1.356369   0.001000
 -0.514973  -0.694765  -0.474446   0.164333  -0.655414  -1.356369   0.001000
 -0.514973  -0.694765  -0.474446   0.164333  -0.655414  -1.356369   0.001000
 -0.514973  -0.694765  -0.474446   0.164333  -0.655414  -1.356369   0.001000
 -0.514973  -0.694765  -0.474446   0.164333  -0.655414  -1.356369   0.001000
 -0.514973  -0.694765  -0.474446   0.164333  -0.655414  -1.356369   0.001000
 -0.514973  -0.694765  -0.474446   0.164333  -0.655414  -1.356369   0.001000
 -0.514973  -0.694765  -0.474446   0.164333  -0.655414  -1.356369   0.001000
 -0.514973  -0.694765  -0.474446   0.164333  -0.655414  -1.356369   0.001000
 -0.514973  -0.694765  -0.474446   0.164333  -0.655414  -1.356369   0.001000
 -0.514973  -0.694765  -0.474446   0.164333  -0.655414  -1.356369   0.001000
 -0.514973  -0.694765  -0.474446   0.164333  -0.655414  -1.356369   0.001000
 -0.514973  -0.694765  -0.474446   0.164333  -0.655414  -1.356369   0.001000
 -0.514973  -0.694765  -0.474446   0.164333  -0.655414  -1.356369   0.001000
 -0.514973  -0.694765  -0.474446   0.164333  -0.655414  -1.356369   0.001000
 -0.514973  -0.694765  -0.474446   0.164333  -0.655414  -1.356369   0.001000
 -0.514973  -0.694765  -0.474446   0.164333  -0.655414  -1.356369   0.001000
 -0.514973  -0.694765  -0.474446   0.164333  -0.655414  -1.356369   0.001000
 -0.514973  -0.694765  -0.474446   0.164333  -0.655414  -1.356369   0.001000
 -0.514973  -0.694765  -0.474446   0.164333  -0.655414  -1.356369   0.001000
 -0.514973  -0.694765  -0.474446   0.164333  -0.655414  -1.356369   0.001000
 -0.514973  -0.694765  -0.474446   0.164333  -0.655414  -1.356369   0.001000
 -0.514973  -0.694765  -0.474446   0.164333  -0.655414  -1.356369   0.001000
 -0.514973  -0.694765  -0.474446   0.164333  -0.655414  -1.356369   0.001000
 -0.514973  -0.694765  -0.474446   0.164333  -0.655414  -1.356369   0.001000
 -0.512441  -0.692923  -0.484184   0.151091  -0.523791  -1.343163   0.001000
 -0.512441  -0.692923  -0.484184   0.151091  -0.523791  -1.343163   0.001000
 -0.523179  -0.686425  -0.481038   0.153969  -0.603769  -1.258555   0.001000
 -0.523179  -0.686425  -0.481038   0.153969  -0.603769  -1.258555   0.001000
 -0.523179  -0.686425  -0.481038   0.153969  -0.603769  -1.258555   0.001000
 -0.523179  -0.686425  -0.481038   0.153969  -0.603769  -1.258555   0.001000
 -0.523179  -0.686425  -0.481038   0.153969  -0.603769  -1.258555   0.001000
 -0.523179  -0.686425  -0.481038   0.153969  -0.603769  -1.258555   0.001000
 -0.522882  -0.680971  -0.489086   0.153843  -0.374735  -1.325436   0.001000
 -0.510407  -0.709961  -0.458967   0.157447  -0.910912  -1.229031   0.001000
 -0.508841  -0.683754  -0.497716   0.160748  -1.075135  -1.375730   0.001000
 -0.513313  -0.693589  -0.481663   0.153116  -1.010619  -1.324487   0.001000
 -0.513313  -0.693589  -0.481663   0.153116  -1.010619  -1.324487   0.001000
 -0.513313  -0.693589  -0.481663   0.153116  -1.010619  -1.324487   0.001000
 -0.513313  -0.693589  -0.481663   0.153116  -1.010619  -1.324487   0.001000
 -0.513313  -0.693589  -0.481663   0.153116  -1.010619  -1.324487   0.001000
 -0.510445  -0.685715  -0.495816   0.152994  -1.098485  -1.180160   0.001000
 -0.512399  -0.681588  -0.498972   0.154635  -1.274056  -1.570620   0.001000
