  1570    849 000001
  1565   1279 000002
  3032   2971 000003
  1220   3122 000004
  3410   2293 000005
  2787   3556 000006
  2474   1354 000007
  3218   2240 000008
  2373   1944 000009
  2165   1078 000010
  2194   1564 000011
  2998    267 000012
  2317   1492 000013
  3356    602 000014
  3161   3201 000015
  2912   1499 000016
  1701   2660 000017
  1505   3479 000018
  3197   3515 000019
  2559   3435 000020
   578    297 000021
  1700   1954 000023
  3669   1726 000024
  3286   1589 000025
   995   1091 000026
  1989   1316 000027
   595   2643 000028
  2989   1196 000029
  2183   3250 000030
  1928   2091 000031
  1621   3224 000032
  1173   3564 000033
  1462   1543 000034
  3283    865 000035
  1635   3544 000036
  1928   2090 000037
  1683   1974 000038
   714   2609 000039
   595   2643 000040
  1989   1316 000041
  1175   3562 000042
   579    298 000043
  1621   3224 000044
  3287   1590 000045
  2028    619 000046
  3256   2119 000047
  1574   3373 000048
  3248   2647 000049
  3693   1348 000050
  3575   3134 000051
  1799   1162 000052
  3450   2992 000053
  1910   1716 000054
  1715    438 000055
  3401   1246 000056
  1974   1854 000057
  2852   2098 000058
  1173   2684 000059
  2172   3498 000060
  2824   1835 000061
   997    738 000062
  2087    942 000063
  2819    314 000064
  2613   1540 000065
   947   1515 000066
  3082   1431 000067
  3379    115 000068
   447   2665 000069
  2466   2724 000070
  2879    183 000071
  2753    406 000072
   324   2057 000073
  2044   1594 000074
  1925    373 000075
   751   1022 000076
   812    449 000077
  1092    679 000078
   774   1602 000079
  1744    231 000080
  2793   2955 000081
  2029    619 000082
  3268   2491 000083
  1392   1066 000084
  3284    866 000085
  1925    372 000086
   752   1023 000087
  1393   1067 000088
  1091    678 000089
  2794   2955 000090
  1816    856 000091
  2183   3250 000092
  3668   1725 000093
