  2383    274 000001
   830   3024 000002
  1925    905 000003
  3354    788 000004
  1024   3448 000005
  2687   2597 000006
  1579   2492 000007
   742   1930 000008
  2186   2117 000009
  3273    205 000010
  3581   1991 000011
  2772   3062 000012
   646   3332 000013
  3362   2029 000014
  2314   1943 000015
  2141    321 000016
  1681   3010 000017
  3146   2746 000018
  2224    725 000019
   484   1020 000020
  1602   1097 000021
  1464   2470 000022
  1007   2697 000023
  3493   3554 000024
  1811   1214 000025
   959    165 000026
  3687   3221 000027
   286   2478 000028
  2491   2932 000029
   830   2022 000030
  3437   1016 000031
  2230   1295 000032
  2135   2331 000033
  3201    663 000034
  2584    419 000035
  3525   2339 000036
   303    781 000037
  1174    238 000038
  1778   3264 000039
  3068   2895 000040
  2598   3094 000041
   334   3164 000042
  1858   3085 000043
   743   2132 000044
  1207   1173 000045
  1506    572 000047
   978   2836 000048
  3016   1521 000049
  2285    398 000050
  2945   1143 000051
  2128   2356 000052
  3254   1945 000053
  1620   1594 000054
  3480   2886 000055
   947   2516 000056
  2150   2975 000057
   588   1178 000058
   928   2238 000059
  1946    706 000060
   447    635 000061
  3584   2792 000062
   996    492 000063
  2785    125 000064
  2008    199 000065
  3642   1930 000066
   863   1742 000067
  1842   3460 000068
  3406    285 000069
   571   1024 000070
  1617    448 000071
   523   3047 000072
  3225   2642 000073
  2038    122 000074
   710    232 000075
  1069   2844 000076
  3556   3465 000077
  1492    853 000078
   918   3117 000079
  1482    659 000080
   142   1604 000081
  2528    917 000082
  2488   2201 000083
  2315   1356 000084
  1781   2894 000085
  1686   2452 000086
  3656   3529 000087
  1012   1429 000088
  3490   1933 000089
  3267   2233 000090
  1937   3436 000091
  2600   2739 000092
  3276    386 000093
  3361   1849 000094
   589   2424 000095
  3121   2467 000096
  2318    712 000097
  1393   3352 000098
  2318   2229 000099
  2635   1861 000100
  3129   1612 000101
  3492   3127 000102
  2316   2905 000103
   205   2137 000104
  2516    564 000105
  2646   2461 000106
