   26476.242188        1.002928        0.651810        0.039499       -0.036540        0.756471  000001
   26471.042968        0.996897       -0.449226        0.566423       -0.682845       -0.105279  000002
   26454.757812        1.001022       -0.213228       -0.891921        0.356693       -0.178272  000003
   26319.357422        1.021237        0.684396       -0.433547        0.249373        0.530520  000004
   26406.576172        0.991900       -0.673367        0.175125        0.030909       -0.717602  000005
   26495.771485        0.987791       -0.362584        0.155859       -0.181067       -0.900809  000006
   26548.511718        1.003456        0.782421        0.467330        0.329955       -0.246068  000007
   26450.197265        1.004793       -0.485307       -0.021592        0.395079       -0.779694  000009
   26344.087890        0.992539       -0.443745       -0.254573        0.548613        0.661292  000010
   26375.988282        0.997064       -0.094121        0.197020       -0.123886        0.967976  000011
   26461.941407        1.011859        0.975324       -0.080519       -0.139351       -0.151130  000012
   26383.810547        0.997349        0.270658        0.511868       -0.628563        0.519272  000013
   26454.126953        1.000597        0.012649        0.280038        0.048845        0.958662  000014
   26398.115235        1.002216        0.272279       -0.888177       -0.049797        0.366777  000015
   26477.544922        0.988807        0.372823       -0.350789        0.501109        0.697739  000016
   26455.425782        0.998844        0.942320        0.027563       -0.217853        0.252612  000017
   26335.621093        1.005984       -0.245638       -0.903160        0.297075       -0.188973  000018
   26409.832032        0.995385        0.918312        0.080537        0.243687        0.301384  000019
   26497.070312        0.990266        0.068085       -0.016018        0.287134        0.955333  000020
   26347.984375        0.983122        0.899608        0.413872       -0.134435        0.036651  000021
   26269.892578        1.005725        0.828184       -0.078442       -0.092527       -0.547172  000022
   26464.544922        1.001481        0.426965       -0.242130       -0.379601        0.784204  000023
   26542.673828        1.012614        0.450820       -0.130302        0.403195       -0.785632  000024
   26427.445312        1.014144        0.164349        0.521069       -0.432580        0.717183  000025
   26539.402343        0.988658        0.059970        0.081620        0.506818       -0.856082  000026
   26360.355468        0.981909        0.359515       -0.431692        0.108510        0.820132  000027
   26458.011718        0.984356       -0.034156       -0.381767        0.712598       -0.587615  000028
   26453.457032        1.004509       -0.119868        0.434986       -0.737701        0.502211  000029
   26527.695312        1.010123       -0.420691       -0.686064       -0.418731       -0.420713  000030
   26534.218750        0.992736        0.721952        0.540165       -0.276958        0.332116  000031
   26456.707032        0.983002       -0.127218       -0.893782       -0.422081       -0.082567  000032
   26286.171875        0.998818        0.915754       -0.108666       -0.371310       -0.108236  000033
   26448.244140        1.004397       -0.991701        0.016680        0.109538       -0.065211  000034
   26410.503907        1.010017       -0.790413        0.442051       -0.088070        0.414827  000035
   26490.560547        1.014229        0.520494        0.093124        0.799286        0.285581  000036
   26532.921875        1.006514       -0.364866       -0.325901       -0.033598        0.871512  000037
   26490.566407        1.014812       -0.524434       -0.091752       -0.798915       -0.279795  000038
   26458.667968        1.013492       -0.113161       -0.247378       -0.089775        0.958091  000039
   26500.992188        1.001843       -0.441213       -0.172373        0.196527        0.858485  000040
   26353.841797        1.019148       -0.551523       -0.771515       -0.316176        0.024907  000041
   26341.474610        0.998349        0.253626        0.797926       -0.150465        0.525689  000043
   26448.246093        1.008101        0.991675       -0.016510       -0.110757        0.063577  000044
   26459.330078        0.985393       -0.032157       -0.381522        0.714543       -0.585521  000045
   26527.675782        1.016175        0.424112        0.681766        0.420116        0.422879  000046
   26410.494140        1.004342       -0.789584        0.441562       -0.088480        0.416835  000047
   26381.203125        0.997142        0.680349        0.258182       -0.581494       -0.363775  000048
   26432.621093        1.002945       -0.537559       -0.453626       -0.653398       -0.279866  000049
   26415.039062        0.999533       -0.592976        0.472541        0.091057        0.645595  000050
   26412.443360        1.006099        0.530606        0.552325        0.605829        0.215326  000051
   26422.851562        1.015482        0.332809        0.916167        0.025527        0.221868  000052
   26329.113282        1.002868       -0.172979       -0.933845       -0.263445       -0.169139  000053
   26553.728515        1.006034       -0.250317       -0.047041       -0.851707        0.457956  000054
   26519.857422        0.990975       -0.716438        0.220999        0.193834       -0.632696  000055
   26510.109375        0.992385       -0.599676        0.142925        0.409917        0.672257  000056
   26436.523438        0.980926       -0.552652        0.563920       -0.438565       -0.429221  000057
   26447.593750        1.008791        0.661078        0.360855        0.428744       -0.498937  000058
   26451.500000        0.996024        0.752279        0.612162        0.028570        0.241904  000059
   26411.789062        1.001956        0.105881        0.495846        0.500706       -0.701584  000060
   26560.917968        1.013332       -0.751671        0.561828       -0.123273        0.322713  000061
   26426.761718        1.001040        0.664280        0.682075        0.207998        0.224149  000062
   26346.035157        1.000919       -0.099353        0.065233       -0.170740       -0.978121  000063
   26532.250000        0.989333       -0.608344        0.692959        0.105923       -0.372164  000064
   26350.587890        1.012722       -0.140635       -0.944357        0.011135       -0.297131  000065
   26475.585938        1.012210        0.571374        0.793203        0.180239        0.108968  000066
   26440.433593        1.009843       -0.571289       -0.401190       -0.707703        0.108773  000067
   26446.941407        1.018891       -0.594150        0.285757       -0.138238       -0.739066  000068
   26463.886718        0.989440       -0.257184        0.515576        0.116723       -0.808958  000069
   26458.011718        0.999985        0.541526       -0.576347        0.003134       -0.612017  000070
   26427.410157        0.988496        0.521154        0.732417        0.360746        0.248648  000071
   26510.761718        0.988171       -0.021721       -0.594447       -0.152835       -0.789178  000072
   26548.527343        0.981739       -0.790113        0.397418        0.095638        0.456765  000073
   26456.710938        0.985249        0.136656        0.635568       -0.681979        0.335086  000074
   26519.208985        1.006087       -0.324575       -0.853590       -0.398996       -0.082687  000075
   26510.097657        0.988820       -0.867286        0.252680        0.379005        0.200808  000076
   26450.851562        1.010719        0.225598       -0.389844        0.490609        0.745942  000077
   26296.630860        1.009960        0.404537       -0.818393       -0.076194        0.400970  000078
   26553.078125        1.000939       -0.397503       -0.188072       -0.662918       -0.605937  000079
   26530.941407        0.998092        0.762426       -0.500299        0.185023       -0.366298  000080
   26532.882812        1.010477        0.153037        0.604442       -0.241158       -0.743688  000081
   26426.125000        0.989496       -0.961877       -0.113547       -0.228941       -0.097397  000082
   26428.710938        1.010418       -0.518479       -0.087474        0.240659        0.815850  000083
   26353.841797        1.017230       -0.555592       -0.768980       -0.315127        0.026109  000084
   26534.208985        0.992088       -0.853822       -0.321023       -0.288783       -0.290753  000086
   26456.708985        1.011823       -0.193252        0.209553        0.285108        0.915125  000087
   26411.789062        1.014403        0.259222        0.201052       -0.727385       -0.602738  000088
   26519.890625        1.009700       -0.795204       -0.526851       -0.298097       -0.034882  000089
   26454.753907        1.006650       -0.254162       -0.907515        0.150235       -0.298743  000090
   26455.410157        1.009072        0.249778        0.907622       -0.149999        0.302216  000091
   26349.287110        0.998394        0.721979        0.049191        0.644248        0.247531  000092
   26484.050782        0.986850        0.102726        0.560111       -0.787096        0.237073  000093
   26456.710938        1.009721       -0.196424        0.201118        0.295392        0.913079  000094
   26413.738282        1.005535       -0.257982       -0.201245        0.723967        0.607304  000095
   26285.513672        0.989680        0.918103       -0.108979       -0.365257       -0.108619  000096
   26519.882812        1.010826       -0.794691       -0.528110       -0.298040       -0.027182  000097
   26444.388672        1.002770       -0.392312        0.408143        0.084248        0.820008  000098
   26319.375000        1.000187       -0.371276       -0.212471        0.389518       -0.815651  000099
