   24126.982422        1.011765        0.182783       -0.514100       -0.162479       -0.822127  000001
   24164.734375        1.019743        0.632328       -0.152663        0.124293        0.749271  000002
   24309.925781        1.006287       -0.617953        0.038877        0.720315        0.312680  000003
   24162.781250        1.016340       -0.471679       -0.667572        0.571763       -0.070375  000004
   24061.916015        1.012334       -0.024022        0.756709       -0.586900       -0.286990  000005
   24212.910156        1.005890       -0.272351        0.740268        0.510402       -0.342518  000006
   24299.509765        0.990641       -0.119228       -0.251397       -0.742012        0.609920  000007
   24294.960938        1.017470        0.794248       -0.446532        0.058482       -0.407870  000008
   24242.214844        0.987970       -0.587470        0.317217       -0.612613        0.423033  000009
   24274.113281        1.009560       -0.469762       -0.732920        0.209207        0.445403  000010
   24279.320312        0.991671       -0.223707       -0.279734        0.249935       -0.899576  000011
   24340.531250        1.005478        0.174354        0.038319       -0.928992       -0.324201  000012
   24244.812500        0.998049        0.565219       -0.259627        0.400160        0.673048  000013
   24196.634765        1.003461        0.229771        0.508226        0.760553        0.332372  000014
   24189.472656        0.999477        0.071918       -0.414560       -0.350356        0.836791  000015
   24059.294922        0.996236        0.213616       -0.353528        0.317804        0.853456  000016
   24246.113281        1.003634       -0.015717        0.536512        0.690219        0.485289  000017
   24222.025390        0.995859        0.469569       -0.006137       -0.562241       -0.680700  000018
   24173.847656        0.996484        0.931371        0.351752        0.083644       -0.042678  000019
   24338.576172        0.997657        0.193523        0.754166        0.612986       -0.134276  000020
   24211.613281        0.992266       -0.635788       -0.230732       -0.101292       -0.729572  000021
   24367.882812        1.010616        0.165793        0.689422       -0.682464       -0.177352  000022
   24296.246094        0.998580        0.879819       -0.092918       -0.455202       -0.100374  000023
   24089.222656        0.997018        0.029885       -0.276309       -0.012003       -0.960529  000024
   24257.833985        1.015977       -0.476205        0.574907       -0.129448        0.652651  000025
   24255.228515        1.014717       -0.305263        0.111765       -0.198354        0.924651  000026
   24138.050781        1.003029        0.295401        0.100225       -0.834800       -0.453654  000027
   24170.593750        1.019127        0.724996        0.009832        0.669325        0.162138  000028
   24149.769531        1.009647        0.634241        0.019042       -0.296764       -0.713657  000029
   24181.660156        0.999600       -0.239084        0.872321        0.300912        0.302235  000030
   24196.634765        0.996139        0.833920        0.204387       -0.061288        0.508967  000031
   24273.458985        0.987036        0.873309        0.073544       -0.441556       -0.192227  000032
   24007.912110        1.009844       -0.166242        0.583880       -0.532987        0.589383  000033
   24362.656250        1.010779       -0.772543       -0.509465        0.027090       -0.378006  000034
   24283.880860        1.009007        0.147733        0.929486        0.001399        0.337978  000035
   24048.232422        0.985821       -0.109439       -0.288753       -0.914171        0.262557  000036
   24127.628906        0.982543       -0.345853        0.839721       -0.000609       -0.418634  000037
   24288.435547        1.001265        0.072423       -0.188934        0.388642        0.898897  000038
   24195.986328        0.994832        0.281701        0.309171        0.906430       -0.058670  000039
   24082.113281        1.010373       -0.555958       -0.334121       -0.211994        0.730981  000040
   24236.347656        1.006972       -0.172674       -0.650031        0.658662       -0.337356  000041
   24073.660156        0.994376        0.516860       -0.439362       -0.606102        0.415280  000042
   24120.486328        0.997626        0.497835        0.559209        0.652044        0.119513  000043
   24148.460938        0.994873       -0.349550       -0.049285        0.486652        0.799097  000044
   24182.318360        0.988991        0.822858       -0.329038        0.463291       -0.000314  000045
   24393.279297        1.001318        0.545880        0.455352        0.701385        0.052237  000046
   24298.855469        1.013071       -0.014243        0.380596       -0.877016        0.292892  000047
   24338.570312        0.985944       -0.374138       -0.120924        0.384381        0.835254  000048
   24173.847656        0.984331       -0.481532        0.197408        0.797826        0.304353  000049
   24173.197265        0.989029        0.478275       -0.037771        0.738625       -0.473560  000050
   24174.500000        1.003308       -0.174291        0.022432        0.948048        0.265189  000051
   24402.386719        0.991124       -0.301312        0.773255       -0.557636        0.018143  000052
   24279.970703        0.989331        0.329304       -0.281439        0.118842        0.893436  000053
   24160.183594        0.999787       -0.431643        0.039562        0.260056       -0.862838  000054
   24306.019531        0.995912       -0.327551       -0.918469        0.013453       -0.221234  000055
   24124.382812        1.015009        0.389618        0.544747        0.291084        0.683168  000056
   24401.744140        1.015161       -0.927540        0.233802        0.126257        0.262803  000057
   24195.332031        0.998868       -0.016195        0.082664       -0.867223        0.490743  000058
   24345.732422        1.003321       -0.509874       -0.736589       -0.425713       -0.127411  000059
   24355.511719        1.011702       -0.934239       -0.087840        0.254948        0.233417  000060
   24253.281250        0.991196        0.663051       -0.222123        0.234853        0.675181  000061
   24360.054688        0.996507        0.804206        0.388859        0.170950        0.415714  000062
   24188.195312        1.016869        0.792540        0.103659        0.439983       -0.409329  000063
   24320.349610        0.999859        0.328911        0.281207       -0.621718       -0.652845  000064
   24199.238281        1.004219        0.181870        0.732371       -0.623454       -0.204602  000065
   24309.927735        1.002094       -0.194106       -0.458284       -0.796282        0.343851  000066
   24201.843750        0.989467       -0.094782       -0.198490        0.400673       -0.889426  000067
   24359.404297        0.986118       -0.876750       -0.428451        0.149493       -0.159342  000068
   24368.535156        1.004779        0.717204        0.538417       -0.412493       -0.159921  000069
   24402.396485        1.018100       -0.181794       -0.872623        0.426761       -0.152822  000070
   24328.812500        0.999428        0.753808       -0.246575       -0.017618        0.608822  000071
   24233.750000        0.987861       -0.967100        0.212426        0.060957        0.126007  000072
   24160.828125        0.990911       -0.161547        0.252938       -0.142762       -0.943156  000073
   24106.796875        1.018078       -0.251010        0.950802       -0.000811       -0.181573  000074
   24283.892578        1.003638       -0.286032        0.073295        0.431365        0.852489  000075
   24172.554688        1.011868        0.204195        0.444754       -0.825409       -0.281422  000077
   24191.425781        1.010294       -0.201092        0.645552       -0.699257       -0.232087  000078
   24164.085938        1.014553        0.808089       -0.382540        0.183455       -0.408656  000079
   24164.742188        0.998968        0.448797       -0.045629        0.479846       -0.752494  000080
   24339.238281        0.992474        0.810786       -0.192077       -0.503914       -0.227605  000081
   24380.882812        1.006520       -0.397434       -0.823509       -0.403472        0.033011  000082
   24097.080078        1.003136        0.738783        0.554209        0.302307        0.235927  000083
   24140.025390        1.006127        0.820072       -0.216929       -0.205559       -0.488026  000084
   24121.144531        0.990845        0.053797       -0.353765        0.535194       -0.765195  000085
   24281.273438        0.991780        0.683493       -0.272597        0.315302        0.599260  000086
   24098.332031        1.009241        0.719042       -0.633824       -0.045755       -0.281339  000087
   24054.726562        0.998755        0.401246       -0.677382       -0.043818       -0.615008  000088
   24278.673828        1.012355       -0.256858        0.900620        0.323329        0.135523  000089
   24138.058594        1.011336       -0.834907       -0.160814        0.497458        0.172058  000090
   24210.957031        1.011247        0.740596       -0.399203       -0.464625       -0.276187  000091
   24258.484375        1.007196        0.725191       -0.048648        0.640625        0.247651  000092
   24171.898438        0.992803       -0.252209        0.906155        0.177964       -0.289140  000093
   24131.544922        1.010798       -0.131350       -0.131318        0.951899        0.243702  000094
   24291.064453        1.008764        0.455907       -0.278452       -0.445979       -0.718133  000095
   24128.929688        0.986402       -0.356978        0.065914       -0.475169       -0.801521  000096
   24214.863281        1.013277       -0.704712       -0.482771       -0.346996        0.387178  000097
   24263.691406        0.982367        0.860729       -0.031413        0.175527        0.476812  000098
   24154.326172        1.020081        0.955487        0.110178       -0.203899        0.182569  000099
   24076.894531        0.987933       -0.222584       -0.439835        0.612519        0.617918  000100
   24380.910156        1.013054        0.455024        0.529455       -0.420635       -0.579394  000101
   24358.757812        1.005799        0.723356       -0.164063        0.182312        0.645447  000102
   24078.859375        1.013206        0.811366        0.253132        0.338584        0.403695  000103
   24072.312500        0.992952        0.125214        0.020600       -0.850780       -0.509972  000104
   24254.582031        0.995878        0.090124        0.829284        0.247336        0.492940  000105
