   22429.697265        1.004302       -0.453858       -0.500601       -0.210885       -0.706355  000001
   22406.255860        0.997329       -0.779260       -0.377136       -0.047247       -0.498287  000002
   22473.976562        1.014146        0.436514       -0.013384       -0.336784        0.834178  000003
   22452.488282        1.005789       -0.290715       -0.337920       -0.881115       -0.157894  000004
   22516.285157        0.991885        0.933924       -0.342275       -0.044723        0.092918  000005
   22251.328125        0.990840       -0.916823        0.387483       -0.011481        0.095714  000006
   22272.794922        0.998630       -0.026092        0.125273       -0.095364        0.987184  000007
   22244.166015        0.992022       -0.603384        0.293078       -0.740580       -0.039677  000008
   22477.876953        1.003041        0.947981       -0.082525        0.157249        0.264187  000009
   22279.298828        1.009280       -0.771371        0.621096       -0.124719       -0.060587  000010
   22346.355468        0.980582       -0.038661       -0.149794        0.519143        0.840570  000011
   22414.066407        0.999361       -0.929751       -0.037715       -0.107597       -0.350092  000012
   22307.292968        0.990039       -0.969531        0.174102        0.033618       -0.169020  000013
   22345.054688        1.012447        0.393383        0.694625        0.601941        0.020303  000014
   22429.697265        0.995812        0.036466       -0.190248        0.139132       -0.971143  000015
   22346.386718        0.991731       -0.379941       -0.444242       -0.394423       -0.709031  000016
   22511.107422        1.014556       -0.213239       -0.232569        0.142862        0.938100  000017
   22303.386718        1.011761       -0.706385       -0.152173       -0.226842        0.652998  000018
   22490.265625        1.007649       -0.686194       -0.045289       -0.504778        0.521810  000019
   22581.414062        1.000829        0.330138       -0.003841        0.034243       -0.943304  000020
   22221.359375        1.015925       -0.309174       -0.206499       -0.633194        0.678848  000021
   22311.199218        1.003902       -0.737597       -0.372446       -0.388093        0.408189  000022
   22449.886718        1.005447       -0.062815        0.382770       -0.766103        0.512471  000023
   22514.343750        1.024399       -0.811062       -0.022925        0.062383        0.581173  000024
   22470.714843        1.008738        0.557786        0.595893        0.577708        0.006277  000025
   22509.152343        0.990680        0.064157        0.589016       -0.685750        0.422718  000026
   22325.523438        1.003355       -0.064592       -0.007490        0.334639        0.940100  000027
   22521.490235        1.013565        0.304774       -0.134423        0.469911        0.817452  000028
   22305.343750        0.990720        0.733264       -0.476683        0.207854       -0.438057  000029
   22325.523438        0.996804       -0.651215        0.422378       -0.282539        0.563638  000030
   22462.250000        1.004506       -0.253737       -0.461999       -0.446367       -0.723139  000031
   22393.886718        1.004343        0.386683        0.801141       -0.060814        0.452714  000032
   22285.164062        1.006001       -0.295305       -0.098371       -0.881877        0.354135  000033
   22208.351562        1.012399        0.550961       -0.004018        0.828924        0.096490  000034
   22266.304688        0.990579       -0.217183        0.145745        0.079013        0.961949  000035
   22197.968750        1.005571       -0.738020        0.424227       -0.522100       -0.052626  000036
   22304.707032        0.994784       -0.773300        0.395141       -0.463112        0.177193  000037
   22307.945312        0.991562        0.200510       -0.142413        0.420681        0.873237  000038
   22464.845703        0.999972       -0.208018        0.401422        0.104611       -0.885802  000039
   22343.101562        0.995868       -0.932280        0.236722       -0.263860        0.072079  000040
   22505.210938        0.996280        0.400983        0.585807       -0.244035        0.660673  000041
   22406.267578        0.998399       -0.518594       -0.013260       -0.482117       -0.706008  000042
   22415.369140        1.000627        0.836930       -0.095689        0.441195       -0.309417  000043
   22402.349610        0.991339       -0.454482       -0.195902       -0.150734       -0.855773  000044
   22375.001953        0.999943       -0.112575       -0.455333        0.815888       -0.338122  000045
   22383.476562        0.989767       -0.884156        0.196514        0.290625        0.308525  000046
   22187.523438        0.985419        0.425004       -0.262532        0.106616       -0.859698  000047
   22287.775390        1.011367        0.711742       -0.101760        0.488965       -0.493945  000048
   22294.273438        1.015910       -0.899626       -0.201552       -0.351979        0.161740  000049
   22515.638672        1.008338        0.270086        0.864844       -0.301698       -0.296777  000050
   22246.097657        1.004168       -0.094756        0.000077        0.317281        0.943586  000051
   22522.169922        0.994111       -0.794242       -0.212592       -0.259205       -0.506751  000052
   22516.314453        0.996676       -0.395313        0.084843       -0.584879        0.703169  000053
   22345.054688        0.998376       -0.252166        0.200575       -0.382266       -0.866057  000054
   22319.011718        1.003439       -0.054258       -0.833839        0.524271       -0.164036  000055
   22218.132812        1.008345        0.940445       -0.314679        0.116837        0.053760  000056
   22224.619140        1.001249        0.732805       -0.537309       -0.228725       -0.349256  000057
   22468.763672        0.996944        0.085701       -0.185313        0.325403        0.923270  000058
   22221.371093        1.017894        0.716644        0.647297        0.251165       -0.065912  000059
   22561.863282        1.008589       -0.655353        0.622532        0.379388       -0.197564  000060
   22386.724610        1.013100        0.238223       -0.465777        0.850609       -0.052595  000061
   22236.332032        0.990864        0.523144        0.559818        0.634099        0.104130  000062
   22407.558593        0.989196        0.558713        0.284915        0.628633       -0.459874  000063
   22337.906250        0.991389        0.793557       -0.229573       -0.122943       -0.549954  000064
   22352.214843        1.017504       -0.367357        0.157321       -0.854181        0.332678  000065
   22454.433593        1.009229        0.615717        0.571873        0.507934        0.189360  000066
   22475.921875        0.996905        0.516146        0.119891        0.809880       -0.251622  000067
   22287.779297        0.984420        0.308214        0.771563       -0.206862       -0.516626  000068
   22222.666015        1.001497       -0.305556        0.038414       -0.522876       -0.794834  000069
   22366.546875        0.989869        0.084375        0.162178       -0.889710        0.418323  000070
   22521.509765        1.010072       -0.358129       -0.710996       -0.604427        0.029939  000071
   22560.609375        0.991741        0.034342       -0.343990        0.805958       -0.480545  000072
   22537.144532        1.011635        0.691432        0.112093       -0.228817       -0.676017  000073
   22514.976562        0.989758        0.003564       -0.657413        0.029753       -0.752934  000074
   22367.189453        0.999495       -0.773010        0.391572       -0.261814       -0.424947  000075
   22283.863282        1.011453       -0.617005       -0.632188       -0.382935       -0.270193  000076
   22570.984375        1.008728        0.304748       -0.756270       -0.578073       -0.031872  000077
   22418.628907        0.989017        0.709899        0.648548       -0.261803       -0.082996  000078
   22382.814453        1.023608        0.571471       -0.447698       -0.010231       -0.687665  000079
   22340.515625        1.013049        0.625283       -0.112070       -0.487494        0.599009  000080
   22396.486328        0.998022        0.567524        0.619433        0.402153        0.363994  000081
   22540.386718        1.008398       -0.200044       -0.146131       -0.949496        0.192575  000082
   22259.777343        0.997751       -0.481867        0.303559       -0.079350       -0.818144  000083
   22511.078125        0.992756       -0.878640       -0.154709       -0.189005       -0.410286  000084
   22513.035157        1.001531       -0.784595       -0.245714        0.142058        0.551230  000085
   22425.136718        1.011343        0.145443       -0.302635        0.924138       -0.182283  000086
   22326.828125        0.986935       -0.126335       -0.194911       -0.942510        0.240257  000087
   22279.300782        1.000066        0.394982       -0.414518        0.771055       -0.278637  000088
   22326.824218        0.995555        0.433347        0.721738        0.273869        0.465080  000089
   22428.392578        1.003986        0.017506       -0.359218        0.751540       -0.553031  000090
   22373.748047        1.001258        0.571751        0.357995        0.675153       -0.298511  000091
   22388.673828        1.009503        0.473146        0.768153        0.380723        0.202789  000092
   22310.548828        0.995824       -0.097262       -0.628002        0.450555       -0.627019  000093
   22305.339843        0.987212        0.905055       -0.035730        0.151341        0.395846  000094
   22202.492188        1.009995        0.123910        0.437763       -0.526497        0.718200  000095
   22251.306640        0.989425       -0.721753       -0.449836       -0.506554        0.141854  000096
   22278.652343        0.992703        0.512757        0.640787        0.521796        0.232810  000097
   22346.355468        1.015124       -0.360529       -0.571240       -0.709010       -0.202504  000098
   22527.369140        1.000082        0.496746       -0.808789        0.314631        0.010541  000099
   22448.570312        1.016154        0.587813        0.511335        0.388985        0.491633  000100
   22533.207032        1.009129       -0.218550       -0.833983        0.292846       -0.413461  000101
   22185.603515        1.004156       -0.772441        0.444068        0.151035        0.428166  000102
   22212.257812        1.004288       -0.385084        0.029398       -0.757003        0.527061  000103
   22378.908203        0.998526        0.522212       -0.378634        0.096994       -0.757973  000104
   22503.943360        1.010240        0.717287       -0.157735        0.246393       -0.632384  000105
   22469.421875        1.001982       -0.183498        0.033039        0.100819       -0.977278  000106
   22308.601562        1.000498        0.674797        0.230220        0.433892       -0.550804  000107
