      -0.844246        0.532650        0.038733       -0.045080
      -0.922209       -0.215895       -0.317977        0.042558
       0.886614       -0.456548       -0.015191        0.072453
      -0.797815        0.079553        0.597452        0.014591
      -0.794141       -0.554073        0.249619        0.005870
      -0.994464        0.011874       -0.102339       -0.020661
       0.571906       -0.811572        0.119209        0.007998
       0.157013       -0.068626        0.985209        0.000509
       0.430805        0.437821       -0.789080       -0.008504
      -0.917164       -0.290131       -0.265712       -0.063485
      -0.965021       -0.036617        0.257455       -0.033322
      -0.406802       -0.830728        0.378818       -0.030010
      -0.944650        0.283375       -0.165263       -0.004850
      -0.550895       -0.345655        0.759083        0.028818
       0.282347       -0.794446       -0.537664       -0.007364
      -0.308896       -0.744199       -0.591689       -0.025593
       0.701695        0.702748        0.111579       -0.036320
      -0.864439       -0.305753       -0.398370        0.023701
       0.628221        0.076044       -0.772290       -0.055890
       0.605139       -0.411999        0.681219       -0.002134
      -0.612002        0.058635        0.788666       -0.004567
      -0.198415       -0.771734       -0.604112       -0.010309
      -0.838057       -0.344033       -0.420987        0.045523
      -0.710255        0.227782       -0.664542       -0.045125
      -0.303983       -0.799413        0.518196        0.002473
      -0.251877       -0.912386        0.322621       -0.004999
      -0.721245        0.688308       -0.036955       -0.068351
       0.721183        0.470329        0.505638       -0.054921
       0.965404        0.136566        0.222127        0.002131
      -0.629456        0.138980        0.763703        0.035026
       0.751392       -0.586359        0.301577        0.025410
      -0.964379        0.258156        0.057328       -0.006460
       0.955007       -0.290199        0.059755       -0.013271
       0.877583       -0.200535       -0.430133       -0.067965
      -0.847353        0.352252        0.397319        0.007004
       0.733272        0.536271        0.415875       -0.042114
      -0.913545       -0.404344        0.014588        0.041581
      -0.668163       -0.738918        0.083019       -0.025806
      -0.287719        0.624225       -0.725906        0.024902
      -0.856743       -0.039613        0.514128       -0.009732
      -0.937239       -0.335635       -0.094063       -0.009166
      -0.227416       -0.332569        0.915237        0.004537
      -0.198881        0.427563        0.881835        0.001817
       0.882910        0.465948        0.057058        0.010328
      -0.557984       -0.652220       -0.511590       -0.039216
      -0.806056        0.291283       -0.514876        0.018172
      -0.837026        0.535208       -0.107994        0.035726
      -0.304096        0.715512       -0.628801       -0.013328
      -0.746100       -0.650940        0.139356       -0.013813
       0.506212        0.354866       -0.785323        0.032957
       0.066914       -0.045884        0.996698        0.003191
       0.810110        0.466158        0.353445        0.038654
      -0.759066       -0.628345        0.160232        0.057680
      -0.559169        0.801246       -0.206554        0.051684
       0.875716       -0.205706       -0.433571       -0.053123
       0.485812       -0.814892        0.316115       -0.003031
       0.648391        0.631361       -0.423524        0.040004
      -0.673841       -0.711291        0.199667       -0.011699
       0.563329        0.175794       -0.806795        0.028981
       0.514495       -0.592239       -0.618524       -0.044468
      -0.600031       -0.797955       -0.007348       -0.056367
       0.752780       -0.187759       -0.626980       -0.070467
       0.912857        0.401098       -0.075695        0.009097
       0.742655        0.526800       -0.412798        0.023302
       0.908001        0.339307        0.245402        0.013543
       0.417834        0.039674        0.907391        0.021954
      -0.329044       -0.277745        0.902301       -0.021019
       0.826605        0.286900        0.479529        0.066823
      -0.676326       -0.694596       -0.243543       -0.028390
      -0.419871       -0.355037        0.834962        0.022260
       0.693087        0.689842       -0.204430        0.044234
      -0.522099        0.834948       -0.169804       -0.037954
       0.837298       -0.129705       -0.530439        0.027281
      -0.526162       -0.192022        0.827433       -0.040447
      -0.481111        0.834755        0.264381        0.042661
       0.714895       -0.507161       -0.481294       -0.008317
      -0.816167        0.495612       -0.292375       -0.052506
       0.579066        0.639721        0.504357        0.032619
      -0.801863        0.587054       -0.073196        0.083820
       0.816592        0.389125        0.423776        0.046614
      -0.910339       -0.312258       -0.267435        0.047501
       0.662678        0.646172        0.377701       -0.025704
      -0.912685        0.370543        0.170842       -0.022719
       0.503977        0.755199       -0.419098        0.006217
      -0.918737        0.243835       -0.304038       -0.063459
      -0.569943        0.816543       -0.081687        0.041834
       0.869304        0.249723        0.421441       -0.065849
       0.867034        0.416961       -0.271914       -0.021408
      -0.669804       -0.617172        0.408151        0.062249
      -0.884123       -0.437762       -0.148548       -0.068012
      -0.811265       -0.548730       -0.198709       -0.035482
       0.992189        0.102150        0.064816       -0.030434
       0.662501       -0.635665        0.393753       -0.044510
      -0.630036       -0.776203        0.023527        0.003155
      -0.626589       -0.146105       -0.763095        0.061040
      -0.779046       -0.077460       -0.621417       -0.030473
       0.380666        0.416491       -0.825515       -0.012396
      -0.583480       -0.203485       -0.786071       -0.015394
       0.956686        0.016167       -0.282464        0.068593
       0.963052        0.014469        0.253172        0.090689
      -0.254368       -0.934943        0.245971       -0.025997
       0.433163       -0.825866       -0.360594        0.016956
      -0.270006       -0.311068        0.911052        0.017843
      -0.581326       -0.109115        0.805542       -0.035425
       0.567557        0.691787        0.444420        0.042429
       0.191899        0.813856        0.548404        0.008146
       0.414210       -0.695046       -0.587594       -0.008628
       0.960797        0.265228       -0.071233       -0.038072
      -0.259009       -0.751749        0.606361        0.010629
       0.993272       -0.039079        0.108224       -0.013083
       0.192522        0.264961       -0.944765       -0.012219
      -0.375393       -0.538369        0.753480        0.038822
       0.793598        0.406176        0.450084       -0.051451
       0.991586       -0.050638       -0.082070       -0.086356
      -0.984530        0.082774       -0.133077        0.078358
      -0.633668       -0.481875        0.604270        0.033449
       0.878788       -0.210378       -0.427036       -0.033353
      -0.977725        0.112645        0.175199       -0.025892
      -0.933225       -0.022195        0.355737       -0.045283
       0.938671        0.330294       -0.097567        0.016839
       0.837235        0.194539        0.510084       -0.031715
      -0.550572        0.604084       -0.575472       -0.027999
      -0.307075        0.057631        0.949931       -0.003874
      -0.908421       -0.242305       -0.337128       -0.049029
       0.509026        0.753775        0.412640       -0.049439
       0.953166        0.017089        0.297887       -0.049457
      -0.782826        0.539273        0.306883        0.046809
      -0.575809        0.495114        0.650568       -0.008212
       0.600189        0.731976        0.321062       -0.030059
       0.905649        0.034338       -0.422559       -0.008030
      -0.584550       -0.788731        0.185363        0.042955
      -0.829047       -0.553687        0.068408       -0.037846
       0.961237       -0.066999        0.262260       -0.052475
      -0.602180       -0.725529        0.329667        0.048022
       0.329590        0.943430        0.016964        0.031970
      -0.969890        0.242308       -0.004507       -0.024088
      -0.837825        0.388066        0.380346        0.052822
      -0.678316       -0.206098       -0.704885        0.023420
      -0.518176        0.840752        0.150821       -0.043401
      -0.915736        0.382210        0.108825       -0.059163
       0.714924        0.678154       -0.156501       -0.067068
      -0.719695       -0.501799        0.478139        0.040242
      -0.792240        0.421736       -0.434525        0.075383
      -0.540805        0.793697       -0.278303       -0.011066
      -0.752245        0.245724       -0.608698        0.056867
       0.596940       -0.438783        0.671091        0.027732
      -0.879568        0.071180        0.465372        0.068720
      -0.233450       -0.774352       -0.588111        0.002538
      -0.595072        0.801854        0.008984        0.053292
      -0.942561        0.277017        0.186645        0.002057
       0.473718       -0.654267        0.589501        0.003833
      -0.661662       -0.281870       -0.694380        0.024267
      -0.304312        0.848961       -0.431427        0.023044
      -0.997026        0.055360       -0.047026       -0.025741
      -0.852828        0.520907       -0.005501       -0.036185
      -0.854663        0.121631       -0.504718        0.004180
      -0.440585        0.838184        0.320860        0.019511
       0.872989       -0.463190        0.147986       -0.038014
       0.446286       -0.868889        0.210807       -0.037699
      -0.807438       -0.588418       -0.034991       -0.024177
      -0.499543       -0.801292        0.325393        0.050077
       0.825028       -0.559974       -0.061231       -0.044817
       0.508272        0.046408       -0.858599        0.048100
       0.920998       -0.247685       -0.297476        0.043853
      -0.484294        0.548940        0.680648        0.029025
      -0.971413       -0.196991        0.095532       -0.091787
       0.906790        0.375189       -0.190059        0.029023
      -0.974422        0.179437       -0.108794       -0.080419
       0.757475       -0.258498        0.599507        0.001236
      -0.634904       -0.769725       -0.036138       -0.055816
       0.959792       -0.240508       -0.127239        0.069027
      -0.761846        0.635787       -0.112127       -0.052846
      -0.272585       -0.838733        0.470554       -0.028353
       0.696614       -0.268816        0.663624       -0.045502
      -0.945503       -0.196872       -0.257974       -0.026732
       0.954271        0.093701        0.267789        0.094215
      -0.428640        0.755968       -0.494698        0.007353
      -0.864997        0.130295       -0.483622       -0.030226
       0.976240       -0.215034        0.026751        0.000121
      -0.936271        0.282398        0.202987        0.049447
       0.635618        0.701453       -0.319577        0.042712
      -0.420713       -0.470456       -0.775675       -0.000024
       0.561349        0.642764        0.518086        0.057695
       0.780700        0.465457        0.415452        0.035440
      -0.352164        0.598517        0.719425       -0.013614
      -0.202612       -0.962315        0.181366       -0.002374
      -0.747820       -0.662986       -0.034543       -0.004519
      -0.916336        0.104413       -0.382572       -0.055356
       0.662985        0.513442        0.542467        0.050573
      -0.637718        0.378657       -0.668797       -0.051423
      -0.956567       -0.100561       -0.264623       -0.069576
      -0.867524        0.429574       -0.236035       -0.084595
      -0.143428        0.157376        0.977067       -0.000987
      -0.596288       -0.243544       -0.762627        0.059390
      -0.793214       -0.553618        0.249144       -0.047399
       0.359624       -0.004663        0.933018        0.011207
      -0.989940       -0.121130       -0.046876        0.056113
      -0.905711        0.013118       -0.417923        0.069683
       0.662238       -0.103700        0.739738        0.058949
      -0.990769        0.110933       -0.070330       -0.033539
       0.319772       -0.947009       -0.012563       -0.027590
      -0.602590       -0.793546        0.084041        0.010352
       0.384426        0.916393        0.111438       -0.004623
       0.932015       -0.025453        0.353736       -0.074643
       0.533121       -0.295387       -0.792675       -0.013969
      -0.263497       -0.753390        0.602376        0.010784
       0.584117        0.756401        0.294055       -0.014007
       0.715389        0.595906       -0.360979        0.053010
      -0.856822        0.275973        0.435337        0.013273
      -0.983325       -0.172432       -0.057375        0.006889
       0.581056       -0.811649       -0.049718       -0.033581
       0.131641        0.972312       -0.192810       -0.010190
       0.282815        0.958587       -0.029063        0.016771
      -0.765728        0.103103       -0.633537        0.040760
      -0.798573        0.579481        0.158778        0.035678
      -0.022534        0.880684        0.473167       -0.000477
      -0.515820       -0.216782        0.827892        0.039100
       0.711343        0.597416       -0.370248       -0.001401
      -0.348170        0.869073        0.351167       -0.013111
       0.558483       -0.186750        0.807888       -0.023183
      -0.777707        0.554786        0.293409       -0.036006
      -0.813656        0.239527       -0.526614        0.057176
       0.552866        0.731372       -0.398710        0.021562
      -0.907245        0.032274       -0.414265       -0.065193
      -0.948582        0.253570       -0.189412        0.004203
       0.566420        0.058032        0.821450       -0.031947
      -0.682865        0.001435       -0.730419       -0.013471
      -0.944863       -0.168297        0.267044        0.087159
       0.829154       -0.122474       -0.544565        0.030863
      -0.726176       -0.271176        0.628333        0.065792
      -0.636423        0.758790        0.135669       -0.028239
      -0.728306        0.201733       -0.654280       -0.028134
       0.967267       -0.035756        0.245441       -0.053620
       0.513036        0.258181        0.817627        0.040281
       0.355401        0.898648        0.256323        0.020527
       0.698039        0.714119        0.052289        0.006411
      -0.406358       -0.187164        0.894299        0.008445
       0.451182        0.170989       -0.875794        0.013500
       0.809081       -0.064839        0.581670        0.053335
      -0.742428        0.226426        0.627884        0.057383
       0.888641       -0.449218       -0.086590       -0.031995
       0.420995        0.728895       -0.538767       -0.034713
      -0.402259       -0.873801        0.271797       -0.028025
       0.680268        0.706472       -0.189491       -0.047179
      -0.320880       -0.547549       -0.772666        0.014588
       0.530782        0.343011       -0.773588        0.046637
      -0.528753       -0.729554       -0.433771        0.003786
      -0.347810       -0.927611        0.131802        0.034566
       0.825702        0.436668        0.353423       -0.051272
      -0.789553       -0.385624       -0.475130        0.046385
       0.405248       -0.912555       -0.050410        0.021844
       0.974436       -0.031374        0.222390       -0.005640
       0.693900        0.679679       -0.226936       -0.070987
       0.271451       -0.955141        0.117932        0.010600
       0.381410       -0.918950        0.099870        0.009139
      -0.657063       -0.704663       -0.259653       -0.065565
       0.783559       -0.003280        0.616325       -0.078543
       0.810116       -0.060952        0.582990       -0.010945
       0.852613       -0.510281       -0.112528        0.001530
      -0.917311        0.255435       -0.299222       -0.061316
       0.843901       -0.088473        0.527400        0.043054
      -0.797276        0.193903        0.566803        0.074070
       0.599568        0.071720        0.796665        0.026435
      -0.876815       -0.031999        0.479745        0.003985
       0.454985        0.887410        0.073535       -0.009168
      -0.516155        0.074425       -0.852659        0.031907
      -0.628990        0.499686       -0.592427        0.060955
      -0.946748       -0.141063       -0.288664       -0.021037
      -0.420892        0.281039       -0.862280        0.018466
       0.613504       -0.170464        0.768972        0.056893
       0.640980        0.479593       -0.599279        0.000015
       0.977037        0.090613       -0.184478        0.056172
       0.289058       -0.741159       -0.605443       -0.023838
       0.947445       -0.277561       -0.141178       -0.073324
      -0.503516       -0.248360       -0.827274        0.020169
      -0.819302       -0.145295        0.550688       -0.066157
      -0.756248       -0.175171        0.627528        0.060109
       0.655641        0.703993        0.267867        0.052682
       0.850922        0.493725        0.176814       -0.030066
       0.705803       -0.346591       -0.617002       -0.032015
      -0.848160        0.514260       -0.116702        0.050418
       0.713266       -0.171925       -0.679066       -0.023721
       0.614803       -0.589228       -0.522402        0.043851
       0.780967       -0.258817       -0.566056       -0.051822
      -0.992814        0.032004       -0.113033       -0.022774
       0.286867        0.949186       -0.129018       -0.010392
       0.933637       -0.335936       -0.097167       -0.077640
       0.843989        0.505643        0.157884        0.084142
      -0.742657       -0.394590       -0.539504       -0.041169
      -0.824012       -0.346258       -0.442433        0.073226
       0.814349        0.570727        0.068393       -0.080174
      -0.832588        0.483423        0.269726        0.018624
       0.496997       -0.262249        0.825814       -0.047430
      -0.425031        0.851410       -0.307272       -0.005754
       0.906884        0.341657       -0.246453       -0.009628
      -0.965962       -0.168597        0.191736        0.041594
      -0.769424        0.381590        0.512177        0.007099
       0.970391       -0.101346        0.219071        0.008818
      -0.101808        0.537166        0.837293       -0.005339
       0.900962       -0.057173       -0.422394        0.081137
       0.261118        0.304446        0.916036        0.002885
      -0.311174        0.861475       -0.401234       -0.006618
      -0.436158       -0.885440        0.160323        0.007646
      -0.744067        0.001641       -0.667708       -0.022992
       0.581653        0.662530       -0.471756       -0.013443
      -0.620131       -0.255235        0.740283        0.047684
      -0.395912       -0.298768       -0.867969        0.024940
      -0.950768       -0.303458       -0.057008        0.026516
      -0.890729        0.442517        0.057716       -0.086314
       0.396841       -0.711097        0.580391        0.001771
      -0.954448       -0.294266       -0.039164       -0.030051
      -0.489098        0.321929        0.810421        0.019046
      -0.919254        0.231742       -0.309691       -0.073207
       0.662101       -0.686541        0.298867        0.031024
       0.959731        0.220311        0.148849        0.090684
       0.992513        0.102990       -0.054030       -0.037293
       0.969307        0.239764       -0.001970       -0.054343
      -0.950885       -0.189416        0.243540        0.025046
      -0.919919       -0.384075       -0.065641       -0.043881
       0.934568        0.288668       -0.204291       -0.038964
       0.585964       -0.390322       -0.708727       -0.044738
       0.746038        0.050341        0.659795       -0.074585
       0.801784        0.040035        0.594512        0.045764
       0.833501       -0.457644        0.298487        0.082121
      -0.518176        0.798061        0.307263       -0.013499
       0.491224       -0.754289        0.435554       -0.006307
      -0.794478       -0.362332        0.485937        0.037214
      -0.604859       -0.046299        0.794395        0.030652
      -0.679086        0.699202       -0.219551        0.041907
      -0.766971       -0.606783       -0.194853        0.074842
      -0.356425        0.553208        0.752688        0.019555
       0.858079       -0.504677        0.093965        0.013103
      -0.974153       -0.096113        0.190714       -0.073600
      -0.328761        0.194128       -0.924121       -0.015179
      -0.866480       -0.397817       -0.300718       -0.022876
      -0.751519        0.508822        0.415324       -0.061847
       0.847740        0.351148       -0.394931        0.045393
       0.305069       -0.475697       -0.825012       -0.000779
       0.789441        0.606913       -0.091861        0.001419
      -0.713165        0.523837       -0.461137       -0.065908
      -0.865034        0.495194       -0.075273       -0.028872
      -0.492707       -0.745064        0.448860        0.025387
       0.975776       -0.041956       -0.189012       -0.101860
       0.923754       -0.137140        0.355489        0.038713
      -0.733045        0.072515       -0.676186       -0.012637
      -0.350770       -0.109816       -0.929937        0.010845
      -0.827421       -0.432155        0.357763        0.024959
       0.439900        0.518992       -0.732746       -0.014765
       0.947276        0.075048        0.307366        0.050622
      -0.723254       -0.687389       -0.050325        0.043218
       0.202466       -0.917150        0.343261       -0.003945
      -0.346859       -0.716305        0.605460        0.003913
       0.997910       -0.030307       -0.054437        0.017126
      -0.104455        0.941278        0.321011        0.006043
      -0.827478        0.486278        0.280724       -0.002851
      -0.860580       -0.279655        0.425581       -0.008724
      -0.928478        0.116109        0.345456       -0.071465
      -0.932225        0.359149       -0.025570        0.036260
       0.247577        0.938483       -0.240312       -0.014353
       0.899259       -0.326466        0.289305       -0.032504
      -0.638266       -0.644775       -0.420564       -0.002722
       0.699653       -0.124035        0.701903        0.049328
      -0.437033       -0.427148        0.791474       -0.010764
      -0.764383       -0.265354       -0.587583       -0.007223
      -0.972464       -0.006782        0.225299       -0.059235
       0.799870        0.548648        0.229157       -0.081734
       0.900816        0.392314        0.176574       -0.058671
       0.425079       -0.044305        0.903431       -0.034010
       0.734009        0.615882       -0.281095        0.053908
      -0.355238       -0.919139       -0.168843       -0.021947
      -0.260597        0.826736       -0.498587        0.002908
       0.717524        0.300635       -0.628149        0.014371
      -0.554912       -0.588852        0.587198        0.022924
      -0.711430        0.519118       -0.473481        0.014098
      -0.954712       -0.018001        0.295393        0.030732
       0.880376        0.302298        0.361985        0.050214
       0.595357       -0.800221        0.042664        0.058098
       0.538760        0.557616        0.629470        0.050695
       0.974410        0.185842       -0.111663       -0.059324
       0.442436        0.473672        0.761422       -0.011036
      -0.730381       -0.149264       -0.666466        0.009336
      -0.934912       -0.324822        0.125870        0.067732
      -0.632033       -0.319785        0.705750       -0.013712
       0.798397       -0.255625        0.541540        0.062873
      -0.856101       -0.125109        0.496120       -0.072824
      -0.490027       -0.696039        0.522276        0.051292
       0.848975       -0.275098       -0.450618       -0.022495
      -0.919797        0.236175        0.303950        0.076223
       0.869972        0.336204       -0.360360        0.016006
      -0.437022       -0.898441        0.038287       -0.018724
      -0.545641        0.717804        0.432285       -0.012762
      -0.745527        0.638170       -0.192084       -0.005616
      -0.074245        0.024778        0.996932        0.000137
       0.436373        0.544502        0.716268        0.007509
       0.324062       -0.935775        0.138931        0.002683
      -0.960337        0.138055        0.220394       -0.100596
      -0.534813        0.834297        0.123621        0.051387
      -0.803731        0.419806        0.421629       -0.002666
       0.448143       -0.828386        0.335960       -0.008688
      -0.834118        0.102673       -0.541884        0.008182
       0.831326       -0.066722       -0.545257        0.084503
       0.869368        0.380665        0.314182        0.024158
      -0.320276        0.537736       -0.779277       -0.031469
      -0.861868        0.237108        0.448082       -0.013631
      -0.726965       -0.586436       -0.357044        0.011573
       0.544085        0.193810       -0.816339       -0.000613
       0.720993       -0.447515       -0.528408        0.026142
      -0.052184        0.169356        0.984171       -0.001575
      -0.718903        0.494480        0.487573       -0.030689
      -0.897215       -0.196145       -0.386985        0.082310
      -0.731650        0.615059       -0.285955        0.067967
      -0.511328       -0.043870        0.858169       -0.012844
      -0.912642       -0.355354       -0.194989       -0.052800
      -0.150513        0.894153        0.421658        0.006358
      -0.471380        0.870053        0.135929       -0.048290
      -0.331049       -0.050667        0.941658        0.033457
       0.862735        0.502234       -0.053153        0.024963
      -0.955413        0.221828        0.184601        0.062455
      -0.896276       -0.094374        0.426955        0.074109
       0.669423       -0.021067       -0.740015        0.061701
       0.471067       -0.253890       -0.844759       -0.004252
       0.514077        0.822898        0.241302       -0.018364
       0.176262       -0.936425        0.303132        0.012284
      -0.251484        0.188689        0.949257        0.007922
      -0.871102       -0.454484       -0.163072        0.089627
       0.800111       -0.359771       -0.478443        0.038460
      -0.364769       -0.253897       -0.895355       -0.028609
      -0.264339       -0.778177       -0.569704        0.001621
      -0.370142       -0.723888       -0.581351       -0.031816
      -0.606415        0.756070       -0.245935        0.011613
       0.508046       -0.699909        0.501905       -0.010435
      -0.824179       -0.284606        0.489605       -0.004008
       0.244291        0.006379       -0.969506        0.018430
       0.925761       -0.374119       -0.045611       -0.030342
      -0.812290        0.098537        0.574831        0.006719
      -0.048816        0.514412       -0.856153       -0.000356
       0.582281       -0.812983       -0.002694       -0.000812
       0.589965        0.562968        0.577710       -0.035487
       0.573370        0.696233       -0.429832        0.041829
      -0.994716       -0.098763        0.027278        0.006500
       0.309526        0.250614        0.916812       -0.029006
      -0.731210       -0.459574       -0.503581        0.023018
      -0.853728        0.435679       -0.284828       -0.014321
      -0.230208       -0.191304        0.954153        0.000183
       0.950249        0.059505       -0.300698       -0.055376
       0.347396        0.577418       -0.738384       -0.026357
      -0.992330       -0.115202       -0.040113        0.020025
       0.241642        0.275888        0.930056       -0.022173
      -0.916086       -0.340033       -0.203601        0.060913
       0.997289       -0.033021        0.058808        0.029430
       0.786594        0.506324        0.352615       -0.023838
      -0.132461       -0.964545       -0.228228        0.004350
      -0.616701        0.737474        0.274440        0.022242
       0.648832       -0.146814       -0.744109       -0.061360
       0.911769       -0.406550        0.021729       -0.054061
      -0.735751       -0.582012       -0.346311       -0.001220
       0.891112       -0.033546       -0.444611       -0.084352
      -0.541477        0.102496       -0.833006       -0.048980
      -0.665672       -0.360200       -0.649912       -0.068940
       0.995923        0.006204       -0.087488       -0.021087
      -0.594231       -0.801363        0.036738        0.057946
       0.787970       -0.418282       -0.447723       -0.060722
       0.754727       -0.648234        0.089559        0.046467
       0.819297        0.543837       -0.171719       -0.059215
      -0.475875        0.826620        0.298978        0.029229
       0.863214       -0.475449       -0.161923        0.050890
       0.302854       -0.590941       -0.747628       -0.010964
       0.424027       -0.569485        0.702798       -0.044311
       0.913407        0.112890        0.390978       -0.008948
       0.739565       -0.641227        0.204489        0.007395
       0.881735        0.171307       -0.439069        0.020366
      -0.965953        0.106345       -0.222550        0.078080
      -0.580973       -0.543653        0.605642        0.010441
      -0.763842        0.454480        0.455999       -0.045369
       0.369898        0.458478       -0.807879        0.017472
      -0.699756        0.643785       -0.308868        0.021969
      -0.252659       -0.655985       -0.710824        0.024011
      -0.960147        0.081783       -0.254203        0.082521
      -0.739478       -0.283906        0.610311        0.009455
      -0.931279       -0.222873       -0.278666       -0.073435
      -0.825356       -0.336514       -0.448862        0.063782
       0.994532        0.076848       -0.056599       -0.042383
       0.955850        0.049538        0.288307        0.027869
      -0.215147        0.245498        0.945204       -0.005722
       0.459956        0.882781       -0.085001        0.043736
       0.952760        0.265992       -0.118566       -0.086252
       0.427554       -0.900203       -0.077690        0.028227
       0.586232        0.361511       -0.724544       -0.026021
       0.162473       -0.146999        0.975554       -0.016972
       0.656295       -0.336775        0.675074        0.011635
       0.715844       -0.693323        0.075286       -0.034684
       0.963373        0.160485        0.198338        0.082578
      -0.709757       -0.598301        0.368486       -0.049991
       0.702626        0.506371        0.499775       -0.011413
       0.857920        0.359942        0.362848        0.052501
       0.957060       -0.269528        0.106651        0.003965
       0.990059        0.070116       -0.106694       -0.059014
      -0.129568       -0.542766       -0.829801        0.006969
      -0.397179        0.545583        0.736912        0.039358
      -0.902137       -0.256314       -0.346353        0.022191
       0.887861       -0.313202        0.326472       -0.083803
       0.765541       -0.464391        0.442102        0.053236
      -0.506347       -0.544543        0.668571        0.009888
      -0.491436       -0.870048       -0.027935       -0.026938
      -0.797207        0.375234        0.472618        0.017125
      -0.489068        0.831772       -0.262056       -0.017151
       0.456518        0.224500        0.859606        0.047626
       0.943966        0.328596        0.030833        0.001688
       0.739192        0.339023       -0.578786       -0.060545
       0.324442        0.680656        0.656793        0.008197
       0.406555        0.576367       -0.708419       -0.025630
      -0.571103       -0.119820       -0.810865        0.044527
       0.198886        0.886927        0.416808       -0.008734
       0.907542        0.220642       -0.357327       -0.001262
       0.877079       -0.301104        0.367436       -0.071134
      -0.367702        0.876888        0.309577       -0.004997
       0.739939       -0.292022        0.602502        0.064846
      -0.618595       -0.784973       -0.022123        0.025842
       0.685759       -0.569331        0.453104       -0.017100
       0.976872        0.052159       -0.199209       -0.057591
       0.322260        0.847625        0.421443       -0.008126
       0.838297       -0.505853        0.200180       -0.036045
      -0.978777       -0.092581       -0.166288       -0.075977
      -0.798281       -0.490191       -0.349917        0.004298
      -0.456068        0.328433       -0.827081        0.008457
       0.921505       -0.137408       -0.362840       -0.017165
      -0.850565       -0.342197        0.398922        0.017353
       0.931175        0.349597        0.036067        0.096920
       0.853348       -0.443873        0.263684       -0.072414
      -0.766945        0.552839        0.321526        0.052775
       0.794240        0.292953       -0.531952        0.019717
      -0.675529       -0.496195        0.542508       -0.055996
      -0.763248        0.492839        0.411203       -0.073986
       0.911259        0.302268        0.279717        0.000537
      -0.960228        0.257563       -0.050344       -0.095335
       0.707609        0.154026        0.688869        0.032012
      -0.895194       -0.382159       -0.229275        0.003922
       0.514114        0.248438       -0.820874       -0.011431
       0.662415       -0.525513       -0.533307       -0.025026
      -0.593100       -0.322126        0.737589       -0.020711
      -0.607875       -0.477765       -0.634103       -0.011881
      -0.567929        0.233568       -0.789181        0.009800
      -0.880792       -0.123409       -0.457126       -0.003387
      -0.840818       -0.165902       -0.515243       -0.005112
      -0.518505       -0.569932       -0.636552       -0.033648
       0.778139        0.487538       -0.394643       -0.032611
      -0.753293        0.377756       -0.536307        0.047174
       0.852289        0.413689       -0.309383        0.082143
       0.773255       -0.275476       -0.569569        0.042210
       0.534014        0.228406        0.812979       -0.041532
       0.569704        0.758887       -0.314656        0.022778
       0.601108       -0.096605        0.792413       -0.037666
       0.729211        0.342186       -0.592558        0.005970
      -0.293056       -0.950903        0.095714        0.027212
       0.678929       -0.358542        0.640050       -0.028964
      -0.978908        0.155821       -0.123167       -0.047848
      -0.429535       -0.731902        0.528059       -0.031177
       0.520707        0.243373        0.817799       -0.028959
       0.753976        0.196758        0.623177       -0.066762
       0.696713        0.026485        0.713339        0.070980
      -0.566431       -0.805535        0.172475       -0.022847
       0.344801       -0.920105       -0.182726        0.033613
       0.331210       -0.161336        0.929645        0.005632
      -0.951240        0.260166        0.132793        0.099104
       0.879896       -0.207377       -0.426798        0.024918
       0.780335       -0.622878        0.012655        0.054217
      -0.926780       -0.292984        0.232001        0.037614
      -0.705209        0.391350       -0.588901       -0.052158
       0.848314       -0.465117        0.252444       -0.017371
      -0.910812        0.107688       -0.398522        0.002049
      -0.960425        0.258068        0.066739       -0.080813
      -0.701357        0.242845        0.668859       -0.041868
       0.279200        0.192547        0.940526        0.019619
       0.885674       -0.445565        0.128111       -0.025318
       0.718886       -0.434845        0.542304       -0.004401
      -0.401019        0.315913       -0.859346       -0.030129
      -0.973199       -0.206172        0.062989       -0.080064
      -0.495372       -0.357402       -0.790551        0.043581
       0.890286        0.426066       -0.147621       -0.063764
       0.846004       -0.379740       -0.363831        0.087756
      -0.526164       -0.284940        0.800682        0.029487
       0.649659       -0.378788        0.659102       -0.006821
       0.498222       -0.843217       -0.201384       -0.014327
      -0.292555       -0.827239       -0.479558       -0.010567
       0.678619       -0.687147       -0.252893       -0.057889
      -0.827281       -0.192724       -0.525091       -0.052368
       0.417631       -0.767558        0.484546       -0.040678
       0.527522        0.004863        0.848506        0.041639
       0.552564        0.824006       -0.125198       -0.003480
      -0.322888       -0.909574       -0.260695       -0.021359
       0.680398        0.035742       -0.731853       -0.013131
       0.731314        0.598386       -0.321687       -0.060262
       0.908681        0.281040       -0.299004       -0.076890
       0.665182       -0.714706       -0.215908       -0.010625
       0.647446       -0.584208       -0.486885       -0.049575
      -0.896301       -0.399778       -0.176401       -0.075535
       0.971749       -0.233145       -0.034544        0.012395
       0.758535       -0.640615        0.096464       -0.070225
      -0.627428       -0.515360       -0.583345       -0.021146
       0.475084       -0.667123       -0.572892       -0.032191
      -0.419242        0.725743       -0.544989        0.022804
       0.897518        0.224558        0.373162        0.069184
       0.223415        0.257951        0.939964       -0.003952
       0.803542       -0.184431       -0.563868        0.048568
       0.203042        0.183133       -0.961892        0.000569
      -0.862196       -0.491049        0.109395        0.059348
       0.998711        0.028632       -0.041222        0.007586
      -0.528434        0.778163       -0.336872        0.041681
      -0.489168        0.870898       -0.029338       -0.037295
      -0.640015       -0.470451       -0.606413        0.036341
      -0.378404       -0.794903       -0.473301        0.030443
       0.545079       -0.692802       -0.470309        0.041527
       0.893274       -0.287145       -0.334278       -0.088702
      -0.108189       -0.992379        0.058840       -0.004125
       0.852665       -0.400795       -0.334528       -0.020412
      -0.521527        0.847573        0.096313        0.018821
       0.821483       -0.299372       -0.485140       -0.013472
      -0.365226       -0.008479       -0.930798        0.012393
       0.797038        0.596306       -0.080310       -0.051966
      -0.839479       -0.292826        0.457612        0.010941
      -0.624200        0.760861       -0.170621       -0.048505
      -0.829726       -0.411348        0.376672       -0.021558
       0.900489       -0.146943        0.404229       -0.064239
       0.748483       -0.457149       -0.479270        0.032989
      -0.679346       -0.217709       -0.700778       -0.001274
       0.513245       -0.465480       -0.720728        0.021404
       0.495664        0.816480       -0.296080        0.003767
      -0.546922        0.768516        0.329644       -0.039939
       0.864159        0.474502       -0.167559        0.000845
      -0.224966       -0.722111        0.653995       -0.015388
       0.304793        0.923148       -0.232804        0.026490
      -0.751558       -0.239478        0.614221        0.023304
      -0.851432       -0.518444        0.077688        0.015603
       0.627192       -0.751464       -0.204587        0.008763
      -0.879173       -0.208615        0.421177        0.078393
       0.970437       -0.192350        0.141061       -0.036824
       0.873749       -0.431604       -0.219045       -0.047967
      -0.452456       -0.632675       -0.627800        0.029566
       0.570365        0.495048        0.654019        0.043252
      -0.540671       -0.413709        0.732221       -0.019300
      -0.595640       -0.747153       -0.294794       -0.008448
      -0.773544        0.582841       -0.236734        0.076708
       0.469018        0.307253        0.827765        0.020550
      -0.440833        0.381786        0.811615       -0.034443
      -0.460274       -0.623706       -0.630228       -0.044189
      -0.478301        0.802329        0.356955        0.008911
       0.742482        0.502742       -0.442665        0.004295
      -0.739478        0.190743        0.642315        0.064974
       0.650773        0.189688        0.734844       -0.022742
      -0.722681       -0.165908       -0.668711        0.055073
      -0.906013        0.381760       -0.169012        0.069535
      -0.924364        0.343030        0.161022       -0.044207
       0.902778        0.095934        0.415056        0.059311
      -0.783089        0.388537        0.485066        0.022845
       0.639255       -0.325220        0.696840       -0.000441
       0.692309        0.304215       -0.653146       -0.039511
       0.827788       -0.161427       -0.537245        0.008772
      -0.869757        0.485616        0.087277        0.009130
      -0.841395        0.433416        0.319722       -0.044532
       0.641198        0.059641       -0.763194       -0.053322
      -0.941907       -0.332578        0.007293        0.046377
      -0.837194       -0.135012       -0.529527        0.021885
      -0.642818        0.603335       -0.471220        0.026897
      -0.908355       -0.189631        0.371606       -0.028995
      -0.620056        0.644827       -0.445895        0.030099
      -0.561565       -0.401976       -0.723042        0.016424
       0.866618        0.377547       -0.320796        0.059339
      -0.731592        0.003970        0.678001        0.071223
      -0.635115        0.014352        0.771936        0.023186
       0.674374       -0.540972        0.499976        0.050918
       0.373351        0.753548       -0.540376       -0.027710
      -0.725849       -0.292247       -0.618991        0.067704
      -0.194359       -0.838665        0.508758       -0.005533
       0.788297       -0.611841       -0.017234        0.062789
       0.347364       -0.449805       -0.822484       -0.023116
       0.842798       -0.527488       -0.098688        0.041340
       0.307646       -0.919057        0.244706       -0.028408
       0.482388        0.328967        0.811773       -0.010355
      -0.915224        0.387992       -0.100203        0.042274
       0.866264        0.277551       -0.406995        0.083113
       0.911459       -0.408552        0.003795       -0.048102
      -0.615271       -0.780339       -0.109780       -0.021443
       0.240694        0.843071        0.480909        0.004962
      -0.215095       -0.975526       -0.045077        0.007165
       0.860138       -0.449385       -0.236875       -0.045888
      -0.463753        0.790600        0.396914       -0.048419
       0.496888       -0.362552       -0.788011        0.026402
      -0.316186        0.482435        0.816261       -0.031640
      -0.913795        0.048512        0.402598        0.023227
      -0.480876        0.782942        0.393499        0.030299
       0.742293       -0.276647        0.610295       -0.002769
      -0.554188        0.711435       -0.430396        0.038669
      -0.650427       -0.105686        0.751209        0.038211
      -0.404849       -0.409097       -0.816958        0.036287
       0.754139        0.623602        0.201865        0.040554
       0.562993        0.825887       -0.022226       -0.021371
       0.564030        0.353704        0.744193       -0.054225
      -0.987147        0.041916        0.142021        0.060109
       0.936141       -0.321601        0.112527       -0.086887
       0.818221        0.446188       -0.361329        0.029518
       0.909239        0.252947        0.329717       -0.024277
      -0.717392       -0.020267        0.696360        0.004631
      -0.658937       -0.351460       -0.662863       -0.053764
       0.628776        0.767909       -0.120369       -0.021643
      -0.603600        0.270955       -0.749317       -0.027838
       0.321673        0.871942       -0.369034       -0.007526
      -0.612675        0.373624        0.693942       -0.058982
      -0.840630        0.291481        0.449008        0.082294
      -0.490585       -0.865471        0.100213        0.015600
      -0.954462       -0.197970        0.208990       -0.078317
      -0.467241       -0.175164       -0.866540        0.010559
      -0.971304        0.024932       -0.236199        0.012521
      -0.598867        0.118167       -0.791432       -0.032083
       0.417586        0.906940        0.045924       -0.031190
      -0.622249        0.714923        0.316271       -0.040781
      -0.560505       -0.813207        0.154612       -0.024986
      -0.648151       -0.281818       -0.706037       -0.044625
       0.618363        0.488781        0.613760       -0.044921
      -0.411623        0.856047        0.310418       -0.037306
      -0.276244        0.891502       -0.358975        0.007083
       0.767871       -0.639295       -0.039049       -0.012280
       0.972632        0.106919       -0.205339        0.019778
       0.864750       -0.501771       -0.020411       -0.004128
      -0.964723        0.238672        0.110648        0.010148
       0.651266       -0.081501       -0.754070        0.024265
      -0.483930       -0.149552       -0.861251       -0.041130
       0.569421       -0.702119       -0.426350        0.031852
       0.879896       -0.332380       -0.333252        0.065185
       0.813181        0.408087        0.409854       -0.064973
      -0.651755        0.641738       -0.403416       -0.025373
       0.637505        0.721430       -0.269315       -0.024434
      -0.737082        0.053668       -0.672379        0.041678
      -0.514180        0.186042       -0.836930        0.023583
      -0.687191        0.360866       -0.629542        0.034942
      -0.569311        0.805626       -0.163188        0.014855
      -0.453360        0.865973       -0.205793       -0.046956
       0.378464        0.524791        0.762237        0.018819
      -0.828879        0.065637        0.549298       -0.083210
      -0.486391       -0.555722        0.673887       -0.021769
      -0.818835        0.384805       -0.420544       -0.067656
      -0.799144       -0.141990        0.584126        0.002069
      -0.706567        0.357261        0.607340       -0.065313
      -0.674095        0.735808        0.047880        0.043471
       0.224944       -0.528462        0.818613        0.001081
       0.884755       -0.434373       -0.168074        0.016720
      -0.804828       -0.569224       -0.158102        0.056926
       0.124313       -0.846310       -0.517947        0.006082
       0.895281       -0.300589        0.319122       -0.079248
      -0.750340        0.371287       -0.544317       -0.053424
       0.770982        0.202226       -0.601692        0.051557
       0.784268       -0.588785        0.177931       -0.081216
       0.808151       -0.369749       -0.451147        0.081515
       0.441799       -0.827086       -0.346773       -0.022149
       0.709023        0.615509        0.341718        0.040793
      -0.790844       -0.215754        0.572721        0.002505
      -0.089101        0.528500       -0.844202       -0.008486
       0.336453       -0.093261       -0.937070        0.001466
      -0.356735       -0.640826       -0.679555        0.016955
       0.437787        0.736029       -0.515058        0.036318
       0.715908       -0.309506       -0.625543        0.019451
      -0.790237       -0.069364       -0.605848        0.060520
      -0.660595        0.565950        0.490987        0.047396
       0.865502        0.485112        0.123371        0.018754
      -0.586158        0.802793       -0.109276        0.000451
      -0.851523        0.501789       -0.146877       -0.039287
      -0.791390       -0.003856       -0.610795       -0.024841
       0.740408       -0.612312        0.268301       -0.069886
      -0.549283        0.426759        0.718392       -0.008818
      -0.682384       -0.554694       -0.475930        0.012574
       0.903581       -0.420989        0.018956       -0.077137
       0.447515       -0.641601       -0.622957       -0.001549
       0.836338       -0.361068       -0.410827       -0.037285
      -0.479384       -0.645465       -0.592488       -0.050241
      -0.840385        0.533503       -0.085576       -0.042494
       0.801064        0.520324        0.287629       -0.069486
      -0.697706       -0.267274       -0.663283       -0.042735
      -0.499730       -0.371113       -0.781965        0.032809
      -0.317215       -0.930812       -0.178813       -0.031458
       0.851261       -0.468518        0.225440       -0.070873
       0.563055        0.773681       -0.287598       -0.040911
      -0.690648       -0.067243        0.718431        0.048376
      -0.549223        0.774482        0.313013       -0.023566
      -0.797811        0.317548        0.512470       -0.006016
       0.858878        0.142110        0.492070       -0.000863
       0.440746        0.419909        0.792752       -0.031041
       0.715931        0.202050       -0.667924       -0.022293
       0.691572       -0.717322        0.082469       -0.019363
       0.256731       -0.116013       -0.959495        0.000509
       0.993707        0.023179       -0.033726       -0.104265
       0.308932        0.790472        0.528782        0.010254
       0.962955       -0.104493        0.248077        0.016035
       0.512217        0.533598        0.672755       -0.017529
       0.990559       -0.009657        0.129296        0.044529
      -0.740475        0.377976       -0.555528       -0.014815
       0.803592        0.357623        0.475630        0.011000
       0.120526       -0.036354        0.991982        0.011137
       0.798936        0.039594       -0.598490       -0.044083
      -0.904219        0.120137       -0.402726       -0.075940
      -0.360717        0.818610        0.446619       -0.017119
       0.390352       -0.631142       -0.670030       -0.018565
       0.987000       -0.136308       -0.085095        0.003242
      -0.946555        0.096184        0.302070       -0.059464
      -0.956691        0.096570       -0.274327        0.012727
       0.320967        0.924888        0.201811        0.028892
       0.841928        0.415007        0.344343        0.018832
      -0.448816       -0.643526       -0.619950       -0.009997
       0.588626        0.511433       -0.625916       -0.013627
       0.970879       -0.089460        0.216642        0.049570
      -0.158127       -0.987364        0.007385       -0.007367
      -0.586015        0.276862        0.761422        0.013041
      -0.793675        0.520418       -0.314837        0.011092
      -0.924507        0.117689       -0.362463        0.007560
      -0.542204       -0.751407       -0.372974       -0.047884
      -0.963442        0.145478        0.218542        0.053426
      -0.687799        0.660458       -0.298646        0.039216
      -0.503704       -0.082788        0.858961       -0.040176
       0.420466        0.028473        0.906861        0.000512
       0.779618       -0.192336       -0.595901        0.010267
       0.461066       -0.109277        0.880074       -0.030760
       0.838532        0.086876        0.533547        0.068146
       0.699343       -0.002738        0.714196       -0.028914
      -0.849508       -0.522883       -0.049841       -0.049461
       0.985702        0.009725        0.142344        0.089634
       0.921507        0.369399        0.102278       -0.062517
      -0.768534       -0.015856       -0.634709       -0.079053
      -0.760677        0.486204       -0.429984       -0.009477
       0.876365       -0.433461        0.209779       -0.009398
      -0.558857        0.661667        0.499287       -0.024249
      -0.346460       -0.850057        0.395732       -0.027666
       0.233020        0.039906        0.971553       -0.013919
      -0.699602       -0.305142       -0.646099        0.001050
       0.050579       -0.132329       -0.989912       -0.002133
      -0.586916        0.359193       -0.723551       -0.054630
      -0.519529       -0.054524        0.852689       -0.006177
       0.999801       -0.016560       -0.007857       -0.007933
      -0.886862       -0.275311        0.370483       -0.020553
      -0.858292        0.436541       -0.257458       -0.080515
      -0.809145       -0.373303        0.453197       -0.023288
       0.635442       -0.740056        0.219388        0.019965
      -0.963021       -0.263888        0.053803       -0.007669
       0.899440        0.232285       -0.370205        0.000844
       0.959413       -0.267739        0.078518       -0.040963
       0.432607       -0.896976        0.088972       -0.019203
       0.948136       -0.311451        0.040269       -0.049137
      -0.891324       -0.224604       -0.393815        0.002136
      -0.777044       -0.614313       -0.136231        0.016225
       0.643208        0.757997       -0.092642        0.056048
      -0.944411        0.211774        0.247949       -0.041961
       0.911637        0.279257       -0.301215        0.014259
      -0.635824        0.167954        0.753338       -0.000799
       0.883122       -0.405258       -0.228647       -0.059859
       0.387967        0.661713       -0.641126        0.023996
      -0.353619       -0.776764       -0.520966       -0.013612
      -0.872545        0.171201       -0.455089       -0.047427
      -0.416357        0.402504        0.815245        0.003601
      -0.880557       -0.468605       -0.067365        0.022140
       0.860593       -0.494241       -0.116450        0.039307
       0.917440        0.206806       -0.332117       -0.072339
       0.735778        0.440043        0.514247        0.023315
       0.515907       -0.657463        0.548877        0.017789
       0.900226        0.218657       -0.376540        0.000951
       0.984472       -0.033960       -0.165756        0.046756
       0.814293        0.107266        0.569869        0.025884
      -0.560801        0.464878       -0.683865       -0.041459
      -0.455592       -0.888626        0.051961        0.008998
       0.991831        0.086575        0.093210        0.009355
       0.577729       -0.806858        0.121539       -0.020919
      -0.619431       -0.543538        0.564477        0.047293
       0.500782        0.686170        0.526972        0.026241
      -0.804330       -0.280192        0.521017        0.055561
       0.521513        0.411881       -0.746605       -0.030966
       0.379566       -0.595018       -0.708433       -0.002637
      -0.880864       -0.224703        0.407523       -0.086677
      -0.529301        0.800346        0.277617       -0.047071
       0.976529        0.056041        0.192934       -0.077632
       0.798227       -0.528564        0.287882       -0.024038
       0.367825       -0.437817        0.820379        0.000185
      -0.594055        0.596708        0.539063       -0.021186
      -0.169892       -0.729770       -0.662081       -0.014890
      -0.690233       -0.616776        0.376502        0.037581
      -0.824645        0.448711       -0.335420        0.078188
       0.871360        0.396914       -0.276679        0.081489
       0.429373        0.096672       -0.897298       -0.033908
      -0.479225        0.871135       -0.104253        0.024450
       0.661544        0.674395        0.325868       -0.036888
       0.987073       -0.089863        0.131732       -0.016055
      -0.826717        0.151881       -0.539436        0.049792
       0.863229        0.283161       -0.416600       -0.033158
       0.701781        0.685726        0.191852        0.021805
       0.285686       -0.799682        0.527994       -0.010711
       0.732355       -0.554866        0.391846       -0.047285
      -0.423804       -0.734072       -0.529893        0.027228
      -0.466476        0.739160       -0.485794       -0.006860
      -0.649709       -0.443879       -0.615830       -0.040024
      -0.961451       -0.060387        0.266881       -0.027212
      -0.913671        0.175050        0.365932        0.025606
      -0.877844       -0.437803       -0.173998        0.086276
      -0.257154        0.920480        0.294147       -0.008081
      -0.691586        0.209752        0.691081       -0.010943
       0.306144       -0.727618        0.613520        0.021000
       0.494796        0.846261       -0.190808        0.051099
      -0.962842        0.206509       -0.150826       -0.086840
       0.058864       -0.866365        0.495921       -0.003070
      -0.578137        0.815622       -0.006781       -0.021739
      -0.706166        0.707774        0.014081        0.013713
       0.560239        0.460952        0.685821       -0.057494
      -0.526912        0.177335       -0.830478        0.034967
      -0.797161       -0.582151        0.154720        0.041174
      -0.961431        0.115079       -0.249560        0.011246
      -0.554947       -0.110709        0.823694       -0.036123
      -0.595550        0.326760        0.733473        0.023784
       0.676903        0.393766        0.619211       -0.057699
      -0.625394       -0.647453        0.435286       -0.014602
      -0.829922        0.444935        0.334533        0.036735
       0.773746       -0.198133       -0.598536       -0.061769
       0.593246        0.728794       -0.337575       -0.054417
       0.899802       -0.412678        0.141391       -0.007897
       0.359814        0.911663       -0.198463       -0.004165
       0.789794       -0.592564       -0.149161       -0.053324
      -0.601341       -0.797860        0.041803        0.007788
      -0.799246       -0.553166        0.231756       -0.038766
       0.873818       -0.053312        0.481416        0.042871
       0.679869       -0.283591        0.675090        0.040102
      -0.520977       -0.258768       -0.812058        0.046741
      -0.782694        0.596819        0.173511       -0.033012
      -0.493094        0.810983       -0.314454       -0.016857
       0.796457        0.577850       -0.177860       -0.010578
       0.572744        0.441213        0.690159        0.031245
       0.735064        0.028437        0.677245        0.014546
       0.725564       -0.437992       -0.525661       -0.073481
      -0.668114        0.585402        0.459263       -0.002173
      -0.716553       -0.674453       -0.167038        0.061345
      -0.742072        0.023124        0.667369        0.058426
      -0.570791       -0.177155        0.801120        0.031950
       0.112820        0.789944       -0.602607       -0.011173
      -0.852439       -0.112574        0.509687       -0.029896
      -0.848139       -0.511454        0.129967       -0.046717
      -0.489556       -0.763196        0.420490       -0.032475
      -0.905592        0.249736       -0.336634        0.064904
      -0.888969       -0.173625       -0.423532        0.014489
      -0.442094       -0.867769       -0.224640        0.032645
       0.702498        0.683952        0.191332       -0.045810
       0.929097        0.183011        0.314382       -0.066711
      -0.132856       -0.991003        0.011552        0.011352
       0.793493        0.304349        0.526427       -0.024806
      -0.507336        0.758673       -0.408678        0.002829
       0.946074       -0.306499       -0.085367        0.060955
      -0.646000        0.373250       -0.665513       -0.021471
      -0.736460       -0.063419        0.672983        0.026430
      -0.583244        0.056725       -0.808190       -0.058622
       0.107584        0.369735       -0.922860       -0.007177
      -0.661085        0.738312        0.133068        0.012446
      -0.727920       -0.424770        0.537699       -0.024158
      -0.751768        0.223783       -0.619860       -0.023222
      -0.879669        0.279959        0.384427       -0.004543
      -0.505736       -0.620970        0.596832        0.049190
      -0.368503       -0.925505        0.080439       -0.034272
       0.739468       -0.107434        0.664419       -0.013880
       0.722298       -0.130152        0.677081       -0.053920
      -0.919973       -0.389457        0.038084       -0.022858
      -0.193160       -0.867521       -0.458255       -0.009922
       0.964262       -0.179446        0.194899        0.003518
       0.491567       -0.078473        0.867010       -0.022314
      -0.984494        0.164289       -0.000666       -0.061486
       0.892815       -0.136506        0.428088        0.031446
      -0.581776        0.809346       -0.055857        0.058097
      -0.647739        0.532204        0.543346        0.044361
      -0.395932       -0.881025       -0.258846        0.005597
       0.536110       -0.363615       -0.761525       -0.021210
      -0.518178        0.851378        0.080215        0.014566
       0.954711        0.030133        0.294298       -0.031757
       0.937983        0.012439       -0.345153        0.030044
       0.909133        0.190100       -0.358647       -0.093333
      -0.864295       -0.291089       -0.401222       -0.085340
      -0.510546       -0.821762        0.250539        0.035767
      -0.960843        0.276364       -0.001360        0.020028
      -0.548095        0.343860       -0.762421        0.008162
       0.405614        0.874514        0.265170        0.019660
       0.647831        0.653846       -0.386523        0.058316
      -0.673257       -0.645733        0.358173       -0.038285
       0.705270        0.675126        0.214838        0.025394
      -0.844521        0.263730       -0.465341       -0.026218
       0.643545       -0.744554        0.174872       -0.030156
       0.295232       -0.220136        0.929561        0.017159
      -0.997298        0.068952        0.007671       -0.024170
      -0.745521        0.275498       -0.606743        0.012744
      -0.982393        0.174909        0.048847       -0.043874
       0.991755       -0.098464       -0.045390        0.068310
       0.794835       -0.526823        0.299752       -0.029055
       0.568484        0.049565        0.820932       -0.020970
      -0.967986        0.099397        0.225787        0.046310
      -0.691376       -0.615909       -0.376873       -0.024935
       0.400555        0.004893       -0.916254        0.003330
       0.860885        0.487738       -0.140557        0.035110
       0.832392       -0.038314        0.552852        0.003288
      -0.448793        0.708210        0.544997       -0.000614
      -0.827541        0.542997       -0.131043        0.056199
      -0.857543        0.161999        0.486965        0.035226
       0.639321       -0.761040        0.100376        0.044850
       0.695976       -0.356119        0.619918       -0.067067
