-3.141593   0.159155   0.090770   0.046245   0.009449   0.000258
-3.131593   0.159155   0.090772   0.046248   0.009450   0.000258
-3.121593   0.159155   0.090779   0.046255   0.009453   0.000258
-3.111593   0.159155   0.090790   0.046266   0.009457   0.000258
-3.101593   0.159155   0.090806   0.046282   0.009464   0.000259
-3.091593   0.159155   0.090827   0.046303   0.009472   0.000259
-3.081593   0.159155   0.090852   0.046329   0.009483   0.000260
-3.071593   0.159155   0.090881   0.046359   0.009495   0.000260
-3.061593   0.159155   0.090915   0.046394   0.009509   0.000261
-3.051593   0.159155   0.090954   0.046433   0.009526   0.000262
-3.041593   0.159155   0.090997   0.046477   0.009544   0.000263
-3.031593   0.159155   0.091045   0.046526   0.009564   0.000264
-3.021593   0.159155   0.091097   0.046579   0.009586   0.000265
-3.011593   0.159155   0.091154   0.046637   0.009610   0.000267
-3.001593   0.159155   0.091215   0.046700   0.009635   0.000268
-2.991593   0.159155   0.091281   0.046768   0.009663   0.000270
-2.981593   0.159155   0.091352   0.046840   0.009693   0.000271
-2.971593   0.159155   0.091427   0.046917   0.009725   0.000273
-2.961593   0.159155   0.091506   0.046999   0.009759   0.000275
-2.951593   0.159155   0.091590   0.047085   0.009795   0.000277
-2.941593   0.159155   0.091679   0.047177   0.009833   0.000279
-2.931593   0.159155   0.091773   0.047273   0.009873   0.000282
-2.921593   0.159155   0.091870   0.047374   0.009915   0.000284
-2.911593   0.159155   0.091973   0.047479   0.009960   0.000287
-2.901593   0.159155   0.092080   0.047590   0.010006   0.000289
-2.891593   0.159155   0.092192   0.047706   0.010055   0.000292
-2.881593   0.159155   0.092308   0.047826   0.010106   0.000295
-2.871593   0.159155   0.092429   0.047952   0.010159   0.000298
-2.861593   0.159155   0.092555   0.048082   0.010214   0.000301
-2.851593   0.159155   0.092685   0.048217   0.010272   0.000305
-2.841593   0.159155   0.092820   0.048358   0.010332   0.000308
-2.831593   0.159155   0.092959   0.048503   0.010394   0.000312
-2.821593   0.159155   0.093103   0.048654   0.010458   0.000316
-2.811593   0.159155   0.093252   0.048809   0.010525   0.000320
-2.801593   0.159155   0.093406   0.048970   0.010595   0.000324
-2.791593   0.159155   0.093564   0.049136   0.010667   0.000329
-2.781593   0.159155   0.093726   0.049307   0.010741   0.000333
-2.771593   0.159155   0.093894   0.049483   0.010818   0.000338
-2.761593   0.159155   0.094066   0.049665   0.010898   0.000343
-2.751593   0.159155   0.094243   0.049852   0.010980   0.000348
-2.741593   0.159155   0.094424   0.050044   0.011065   0.000354
-2.731593   0.159155   0.094610   0.050242   0.011152   0.000359
-2.721593   0.159155   0.094801   0.050445   0.011243   0.000365
-2.711593   0.159155   0.094997   0.050653   0.011336   0.000371
-2.701593   0.159155   0.095197   0.050867   0.011432   0.000378
-2.691593   0.159155   0.095403   0.051086   0.011530   0.000384
-2.681593   0.159155   0.095612   0.051311   0.011632   0.000391
-2.671593   0.159155   0.095827   0.051542   0.011737   0.000398
-2.661593   0.159155   0.096046   0.051778   0.011845   0.000405
-2.651593   0.159155   0.096271   0.052020   0.011956   0.000413
-2.641593   0.159155   0.096499   0.052268   0.012070   0.000421
-2.631593   0.159155   0.096733   0.052521   0.012187   0.000429
-2.621593   0.159155   0.096972   0.052781   0.012308   0.000438
-2.611593   0.159155   0.097215   0.053046   0.012432   0.000446
-2.601593   0.159155   0.097463   0.053317   0.012559   0.000456
-2.591593   0.159155   0.097716   0.053594   0.012690   0.000465
-2.581593   0.159155   0.097974   0.053877   0.012825   0.000475
-2.571593   0.159155   0.098237   0.054167   0.012963   0.000485
-2.561593   0.159155   0.098504   0.054462   0.013105   0.000496
-2.551593   0.159155   0.098776   0.054763   0.013250   0.000507
-2.541593   0.159155   0.099054   0.055071   0.013399   0.000519
-2.531593   0.159155   0.099336   0.055385   0.013553   0.000531
-2.521593   0.159155   0.099623   0.055706   0.013710   0.000543
-2.511593   0.159155   0.099914   0.056033   0.013871   0.000556
-2.501593   0.159155   0.100211   0.056366   0.014037   0.000569
-2.491593   0.159155   0.100513   0.056706   0.014207   0.000583
-2.481593   0.159155   0.100820   0.057052   0.014381   0.000597
-2.471593   0.159155   0.101131   0.057406   0.014559   0.000612
-2.461593   0.159155   0.101448   0.057765   0.014743   0.000628
-2.451593   0.159155   0.101769   0.058132   0.014930   0.000644
-2.441593   0.159155   0.102095   0.058506   0.015123   0.000661
-2.431593   0.159155   0.102427   0.058886   0.015320   0.000678
-2.421593   0.159155   0.102763   0.059273   0.015522   0.000696
-2.411593   0.159155   0.103104   0.059668   0.015729   0.000715
-2.401593   0.159155   0.103451   0.060069   0.015942   0.000734
-2.391593   0.159155   0.103802   0.060478   0.016159   0.000754
-2.381593   0.159155   0.104158   0.060894   0.016382   0.000775
-2.371593   0.159155   0.104519   0.061317   0.016611   0.000797
-2.361593   0.159155   0.104886   0.061747   0.016845   0.000820
-2.351593   0.159155   0.105257   0.062185   0.017085   0.000843
-2.341593   0.159155   0.105633   0.062631   0.017331   0.000868
-2.331593   0.159155   0.106015   0.063084   0.017582   0.000893
-2.321593   0.159155   0.106401   0.063545   0.017840   0.000919
-2.311593   0.159155   0.106793   0.064013   0.018104   0.000947
-2.301593   0.159155   0.107189   0.064489   0.018374   0.000975
-2.291593   0.159155   0.107591   0.064974   0.018651   0.001005
-2.281593   0.159155   0.107998   0.065466   0.018935   0.001036
-2.271593   0.159155   0.108409   0.065966   0.019225   0.001068
-2.261593   0.159155   0.108826   0.066474   0.019523   0.001101
-2.251593   0.159155   0.109248   0.066991   0.019827   0.001136
-2.241593   0.159155   0.109675   0.067515   0.020139   0.001172
-2.231593   0.159155   0.110107   0.068048   0.020458   0.001209
-2.221593   0.159155   0.110545   0.068590   0.020785   0.001248
-2.211593   0.159155   0.110987   0.069140   0.021120   0.001289
-2.201593   0.159155   0.111434   0.069698   0.021463   0.001331
-2.191593   0.159155   0.111887   0.070265   0.021813   0.001375
-2.181593   0.159155   0.112344   0.070841   0.022172   0.001420
-2.171593   0.159155   0.112807   0.071426   0.022540   0.001468
-2.161593   0.159155   0.113275   0.072020   0.022916   0.001517
-2.151593   0.159155   0.113748   0.072622   0.023301   0.001569
-2.141593   0.159155   0.114226   0.073234   0.023695   0.001622
-2.131593   0.159155   0.114709   0.073855   0.024099   0.001678
-2.121593   0.159155   0.115197   0.074485   0.024512   0.001736
-2.111593   0.159155   0.115691   0.075124   0.024934   0.001796
-2.101593   0.159155   0.116189   0.075773   0.025367   0.001859
-2.091593   0.159155   0.116693   0.076431   0.025809   0.001924
-2.081593   0.159155   0.117201   0.077099   0.026262   0.001993
-2.071593   0.159155   0.117715   0.077777   0.026726   0.002064
-2.061593   0.159155   0.118234   0.078464   0.027200   0.002137
-2.051593   0.159155   0.118758   0.079161   0.027686   0.002214
-2.041593   0.159155   0.119287   0.079867   0.028182   0.002295
-2.031593   0.159155   0.119821   0.080584   0.028690   0.002378
-2.021593   0.159155   0.120360   0.081311   0.029210   0.002465
-2.011593   0.159155   0.120904   0.082048   0.029742   0.002556
-2.001593   0.159155   0.121453   0.082795   0.030286   0.002650
-1.991593   0.159155   0.122008   0.083553   0.030843   0.002748
-1.981593   0.159155   0.122567   0.084320   0.031412   0.002851
-1.971593   0.159155   0.123131   0.085099   0.031995   0.002957
-1.961593   0.159155   0.123701   0.085888   0.032591   0.003069
-1.951593   0.159155   0.124275   0.086687   0.033200   0.003184
-1.941593   0.159155   0.124855   0.087497   0.033824   0.003305
-1.931593   0.159155   0.125439   0.088318   0.034462   0.003431
-1.921593   0.159155   0.126028   0.089150   0.035114   0.003562
-1.911593   0.159155   0.126622   0.089992   0.035781   0.003699
-1.901593   0.159155   0.127222   0.090846   0.036463   0.003841
-1.891593   0.159155   0.127826   0.091711   0.037160   0.003989
-1.881593   0.159155   0.128435   0.092587   0.037873   0.004144
-1.871593   0.159155   0.129048   0.093474   0.038603   0.004305
-1.861593   0.159155   0.129667   0.094372   0.039348   0.004473
-1.851593   0.159155   0.130291   0.095282   0.040111   0.004648
-1.841593   0.159155   0.130919   0.096203   0.040890   0.004830
-1.831593   0.159155   0.131552   0.097136   0.041687   0.005020
-1.821593   0.159155   0.132190   0.098080   0.042501   0.005218
-1.811593   0.159155   0.132833   0.099036   0.043334   0.005425
-1.801593   0.159155   0.133480   0.100004   0.044185   0.005640
-1.791593   0.159155   0.134132   0.100984   0.045054   0.005864
-1.781593   0.159155   0.134789   0.101975   0.045943   0.006098
-1.771593   0.159155   0.135450   0.102978   0.046852   0.006341
-1.761593   0.159155   0.136116   0.103993   0.047780   0.006595
-1.751593   0.159155   0.136787   0.105020   0.048728   0.006860
-1.741593   0.159155   0.137462   0.106059   0.049697   0.007135
-1.731593   0.159155   0.138141   0.107110   0.050687   0.007422
-1.721593   0.159155   0.138825   0.108174   0.051699   0.007721
-1.711593   0.159155   0.139514   0.109249   0.052732   0.008033
-1.701593   0.159155   0.140207   0.110337   0.053787   0.008358
-1.691593   0.159155   0.140904   0.111437   0.054865   0.008696
-1.681593   0.159155   0.141605   0.112550   0.055966   0.009049
-1.671593   0.159155   0.142311   0.113674   0.057090   0.009416
-1.661593   0.159155   0.143021   0.114812   0.058238   0.009798
-1.651593   0.159155   0.143735   0.115961   0.059410   0.010197
-1.641593   0.159155   0.144454   0.117123   0.060607   0.010612
-1.631593   0.159155   0.145176   0.118298   0.061829   0.011044
-1.621593   0.159155   0.145903   0.119485   0.063076   0.011494
-1.611593   0.159155   0.146633   0.120684   0.064349   0.011962
-1.601593   0.159155   0.147368   0.121897   0.065648   0.012450
-1.591593   0.159155   0.148106   0.123121   0.066973   0.012958
-1.581593   0.159155   0.148849   0.124358   0.068326   0.013487
-1.571593   0.159155   0.149595   0.125608   0.069706   0.014037
-1.561593   0.159155   0.150345   0.126871   0.071115   0.014610
-1.551593   0.159155   0.151098   0.128146   0.072551   0.015206
-1.541593   0.159155   0.151855   0.129433   0.074016   0.015827
-1.531593   0.159155   0.152616   0.130733   0.075511   0.016472
-1.521593   0.159155   0.153380   0.132046   0.077034   0.017144
-1.511593   0.159155   0.154148   0.133371   0.078588   0.017842
-1.501593   0.159155   0.154919   0.134708   0.080173   0.018569
-1.491593   0.159155   0.155693   0.136058   0.081788   0.019325
-1.481593   0.159155   0.156471   0.137421   0.083434   0.020111
-1.471593   0.159155   0.157252   0.138796   0.085112   0.020928
-1.461593   0.159155   0.158036   0.140183   0.086822   0.021777
-1.451593   0.159155   0.158823   0.141583   0.088564   0.022660
-1.441593   0.159155   0.159613   0.142995   0.090339   0.023577
-1.431593   0.159155   0.160406   0.144419   0.092148   0.024531
-1.421593   0.159155   0.161201   0.145855   0.093990   0.025521
-1.411593   0.159155   0.162000   0.147304   0.095866   0.026550
-1.401593   0.159155   0.162801   0.148764   0.097776   0.027619
-1.391593   0.159155   0.163604   0.150236   0.099721   0.028728
-1.381593   0.159155   0.164411   0.151721   0.101701   0.029881
-1.371593   0.159155   0.165219   0.153217   0.103717   0.031077
-1.361593   0.159155   0.166030   0.154724   0.105768   0.032318
-1.351593   0.159155   0.166843   0.156244   0.107855   0.033606
-1.341593   0.159155   0.167659   0.157774   0.109979   0.034943
-1.331593   0.159155   0.168476   0.159317   0.112139   0.036329
-1.321593   0.159155   0.169295   0.160870   0.114337   0.037767
-1.311593   0.159155   0.170117   0.162434   0.116572   0.039258
-1.301593   0.159155   0.170940   0.164010   0.118844   0.040803
-1.291593   0.159155   0.171764   0.165596   0.121154   0.042405
-1.281593   0.159155   0.172591   0.167194   0.123503   0.044065
-1.271593   0.159155   0.173419   0.168801   0.125889   0.045784
-1.261593   0.159155   0.174248   0.170420   0.128315   0.047565
-1.251593   0.159155   0.175078   0.172048   0.130779   0.049410
-1.241593   0.159155   0.175910   0.173687   0.133282   0.051319
-1.231593   0.159155   0.176743   0.175335   0.135824   0.053295
-1.221593   0.159155   0.177577   0.176994   0.138405   0.055340
-1.211593   0.159155   0.178412   0.178661   0.141026   0.057456
-1.201593   0.159155   0.179247   0.180339   0.143686   0.059644
-1.191593   0.159155   0.180083   0.182025   0.146386   0.061907
-1.181593   0.159155   0.180920   0.183721   0.149125   0.064246
-1.171593   0.159155   0.181757   0.185425   0.151905   0.066663
-1.161593   0.159155   0.182595   0.187137   0.154724   0.069160
-1.151593   0.159155   0.183432   0.188858   0.157583   0.071739
-1.141593   0.159155   0.184270   0.190587   0.160481   0.074403
-1.131593   0.159155   0.185108   0.192324   0.163420   0.077152
-1.121593   0.159155   0.185945   0.194069   0.166398   0.079990
-1.111593   0.159155   0.186783   0.195820   0.169415   0.082917
-1.101593   0.159155   0.187620   0.197579   0.172472   0.085937
-1.091593   0.159155   0.188456   0.199345   0.175569   0.089050
-1.081593   0.159155   0.189292   0.201117   0.178704   0.092259
-1.071593   0.159155   0.190127   0.202895   0.181878   0.095565
-1.061593   0.159155   0.190961   0.204680   0.185091   0.098972
-1.051593   0.159155   0.191794   0.206470   0.188343   0.102479
-1.041593   0.159155   0.192626   0.208265   0.191632   0.106090
-1.031593   0.159155   0.193457   0.210065   0.194959   0.109806
-1.021593   0.159155   0.194286   0.211870   0.198324   0.113629
-1.011593   0.159155   0.195114   0.213679   0.201725   0.117560
-1.001593   0.159155   0.195940   0.215492   0.205164   0.121602
-0.991593   0.159155   0.196764   0.217309   0.208638   0.125755
-0.981593   0.159155   0.197587   0.219130   0.212148   0.130022
-0.971593   0.159155   0.198407   0.220953   0.215693   0.134403
-0.961593   0.159155   0.199225   0.222779   0.219272   0.138901
-0.951593   0.159155   0.200041   0.224607   0.222886   0.143517
-0.941593   0.159155   0.200854   0.226437   0.226532   0.148251
-0.931593   0.159155   0.201665   0.228268   0.230211   0.153106
-0.921593   0.159155   0.202473   0.230100   0.233922   0.158082
-0.911593   0.159155   0.203278   0.231934   0.237664   0.163180
-0.901593   0.159155   0.204079   0.233767   0.241437   0.168402
-0.891593   0.159155   0.204878   0.235600   0.245239   0.173747
-0.881593   0.159155   0.205673   0.237433   0.249069   0.179217
-0.871593   0.159155   0.206465   0.239265   0.252927   0.184812
-0.861593   0.159155   0.207254   0.241096   0.256812   0.190533
-0.851593   0.159155   0.208038   0.242924   0.260722   0.196379
-0.841593   0.159155   0.208819   0.244751   0.264658   0.202352
-0.831593   0.159155   0.209595   0.246574   0.268616   0.208451
-0.821593   0.159155   0.210368   0.248395   0.272598   0.214676
-0.811593   0.159155   0.211136   0.250212   0.276600   0.221026
-0.801593   0.159155   0.211899   0.252025   0.280623   0.227502
-0.791593   0.159155   0.212658   0.253833   0.284664   0.234102
-0.781593   0.159155   0.213412   0.255636   0.288724   0.240826
-0.771593   0.159155   0.214161   0.257434   0.292799   0.247673
-0.761593   0.159155   0.214905   0.259226   0.296890   0.254642
-0.751593   0.159155   0.215644   0.261012   0.300994   0.261730
-0.741593   0.159155   0.216378   0.262791   0.305110   0.268938
-0.731593   0.159155   0.217106   0.264562   0.309237   0.276262
-0.721593   0.159155   0.217828   0.266325   0.313373   0.283702
-0.711593   0.159155   0.218545   0.268080   0.317517   0.291254
-0.701593   0.159155   0.219255   0.269826   0.321666   0.298917
-0.691593   0.159155   0.219960   0.271563   0.325821   0.306688
-0.681593   0.159155   0.220658   0.273290   0.329978   0.314564
-0.671593   0.159155   0.221350   0.275007   0.334136   0.322542
-0.661593   0.159155   0.222035   0.276712   0.338294   0.330618
-0.651593   0.159155   0.222714   0.278407   0.342449   0.338790
-0.641593   0.159155   0.223386   0.280089   0.346600   0.347054
-0.631593   0.159155   0.224051   0.281759   0.350746   0.355405
-0.621593   0.159155   0.224709   0.283416   0.354883   0.363840
-0.611593   0.159155   0.225359   0.285060   0.359011   0.372354
-0.601593   0.159155   0.226003   0.286689   0.363128   0.380942
-0.591593   0.159155   0.226638   0.288305   0.367231   0.389600
-0.581593   0.159155   0.227266   0.289905   0.371319   0.398322
-0.571593   0.159155   0.227887   0.291490   0.375390   0.407103
-0.561593   0.159155   0.228499   0.293058   0.379442   0.415939
-0.551593   0.159155   0.229104   0.294611   0.383472   0.424822
-0.541593   0.159155   0.229700   0.296146   0.387479   0.433747
-0.531593   0.159155   0.230288   0.297664   0.391461   0.442707
-0.521593   0.159155   0.230867   0.299164   0.395416   0.451697
-0.511593   0.159155   0.231438   0.300645   0.399341   0.460710
-0.501593   0.159155   0.232000   0.302107   0.403235   0.469739
-0.491593   0.159155   0.232553   0.303550   0.407096   0.478777
-0.481593   0.159155   0.233098   0.304973   0.410921   0.487816
-0.471593   0.159155   0.233633   0.306375   0.414709   0.496850
-0.461593   0.159155   0.234159   0.307756   0.418457   0.505871
-0.451593   0.159155   0.234676   0.309116   0.422163   0.514872
-0.441593   0.159155   0.235183   0.310454   0.425825   0.523844
-0.431593   0.159155   0.235681   0.311770   0.429442   0.532780
-0.421593   0.159155   0.236169   0.313062   0.433010   0.541671
-0.411593   0.159155   0.236647   0.314332   0.436529   0.550510
-0.401593   0.159155   0.237116   0.315577   0.439995   0.559288
-0.391593   0.159155   0.237574   0.316799   0.443408   0.567996
-0.381593   0.159155   0.238022   0.317995   0.446764   0.576627
-0.371593   0.159155   0.238460   0.319167   0.450062   0.585172
-0.361593   0.159155   0.238888   0.320313   0.453300   0.593623
-0.351593   0.159155   0.239306   0.321433   0.456476   0.601970
-0.341593   0.159155   0.239712   0.322527   0.459588   0.610205
-0.331593   0.159155   0.240109   0.323594   0.462633   0.618320
-0.321593   0.159155   0.240494   0.324634   0.465611   0.626306
-0.311593   0.159155   0.240869   0.325646   0.468519   0.634154
-0.301593   0.159155   0.241232   0.326630   0.471356   0.641856
-0.291593   0.159155   0.241585   0.327586   0.474119   0.649404
-0.281593   0.159155   0.241927   0.328514   0.476807   0.656788
-0.271593   0.159155   0.242257   0.329412   0.479419   0.664002
-0.261593   0.159155   0.242577   0.330281   0.481951   0.671036
-0.251593   0.159155   0.242885   0.331120   0.484404   0.677883
-0.241593   0.159155   0.243181   0.331929   0.486775   0.684534
-0.231593   0.159155   0.243467   0.332708   0.489062   0.690982
-0.221593   0.159155   0.243740   0.333457   0.491264   0.697219
-0.211593   0.159155   0.244002   0.334174   0.493380   0.703239
-0.201593   0.159155   0.244253   0.334860   0.495408   0.709032
-0.191593   0.159155   0.244491   0.335515   0.497348   0.714594
-0.181593   0.159155   0.244718   0.336138   0.499196   0.719916
-0.171593   0.159155   0.244933   0.336729   0.500953   0.724993
-0.161593   0.159155   0.245136   0.337288   0.502617   0.729818
-0.151593   0.159155   0.245328   0.337814   0.504188   0.734384
-0.141593   0.159155   0.245507   0.338308   0.505663   0.738688
-0.131593   0.159155   0.245674   0.338769   0.507042   0.742722
-0.121593   0.159155   0.245829   0.339197   0.508324   0.746483
-0.111593   0.159155   0.245972   0.339592   0.509508   0.749964
-0.101593   0.159155   0.246103   0.339953   0.510593   0.753163
-0.091593   0.159155   0.246222   0.340281   0.511579   0.756074
-0.081593   0.159155   0.246328   0.340576   0.512464   0.758694
-0.071593   0.159155   0.246423   0.340836   0.513249   0.761019
-0.061593   0.159155   0.246505   0.341063   0.513933   0.763048
-0.051593   0.159155   0.246574   0.341256   0.514514   0.764776
-0.041593   0.159155   0.246632   0.341415   0.514994   0.766202
-0.031593   0.159155   0.246677   0.341540   0.515371   0.767324
-0.021593   0.159155   0.246710   0.341631   0.515645   0.768141
-0.011593   0.159155   0.246730   0.341688   0.515816   0.768651
-0.001593   0.159155   0.246738   0.341710   0.515884   0.768853
0.008407   0.159155   0.246734   0.341698   0.515849   0.768749
0.018407   0.159155   0.246717   0.341653   0.515711   0.768336
0.028407   0.159155   0.246689   0.341573   0.515469   0.767618
0.038407   0.159155   0.246647   0.341459   0.515125   0.766593
0.048407   0.159155   0.246594   0.341310   0.514678   0.765263
0.058407   0.159155   0.246528   0.341128   0.514129   0.763631
0.068407   0.159155   0.246450   0.340912   0.513478   0.761698
0.078407   0.159155   0.246360   0.340662   0.512725   0.759467
0.088407   0.159155   0.246257   0.340379   0.511872   0.756940
0.098407   0.159155   0.246142   0.340061   0.510918   0.754121
0.108407   0.159155   0.246015   0.339710   0.509864   0.751014
0.118407   0.159155   0.245876   0.339326   0.508711   0.747622
0.128407   0.159155   0.245725   0.338909   0.507460   0.743950
0.138407   0.159155   0.245561   0.338458   0.506112   0.740002
0.148407   0.159155   0.245386   0.337975   0.504668   0.735784
0.158407   0.159155   0.245199   0.337459   0.503128   0.731301
0.168407   0.159155   0.244999   0.336910   0.501493   0.726557
0.178407   0.159155   0.244788   0.336330   0.499766   0.721560
0.188407   0.159155   0.244565   0.335717   0.497946   0.716315
0.198407   0.159155   0.244330   0.335072   0.496036   0.710829
0.208407   0.159155   0.244083   0.334396   0.494036   0.705109
0.218407   0.159155   0.243825   0.333688   0.491948   0.699161
0.228407   0.159155   0.243555   0.332950   0.489773   0.692992
0.238407   0.159155   0.243273   0.332181   0.487512   0.686610
0.248407   0.159155   0.242980   0.331381   0.485168   0.680023
0.258407   0.159155   0.242676   0.330551   0.482741   0.673238
0.268407   0.159155   0.242360   0.329692   0.480234   0.666262
0.278407   0.159155   0.242033   0.328803   0.477648   0.659105
0.288407   0.159155   0.241695   0.327885   0.474984   0.651774
0.298407   0.159155   0.241346   0.326938   0.472244   0.644277
0.308407   0.159155   0.240986   0.325962   0.469431   0.636623
0.318407   0.159155   0.240615   0.324959   0.466545   0.628821
0.328407   0.159155   0.240232   0.323928   0.463589   0.620878
0.338407   0.159155   0.239840   0.322870   0.460565   0.612803
0.348407   0.159155   0.239436   0.321784   0.457474   0.604605
0.358407   0.159155   0.239022   0.320673   0.454318   0.596293
0.368407   0.159155   0.238598   0.319535   0.451100   0.587875
0.378407   0.159155   0.238163   0.318371   0.447821   0.579359
0.388407   0.159155   0.237718   0.317182   0.444483   0.570754
0.398407   0.159155   0.237263   0.315969   0.441088   0.562070
0.408407   0.159155   0.236798   0.314731   0.437639   0.553313
0.418407   0.159155   0.236322   0.313469   0.434137   0.544493
0.428407   0.159155   0.235837   0.312184   0.430584   0.535617
0.438407   0.159155   0.235343   0.310876   0.426982   0.526695
0.448407   0.159155   0.234838   0.309545   0.423334   0.517733
0.458407   0.159155   0.234325   0.308192   0.419642   0.508741
0.468407   0.159155   0.233802   0.306817   0.415907   0.499726
0.478407   0.159155   0.233269   0.305422   0.412132   0.490695
0.488407   0.159155   0.232728   0.304005   0.408318   0.481656
0.498407   0.159155   0.232177   0.302569   0.404469   0.472617
0.508407   0.159155   0.231618   0.301113   0.400585   0.463585
0.518407   0.159155   0.231050   0.299637   0.396670   0.454566
0.528407   0.159155   0.230473   0.298144   0.392724   0.445568
0.538407   0.159155   0.229888   0.296631   0.388750   0.436597
0.548407   0.159155   0.229294   0.295102   0.384751   0.427660
0.558407   0.159155   0.228693   0.293555   0.380728   0.418763
0.568407   0.159155   0.228083   0.291991   0.376683   0.409912
0.578407   0.159155   0.227465   0.290411   0.372618   0.401113
0.588407   0.159155   0.226839   0.288816   0.368535   0.392371
0.598407   0.159155   0.226206   0.287205   0.364437   0.383692
0.608407   0.159155   0.225565   0.285580   0.360324   0.375081
0.618407   0.159155   0.224917   0.283941   0.356199   0.366543
0.628407   0.159155   0.224261   0.282288   0.352064   0.358083
0.638407   0.159155   0.223598   0.280622   0.347921   0.349705
0.648407   0.159155   0.222929   0.278944   0.343772   0.341413
0.658407   0.159155   0.222252   0.277253   0.339618   0.333211
0.668407   0.159155   0.221569   0.275551   0.335460   0.325104
0.678407   0.159155   0.220879   0.273838   0.331302   0.317094
0.688407   0.159155   0.220183   0.272114   0.327145   0.309185
0.698407   0.159155   0.219480   0.270381   0.322989   0.301381
0.708407   0.159155   0.218772   0.268638   0.318838   0.293683
0.718407   0.159155   0.218057   0.266885   0.314692   0.286095
0.728407   0.159155   0.217336   0.265124   0.310553   0.278620
0.738407   0.159155   0.216610   0.263356   0.306423   0.271258
0.748407   0.159155   0.215878   0.261579   0.302304   0.264013
0.758407   0.159155   0.215141   0.259796   0.298195   0.256887
0.768407   0.159155   0.214399   0.258006   0.294101   0.249880
0.778407   0.159155   0.213651   0.256210   0.290020   0.242994
0.788407   0.159155   0.212899   0.254408   0.285956   0.236231
0.798407   0.159155   0.212141   0.252601   0.281908   0.229591
0.808407   0.159155   0.211379   0.250790   0.277879   0.223075
0.818407   0.159155   0.210613   0.248974   0.273870   0.216685
0.828407   0.159155   0.209842   0.247155   0.269882   0.210420
0.838407   0.159155   0.209067   0.245332   0.265916   0.204281
0.848407   0.159155   0.208287   0.243506   0.261973   0.198268
0.858407   0.159155   0.207504   0.241678   0.258055   0.192381
0.868407   0.159155   0.206717   0.239848   0.254162   0.186621
0.878407   0.159155   0.205926   0.238017   0.250295   0.180985
0.888407   0.159155   0.205132   0.236184   0.246456   0.175476
0.898407   0.159155   0.204334   0.234351   0.242645   0.170091
0.908407   0.159155   0.203533   0.232518   0.238863   0.164830
0.918407   0.159155   0.202729   0.230684   0.235111   0.159693
0.928407   0.159155   0.201922   0.228852   0.231390   0.154678
0.938407   0.159155   0.201113   0.227020   0.227701   0.149785
0.948407   0.159155   0.200300   0.225189   0.224044   0.145012
0.958407   0.159155   0.199485   0.223361   0.220420   0.140359
0.968407   0.159155   0.198668   0.221534   0.216829   0.135823
0.978407   0.159155   0.197848   0.219710   0.213273   0.131405
0.988407   0.159155   0.197027   0.217889   0.209752   0.127102
0.998407   0.159155   0.196203   0.216071   0.206266   0.122912
1.008407   0.159155   0.195377   0.214256   0.202817   0.118836
1.018407   0.159155   0.194550   0.212446   0.199403   0.114869
1.028407   0.159155   0.193721   0.210639   0.196027   0.111012
1.038407   0.159155   0.192891   0.208838   0.192688   0.107262
1.048407   0.159155   0.192059   0.207041   0.189386   0.103618
1.058407   0.159155   0.191227   0.205249   0.186123   0.100078
1.068407   0.159155   0.190393   0.203463   0.182898   0.096640
1.078407   0.159155   0.189558   0.201683   0.179711   0.093301
1.088407   0.159155   0.188722   0.199909   0.176563   0.090062
1.098407   0.159155   0.187886   0.198141   0.173454   0.086918
1.108407   0.159155   0.187049   0.196380   0.170385   0.083869
1.118407   0.159155   0.186212   0.194626   0.167355   0.080912
1.128407   0.159155   0.185375   0.192879   0.164364   0.078046
1.138407   0.159155   0.184537   0.191140   0.161413   0.075269
1.148407   0.159155   0.183699   0.189408   0.158502   0.072578
1.158407   0.159155   0.182861   0.187685   0.155630   0.069972
1.168407   0.159155   0.182024   0.185969   0.152798   0.067449
1.178407   0.159155   0.181187   0.184262   0.150006   0.065007
1.188407   0.159155   0.180350   0.182564   0.147254   0.062643
1.198407   0.159155   0.179513   0.180875   0.144542   0.060357
1.208407   0.159155   0.178678   0.179195   0.141869   0.058145
1.218407   0.159155   0.177843   0.177524   0.139235   0.056007
1.228407   0.159155   0.177008   0.175862   0.136642   0.053939
1.238407   0.159155   0.176175   0.174211   0.134087   0.051941
1.248407   0.159155   0.175343   0.172569   0.131572   0.050011
1.258407   0.159155   0.174512   0.170937   0.129095   0.048146
1.268407   0.159155   0.173683   0.169316   0.126658   0.046345
1.278407   0.159155   0.172854   0.167705   0.124259   0.044606
1.288407   0.159155   0.172027   0.166104   0.121898   0.042927
1.298407   0.159155   0.171202   0.164514   0.119576   0.041307
1.308407   0.159155   0.170379   0.162935   0.117291   0.039744
1.318407   0.159155   0.169557   0.161367   0.115045   0.038236
1.328407   0.159155   0.168737   0.159810   0.112835   0.036782
1.338407   0.159155   0.167919   0.158264   0.110663   0.035379
1.348407   0.159155   0.167103   0.156730   0.108528   0.034027
1.358407   0.159155   0.166289   0.155207   0.106429   0.032723
1.368407   0.159155   0.165477   0.153696   0.104366   0.031467
1.378407   0.159155   0.164668   0.152196   0.102339   0.030257
1.388407   0.159155   0.163861   0.150708   0.100348   0.029091
1.398407   0.159155   0.163056   0.149232   0.098392   0.027968
1.408407   0.159155   0.162255   0.147767   0.096470   0.026886
1.418407   0.159155   0.161455   0.146315   0.094584   0.025845
1.428407   0.159155   0.160659   0.144875   0.092731   0.024842
1.438407   0.159155   0.159865   0.143447   0.090912   0.023877
1.448407   0.159155   0.159074   0.142031   0.089126   0.022948
1.458407   0.159155   0.158286   0.140628   0.087373   0.022054
1.468407   0.159155   0.157501   0.139237   0.085653   0.021195
1.478407   0.159155   0.156719   0.137858   0.083965   0.020367
1.488407   0.159155   0.155941   0.136491   0.082309   0.019572
1.498407   0.159155   0.155165   0.135137   0.080684   0.018807
1.508407   0.159155   0.154393   0.133795   0.079090   0.018071
1.518407   0.159155   0.153624   0.132466   0.077526   0.017363
1.528407   0.159155   0.152859   0.131150   0.075993   0.016683
1.538407   0.159155   0.152097   0.129846   0.074489   0.016030
1.548407   0.159155   0.151339   0.128554   0.073015   0.015401
1.558407   0.159155   0.150584   0.127275   0.071569   0.014798
1.568407   0.159155   0.149833   0.126009   0.070152   0.014217
1.578407   0.159155   0.149086   0.124755   0.068763   0.013660
1.588407   0.159155   0.148342   0.123514   0.067401   0.013124
1.598407   0.159155   0.147603   0.122285   0.066067   0.012610
1.608407   0.159155   0.146867   0.121069   0.064759   0.012116
1.618407   0.159155   0.146135   0.119866   0.063478   0.011641
1.628407   0.159155   0.145407   0.118675   0.062223   0.011185
1.638407   0.159155   0.144684   0.117496   0.060993   0.010747
1.648407   0.159155   0.143964   0.116330   0.059789   0.010327
1.658407   0.159155   0.143248   0.115176   0.058609   0.009924
1.668407   0.159155   0.142537   0.114035   0.057453   0.009536
1.678407   0.159155   0.141830   0.112907   0.056322   0.009164
1.688407   0.159155   0.141127   0.111790   0.055213   0.008807
1.698407   0.159155   0.140428   0.110686   0.054128   0.008464
1.708407   0.159155   0.139734   0.109594   0.053066   0.008135
1.718407   0.159155   0.139044   0.108515   0.052025   0.007819
1.728407   0.159155   0.138359   0.107448   0.051007   0.007516
1.738407   0.159155   0.137678   0.106393   0.050010   0.007225
1.748407   0.159155   0.137001   0.105350   0.049035   0.006946
1.758407   0.159155   0.136329   0.104319   0.048080   0.006678
1.768407   0.159155   0.135662   0.103300   0.047145   0.006421
1.778407   0.159155   0.134999   0.102293   0.046230   0.006174
1.788407   0.159155   0.134341   0.101298   0.045335   0.005938
1.798407   0.159155   0.133687   0.100315   0.044460   0.005710
1.808407   0.159155   0.133038   0.099343   0.043603   0.005492
1.818407   0.159155   0.132394   0.098384   0.042764   0.005283
1.828407   0.159155   0.131755   0.097436   0.041944   0.005083
1.838407   0.159155   0.131120   0.096499   0.041142   0.004890
1.848407   0.159155   0.130490   0.095574   0.040357   0.004705
1.858407   0.159155   0.129865   0.094661   0.039589   0.004528
1.868407   0.159155   0.129245   0.093759   0.038838   0.004358
1.878407   0.159155   0.128630   0.092868   0.038104   0.004195
1.888407   0.159155   0.128019   0.091989   0.037386   0.004038
1.898407   0.159155   0.127413   0.091120   0.036683   0.003888
1.908407   0.159155   0.126813   0.090263   0.035996   0.003743
1.918407   0.159155   0.126217   0.089417   0.035325   0.003605
1.928407   0.159155   0.125626   0.088582   0.034668   0.003472
1.938407   0.159155   0.125040   0.087757   0.034026   0.003345
1.948407   0.159155   0.124459   0.086944   0.033398   0.003222
1.958407   0.159155   0.123883   0.086141   0.032784   0.003105
1.968407   0.159155   0.123312   0.085349   0.032183   0.002992
1.978407   0.159155   0.122746   0.084567   0.031597   0.002884
1.988407   0.159155   0.122185   0.083796   0.031023   0.002780
1.998407   0.159155   0.121629   0.083035   0.030462   0.002681
2.008407   0.159155   0.121079   0.082285   0.029914   0.002585
2.018407   0.159155   0.120533   0.081545   0.029378   0.002493
2.028407   0.159155   0.119992   0.080815   0.028855   0.002405
2.038407   0.159155   0.119456   0.080095   0.028343   0.002321
2.048407   0.159155   0.118926   0.079385   0.027843   0.002240
2.058407   0.159155   0.118400   0.078685   0.027354   0.002162
2.068407   0.159155   0.117880   0.077994   0.026876   0.002087
2.078407   0.159155   0.117364   0.077314   0.026409   0.002015
2.088407   0.159155   0.116854   0.076643   0.025953   0.001946
2.098407   0.159155   0.116349   0.075982   0.025507   0.001880
2.108407   0.159155   0.115849   0.075330   0.025071   0.001816
2.118407   0.159155   0.115354   0.074688   0.024645   0.001755
2.128407   0.159155   0.114864   0.074055   0.024229   0.001696
2.138407   0.159155   0.114379   0.073431   0.023823   0.001640
2.148407   0.159155   0.113899   0.072816   0.023426   0.001585
2.158407   0.159155   0.113425   0.072211   0.023038   0.001533
2.168407   0.159155   0.112955   0.071614   0.022659   0.001483
2.178407   0.159155   0.112491   0.071027   0.022288   0.001435
2.188407   0.159155   0.112032   0.070448   0.021927   0.001389
2.198407   0.159155   0.111578   0.069878   0.021573   0.001345
2.208407   0.159155   0.111129   0.069317   0.021228   0.001302
2.218407   0.159155   0.110685   0.068764   0.020891   0.001261
2.228407   0.159155   0.110246   0.068220   0.020562   0.001221
2.238407   0.159155   0.109812   0.067684   0.020240   0.001183
2.248407   0.159155   0.109384   0.067157   0.019926   0.001147
2.258407   0.159155   0.108960   0.066638   0.019619   0.001112
2.268407   0.159155   0.108542   0.066127   0.019319   0.001078
2.278407   0.159155   0.108128   0.065624   0.019027   0.001046
2.288407   0.159155   0.107720   0.065129   0.018741   0.001015
2.298407   0.159155   0.107317   0.064643   0.018462   0.000985
2.308407   0.159155   0.106919   0.064164   0.018189   0.000956
2.318407   0.159155   0.106525   0.063693   0.017923   0.000928
2.328407   0.159155   0.106137   0.063230   0.017664   0.000901
2.338407   0.159155   0.105754   0.062774   0.017410   0.000876
2.348407   0.159155   0.105376   0.062326   0.017162   0.000851
2.358407   0.159155   0.105003   0.061886   0.016921   0.000827
2.368407   0.159155   0.104636   0.061453   0.016685   0.000804
2.378407   0.159155   0.104273   0.061028   0.016455   0.000782
2.388407   0.159155   0.103915   0.060609   0.016230   0.000761
2.398407   0.159155   0.103562   0.060198   0.016011   0.000741
2.408407   0.159155   0.103214   0.059795   0.015797   0.000721
2.418407   0.159155   0.102871   0.059398   0.015588   0.000702
2.428407   0.159155   0.102533   0.059009   0.015384   0.000684
2.438407   0.159155   0.102200   0.058626   0.015185   0.000666
2.448407   0.159155   0.101872   0.058250   0.014991   0.000649
2.458407   0.159155   0.101549   0.057882   0.014802   0.000633
2.468407   0.159155   0.101231   0.057520   0.014617   0.000617
2.478407   0.159155   0.100918   0.057164   0.014437   0.000602
2.488407   0.159155   0.100610   0.056816   0.014262   0.000588
2.498407   0.159155   0.100307   0.056474   0.014091   0.000574
2.508407   0.159155   0.100008   0.056138   0.013924   0.000560
2.518407   0.159155   0.099715   0.055809   0.013761   0.000547
2.528407   0.159155   0.099427   0.055487   0.013602   0.000535
2.538407   0.159155   0.099143   0.055171   0.013448   0.000522
2.548407   0.159155   0.098864   0.054861   0.013297   0.000511
2.558407   0.159155   0.098590   0.054557   0.013150   0.000500
2.568407   0.159155   0.098321   0.054260   0.013008   0.000489
2.578407   0.159155   0.098057   0.053969   0.012868   0.000478
2.588407   0.159155   0.097798   0.053684   0.012733   0.000468
2.598407   0.159155   0.097543   0.053405   0.012601   0.000459
2.608407   0.159155   0.097294   0.053132   0.012472   0.000449
2.618407   0.159155   0.097049   0.052864   0.012347   0.000440
2.628407   0.159155   0.096809   0.052603   0.012225   0.000432
2.638407   0.159155   0.096573   0.052348   0.012107   0.000423
2.648407   0.159155   0.096343   0.052098   0.011992   0.000415
2.658407   0.159155   0.096117   0.051855   0.011880   0.000408
2.668407   0.159155   0.095896   0.051617   0.011771   0.000400
2.678407   0.159155   0.095680   0.051384   0.011665   0.000393
2.688407   0.159155   0.095469   0.051157   0.011563   0.000386
2.698407   0.159155   0.095262   0.050936   0.011463   0.000380
2.708407   0.159155   0.095060   0.050721   0.011366   0.000373
2.718407   0.159155   0.094863   0.050510   0.011272   0.000367
2.728407   0.159155   0.094671   0.050306   0.011181   0.000361
2.738407   0.159155   0.094483   0.050106   0.011092   0.000355
2.748407   0.159155   0.094300   0.049912   0.011007   0.000350
2.758407   0.159155   0.094122   0.049724   0.010924   0.000345
2.768407   0.159155   0.093948   0.049541   0.010843   0.000340
2.778407   0.159155   0.093779   0.049363   0.010765   0.000335
2.788407   0.159155   0.093615   0.049190   0.010690   0.000330
2.798407   0.159155   0.093455   0.049022   0.010618   0.000326
2.808407   0.159155   0.093301   0.048860   0.010547   0.000321
2.818407   0.159155   0.093150   0.048703   0.010480   0.000317
2.828407   0.159155   0.093005   0.048551   0.010414   0.000313
2.838407   0.159155   0.092864   0.048404   0.010351   0.000310
2.848407   0.159155   0.092727   0.048262   0.010291   0.000306
2.858407   0.159155   0.092596   0.048125   0.010232   0.000302
2.868407   0.159155   0.092469   0.047993   0.010176   0.000299
2.878407   0.159155   0.092346   0.047866   0.010122   0.000296
2.888407   0.159155   0.092228   0.047744   0.010071   0.000293
2.898407   0.159155   0.092115   0.047626   0.010022   0.000290
2.908407   0.159155   0.092007   0.047514   0.009974   0.000287
2.918407   0.159155   0.091903   0.047407   0.009929   0.000285
2.928407   0.159155   0.091803   0.047304   0.009886   0.000282
2.938407   0.159155   0.091708   0.047207   0.009846   0.000280
2.948407   0.159155   0.091618   0.047114   0.009807   0.000278
2.958407   0.159155   0.091533   0.047026   0.009770   0.000276
2.968407   0.159155   0.091451   0.046942   0.009736   0.000274
2.978407   0.159155   0.091375   0.046864   0.009703   0.000272
2.988407   0.159155   0.091303   0.046790   0.009673   0.000270
2.998407   0.159155   0.091236   0.046721   0.009644   0.000269
3.008407   0.159155   0.091173   0.046657   0.009618   0.000267
3.018407   0.159155   0.091115   0.046597   0.009593   0.000266
3.028407   0.159155   0.091061   0.046542   0.009570   0.000265
3.038407   0.159155   0.091012   0.046492   0.009550   0.000263
3.048407   0.159155   0.090967   0.046447   0.009531   0.000262
3.058407   0.159155   0.090927   0.046406   0.009514   0.000262
3.068407   0.159155   0.090892   0.046369   0.009499   0.000261
3.078407   0.159155   0.090861   0.046338   0.009487   0.000260
3.088407   0.159155   0.090834   0.046311   0.009476   0.000259
3.098407   0.159155   0.090812   0.046289   0.009466   0.000259
3.108407   0.159155   0.090795   0.046271   0.009459   0.000258
3.118407   0.159155   0.090782   0.046258   0.009454   0.000258
3.128407   0.159155   0.090774   0.046250   0.009450   0.000258
3.138407   0.159155   0.090770   0.046246   0.009449   0.000258
