       1.020194         -0.352996         -0.068103          1.282272          0.469034
      -2.359813          0.288991          0.514909         -0.232689          0.495351
      -2.479734         -0.922985          0.195461         -0.311818          0.830395
      -0.355457          0.840189          0.462793         -1.062930          1.348108
       1.217052         -0.192454         -2.987669          1.303316          0.995604
      -1.890367          1.852931         -0.101999          0.486076          0.097022
      -2.337629         -1.396875         -0.707997          1.782396         -0.144887
       1.446498          2.999674         -0.078249          0.645299         -0.869209
       2.288918          2.161508          1.518548         -0.085480         -0.622219
       0.813587         -0.213971          1.694233          1.176678         -0.086330
      -1.292753         -0.478116         -1.551593          1.193444          0.210116
      -1.785731          1.540966          0.791491          0.961366          0.540473
      -0.022776          0.844486          2.502856         -0.189027          0.798389
      -0.259463         -0.726969          1.436558          0.261806          0.174850
      -2.486745         -2.592177          1.524361         -2.053647          0.871012
       0.823439         -0.939507          0.729513          0.215413         -0.573819
      -0.226852          2.610956         -2.805625         -1.383211         -0.737875
      -2.028675          0.857628         -0.271669          1.030910         -0.515369
       2.819235          1.327037         -1.134136          0.841469         -0.324325
      -1.558893         -0.040727          0.819524         -0.552170          0.993211
      -1.662431         -1.788632         -0.004469          0.398135          0.226610
      -2.655862         -1.783631          1.285002          0.321295          0.135628
       2.640396         -1.444692         -1.215633         -0.646384          0.356288
       2.911400         -2.103563          1.737356         -0.043405          0.122660
      -1.603877          2.977407          1.593908         -0.371649          0.098678
      -1.856711          0.029372          0.870027          0.893828          1.160266
      -0.863015          0.085460          0.056672         -0.536135          0.930221
      -2.744345         -1.233133         -1.480100          0.226367          0.599321
       1.115657         -0.048510         -0.045820          1.066659          0.125098
      -0.083418         -2.869224         -0.226729         -0.046135          0.079240
       1.304060         -1.462556          1.723480          0.223481          0.100886
       2.176711         -0.933884          1.121182         -0.528564          0.543328
       0.494969         -0.244645         -1.927990          0.322845          0.105492
       2.873422          2.052891         -2.247080          0.744588          0.407015
      -2.144277         -1.436006          1.461167         -0.255514          0.070013
       1.641581          0.872404         -0.998359          0.204848         -0.363603
       0.837591          0.924075          0.068922         -0.552960         -0.102197
       2.477451          1.776833          0.106023         -0.287413          0.570657
       2.648392         -0.181688          0.335075          0.554756         -0.077561
       0.331210         -1.241362         -1.446565          0.183907          0.403943
      -0.426931         -0.329657          0.431613          1.512546         -0.267408
      -2.628455          1.809676          0.880678          0.311638         -0.190023
      -0.311887         -3.123603         -0.151628         -0.275863          0.519441
       0.334686          0.435306         -1.156429         -1.351005          0.108841
      -1.136611          1.169395         -0.535150          0.218890         -0.034659
       0.771172          0.237057          0.906376         -1.746522          0.159712
      -1.170704         -2.547990          0.914768          0.667258         -0.316615
       0.885797         -0.216295          1.095522          0.973679          1.047036
       1.355657         -2.825674          0.827954         -0.268354          0.450305
      -1.379853         -0.933611          1.377903         -0.192298         -0.108835
       2.938154          0.273172         -0.953046         -0.617188          0.205887
      -1.086719         -3.080997          1.468249          0.519534         -0.103538
       0.747756          2.265583          2.375371         -0.409154         -0.518828
      -1.560565          2.409660          0.118707         -1.611496          0.219056
      -3.121107         -1.849421          1.248620          0.143226         -0.092302
       2.348864          0.490216         -0.616687         -1.747236          0.692303
      -1.957163         -3.013313          3.126545          0.011655          0.167380
      -0.542498          0.019103         -0.625818         -1.154415         -0.345984
      -2.462614          0.657559          2.116996         -1.059309          0.679140
      -2.321472          0.822492          1.909646         -0.510214          0.587454
       1.589728         -0.245907         -1.055418          0.091768         -1.402607
      -0.768380          2.362121          2.802797         -1.007749         -1.534171
      -0.133418          0.144034          0.070819         -0.849809          0.696919
      -0.677350          1.989338         -0.870098         -0.223477          0.168718
      -0.155990          0.925698          0.462713         -1.502397          0.647304
      -1.437404          0.931088          1.234049         -0.111943         -1.199802
       2.355035          1.958139         -1.779747          1.037523         -0.399123
       1.408356          1.336800         -0.022255          0.584377         -0.066796
      -2.459962         -0.233997         -0.022707         -0.056254         -0.279710
      -0.236896         -2.934382          2.501728          0.217677         -0.089510
       2.806536         -1.992134          0.747930          0.945422          0.411569
       2.295164          2.982375          1.520605          1.152459         -0.130660
      -2.447851         -1.492498         -3.051638          0.612428         -0.382002
       1.733271         -0.829223          0.116994         -0.799605         -0.206527
      -0.248185          1.885362         -0.340711          0.504110          0.081971
       2.743830         -0.085511         -0.096916         -0.807611          0.914460
       2.395710         -0.778887         -1.297550         -0.202038          0.177369
      -2.540207         -0.810382          0.333167          0.429857         -0.384570
      -2.020444         -1.071719         -0.306789         -0.943953          0.176866
      -1.823563         -0.874816         -0.177615         -0.104135          0.294371
       0.929454         -1.410532          2.746853         -0.379385          0.701484
      -0.870979          0.361577          0.156300          0.068261          0.419712
      -2.691701          1.293621          1.054524          0.013509         -0.113801
       2.353038         -1.303536          0.612867          0.715879         -0.752460
       0.935930          0.345362          0.810283         -0.627077         -0.679713
      -2.451448         -0.702553          0.273366         -0.160244          0.630554
       2.513918         -0.121936         -2.405722          0.433773         -0.215720
       2.411743          2.614164         -0.191545          0.353004         -0.096464
       1.843279          0.568047          0.246464          0.131460          0.142353
      -2.911880         -1.009547          0.319291          0.765272         -0.348253
      -1.340287         -1.277441         -0.449260          0.485932          0.187318
       3.058362          2.621877          0.452511         -0.441121          0.082649
       2.544417          0.164585         -0.931646          0.074761          0.520807
       2.860604          2.073273          1.505294         -0.589719          0.336911
       1.976335         -0.464696          0.643191          0.565194          0.147357
       2.629660         -1.579341         -1.024834          1.138540          0.316696
       1.904477          0.781801         -0.778309          0.362924         -0.155437
      -1.312016          2.283237         -1.096154         -1.449351          0.515435
      -2.160190         -2.507435          1.572262         -0.325438         -0.898291
       2.190912         -2.494009         -0.789035          0.355004         -1.174477
       1.651390          0.290901         -0.818803         -0.188640          0.793888
      -0.113329         -2.273362          0.151747         -0.717539          0.449877
       0.568314         -0.515096         -0.737254         -0.524656         -0.027309
      -2.993532         -0.924204         -2.804164         -0.830683          1.026198
       0.104073          0.708899          0.703119          0.299561         -0.165805
       3.086595          2.815057          1.581626          0.090735         -0.429819
      -0.466508          0.323992         -1.544124          0.623235          0.764878
       1.399290         -0.408021         -2.461053          0.762428          0.179120
      -1.564688          1.131587         -2.598059          0.404110         -0.701483
       1.230982         -0.663754         -1.373039          0.697842         -0.606847
       1.348281          0.193511          1.626229         -0.091589         -0.590545
       0.905473          0.945628          0.441000         -0.096197          0.331038
      -0.211696          2.641858         -0.320067          0.553558         -0.019265
      -2.012920          1.319874         -0.277601          0.870158         -1.444375
       0.936183          0.777215         -0.369321         -0.911010         -0.345254
      -0.796589         -0.755633          1.055217          1.323699         -0.491841
       1.507426          0.215229          1.545799         -0.332770          0.516289
      -1.052709          0.452863          0.942044         -0.283343         -0.937480
      -1.542916          0.340241         -0.427013         -0.430528          0.473455
      -0.818163         -0.352126          0.279128         -1.492866         -0.617221
       0.823810         -1.592612         -1.515782         -2.216590         -0.577703
       1.829976          0.729951         -0.062363         -0.884389          0.541224
       0.102350          0.659694          0.465696         -0.134531          1.248943
       1.655144         -0.178322         -1.358062         -0.656849          0.115858
       1.177248         -0.920102          0.860820         -1.151841         -0.152775
      -0.472326          1.153193          0.374739         -1.829625          0.727711
      -0.100770         -1.263351          0.967856          0.146494         -0.143431
       3.119610         -2.028302          0.340469          1.566276         -0.197203
       2.738053          0.429252          2.334847         -0.305517          0.168746
      -2.711101          2.458717         -0.572037          1.128554          0.498166
       2.627559          0.485069          0.839768          0.104159          0.174369
       2.815295         -0.974848         -1.030055         -1.155050         -0.561778
      -2.011450         -1.459092         -1.734825          1.049788         -0.418403
       0.721243         -0.181189         -0.972764         -0.038265         -0.012468
      -1.118050          0.603697         -0.842804          0.846481         -0.121626
      -0.639035         -0.178762         -1.797766          0.755892          0.846632
      -2.180005         -1.019985         -0.575085          0.144022          0.005734
       2.413554         -0.269180         -2.197214          1.621849         -0.398118
      -3.130358         -0.072472         -0.916560          0.547923         -0.509510
       2.799406          2.541176         -0.192596          0.736754         -0.066360
      -1.356980         -0.201086         -1.117125          0.195077         -0.383893
      -1.527843         -2.277483         -1.681992          0.294257         -0.270562
      -2.503907          0.236066          0.245748         -1.004829          0.093813
       1.067200         -0.804696          0.845993         -0.183170         -0.502310
       2.655601          0.772876         -0.356211         -1.584904         -0.894237
       2.451164          2.999138         -1.826837          0.245373          0.144277
      -1.521551         -0.780278          0.844385          0.786814          0.670043
      -2.089716         -2.105714          2.839069         -0.217966          0.405326
       2.334467         -0.260085          1.884453          0.251977          0.144822
       0.128554         -3.114823          0.778014          0.522836          0.055384
      -1.067643         -1.805638          0.843500         -1.085794         -0.073898
      -2.454915          1.087910         -2.385698          0.548545         -0.742001
      -0.317953         -2.652747          0.463548          0.621847         -0.149081
      -0.584258         -0.880363         -3.136081         -0.207234         -0.274772
      -0.135746          1.534229          1.567832         -1.140521         -0.006175
       0.493723          0.924238         -0.441604         -0.602448          0.171822
      -0.482450          0.368161          1.142461          0.724782         -0.412892
      -3.110473          1.381583          2.690446         -0.289973          0.059318
       3.072317         -0.244557         -3.058198         -0.350638          0.540249
      -2.078472          2.533739         -0.183799          0.490273          0.302189
       0.861854         -2.825489         -0.882592          2.182917         -1.061192
      -1.491179          2.861205          1.000765         -1.106925          0.659260
       1.790065          3.004639         -0.494545         -0.991713         -0.089951
       0.577520         -0.094890         -1.106400          1.130612         -0.514235
       1.696063          0.390481         -0.307114         -2.819643          1.014661
       0.796343         -1.976699          0.595062         -0.100395          0.083169
      -0.939019         -1.512707         -0.427510         -0.286603         -0.275663
       2.003607          0.112574         -0.272284         -2.274029          0.166674
      -0.692274         -0.250065         -0.248829          1.324926         -0.208419
      -2.182165          1.966589         -0.276961          1.468412         -0.536562
       0.159459          0.652130          0.538337          0.410013          0.574932
      -0.491340         -0.896474          2.523479          0.194017         -0.002248
      -3.024952          1.846428          1.792806         -0.171006          0.254705
      -1.243827         -1.006396          1.204436         -0.426722          0.425347
       2.447323         -0.160862         -1.154800         -0.374446         -1.064974
       0.233545          0.265864         -0.085372          1.535072         -0.047361
      -1.913614         -0.051663          0.510583          0.038233          1.058500
       0.139423         -0.865102          0.536783         -1.342395         -1.286589
      -1.338465         -2.288171          2.060286         -0.409035          0.284021
      -2.887474         -0.028846         -0.557101          0.957824         -0.467377
      -3.128516         -1.242367          0.463603          0.019546          1.189549
       0.009859          2.170143          2.030213         -0.212288          0.160962
      -2.107655          0.932980          0.512187          0.405794          0.097062
      -2.046587          3.065761         -0.508902          0.791527          0.087711
       3.119209          0.722145          0.843358         -0.053976         -0.748071
      -0.828745          0.274167         -0.731503          0.374859          0.238821
      -1.921096         -0.041150         -0.039150         -0.197271         -1.156032
       0.035720          0.198848          1.326577         -0.399118          0.365730
       1.294426         -0.503917          0.124811         -1.568747          0.007727
       2.222174         -0.969144          0.791482          1.065146          0.016336
      -2.510996         -0.255120          1.535050         -3.119842         -0.191594
       0.267817          0.102671         -1.249093         -2.730891          0.666223
       2.840381          1.096766         -2.579030         -0.353674         -0.827483
       0.453659         -1.502177          0.104855          0.698821         -0.541849
       1.564049          0.035971         -0.901668         -0.473444          0.636161
       0.056674         -2.512124          0.389596         -0.072755         -0.057311
      -1.186343         -3.068437         -1.471347          0.512137         -0.230937
      -0.975126         -1.295115          1.052163          0.104357         -0.181346
       0.778180         -0.398805         -1.332222         -0.076885          0.200259
       0.502752         -0.535514          0.316662         -1.155574         -0.655831
       0.393539         -2.443315          0.583261          0.476384          0.662904
       0.883781         -0.608129         -2.743004         -0.200389          0.500086
      -1.307837         -0.240629          0.444506          0.157945         -0.789740
       1.229859          3.048726         -0.018840          0.628547          0.109946
       1.195027          1.547073          1.718624          0.381631         -0.470862
      -1.712073         -1.602974          0.224807         -0.898815          0.111360
      -3.080550          2.125007          0.172175          0.035427          0.136464
       1.431108          2.248332          2.066885         -0.012023         -0.141551
      -1.220905         -2.504705         -0.451421         -0.615164          0.088574
      -3.089413          0.230054         -1.233948          0.723174         -0.460182
      -0.615828          1.518088          1.453376         -0.222409          1.232512
      -2.846306         -0.721978         -0.116641         -0.288426          0.349744
      -1.322300          1.670740          1.484959          0.436827          0.321490
       2.929259          2.319523          0.798526          0.498628         -0.496535
      -1.443064          2.210608         -1.152943          0.668492          0.015593
      -2.894628         -0.035623         -0.514295          1.567056          0.592495
       1.372269         -0.588182          0.033350         -1.135114          0.037336
       1.718220          1.464040         -3.102962         -0.424676         -0.177774
      -0.153240          0.692223          1.185380         -0.785414          0.826206
       2.472732         -0.408307         -0.164690          3.114546         -0.354244
      -1.990022         -0.922041          0.639076          0.517699          0.562043
      -2.436907          2.259352          0.370149         -0.460012         -0.110328
       0.689448         -1.074286         -0.878353         -1.217466          0.506447
      -0.253093         -0.687855         -0.861265         -0.581034          0.199305
      -1.570416          1.533792          0.830148         -0.354507          0.088921
      -0.523548         -1.661464          0.613721          0.299880          0.352060
      -3.049152          2.942191         -0.900850         -0.121482         -0.091931
      -0.884552          1.028314         -1.494283          0.801693          1.464893
       0.808283         -1.970883         -1.702847          0.264882         -0.293096
      -1.208217         -0.416984          0.570962         -0.202029          0.005508
      -0.848515         -1.559832         -1.103104         -2.989710          0.928273
       2.209210          2.505979         -0.414877          0.553706         -0.710181
       0.962165         -1.666129         -1.486405          0.384799          0.104249
       1.959799          1.194715         -0.510095          0.265980          0.852942
       1.619142          0.586535          0.283355         -0.052952          0.125081
       0.102018         -1.547725         -0.147353         -0.211600         -0.540718
       2.086846          0.841477          0.170449         -0.967891          0.102506
      -1.784381         -0.181175         -2.684052         -0.123547         -0.085407
       1.244482          3.066540         -0.604240         -0.289797          0.041835
       2.506905         -2.438240         -1.424966          0.795315          0.349853
      -1.783929          1.237009         -0.299738          0.178230          0.146841
       1.688226         -1.675313         -0.778795          0.020789         -0.096808
      -0.753464          0.594892          1.946347          1.551291         -0.375718
      -1.895638          1.477764         -1.169833         -0.218213         -0.756216
      -0.273576         -2.702197         -0.177887         -0.372350         -0.478719
      -1.707269         -1.053304         -0.441299         -0.162104         -0.109955
       0.138073         -2.570574          0.788754          1.017832          0.074666
       1.884529         -1.789684         -1.111713          1.928074         -0.578081
       0.433783          1.734465          0.892538          0.657624          0.890503
       1.996052          2.346649         -1.369927         -0.722716          0.575115
       2.010050         -1.514489          0.277833          1.373810          0.557599
       1.092565          2.115639         -2.634427         -0.072495          0.467873
       2.361026         -0.343568          1.630626         -0.098561         -0.757399
       0.975553          0.071334          2.999637          0.824185         -0.578143
       2.771922         -1.184001         -0.392673         -0.027945         -0.210029
      -2.422637         -0.057840         -1.274895          1.006786         -0.479434
      -0.819779          2.522712         -0.627859          1.128562         -1.042809
      -1.102178          2.509109          0.236321         -2.565786         -0.514322
      -2.039444          2.114398         -2.236156         -0.265090         -0.312171
      -2.082855          1.002854          0.092984         -0.647039          0.313902
       2.924925          0.825946         -2.005262         -0.213158         -0.951273
      -0.156556          2.192408         -0.390831         -1.353628         -0.444516
       2.880763          0.113329         -1.023738          1.782024          0.121751
       3.117356         -0.837469         -1.834900          0.563319          0.795634
      -2.544287         -2.895656          0.467924          1.208326         -0.758406
      -2.679798         -0.798627         -2.061651          0.214282         -0.305305
       0.318362          2.151355         -0.123720         -0.453032          0.953109
      -1.211177         -0.690239          2.799413         -0.836003          0.495016
      -2.090784          0.883535         -1.506771         -0.357571          1.274438
      -0.475249         -2.243277          1.138351         -0.540694         -0.022532
      -2.134070         -0.588204          0.622130          0.103124         -0.017404
      -0.327888         -1.311149          1.418660         -0.005771          0.091714
       1.146307          1.576148         -0.124732         -0.173723         -0.355749
       2.794018         -0.426467         -0.135231          0.230334          0.073466
      -0.364615          2.326436          0.953270          2.003002          0.487928
       1.482045         -1.103339         -1.334165          0.177108          0.206617
      -0.974148         -0.608219          1.198795          0.275064          0.549594
      -1.279264          0.706332         -0.856393          0.465320          0.273212
      -1.450051          0.848157          0.198685         -0.827496          0.184075
       1.236924         -2.204945          0.889050          0.965620         -0.107761
       2.898303         -0.042158          3.137752         -0.588389         -0.988725
      -0.282010          1.341741         -1.408445         -0.159215         -0.504718
      -1.481657          2.992162          1.793527          0.877562         -0.692597
       1.281387          2.877188          0.450336         -0.604252         -0.289288
       1.276838         -2.270900         -1.865531         -0.588547         -0.341134
      -2.164291         -1.168574          1.165091          1.085231          0.711407
       1.616610         -0.988293          0.396621         -0.826282         -0.153639
      -1.699586          1.473150         -0.161374          0.465819         -0.068494
       1.679908          1.431866         -2.284816          0.704907          0.974303
       2.256668         -0.450814          1.410885         -0.806944          0.144588
       0.094588          2.835929          1.169268         -1.217122          0.660377
      -0.471466         -0.369344          2.110666          0.888909          0.148609
       0.003994          2.581590          0.772611         -0.716575         -0.890052
      -0.941531         -1.761741         -0.978305          0.708786         -0.967966
      -2.385933          3.060329          0.723186          0.545582          0.462898
      -2.711954          2.975680          0.913687          0.180506          0.370508
      -2.578416          1.733445         -0.890549         -0.070916          0.114990
       0.868506         -0.418826          0.871495         -1.541435          0.717170
      -0.991187         -1.532079          0.374219          0.710297         -0.632714
       2.612639          3.115496          0.932771         -0.671713          0.298065
      -3.107812          2.234618         -0.074417         -0.371788         -0.862871
       2.755600          2.697574         -0.002264         -0.033730         -0.004792
      -2.023856         -2.764274          1.805383          0.509134         -0.031058
       2.658841          0.822732          0.034861         -0.162590          0.147472
       1.093470          0.959419          0.185399         -0.110859          0.491778
      -2.164844          1.595759          1.185333          0.351817          0.268200
      -1.069012          1.138224          1.217852         -0.356328          1.283421
       2.584178          1.717650         -0.314717          0.438537          0.318780
      -2.517172         -0.809719          0.056694          0.768318          0.589764
       0.066561         -1.003402          0.410665          0.080316         -0.452024
      -1.480323         -0.979871          1.705153         -1.065580          0.350654
      -0.541605         -1.764083          0.801177         -0.407397         -0.221697
      -0.202642          2.341067         -0.065997          0.721540         -1.420613
       1.303559          1.441679          2.281954         -1.276480         -0.280529
      -0.604930         -2.550576          0.025904          0.840022          0.425447
      -2.623385         -1.853310         -0.065910          1.927643         -0.567949
       0.842898          0.230979          0.139559          0.587682          0.094348
       2.041527         -0.147741         -1.291658         -0.223353          0.119229
       2.481362          2.904567          0.505783          0.534584         -0.242180
       2.742550         -0.661667          2.085049         -0.179851         -0.452593
       0.584178         -0.023946         -3.050392          1.003016         -0.228276
      -2.808466          2.402214         -0.401617         -0.326363         -1.137787
       1.152869         -0.350321         -1.335761          0.649139         -0.591007
      -2.926070         -1.357178         -0.047453         -0.407934         -0.436741
       2.050819          1.681894         -1.060442         -1.413266          0.501193
      -0.152821         -1.151073          2.033217          0.519893         -0.037215
      -2.590871          1.874542         -0.433646          0.690913         -0.730843
       1.534777          0.604562         -2.032300         -0.104812         -0.408358
      -0.423268         -3.125331          1.817099         -0.512868          0.570683
       1.162054         -1.628676          1.156467          0.079414          0.939391
       0.705827          2.914754          2.090456          0.020859          0.287083
       2.031763         -2.022917         -1.626041          1.977655          0.079157
      -0.522505          2.190982         -1.614793          2.653629          0.514867
      -0.418647          1.763568          0.296444         -0.095972          0.180931
       3.073018         -1.670480         -0.348040          0.589668          0.489469
      -0.661790          0.712519          0.307618          2.137193         -0.614840
       2.994473         -0.395129          0.062011         -0.440318          0.426377
       0.020715         -1.082634          0.158803         -0.268241         -0.783937
       0.206541         -0.032718         -0.118755         -1.076708         -0.193241
      -1.768574         -0.572846         -1.310745          0.075474          0.725262
      -1.544001         -1.764421          0.913332         -0.829963          0.105173
      -3.098677          1.286513          3.114551          0.453244          0.806104
      -1.848469          0.589435          1.630509         -0.521456          0.021381
      -2.790224          0.375749          0.163455          0.411020         -0.951902
      -2.382274         -1.085016          0.556831          0.480658         -0.210339
       1.586166          0.067239          0.734458          0.513640          0.235613
       0.244643         -0.457149          1.542414          0.649422          0.731109
       1.582918          2.403610          0.426170          0.417321         -0.822767
      -2.035936          1.245477          0.632536         -0.507161          0.410170
      -1.841494         -0.025684          0.963078         -0.984064          0.150305
      -1.957171         -0.990979          1.313653         -0.036039         -0.451989
       2.869428         -1.472306          1.011398          0.656667         -0.759577
      -0.812955          1.572892          0.294260          0.798560          1.244567
       2.933526          0.030367          0.356389         -0.020445         -0.332438
       2.502271          2.454309          0.680843          0.623515          0.365812
       0.174314         -0.737520          0.736338         -0.547280         -0.886261
      -0.101238         -1.196864         -0.951820         -0.530429         -0.060425
       0.515902          0.002669          2.110740         -0.543412         -0.606041
       1.378516          1.220739          2.189934         -0.970155          0.201716
      -0.392320          0.031072         -0.424509         -0.813306          0.030272
      -0.231818         -1.056632          2.156509         -0.330039          1.399502
       0.081956          1.703955          2.059938         -0.141217         -0.100639
      -1.932826          1.444115         -0.380905          0.491106          0.229042
      -2.782160          1.568369          0.110146         -1.118656          0.043533
      -1.157918         -0.345927          0.827189          0.112264         -0.003027
       1.769344         -0.195299          2.375956         -0.435296         -0.251562
      -1.253695         -0.969512         -0.510393         -0.255263          0.279907
      -1.464770         -0.165392          1.773221          0.522845         -1.264915
       0.629154          2.166965          0.711319         -0.449574          0.189725
      -1.009574         -2.364164         -0.751027         -0.223577          0.535192
       2.238113         -1.729033          1.002809          0.934081          0.180719
      -1.529422          1.999133         -1.693301          1.007755         -0.132625
      -0.601811         -2.264518          0.931145          0.565252         -0.526506
      -0.153388          0.141420          3.108990          0.450938          0.710287
       0.226503          2.492128          1.554350          0.309152         -0.824469
       2.620960         -0.662878          0.397612         -0.801635          0.115245
       2.785005         -0.252304          0.854462          0.328812         -0.234087
      -3.061839          0.025178          0.489310          0.326692          0.331939
       0.653224         -1.463684         -1.203382         -0.662626          0.268485
      -0.931753         -1.938460         -1.026020         -0.897250         -0.663016
      -2.762539          0.910124         -0.547115         -0.584896          1.109654
       2.089965          0.608982          0.366829          1.405939          0.883774
      -2.440513         -1.066094          0.908300         -2.510072          1.602570
      -1.998027         -2.649998          0.475736          0.857236         -0.063786
       1.965569          0.819349          1.649477         -0.422891          0.070405
      -0.778257          1.397867         -0.464536         -0.334702         -0.063292
       1.117850          0.709322          0.566467         -2.143772         -0.643681
       1.898207         -0.730839          0.546549         -0.463032          0.529809
      -0.620748         -2.203328         -0.229436          0.036536         -0.215111
       0.479711          0.350409         -0.400769          1.199613         -0.881139
      -0.444881          2.415007          1.969597         -1.487304          0.075560
      -1.431387         -1.319982          0.953834         -0.744283          0.679878
       2.594247         -0.945831          1.176810         -0.082378          0.440339
       1.026239          2.917168         -0.273547          0.135318         -0.796174
      -0.937695         -0.387846          1.123899         -0.357260          0.233563
      -2.684392          1.510944         -1.168990          1.485081          0.465323
       0.776853          0.982435          0.067817          0.398432          0.345261
      -0.746407         -0.746115         -0.457110          0.176213         -0.307012
       0.471113         -1.447934         -1.470648         -1.415194          0.113015
      -1.722136          2.922955          0.079766          1.228830          0.568696
       3.092346         -1.111730          1.211902          1.338025         -0.206043
      -1.134452         -0.044559         -2.662625          0.472955          0.225080
       2.762500          1.945437          0.677419         -0.897092          0.153002
       1.414762         -0.337622         -1.099595          0.542125          0.109638
      -2.453735          0.020464          0.178663          0.875111         -0.376677
       2.380282         -1.250957          0.577361         -0.150016          1.045702
      -1.387544          2.439713          3.089908         -0.993327         -0.116942
      -0.938493         -0.502781         -0.006054         -0.171128         -0.175627
       1.032180          2.893223          2.030716         -0.121698          0.571114
       0.032734          1.751579         -0.472188         -0.215049         -0.550329
       1.664071          2.185496          1.558622          0.409575          0.744692
       1.060902          1.755300          1.534692         -0.075187         -0.413504
       1.118020          1.491108         -0.975704         -0.154819         -0.602926
      -0.601370         -0.656721          1.223967         -0.416618          0.319247
      -0.209281          1.286741          0.105518          0.550362         -0.294928
       1.826319          0.214463          2.240066         -0.971198         -0.106327
      -2.322585         -1.559578          3.111211         -0.484440         -0.119673
       1.325844         -1.658577         -0.301652          1.286474          0.312486
       0.158196         -2.243903         -0.220651          1.527675          0.307315
      -2.840153         -1.004916          2.134747          0.304653         -0.241094
      -1.629071          0.511446         -1.703486         -0.783961          1.361406
       0.216827         -2.225832          0.946516         -0.125275         -0.055014
       1.143021          0.032807          2.843607         -0.385723          0.268262
      -0.728752         -2.872327         -0.659345          0.124198          0.173251
       1.073462          0.051145         -0.181378         -1.471705         -0.027550
       0.066707         -2.024152          2.376285         -0.320432         -0.212308
       0.399664          2.066410          0.046578          0.116694          0.353055
       3.014291         -1.340542          0.377153          0.376496         -0.661054
      -0.103139         -1.748883          0.500223         -0.677694          0.213133
      -0.590332          0.224770         -0.348032         -0.518843         -0.440696
       0.825267          2.561918         -2.429072         -0.188865          0.693062
       1.757918          1.977432         -0.370135         -0.195699          0.532116
       1.558834         -0.391833          1.630312          1.976655         -0.312984
       2.479031         -0.543921         -0.067682         -0.944311          0.628182
       2.771724          0.538070          0.549052          0.035506          0.497258
      -3.016561         -2.215754          0.082051         -0.065142          0.355801
       0.842001         -0.763557          0.923948          0.317356          0.294664
      -2.356456         -2.336049         -1.319122         -0.511703          0.066266
       1.818799         -2.156194         -0.230487         -0.999395         -0.716520
      -0.476887         -0.052413          1.014723         -0.370762         -0.180141
       1.930194         -1.512648         -0.350906          0.069871         -0.022135
       2.507175          1.673491         -0.634557         -0.165419         -0.239640
      -1.802612         -0.631119          0.087317         -0.224646         -0.031456
       2.883110         -0.506702         -0.510531          0.410451          0.664888
       1.318050          0.909715          0.359425          1.904072         -0.469487
      -2.902732         -2.841507         -1.209094         -0.355057          0.160211
       0.138367         -1.230599         -0.650616         -0.078226          0.789294
      -0.887838          2.156238         -0.421864          0.439789         -1.155773
       1.125452         -2.312322          0.190924         -0.573119          0.693223
       0.046606          2.047928         -1.849974         -0.391218          0.108540
      -2.620138          2.498958          0.232219          0.020259         -0.267889
      -3.098790         -1.187537         -0.514254          0.752787          0.160422
      -0.893412         -0.377824          2.308784         -0.141942          1.029971
      -1.813648          0.592294          1.482563          0.120356          0.167152
      -0.863461          0.860380         -0.473412         -1.421497          0.485392
      -1.564369          1.012837         -2.492856         -1.218757          0.088066
      -3.130522         -2.450745          0.880779         -0.200375          0.307030
      -2.671936         -2.228881          0.796807         -0.349591          0.486553
       0.612569          0.216161          1.439274         -1.919941          0.292227
      -0.365484          2.091561         -2.024501         -1.778533         -0.838592
      -2.846607         -2.288633          0.006685         -0.014560         -0.099544
       1.621704         -1.669643          0.149001         -2.123395          0.179239
       2.635120         -1.869054         -0.065581         -0.613196          0.011100
      -1.855561         -1.388479         -1.219697         -0.176891         -0.192872
       2.554271         -1.252826         -0.108942         -0.376958         -0.162033
       0.129788         -2.044949         -1.996723         -0.909567          0.599151
      -2.157507         -1.091735         -0.214784         -0.249569          0.645690
       0.626365          0.059061         -0.949385         -0.208864          0.552502
      -2.414425         -0.081549         -0.920404          0.479052         -0.308361
      -2.276202          1.576290         -2.798764          1.037192         -0.025888
      -1.676089          2.132597         -0.690424          0.438484          0.699588
      -0.630534          1.988076         -1.197860          0.207146          0.650555
      -0.194410          0.272185         -0.093883          0.276408          0.163207
      -1.098681         -1.074104         -0.531024          0.217319         -0.111022
      -0.631920         -1.537613          1.316394         -0.002733         -0.047075
      -1.640796          0.092617          0.737867          0.061108         -0.898715
      -2.527540          0.772898          0.278723          1.624723          1.126402
      -1.919331         -0.271203         -0.808849          0.437660          0.922014
       2.184173          2.365263          0.504045         -1.360379         -0.152868
      -1.050591         -0.178820         -0.514233         -1.272718          0.400786
      -0.317484          1.935653          0.392656         -0.298986         -0.546824
      -2.363275          1.849136         -2.726307         -0.690878         -0.003975
      -1.188168         -0.423130         -0.468554         -0.049412         -0.210567
      -0.533993          2.772224         -1.437664         -1.967723          0.844586
       1.007180          0.614594          1.909485         -1.655231         -0.220197
       1.688656         -0.773915          1.509392         -1.132125          0.633851
       1.291188         -1.479335          1.267984         -1.316737          0.325855
      -0.675081         -2.077035          0.150540          0.177552         -0.974649
      -2.761554          1.302934          0.564678         -2.485488          0.030472
      -0.143051         -0.876681          1.407938          0.088706          0.003821
      -0.758333          0.268970          0.057114          0.183086         -0.526107
      -1.339169         -0.720749         -0.852752         -0.515755          0.670439
      -0.495463          0.772992         -0.889717          0.506002          0.140945
       1.068302          0.321844         -0.688621          0.780320          0.009898
      -2.719664          0.696811          0.406246          0.110081          0.295037
      -1.815954         -1.931846         -1.886757         -0.384934          0.433785
      -1.923601         -1.111982         -2.288764          0.505195         -0.894255
       3.081985          2.641878          0.671444          0.113903         -0.309840
      -1.403336          1.541142         -1.171855          0.684386          1.099712
       2.392674         -2.900006         -0.343573         -0.964266         -0.475712
      -2.337557         -1.798413          1.991329          1.172052          0.633783
      -1.231075         -0.419841         -0.187447         -0.162471          0.339611
       3.113860          1.927304         -2.425325          0.592604         -0.370013
      -2.292935          1.426763         -0.126272          0.504620          0.505618
      -3.069674          1.459339         -0.080869         -0.580060          0.730510
      -2.048336          0.377630         -1.138567         -0.035879         -0.707018
      -3.039649          0.239423         -0.295061          0.142795         -0.365456
      -2.520656          1.065056         -0.462729          0.055466         -0.396877
      -2.359937         -0.855332         -0.609012          0.247438          0.685945
      -2.742305          0.005475          0.417001         -0.974358          0.028411
       1.217442         -0.157646          0.988457          0.224378          0.017862
      -1.272255         -2.733419         -0.523612         -0.393681          0.333186
      -2.950677         -1.645910          1.294434         -0.093415          0.107683
       1.976789         -0.607129          1.093915          0.524308          0.471311
       1.542646          2.271309          1.695187          1.219388         -0.496974
       0.904150         -1.001439         -1.938887         -1.311255          0.313065
      -1.443813          1.219974          0.371025         -0.620095         -0.706116
      -1.250049          0.639268          0.061847          0.410747          0.581622
      -3.016573          1.382889         -0.092257         -0.386321          0.067561
       0.789157         -1.852852         -1.507990          0.168631         -0.902381
       0.682495          0.371363         -1.556710          1.995995         -1.045073
       2.295002         -0.078451         -0.117364         -1.050511         -0.527922
       0.370652          3.126962         -1.395661          0.277938         -0.741133
      -2.487172          0.201763         -1.029609          0.955246          0.087818
      -2.353823          2.980679         -1.805578          0.399344         -0.645108
       2.119768          0.901552          0.447881          0.636519         -0.180215
      -1.199762          1.945729          0.515858         -0.463728          0.371318
       2.160907          0.209715          0.063043         -1.443615          0.251307
      -1.513560          1.752433          0.653259         -0.186716         -0.105969
      -0.179537         -2.083158          0.700671          0.200599          0.319136
      -0.726081         -0.939591          1.633114         -0.423846         -0.802587
      -0.770327          1.911500         -1.303843          1.067877          0.560635
       1.816715          1.634620          1.793803         -0.282076         -0.292007
      -2.564213          1.344340         -0.031198         -0.798961          0.723784
      -2.061019          0.267058          0.071889          1.711562         -0.375743
      -2.778750          1.177928          1.787867         -0.037189         -0.737777
       1.862820         -0.975035         -0.742016          0.245948          0.316042
       1.521163         -2.110621         -1.202586         -1.143392          0.268484
       2.340496          1.781194         -0.718586          0.280687         -0.517288
      -1.413426         -1.012080          1.137841         -0.188037          0.709888
       0.912218          2.359600         -2.550523          0.911863         -0.023940
      -2.774222         -3.132825         -1.368309         -0.189603          0.893550
       1.417462         -0.329586         -2.947759         -0.479063         -0.386253
      -1.975306          0.859770          0.183426          0.413744         -0.624182
      -0.836459          1.092020         -0.992082         -0.583886         -0.362686
      -2.600642         -0.074969          0.098872          1.595687         -0.139169
      -1.308342         -0.561454         -0.531435         -0.619447         -0.096260
       0.410020          0.093460         -0.895844         -0.616680         -0.025737
      -2.337876          0.889302         -1.990108          0.727399          0.215935
       1.635974         -0.796165         -0.771855          0.170926          0.269110
      -0.975878         -1.536530          1.402163         -1.592813         -0.263058
       1.505028         -0.474920         -0.106460          0.418468          0.469306
      -1.222055          0.888389         -0.857338          0.237234         -0.131735
       3.076978         -1.258124          0.912576         -0.138593          0.016489
       2.459785         -2.875507          1.013956         -1.144642          0.230213
       2.678313         -0.003561          0.375864          0.858430         -0.117366
       0.171361          2.490290          1.637830          0.278147          1.059478
      -2.378234          0.229234          0.349439          0.336513          0.133286
       0.068266          1.826780         -0.115225          0.364282         -0.610327
       1.714364         -0.604692         -1.110849          0.570645          1.118783
       0.948852          1.048654         -0.277055          1.146142          0.354952
      -3.007722          0.117443          1.458912         -0.681286          1.234154
       0.344122         -0.049199          0.449821         -0.228853         -0.468592
       1.084409          0.953810          2.187036         -0.929838         -0.031601
      -0.313540          1.048877         -0.165872         -0.912834         -0.273131
       2.993038         -1.007969          1.279743         -0.450517         -0.181733
       1.598515         -0.980146          0.026611         -0.655893         -0.111571
       0.802382          2.824249         -1.640555         -0.347212          0.161244
       2.144805          0.046764          0.832811          0.055436         -0.252714
      -2.014139          1.005144          1.220500         -0.703992          0.099038
       1.818895          1.730889          0.576535         -0.920699          0.046114
      -3.098558         -1.640942          0.421701          0.053308          0.061269
       1.744541         -3.138845          0.113685         -0.191116          0.415244
       2.506749          0.467920          1.076773          0.528871         -0.638630
       1.672043          2.230586          0.670402          0.080711          0.165177
       2.414353          2.499422          1.047442         -0.355838          0.096708
      -1.352429         -0.403470         -1.786564          0.086334         -0.425354
      -1.552082         -0.204864          0.404431          0.371850         -0.866844
       2.123541         -0.330384          0.296042          0.952719         -0.059250
      -1.162844         -1.496608         -0.443248         -1.746819          0.203075
      -2.456379         -0.780848          1.175136          0.534091          0.603229
      -2.043176          0.534190         -0.957107         -1.069281          0.381704
       0.711089         -2.305715         -1.568954          0.467944          0.560541
      -1.262954         -0.340758          2.984182         -0.167115          0.384884
      -3.103022          2.255179         -0.474390         -0.402683          0.221051
       2.812280         -0.952347          1.095226         -0.806897         -0.269305
       2.629799          0.615841          0.815723          0.066709         -1.767978
       2.155427         -0.755443         -2.445541          1.580136          1.266259
      -0.621846         -0.692582         -1.388993         -2.304601         -0.436971
      -0.654398         -3.105654         -0.007337          0.875998          0.654327
      -1.573826          1.675163          1.575999          0.454557          0.518624
      -0.403435          1.992147          0.004683         -1.201868         -0.495185
      -0.697574          1.981322          0.031175         -0.049413          0.038314
      -0.248958         -1.413345          1.887703         -0.167086          1.572391
      -2.275613         -1.200256         -0.145040          0.450384         -0.456993
       2.830042         -0.625381          0.065869         -0.742602         -0.392182
       1.873479          0.753694          0.481112         -0.660157          0.356143
       0.292652         -0.753721         -2.726676          0.380505          0.559778
      -3.064163         -0.700089          0.398781         -0.362787          0.275785
       2.896109          3.090950          2.347059         -1.601509         -0.018198
       0.231771          2.194639         -0.817086          0.115175         -0.706292
       2.342927         -0.465001          0.162004          0.770289         -0.611845
       0.557459         -2.111420          1.444497          0.436257          0.459145
      -1.197945          1.325929         -1.245428         -0.536658          0.292934
       1.086662         -0.104771         -0.021549          1.427950         -0.207956
       2.704796          0.988643          0.919508          0.235270          0.080194
      -3.024061         -1.330219         -3.086413          0.269471         -0.312141
      -1.137623          2.850574          1.229473          1.296592         -0.315988
      -0.653057         -0.212156          2.415637          1.285387         -1.312433
       0.299948         -0.175275          0.976875          0.210102         -0.277604
       2.081959         -0.496403         -1.259780          0.335684          0.351962
       2.351799          0.009413          0.036598          1.064631          0.092655
       3.056087         -2.026315          0.493620          0.275534          0.503385
      -0.694556         -1.441827         -2.664995         -0.248412          0.943806
       0.248476         -1.364959         -0.534285         -1.465180          1.098455
       0.341638          1.965208          1.074743          0.209716          0.792977
      -0.738546          0.392424         -0.673597          0.667273         -0.249599
      -2.050477         -1.597978          0.690354          0.008691         -0.817484
      -2.004424          0.506408         -0.206361          1.912311         -0.392285
       3.014270          1.384700         -2.845532         -0.560904          0.324452
       0.868692         -1.847608         -0.423388          1.365921          0.441873
      -0.552138          0.086829         -0.557270         -0.233571         -0.458843
      -2.784524          1.420197          0.267503         -0.160070          0.971242
      -1.458435          0.959598          1.984014         -0.424343         -0.008142
      -1.372112          0.440891         -1.783066         -0.182520          0.147484
      -2.710401          0.919697         -1.646210          0.652698          0.124690
      -2.559560          0.014875         -0.405891         -0.186940          0.028239
      -0.573863         -3.076415         -1.821992          0.289814          0.719525
      -0.753471         -1.363383         -3.106413          0.356900         -0.066187
      -0.168575          1.837304          0.505723          1.029544         -0.140071
       0.658815         -2.107246         -0.693358          0.479018          0.462045
      -1.851875          1.504401          2.035775         -0.205782          0.592124
       0.069630          1.163691          0.692795          0.506301          0.629469
       0.533846          0.327772         -1.374376          1.373972         -0.304670
       1.498103         -0.291322         -0.237568         -1.125301         -1.385300
       0.534845          1.144991         -0.927451         -0.498403          0.590648
       1.599776          2.313956         -3.131067         -0.338464          0.199363
       2.524080          0.581894         -0.403800         -0.308514         -0.432071
       0.382403          2.488500          2.601229         -0.480649         -0.034251
       0.501538          2.535876          0.028627         -0.517072          0.002370
       1.159303          0.008137          0.129727         -0.157483         -0.254729
       0.008912         -0.177157         -0.073990         -0.030715          0.430894
       2.719431          2.115829          1.684364          0.163815          0.053425
      -1.696293          1.717855          1.906519          1.203372         -0.624734
       2.803651          0.306201          0.433420          2.812037          0.965132
       3.073104         -0.410823         -1.004670         -1.039777         -0.120713
      -1.584008         -1.291787          1.757632         -0.217166          0.419018
       0.063628         -0.179822         -0.584506         -1.071432         -0.164137
       3.137861         -0.053549         -0.268254          0.542337          0.122061
       0.255994         -2.304735         -2.464175          0.023349          0.361886
       0.568982          0.927876         -0.055413          0.994270         -0.289292
      -2.672239         -0.251680          0.168673         -0.711999         -0.149366
       0.532143         -0.675577         -2.780543         -0.006797          0.190156
      -0.080240         -0.057277         -0.808975         -0.704138         -0.007945
       1.721697         -0.517647          0.260101         -0.210058          0.363081
       2.008336         -0.743689         -1.904115         -0.463549          0.204293
       0.182769          1.125302          1.622390          0.368415         -1.062306
      -2.735653          1.474880         -1.113784          0.387277         -0.335697
       2.703511         -0.488947          0.435142         -0.164527         -0.379545
      -2.409374          1.925353         -1.325843         -0.069217         -0.139983
       2.612274         -0.533222          1.529643         -2.409365         -0.460793
      -0.008368         -2.941520         -0.655339          1.301819         -0.311761
       2.854949         -1.210206         -0.624117         -0.917305          0.452634
      -2.256971         -2.771234          0.980942          0.134284          0.764126
      -2.785721         -0.537258          0.732041          0.178595          0.313863
      -2.196065          1.215888         -1.273600          0.765836         -0.463816
       2.107962          2.441763          0.814983          0.283583          0.081505
      -1.067887         -1.149916          0.416145         -0.351797         -1.065719
      -2.488609          0.517524          0.001667         -0.046520         -0.325869
      -3.126009         -1.651446          0.348967          0.160546          0.667530
       0.310153          0.971082          2.226176         -0.799382          0.190858
       1.704891          1.647065          2.033833         -0.689441          0.396727
      -1.288892          1.637290         -0.557767          0.029284         -0.710689
       1.523492         -1.964214          2.255170         -0.540909         -0.215723
      -3.053884          2.859438          0.015303          0.234631          0.529817
      -1.199092          0.732418         -0.560583         -0.044311         -0.002430
      -0.201634          1.192793         -2.876106          0.182899         -0.433699
       0.879831         -2.163454          1.450652          0.715034          0.348511
       2.640137         -0.422289          0.996242          0.862113         -0.610415
       3.031395         -0.785029         -0.180970          0.202187         -0.442814
       2.891691          0.798741         -0.651482         -0.912915          0.251191
       0.408958          0.278178         -1.243926         -0.082091         -0.212202
       1.779490          1.234861         -0.301374         -1.370522         -0.353801
       0.090812          1.671336          0.149978          0.034251         -0.120547
       0.774616          0.892919          0.343581         -1.567648         -0.987102
      -1.095885         -3.140280         -0.224656          0.202380         -0.226666
       1.200522          1.217175         -0.879454         -0.255928          0.181092
      -0.702734         -1.225426          0.135022          0.618816         -0.428485
       2.200448         -0.705340          0.805117         -0.631878         -0.295399
       2.198021         -2.615802         -1.574716         -0.425256          0.584662
      -2.342190          1.243439          1.738859         -0.118851         -0.000416
       0.272680         -1.306941          0.017080         -0.527018         -0.544355
       2.694870          0.525610          2.276410         -0.045959          0.380612
       0.037897         -0.643247         -0.063180         -0.387781          1.148449
      -2.634723         -1.179843         -0.687226         -0.848896          0.062203
      -3.133226         -2.827571         -0.231886          0.948510         -0.875754
       2.554553         -1.709208         -0.364159          0.211752          0.080043
      -1.436397          0.647090         -2.761243          0.191055          0.221358
       1.400302          0.285695          0.493607         -0.727560          0.617324
       2.845850          0.834718          0.388013         -3.097110         -0.197272
      -0.272592         -2.837831          1.216053         -1.364675         -0.022711
      -1.839925          2.591346          0.626321          0.236069         -0.253070
       1.596908          1.591807          0.192422         -0.512436          0.005148
      -0.460583         -0.286851         -1.135464         -1.254330          0.232495
      -0.069561         -2.995109          0.244314         -1.402400          0.558638
      -0.372319          2.022651         -0.524128         -0.027962         -0.493369
      -3.091055          0.633755          1.637655         -0.173656         -0.925507
      -1.152458         -0.327665         -0.569109         -0.108171          0.108615
       0.382796         -1.836756          1.402276         -0.279450         -0.196437
      -0.757891          0.347276          1.337712          1.122433          0.010967
       1.239889          0.084594         -1.788989          0.138134         -0.692244
       1.916177         -1.175458         -0.527205         -0.701536         -0.513652
      -2.139150         -1.786127         -1.535047         -0.307213          0.182575
      -1.964127         -1.175529         -1.533165         -2.020467         -0.339628
       2.492725          1.739717          1.996590         -0.129716          0.344975
      -2.765941         -1.101079         -0.661858          0.012859         -0.170521
       2.389945          0.527366         -1.030680         -0.570895         -0.481606
       1.155370          1.003388         -1.672744         -0.893533          0.898423
      -1.441735         -0.162679          0.800221         -0.169123          0.144677
       1.762706          0.006032         -0.898706         -0.651299         -0.729451
      -1.917504         -1.614675         -1.687514         -1.160690         -0.439310
       3.046030          0.225220          1.093193         -0.816297         -0.022028
       0.771248          1.675649          1.186054          1.069626         -0.539302
       0.946725          3.083665         -0.484772          0.287703         -0.118510
       1.509570          0.174191          1.031488          0.545371         -0.845514
      -0.240384          1.691015          2.643549          1.661676          0.451363
      -1.251233          0.485723          1.048820          0.137964          0.616384
      -0.264701          0.980346         -2.044052         -0.328818         -0.110904
      -0.360412          2.581672         -0.992479         -0.188605         -1.015779
      -1.631352          2.842115         -0.859342         -0.564621          0.333623
      -0.299851         -1.820741          0.044135          0.481669          0.202730
       2.205689         -0.498561         -0.895594          0.721733         -0.144716
      -1.356497         -0.654630         -0.478295          0.380107          0.490047
       1.085011          0.086906          0.125506          1.139238          0.541713
       2.168539          0.284615         -1.852376         -0.326903         -0.136347
      -1.921387          1.617989         -1.401898          0.442443          0.181293
      -1.942120         -0.155285          1.383177          0.092968          0.188868
       2.319800         -2.835171         -0.502039          0.659020         -0.357410
       2.934870         -0.820558          0.164639         -0.055134         -0.331328
       1.339229         -1.508307          0.548276          0.705673         -0.192751
       1.271424          2.558537          1.927550          1.784762         -0.057671
      -2.772800         -0.980837          1.290835          0.157401         -1.044332
       1.475573          1.460078         -1.264479         -1.792051          0.132777
       1.340547          0.030877          2.814084          0.149758          0.199273
       2.388091          1.601490          0.391932          0.370783          0.587005
      -0.967835         -1.118567         -1.578426         -0.495366         -0.484430
       0.201518          1.285145         -0.198124         -0.269249          0.571570
       2.060821         -2.467187          1.003030         -1.405582         -0.322397
      -2.854030          2.428952          2.677138         -0.455869         -0.168408
      -1.328414         -2.794901          0.192103          0.946001         -0.462101
       0.870265         -0.248892          1.023643         -0.467994         -1.106841
       1.721500          0.418724         -0.178845         -0.116822          0.085544
       2.946844          0.999000          0.187576         -1.075301          0.868734
       1.748870         -0.567600         -0.642163          0.572870          0.296481
       2.009571         -0.567796         -2.071905         -0.522941         -1.361117
      -3.076394          0.915846          0.533149         -0.711412         -0.744190
       2.236235         -0.457499         -0.877659          0.743121         -0.060010
       0.472668          2.214902         -1.527183         -0.551597          0.158030
      -1.286025         -1.382535         -0.414177         -0.413137          0.496652
       1.326909         -0.636463          2.586314         -1.052387          0.131771
      -0.787350          1.923092          3.069818         -1.274485         -0.369758
       0.643328         -2.842434         -1.181655         -0.770823          0.892365
       3.003043         -1.189765          2.716842         -0.986764         -0.170889
       2.736232         -2.913367         -1.618075         -0.690075         -0.148554
       2.363016         -2.486797          0.017569          0.454537         -0.382038
       2.723589         -2.566239          0.020769          1.435174         -0.678764
      -3.003596         -2.672771          0.657746          0.616557         -0.524677
      -1.428655          2.181694         -2.575070          0.326361          0.319242
       2.610174         -0.323811          0.730123         -0.055347          1.265993
       1.249447          0.405476         -2.906411          0.509797          0.113052
       2.221831          1.420023         -0.787733          0.984799         -0.806014
      -2.163729         -2.743329         -1.114108         -0.574991         -0.704693
      -2.522087          0.800375          1.513134         -0.664506          0.235033
      -2.117227         -2.746425          0.737565          0.811237          0.336647
      -1.366769          1.297811         -0.690354          0.289225         -0.214057
      -1.778106          1.015320         -0.870866         -1.479572          0.588047
       0.307127         -0.794902         -0.456121          0.058293         -0.806833
       1.845895         -0.691413          0.257218         -0.360982         -0.333865
       2.071615          0.203586         -0.257866         -1.097163         -0.999495
       0.993046          2.736986          1.549210          1.024352         -0.393489
       1.228696         -0.234776         -2.254963         -0.636562          0.297543
       1.818199          1.225564         -0.439330          0.242826          0.535666
      -1.772362          0.838618          0.727864         -0.516338         -1.062584
       2.113037          2.918525         -2.816895          0.390679         -0.638011
       2.618270          0.989810         -0.325908          0.353737          0.109914
       2.956897          0.362802         -1.323357          0.819499         -0.489772
      -1.859154         -0.978832          0.503980         -0.249754          0.034410
      -1.429232         -0.105449          0.106201          0.047205         -1.241576
       1.895228         -2.049462          0.358646         -0.205155         -0.352367
       2.455429         -2.235757         -0.348295          0.041785         -0.188962
       2.891275          0.147416          1.184641          0.218215          0.309959
       1.789156          2.744342         -0.654580          1.644136         -0.463636
       0.764867         -0.871034         -1.045935         -1.407275          0.018539
      -1.948738          1.410060         -0.990783          0.878125          0.036500
       0.490878          0.030781         -0.126206         -0.332072         -0.212056
       2.660807         -0.864351          0.164980         -0.235663          0.331409
       2.597085         -0.892296         -1.201469         -0.772144          0.289114
      -0.685346          0.384164         -0.236845         -0.079464          0.631144
      -0.534988         -0.907057         -0.369930         -0.104490         -0.113984
      -1.351477         -0.743861          0.584730         -0.687311         -0.082273
       0.530905          2.592049          2.007923         -1.023743          0.067584
      -2.671728         -0.160152         -1.938013         -0.355854          0.245370
       1.917298         -2.082832         -0.643327         -0.052867          0.263351
      -0.940279         -1.520158          0.173146         -0.258667          0.582368
      -0.052299          0.320122         -0.581645          0.050697         -0.506028
      -0.358691         -2.931438          1.404397          0.043212         -0.485332
      -1.400183         -0.882689         -0.818377         -0.083813         -0.013126
       0.598031         -0.609817          0.018137          0.876966         -0.451711
      -1.333924          0.036852          0.994693          0.117622         -0.591127
       2.049489          2.256098         -0.051757         -0.304140         -0.198012
      -1.267017         -0.970211          2.084764          0.006585         -0.048551
      -2.801635         -2.537933          0.584276         -0.700042         -0.120441
       2.531294         -3.113660          0.333365          0.034448          0.242708
      -2.325818          0.670467          0.848589         -0.186339         -0.372106
       1.547944         -2.289295          2.773305         -1.052895          1.152046
       2.613821         -2.222765         -0.979725          1.081788          0.859208
      -0.925632         -0.170295         -0.460848         -0.148120          0.140378
       0.765923         -2.596864          2.324481         -0.266182          0.310616
       1.270151         -0.292539          0.692134         -0.369079         -0.176226
       1.003322         -2.925867         -3.133707         -1.646581          0.233518
       2.381044         -0.697113         -0.861011          0.828676         -0.115056
      -0.442249         -1.217374          1.297944         -0.479798         -0.809486
      -2.951785         -0.583527         -1.811342         -1.400152          0.584147
       2.074981         -0.045799         -1.662510          0.684479         -1.000458
       2.905382         -0.915148          3.046653          0.544624         -1.368998
      -2.046150         -1.751513         -0.034535         -0.273893         -0.317361
      -1.215187         -1.256964          2.571221          0.736382          0.112778
       2.665097          1.500351          0.951619          0.098125         -0.115097
       3.042544          0.166924         -1.347794         -0.118093         -0.497960
      -1.917810          1.036724         -0.635556          0.020097         -0.598057
      -1.773289          2.701042         -1.098778          0.529304          0.629056
       0.662133          1.486102         -0.878239         -1.170302          0.432765
      -1.446513          2.069661          1.652275          0.198785          0.066443
       2.307326          1.872244          1.611417         -0.836635         -0.304658
       1.014788         -0.244679          2.398470         -0.951792          0.221408
      -2.830808         -1.027063          0.934580          0.249708          0.029405
      -2.800448         -0.871859          1.787859         -0.649901          0.586354
       1.095285          1.093211          0.545158          0.087195         -0.243266
      -1.896275          0.282873         -0.343411          0.619080         -0.522477
      -2.505730         -3.063833          0.315985         -1.390395          0.353513
      -3.031440          1.681955          1.671582         -0.375301          0.914203
      -1.188825          2.854343          0.843445          0.288387         -0.494722
      -0.505471         -2.735433          1.639903         -2.850275         -0.296966
       1.575244          2.074806          0.878133         -0.289365          0.022384
       2.081106          2.332058         -0.817214         -0.143190          0.948205
       2.500261          0.352450          0.010743         -0.619048          0.366615
       0.090064         -2.609220          0.461083         -1.531277         -0.248361
      -1.706650          1.914296          0.839094          0.817695         -0.058128
       2.660517          3.095582          3.078857         -0.224931          0.223532
      -1.450092          1.479841         -0.240700          0.277620          0.342151
       1.916178          0.404185         -0.166753         -0.453454         -0.516955
      -2.497067         -0.418929          1.279549          0.958764         -0.745765
       1.603434          1.003570          2.749492          0.640227          0.415912
       1.639137          0.174412          0.038057          0.802158         -0.328907
       0.246411         -2.229439          0.779870         -0.596203          0.595724
       2.287236          1.648899          0.501909         -0.771954         -0.899029
      -2.994081          0.309462         -1.698409         -0.050392          0.441990
       2.252294         -0.778228         -1.600684          0.963729         -0.042620
       0.578345          3.023475         -1.757908         -1.642109         -0.305280
       1.843748          0.742083         -0.092846         -1.298701          0.346283
      -2.694137         -0.588185          1.428452         -0.211774          0.129838
       2.158031         -0.625676         -0.880564         -0.500573          0.376075
       2.130947         -0.557432         -1.021659         -2.385760          0.153666
       2.232339          0.391478         -0.261970          0.099794         -0.459716
      -2.656911         -1.163193         -0.194951         -0.489873          0.482212
      -1.789372          2.626273          0.380547         -1.146416          0.457714
      -2.079670          0.541259          0.472689         -0.787464         -0.296168
       0.521371          0.040314          2.915320         -0.298584          0.254110
       1.337321          2.002792          0.931355         -1.054152          0.207099
       1.532991         -0.120017          0.518019         -2.480940         -0.222537
       2.098355          0.167058          0.099335         -1.322737          0.463435
      -2.349779          0.618016          0.154924         -0.809814         -1.160942
      -0.345669         -1.529658         -0.116796          1.327413         -0.311168
       1.975318         -3.102526         -0.119017         -0.212481         -1.103498
      -3.014713          1.472157          0.272530          0.902828         -0.181165
      -0.934425          0.128901         -0.142996          0.020100          0.747251
      -2.455126          0.094709          0.335665          0.089947         -0.214141
      -1.945265         -1.064927         -0.332606          0.220026          0.270583
       0.157411         -1.379896          0.141524         -0.709441          0.176997
       1.000044         -0.398181         -0.406005          0.791180         -0.962852
       0.492912          1.688811          0.982496         -0.407950          0.586042
       1.828990         -0.980444         -2.836744         -0.558812          0.052194
       1.424000         -2.771515         -2.701653         -0.342954          0.808808
      -1.237345          0.496267         -1.706693          1.033876          0.210898
       1.480697          1.364439          1.041601          0.120446         -0.702478
       0.306706         -0.346932         -0.842320          0.052792         -0.345396
      -0.861071         -1.841104         -0.849765         -0.351488          0.666075
       0.412576          1.131893         -1.095379          1.865198         -0.786218
      -1.108242          0.867282         -0.532081          0.156474          0.097584
      -2.774051         -2.004326          0.436286          1.044967          0.332017
      -2.438972         -1.999403         -2.731825         -0.948449         -0.014535
      -2.302732          1.971479          0.289557         -0.562974         -0.359340
       1.143836          0.537549          0.181812          1.371540         -1.268401
      -0.204369         -1.029665          2.211681         -1.080338          0.477057
       0.533675         -0.010664         -0.513011          1.153050         -0.267580
       2.091434         -0.293841          0.080823          0.249247         -0.543844
      -2.823516         -2.912231         -3.039893          0.951177         -0.696244
       0.429852         -1.406060          1.044513         -1.554833          0.889182
      -0.647067         -1.936557          0.797927         -0.752431         -0.078628
      -1.887428         -3.033158         -1.935847          0.271473         -0.258449
      -0.101957         -0.884055          0.475037          1.093212          0.166712
       0.364674          0.258164          0.197366          0.767558          0.387143
       0.597287          2.381351         -0.719881         -0.867725          0.931169
      -2.204556         -2.001582          1.006760          0.670894         -0.498057
      -2.323988          1.800452         -0.474175          0.587536         -0.313757
       3.107332         -1.978743          1.365596          0.652065          0.520272
      -2.475178          0.286748          0.329021         -0.355912          0.355669
       0.395316          0.999166         -0.755350          0.067771          0.418778
       2.171872         -0.686597          0.319204          0.750268         -0.754726
       2.139903          0.517282          0.329964          0.500202          0.275575
      -0.670422          0.858668          0.842939          1.113678         -0.151215
      -2.196642          2.425545         -1.153455         -1.199079         -0.744048
       0.411600         -1.474835          0.244037          0.455529         -0.438964
      -1.513815         -1.668668         -0.868843          2.380238         -0.705130
       2.391567          0.016198         -1.769725         -0.006727         -0.663760
      -2.207528         -1.952485          1.026039         -0.334633          0.697144
      -2.195074         -0.949616         -1.543909         -1.251765          0.002215
       2.743985         -2.610111         -1.680214         -0.871504          0.324492
      -1.893052         -1.948773         -0.189802          1.610168          0.044076
      -2.300533          0.320546         -1.582414         -0.214558          1.854065
      -1.699617          2.532099          0.166976          0.064797          0.770408
      -2.138602          2.335837         -0.305990          0.515780          0.018092
      -0.314217         -1.467147         -0.454452         -0.034038          0.074278
      -2.819741          2.061280         -1.342424          0.191155          0.155092
       2.676040          2.009521         -1.490385          0.205939          0.450421
       0.873909          1.175196          1.205891         -0.599770         -0.608920
      -2.227548         -0.293999         -0.510531         -0.201279          0.212100
       2.508148         -0.021416         -1.477382         -2.333473          0.219468
      -1.910845          2.237096         -1.340880         -1.096884          0.194228
      -0.893788          0.435516         -0.858003         -1.412971          0.767530
       1.902253          0.865377          0.765653          0.069020         -0.212143
      -3.080444          0.296217         -2.542434         -0.854745          0.037093
      -2.704286         -2.983777         -1.222095          0.122096          0.308399
       2.185502          0.871560         -0.331848         -1.145006         -0.352226
       2.748389          0.546525          0.602466          0.160378          0.141084
      -2.792203          1.831183          0.756680         -0.081012          0.471270
      -2.428067         -3.042121          0.819338         -2.126609          1.285815
       1.360198          1.729458          1.163542         -1.335340         -0.765655
      -0.910904          2.158636          2.445626         -1.945880          0.413735
      -2.339364         -0.859653          0.578171         -1.013718          0.006326
      -1.095783         -1.894610         -1.611120          0.695717         -0.575427
      -1.656919          0.307206          1.746280          0.692960          0.754629
       0.456316         -0.647486          0.288419          0.523414         -0.133230
       2.122294          2.952209         -0.409117         -0.782699          0.583097
       1.778163          2.448547          0.022368         -1.991368         -1.093852
      -0.817148          0.812407          1.205266          0.786067          0.206797
       1.467225         -1.651576          0.421449         -0.958610          0.483277
      -0.735238          0.483564          0.870485         -0.143668          0.024392
      -1.607768          1.007105          1.107788         -0.574689          0.081161
      -2.537881          2.227638         -0.186145         -0.702861          0.218277
       0.936988         -2.212395         -2.019553         -1.217775         -0.652875
      -1.266256          1.574981          1.196237          0.123346          0.493634
       1.623155          0.574176          1.007929         -0.117518          0.630783
       1.589878         -0.579348          0.829199          0.795922         -0.252198
      -2.305154         -2.313956         -1.294243          0.371087          0.183594
       3.135129          0.029049          1.836311         -0.131148          0.129387
       2.199041          0.050086         -0.449085          1.645811          0.171331
      -1.930280         -2.279353         -1.407270         -1.204972          0.032204
       1.401842          0.379358          3.140725          0.522769          0.254853
      -1.600079         -0.579242         -0.451981         -0.215405         -0.983552
      -1.760619         -0.962352         -0.704870          0.521322         -0.180790
      -0.369212         -3.071064         -1.117336          1.351782          0.460038
      -2.553178          0.559687          2.048043         -0.375548         -0.603047
       0.744451          0.424783         -0.455853         -0.317612          0.189616
       0.053227         -1.137815         -0.860065          0.640219         -0.061656
       0.114463         -2.083928         -2.388020          1.581898         -0.303139
       0.095828         -1.836448         -2.378834         -0.026043         -0.069169
      -0.288328         -2.092438         -0.919166          2.367622          0.310801
       1.712043         -1.129007         -0.801632         -0.073485         -0.560563
       2.104710         -2.453473          0.212515         -0.208568         -0.002215
       1.646665         -2.558303          0.562336         -0.241087         -0.141894
      -1.743014          2.344942          0.696185         -0.721496         -0.075039
       0.519712          0.004016          0.147290          0.778707          0.183080
       1.021821         -1.652457          1.251239          0.364076          0.289337
       0.352478          0.149696         -0.342671         -0.706923          0.329702
       2.112759          2.743399          2.098585          0.029328          1.102842
      -2.497461         -2.207753         -0.599544         -1.428807         -0.136661
       2.068180         -1.905192          1.375773         -0.219434         -0.460275
      -1.402897         -2.940701          2.431109         -0.105994         -0.346650
      -2.350608         -0.103626         -0.365771         -0.642065         -0.686381
       1.659181          1.817753         -2.599462         -0.598252         -0.644179
      -1.234848          0.273197         -1.678330         -0.052989         -0.003676
      -2.696391         -0.585486         -2.034413          0.102438          0.053783
       0.978282         -0.370927         -0.265443          0.295789         -0.280262
       0.264126         -2.579538         -0.647476         -0.142981         -0.614065
       2.327025         -0.339428         -1.116573          0.972931         -0.305835
       1.786061         -0.183965          0.251958          0.699578         -1.220016
       2.474985          1.723441          0.026171         -0.085331         -0.766807
       0.284089         -2.776524         -0.060974         -0.102975          0.214675
       1.110174          2.513940          0.379508          0.250487          0.382844
      -0.325784          2.799629          0.076887          1.688800         -0.844923
      -0.505525          1.357662          1.341264         -1.142619          0.524304
       1.256345          0.035925          2.293381         -0.166693         -0.405266
       3.019395          2.837038         -0.017674         -0.161305         -0.351035
       0.657991          0.210030          1.548201         -0.137691          0.119898
      -0.168826          2.496555         -0.040206          0.616210         -0.323183
      -2.026341         -0.265973         -0.197797         -1.277300          0.247647
      -1.670148          1.225492          0.933730          0.504950         -1.125031
       1.820176          0.945526         -0.745124         -0.400909         -0.065149
      -2.884055         -0.156262          0.159323         -0.197418          0.171067
