0000       -0.100000
0001       -0.103179
0002       -0.112710
0003       -0.128572
0004       -0.150723
0005       -0.179089
0006       -0.213557
0007       -0.253947
0008       -0.300002
0009       -0.351359
0010       -0.407524
0011       -0.467846
0012       -0.531486
0013       -0.597394
0014       -0.664282
0015       -0.730606
0016       -0.794556
0017       -0.854057
0018       -0.906782
0019       -0.950185
0020       -0.981561
0021       -0.998121
0022       -0.997105
0023       -0.975916
0024       -0.932285
0025       -0.864467
0026       -0.771443
0027       -0.653146
0028       -0.510672
0029       -0.346473
0030       -0.164509
0031        0.029675
0032        0.228962
0033        0.424794
0034        0.607452
0035        0.766488
0036        0.891322
0037        0.971987
0038        0.999997
0039        0.969283
0040        0.877122
0041        0.724963
0042        0.519046
0043        0.270677
0044       -0.003933
0045       -0.284374
0046       -0.547326
0047       -0.768420
0048       -0.924592
0049       -0.996734
0050       -0.972390
0051       -0.848156
0052       -0.631381
0053       -0.340812
0054       -0.005836
0055        0.335842
0056        0.642094
0057        0.871545
0058        0.989514
0059        0.973903
0060        0.820076
0061        0.543716
0062        0.180783
0063       -0.215969
0064       -0.583915
0065       -0.860267
0066       -0.993238
0067       -0.952738
0068       -0.738403
0069       -0.382853
0070        0.051302
0071        0.481113
0072        0.818568
0073        0.988994
0074        0.948834
0075        0.698542
0076        0.286720
0077       -0.196853
0078       -0.639222
0079       -0.930296
0080       -0.991229
0081       -0.797861
0082       -0.392026
0083        0.124143
0084        0.611656
0085        0.931397
0086        0.984916
0087        0.747325
0088        0.280939
0089       -0.277195
0090       -0.753198
0091       -0.990292
0092       -0.902454
0093       -0.509171
0094        0.063340
0095        0.618928
0096        0.957372
0097        0.948051
0098        0.584191
0099       -0.005677
0100       -0.598502
0101       -0.959147
0102       -0.935222
0103       -0.525887
0104        0.107551
0105        0.700194
0106        0.992709
0107        0.847326
0108        0.318215
0109       -0.361270
0110       -0.876958
0111       -0.979070
0112       -0.607722
0113        0.065805
0114        0.711257
0115        0.998863
0116        0.770909
0117        0.135245
0118       -0.577235
0119       -0.980449
0120       -0.844206
0121       -0.232755
0122        0.515555
0123        0.969849
0124        0.856079
0125        0.229823
0126       -0.539830
0127       -0.981617
0128       -0.812205
0129       -0.126279
0130        0.645043
0131        0.999365
0132        0.693219
0133       -0.080836
0134       -0.804116
0135       -0.975229
0136       -0.463293
0137        0.380863
0138        0.954970
0139        0.834274
0140        0.095060
0141       -0.719303
0142       -0.990712
0143       -0.500013
0144        0.383481
0145        0.967999
0146        0.779897
0147       -0.041838
0148       -0.833047
0149       -0.934860
0150       -0.249670
0151        0.651514
0152        0.994271
0153        0.469748
0154       -0.472466
0155       -0.995842
0156       -0.619533
0157        0.326046
0158        0.973204
0159        0.710190
0160       -0.227659
0161       -0.950706
0162       -0.753825
0163        0.183702
0164        0.942408
0165        0.758127
0166       -0.196075
0167       -0.952558
0168       -0.723933
0169        0.264300
0170        0.975906
0171        0.644991
0172       -0.384925
0173       -0.997326
0174       -0.509854
0175        0.548273
0176        0.991405
0177        0.306482
0178       -0.733184
0179       -0.923736
0180       -0.030446
0181        0.901495
0182        0.756751
0183       -0.303264
0184       -0.995967
0185       -0.463032
0186        0.647429
0187        0.947516
0188        0.046956
0189       -0.915930
