0000       -0.100000
0001       -0.103913
0002       -0.115641
0003       -0.135152
0004       -0.162377
0005       -0.197197
0006       -0.239415
0007       -0.288725
0008       -0.344676
0009       -0.406626
0010       -0.473702
0011       -0.544746
0012       -0.618279
0013       -0.692451
0014       -0.765024
0015       -0.833350
0016       -0.894392
0017       -0.944762
0018       -0.980801
0019       -0.998713
0020       -0.994735
0021       -0.965375
0022       -0.907691
0023       -0.819623
0024       -0.700353
0025       -0.550668
0026       -0.373306
0027       -0.173232
0028        0.042204
0029        0.263270
0030        0.478082
0031        0.673103
0032        0.833929
0033        0.946383
0034        0.997861
0035        0.978863
0036        0.884569
0037        0.716271
0038        0.482452
0039        0.199252
0040       -0.109907
0041       -0.415707
0042       -0.685418
0043       -0.886396
0044       -0.990340
0045       -0.977832
0046       -0.842509
0047       -0.594090
0048       -0.259475
0049        0.118763
0050        0.486808
0051        0.786849
0052        0.966393
0053        0.988318
0054        0.839815
0055        0.538134
0056        0.131255
0057       -0.307742
0058       -0.692637
0059       -0.940916
0060       -0.992496
0061       -0.826181
0062       -0.469310
0063        0.003143
0064        0.481759
0065        0.846856
0066        0.998965
0067        0.888092
0068        0.533043
0069        0.023340
0070       -0.499806
0071       -0.880994
0072       -0.997578
0073       -0.802138
0074       -0.345418
0075        0.231252
0076        0.736093
0077        0.989973
0078        0.892511
0079        0.466532
0080       -0.139558
0081       -0.698474
0082       -0.987792
0083       -0.881124
0084       -0.409026
0085        0.240933
0086        0.793115
0087        0.999673
0088        0.755834
0089        0.160055
0090       -0.516963
0091       -0.950615
0092       -0.919420
0093       -0.424996
0094        0.292227
0095        0.862370
0096        0.975814
0097        0.557445
0098       -0.174770
0099       -0.813716
0100       -0.986837
0101       -0.579235
0102        0.179672
0103        0.834356
0104        0.973588
0105        0.495501
0106       -0.306484
0107       -0.912466
0108       -0.911402
0109       -0.288989
0110        0.538119
0111        0.991122
0112        0.735931
0113       -0.057901
0114       -0.813865
0115       -0.960866
0116       -0.372349
0117        0.509756
0118        0.993780
0119        0.681795
0120       -0.188687
0121       -0.907683
0122       -0.866471
0123       -0.084352
0124        0.775213
0125        0.956620
0126        0.283970
0127       -0.649687
0128       -0.990307
0129       -0.408320
0130        0.563065
0131        0.998550
0132        0.463992
0133       -0.531022
0134       -0.999233
0135       -0.456078
0136        0.558287
0137        0.995463
0138        0.383765
0139       -0.640870
0140       -0.975415
0141       -0.240965
0142        0.764161
0143        0.913125
0144        0.022051
0145       -0.897755
0146       -0.772253
0147        0.266783
0148        0.990154
0149        0.516771
0150       -0.591532
0151       -0.969880
0152       -0.132581
0153        0.875591
0154        0.762673
0155       -0.340950
0156       -1.000000
0157       -0.332862
0158        0.783094
0159        0.838834
0160       -0.256655
0161       -0.998816
0162       -0.341997
0163        0.801174
0164        0.799328
0165       -0.359612
0166       -0.995108
0167       -0.161376
0168        0.915014
0169        0.613556
0170       -0.623182
0171       -0.903369
0172        0.219725
0173        0.999970
0174        0.196977
0175       -0.922466
0176       -0.553545
0177        0.718617
0178        0.809611
0179       -0.444548
0180       -0.954774
0181        0.150420
0182        0.999968
0183        0.126875
0184       -0.967783
0185       -0.365307
0186        0.884425
0187        0.555731
0188       -0.774367
0189       -0.698325
