0.408247 0.745106 -0.377705 0.368089 4.810694 -2.411386   0.000000
-0.201484 0.357753 0.594857 0.691059 -2.686937 10.632868   0.000000
0.257417 0.849520 -0.074621 0.454406 -0.822958 -6.941375   0.000000
-0.321603 0.677996 -0.589197 0.299565 -1.079118 3.095850   0.000000
0.077775 0.947541 -0.268427 0.155128 2.339527 6.244961   0.000000
-0.392711 0.557014 -0.239081 0.691631 7.405687 -2.276609   0.000000
0.228259 0.913949 0.047512 0.332173 -10.189055 2.280679   0.000000
-0.455845 0.696073 -0.398158 0.386209 -0.523613 -8.589540   0.000000
0.179937 0.841969 -0.381705 0.336172 0.211665 8.334087   0.000000
-0.008009 0.826341 0.300068 0.476503 -6.952858 2.556669   0.000000
0.593970 0.797255 0.021750 0.105414 3.142340 8.119611   0.000000
-0.458093 0.608594 -0.306119 0.571012 2.680641 3.164257   0.000000
0.008551 0.435204 -0.025737 0.899923 5.951776 9.173504   0.000000
0.808019 0.561575 -0.093290 0.151778 -11.067579 10.040630   0.000000
0.086396 0.420610 0.478510 0.765931 -1.084281 -5.633766   0.000000
-0.142729 0.174055 0.064899 0.972173 3.946935 7.155266   0.000000
0.152381 0.686015 0.554592 0.445635 3.008310 6.387625   0.000000
-0.121885 0.132407 -0.055715 0.982094 3.606172 12.805617   0.000000
0.188645 0.962282 0.057555 0.187387 7.163983 -3.302839   0.000000
0.271318 0.274912 0.364437 0.847346 7.967409 -6.289607   0.000003
0.086356 0.422921 -0.539495 0.722928 -0.092604 4.379181   0.000000
-0.137707 0.716090 -0.570160 0.378379 -5.520740 -2.068680   0.000000
-0.157983 0.247236 -0.495838 0.817349 0.113755 9.710762   0.000000
-0.061949 0.829229 0.472074 0.292724 5.342022 -1.664075   0.000000
0.405867 0.550167 0.314572 0.658508 -9.941449 -0.846175   0.000000
0.508061 0.816452 -0.081154 0.262095 6.041283 3.480381   0.000000
0.487995 0.680802 0.319082 0.443346 6.244270 -4.831507   0.000000
-0.209852 0.539215 0.657307 0.482864 5.426527 2.696756   0.000000
-0.851689 0.399418 0.129215 0.313680 8.640371 -6.934681   0.000002
0.239020 0.407172 0.217569 0.854251 4.432542 -0.991625   0.000000
0.587835 0.159074 -0.083892 0.788738 -7.925708 5.343629   0.000000
0.114983 0.654027 -0.092692 0.741913 2.139642 7.634413   0.000000
0.159332 0.040805 -0.021566 0.986146 2.306265 -4.902896   0.000000
-0.169204 0.677801 -0.372773 0.610735 1.407636 -9.393468   0.000003
-0.224249 0.678095 0.621650 0.321638 10.637730 -4.793651   0.000000
0.060546 0.711318 -0.611678 0.340897 -9.982804 -2.657645   0.000000
0.593303 0.256922 0.004521 0.762864 -10.795565 5.613085   0.000000
-0.579137 0.651431 -0.241014 0.426790 -2.969959 3.462399   0.000000
-0.133562 0.752115 -0.342223 0.547144 -7.521168 10.162454   0.000000
-0.249367 0.684627 -0.399161 0.556572 -1.994012 9.455810   0.000000
-0.157124 0.122845 0.032173 0.979380 -6.497231 -1.027649   0.000000
0.570875 0.442013 0.195777 0.663625 -6.695076 1.872209   0.000000
0.680590 0.583800 -0.111919 0.428309 3.812662 0.934866   0.000000
0.247206 0.613780 -0.679120 0.317741 4.606580 -3.670066   0.000000
-0.686092 0.688577 -0.082344 0.219908 -5.957842 -4.218342   0.000000
0.088718 0.965855 -0.048464 0.238546 1.898445 -5.805354   0.000000
-0.033418 0.679061 -0.506350 0.530442 2.308211 4.017608   0.000000
0.545917 0.338950 0.279434 0.713445 -5.293402 3.779608   0.000000
-0.385544 0.664009 -0.417748 0.485730 -2.462461 2.898502   0.000000
0.822527 0.156432 0.071770 0.542058 7.566985 -1.492383   0.000000
0.104228 0.864182 -0.210078 0.445189 7.203134 -9.759418   0.035988
0.476826 0.543654 -0.264781 0.637941 10.022578 -6.006518   0.000000
0.088205 0.213400 -0.749723 0.620158 5.207878 -3.473091   0.000000
0.397000 0.911600 -0.066746 0.083192 -9.713407 6.348731   0.000000
0.508835 0.642989 0.291303 0.492742 1.619439 -11.887706   0.000000
-0.411097 0.379534 0.049819 0.827328 7.974029 7.211221   0.000000
0.052147 0.879591 -0.440378 0.172246 12.342805 11.584023   0.000000
-0.063578 0.228395 -0.561079 0.793085 -4.968435 2.301118   0.000000
0.635518 0.545474 0.181194 0.515502 -1.107524 -5.195122   0.000000
0.106549 0.465395 -0.472698 0.740683 4.991702 3.305208   0.000000
-0.707222 0.622798 -0.042961 0.331835 7.364290 -8.255765   0.009664
0.173749 0.353753 -0.789548 0.470409 0.038096 1.561134   0.000000
-0.175301 0.982645 -0.023514 0.055913 -1.213494 5.089897   0.000000
0.620152 0.721556 0.186693 0.244772 -10.345621 -3.490391   0.000000
0.242219 0.862582 0.318850 0.309221 -2.674369 0.580849   0.000000
0.671591 0.194800 -0.036723 0.713911 0.403780 -0.221372   0.000000
-0.012802 0.255982 -0.745513 0.615239 1.894825 8.357368   0.000000
0.196463 0.335399 -0.163542 0.906733 5.021208 7.537963   0.000000
-0.066122 0.858731 0.242928 0.446312 7.949530 2.893117   0.000000
-0.416126 0.558440 0.365891 0.617339 1.024468 -0.995310   0.000000
0.571418 0.511053 -0.314131 0.560025 -0.316288 -10.811045   0.000000
-0.268112 0.757139 0.406471 0.435474 -2.554672 4.236761   0.000000
0.096172 0.659620 -0.508304 0.545234 1.470985 3.726071   0.000000
0.442852 0.564937 0.414451 0.559428 4.152145 -2.536124   0.000000
0.496832 0.612622 -0.212395 0.576837 0.358077 -0.143798   0.000000
-0.106898 0.527708 -0.243014 0.806871 -0.655797 12.305125   0.000000
0.012906 0.447891 0.110579 0.887130 4.023356 -3.048946   0.000000
-0.038592 0.510438 -0.034653 0.858349 3.345047 4.037884   0.000000
0.380959 0.371722 0.007374 0.846545 -2.991874 -2.720901   0.000000
-0.240280 0.191915 -0.068942 0.949042 2.113397 -0.286990   0.000000
0.449705 0.354043 0.418630 0.705101 -3.563392 6.312099   0.000000
-0.523716 0.459619 0.419715 0.581646 -3.813774 -4.278812   0.000000
-0.259033 0.230494 -0.056326 0.936270 -4.720876 13.813113   0.000000
0.305947 0.516639 -0.011842 0.799587 -3.518821 -4.116350   0.000000
0.327956 0.778233 -0.025794 0.534914 -10.329062 10.599753   0.000000
-0.299513 0.201025 -0.275893 0.890934 -7.054833 6.715815   0.000000
0.174956 0.270438 -0.690959 0.647170 8.222466 2.738892   0.000000
0.041068 0.455102 0.842107 0.286447 1.787808 1.828558   0.000000
0.366515 0.900686 -0.150877 0.177954 7.214959 8.781666   0.000000
0.609994 0.475761 0.364022 0.518697 -6.274140 0.787931   0.000000
-0.394308 0.409610 -0.513533 0.642670 -3.333674 -1.288929   0.000000
-0.077030 0.533438 -0.373336 0.755070 6.122932 -10.570318   0.013991
0.770573 0.635961 0.013353 0.039907 5.274535 -7.801904   0.048842
0.291810 0.418439 0.001415 0.860090 5.862172 4.927937   0.000000
0.227367 0.631356 -0.572231 0.471429 5.907017 14.116569   0.000000
0.166259 0.410512 -0.773924 0.452636 -9.777978 -11.203281   0.000000
-0.173821 0.425331 -0.558571 0.690563 -6.989753 4.458369   0.000000
0.030610 0.096073 -0.722615 0.683857 7.602722 -1.662786   0.000000
-0.027948 0.382527 0.165415 0.908587 5.714606 -9.039210   0.167382
0.103681 0.696707 -0.691021 0.162296 -6.520948 7.100423   0.000000
-0.134173 0.707765 0.659408 0.215053 -5.330218 2.579210   0.000000
0.009837 0.067309 -0.648921 0.757809 3.472397 3.513671   0.000000
0.329057 0.877391 0.234550 0.258637 5.911796 4.176262   0.000000
-0.056968 0.125511 -0.192387 0.971591 -1.918141 7.337548   0.000000
0.483912 0.778724 0.203607 0.343457 4.949197 -8.383847   0.059405
0.087566 0.637228 -0.229730 0.730408 5.014815 1.012082   0.000000
0.290909 0.567825 0.510077 0.576861 8.932002 2.498046   0.000000
-0.723666 0.664451 -0.119648 0.143170 -7.334559 0.876137   0.000000
0.402695 0.883687 -0.210385 0.112570 1.538331 5.835285   0.000000
-0.335385 0.300085 -0.485237 0.749673 -4.523320 -9.515417   0.000000
0.645490 0.710121 0.188749 0.208432 -2.024036 4.444324   0.000000
0.009396 0.901900 -0.238261 0.360165 -4.020808 -8.862180   0.000000
-0.070562 0.274845 -0.194405 0.938982 2.781138 7.166910   0.000000
0.217630 0.944523 -0.151976 0.193433 -9.398115 -8.682173   0.000000
0.353565 0.601962 0.440905 0.564124 0.982566 -4.302685   0.000000
-0.280590 0.757883 0.189048 0.557802 4.348640 2.565464   0.000000
0.611436 0.277363 -0.304769 0.675523 7.777789 4.788036   0.000000
0.077095 0.450269 0.502567 0.733989 -1.170416 -8.778977   0.000000
-0.100917 0.924511 0.225078 0.290577 -0.267172 -4.812253   0.000000
-0.492377 0.270848 -0.038639 0.826265 -0.352530 7.164519   0.000000
0.295933 0.250227 -0.061665 0.919787 -1.416126 -7.690520   0.000000
0.054917 0.034884 0.022931 0.997618 -2.178064 7.604705   0.000000
0.032371 0.061045 -0.465163 0.882524 -8.241779 7.589273   0.000000
-0.250218 0.023491 0.024031 0.967606 -9.416014 2.500140   0.000000
0.167001 0.414312 -0.542975 0.711080 -4.422291 6.699335   0.000000
0.178243 0.857557 -0.447174 0.181275 13.681515 -5.810207   0.000000
-0.492254 0.831850 -0.195373 0.165955 -3.776354 8.533339   0.000000
0.182907 0.922992 0.321314 0.106713 5.810354 1.965991   0.000000
-0.453576 0.661058 0.148996 0.578853 6.338312 -9.019679   0.061249
0.111964 0.305135 -0.838529 0.437294 7.111538 -0.320660   0.000000
-0.067583 0.141717 -0.848863 0.504758 -0.515001 -3.839071   0.000000
-0.201185 0.375340 -0.482585 0.765347 7.434949 3.342106   0.000000
-0.310785 0.829728 0.163153 0.433987 -2.548568 10.018822   0.000000
-0.140936 0.516478 -0.660006 0.527047 5.764924 8.510843   0.000000
0.729622 0.478172 0.164283 0.460450 12.282372 -6.988208   0.000000
-0.217369 0.710388 0.317251 0.589450 -7.649317 9.774875   0.000000
0.610751 0.627935 0.274644 0.396551 -3.309702 -8.773298   0.000000
0.902466 0.250501 0.034931 0.348690 -9.459855 -6.863135   0.000000
0.151432 0.342951 -0.811907 0.447503 7.646871 -4.138190   0.000000
0.165088 0.637389 -0.649627 0.380087 4.425174 0.676063   0.000000
0.100647 0.376897 0.337778 0.856577 -5.585659 1.874623   0.000000
-0.005889 0.771450 -0.293536 0.564505 -3.206264 -0.205638   0.000000
-0.004350 0.164194 0.399322 0.901978 -7.047695 -8.113225   0.000000
0.375663 0.736191 -0.298782 0.477105 -2.986419 5.237539   0.000000
0.819613 0.399881 0.026486 0.409424 -2.818341 0.154457   0.000000
-0.053485 0.653585 -0.494365 0.570586 0.956173 4.129805   0.000000
0.275884 0.562815 -0.168060 0.760843 -1.738091 2.358387   0.000000
-0.018548 0.553758 0.009837 0.832413 -6.469822 0.933981   0.000000
0.112668 0.253043 -0.111948 0.954328 9.918582 -9.611380   0.000020
0.195647 0.574244 -0.454505 0.652220 -8.491851 -1.019552   0.000000
0.062942 0.042467 -0.418275 0.905141 6.926588 -5.189463   0.000000
0.201643 0.891933 -0.195890 0.354151 -1.223449 -1.830893   0.000000
0.125983 0.088126 -0.362376 0.919264 6.630713 -4.940851   0.000000
0.138852 0.892959 -0.243492 0.352217 1.290694 -9.427079   0.000003
-0.112239 0.727882 -0.362916 0.570861 -8.469473 -11.317329   0.000000
0.434454 0.891227 -0.046452 0.121676 -5.337632 5.308715   0.000000
0.417501 0.849690 0.032353 0.320426 2.889077 8.634796   0.000000
-0.499361 0.647595 0.146553 0.556581 -6.992552 1.586422   0.000000
0.093191 0.979082 -0.120763 0.134649 -7.693995 5.382057   0.000000
0.492020 0.703858 -0.324594 0.396406 3.562058 4.928519   0.000000
0.100557 0.665792 -0.099200 0.732645 -8.635440 9.032708   0.000000
0.464393 0.467122 -0.057209 0.750242 -7.534685 -5.247391   0.000000
-0.506915 0.169367 -0.065525 0.842649 2.378071 3.474785   0.000000
0.126034 0.539506 -0.132087 0.821950 -4.842104 3.394188   0.000000
-0.429937 0.888116 0.080548 0.141128 -1.150701 7.516397   0.000000
0.441601 0.723475 0.179873 0.499217 -9.625582 2.161236   0.000000
0.278506 0.564182 -0.330810 0.703347 1.667213 -4.876631   0.000000
0.364300 0.576072 0.084821 0.726796 -11.534822 7.971425   0.000000
0.003972 0.130832 -0.594412 0.793436 2.649967 7.438253   0.000000
0.183477 0.120812 -0.053879 0.974083 8.175050 -4.859862   0.000000
-0.184260 0.509894 -0.695026 0.472224 -6.201964 1.056901   0.000000
0.178469 0.933789 0.046283 0.306667 -6.313395 0.964654   0.000000
0.122623 0.424122 -0.835565 0.326980 -1.083798 -4.333892   0.000000
-0.189332 0.710142 -0.047127 0.676484 4.324860 1.241367   0.000000
0.907490 0.401231 0.033892 0.119694 -6.922138 -9.226092   0.000000
-0.821743 0.335972 -0.116726 0.445238 10.505091 4.222955   0.000000
0.526640 0.480399 0.472376 0.518390 -8.535962 -7.618612   0.000000
0.448433 0.556240 -0.407093 0.569016 -4.881965 9.815090   0.000000
0.566373 0.762016 -0.165624 0.266687 3.828235 2.303856   0.000000
0.273158 0.939442 0.018681 0.206117 -3.131840 -5.033227   0.000000
0.227194 0.373609 -0.661539 0.609233 8.209694 -8.184677   0.000554
0.134800 0.938426 0.039002 0.315698 3.135029 0.673654   0.000000
-0.067287 0.506488 -0.368401 0.776675 9.856477 -7.253703   0.000000
-0.167345 0.222621 -0.750589 0.599209 7.693858 -0.416420   0.000000
0.120861 0.234619 -0.615926 0.742282 2.592891 6.047649   0.000000
-0.787437 0.552263 -0.095680 0.256502 -7.336653 -3.961544   0.000000
-0.079160 0.220867 -0.284985 0.929373 -12.341613 -4.692839   0.000000
-0.549518 0.221958 -0.226097 0.773075 -3.978457 -7.613242   0.000000
0.308857 0.196310 -0.096184 0.925645 -1.111803 -3.158482   0.000000
0.292623 0.300435 -0.276778 0.864583 4.089784 -8.221501   0.009430
-0.056916 0.379723 -0.514427 0.766770 7.222344 9.726643   0.000000
0.452629 0.782794 -0.128292 0.407311 -5.044763 -10.714235   0.000000
-0.507735 0.630420 -0.350390 0.471171 -5.589835 -10.672638   0.000000
-0.113572 0.378813 -0.829988 0.393348 1.154847 1.304897   0.000000
0.130322 0.874123 -0.295643 0.362656 4.790641 -4.079859   0.000000
0.123675 0.596541 0.049345 0.791460 6.263876 3.201827   0.000000
0.015466 0.103263 0.250220 0.962542 1.819268 -2.924925   0.000000
0.267112 0.533730 0.714720 0.364636 11.041674 0.089656   0.000000
-0.111431 0.867566 -0.120118 0.469557 7.544108 -2.319918   0.000000
0.187134 0.458057 -0.440100 0.749317 2.172314 3.263138   0.000000
0.252301 0.745743 -0.505297 0.353394 -1.197682 5.057954   0.000000
0.745767 0.524003 0.090665 0.401288 -2.856507 -8.980620   0.000000
0.358942 0.734150 -0.344812 0.461832 -4.087970 0.175621   0.000000
0.026621 0.882084 -0.352918 0.310914 -5.666884 -10.036352   0.000000
-0.423192 0.499119 0.327921 0.681364 -6.343749 10.026947   0.000000
0.220219 0.501919 -0.149936 0.822861 1.018779 -9.356436   0.000001
0.019753 0.760723 0.629725 0.156067 -0.457392 3.097141   0.000000
-0.328472 0.652845 -0.165399 0.662226 -8.537683 4.235709   0.000000
0.275447 0.572424 0.100621 0.765725 4.690382 5.609648   0.000000
0.147089 0.779776 0.413960 0.446041 -5.135353 -1.324622   0.000000
0.564856 0.744011 -0.261935 0.242436 -12.668033 -1.702688   0.000000
0.428712 0.851478 0.017939 0.301445 -4.865056 8.727965   0.000000
-0.575845 0.257169 -0.115167 0.767466 5.701091 -1.842068   0.000000
0.603647 0.666993 -0.122086 0.419316 1.045688 5.004836   0.000000
-0.370714 0.179343 0.075081 0.908169 4.392703 -3.204521   0.000000
-0.102678 0.309167 0.065041 0.943209 -3.107537 1.715822   0.000000
-0.161612 0.755098 -0.304451 0.557690 3.481740 -3.302066   0.000000
-0.110066 0.195797 0.648150 0.727634 11.458374 1.613123   0.000000
0.640942 0.280439 0.104166 0.706892 3.940241 -1.475577   0.000000
0.141089 0.885105 0.234586 0.376368 1.620591 2.968739   0.000000
-0.805155 0.097526 0.054473 0.582449 0.443408 2.471308   0.000000
0.123412 0.606256 0.071949 0.782334 -8.723560 5.163935   0.000000
0.442173 0.443036 0.311602 0.714917 7.258345 -5.513542   0.000000
0.030865 0.701223 -0.529183 0.476758 -4.293602 -9.949848   0.000000
0.037351 0.663935 0.216548 0.714774 6.052624 -4.323680   0.000000
0.009609 0.145760 -0.971508 0.186636 -6.685528 -9.171102   0.000000
0.721082 0.496590 -0.148507 0.459766 4.058649 -8.163356   0.009451
0.043530 0.947812 0.306702 0.075442 -7.016303 7.508808   0.000000
-0.333984 0.439723 0.129895 0.823545 7.484617 -5.450112   0.000000
-0.852493 0.306336 -0.092190 0.413418 8.752817 -7.703871   0.000041
0.258840 0.632414 -0.646429 0.339387 -5.536035 0.207792   0.000000
0.426795 0.545999 -0.507433 0.512097 2.719681 5.451134   0.000000
0.352961 0.293891 -0.297154 0.837106 -0.495138 6.848906   0.000000
0.441062 0.819429 -0.293437 0.218850 -4.067499 3.378348   0.000000
0.773830 0.605511 -0.034409 0.182649 -8.397802 0.865504   0.000000
-0.307047 0.402771 -0.182822 0.842659 -4.487582 3.032599   0.000000
0.384561 0.375420 0.522385 0.662032 -7.084143 7.969649   0.000000
0.016717 0.519932 0.079904 0.850298 3.901053 -2.382380   0.000000
0.565934 0.801344 -0.005353 0.193748 2.219360 -5.241931   0.000000
0.685329 0.101704 -0.013982 0.720961 -5.031162 8.755705   0.000000
-0.181484 0.227992 -0.740977 0.605009 -13.365614 -3.165069   0.000000
-0.061796 0.734905 0.381491 0.557280 -5.421642 -5.918884   0.000000
0.496356 0.366396 -0.355593 0.702096 8.407934 2.607591   0.000000
0.023712 0.361175 -0.885322 0.291884 -0.255965 -6.383291   0.000000
0.358312 0.493709 0.241246 0.754760 -7.616782 5.273855   0.000000
0.468302 0.416241 -0.153290 0.764159 10.031271 0.830290   0.000000
-0.198750 0.764254 -0.590368 0.166971 3.982977 -6.039954   0.000018
0.244042 0.863097 0.116029 0.426667 10.313341 -2.538676   0.000000
-0.660381 0.646030 -0.073590 0.375667 6.457430 3.946849   0.000000
-0.139693 0.423192 -0.396792 0.802465 0.101041 -5.534629   0.000000
0.339315 0.822343 0.379726 0.253822 -2.474552 5.179245   0.000000
0.037819 0.679982 -0.487917 0.546014 -1.003515 -9.660172   0.000000
0.407090 0.365433 0.076858 0.833564 0.062332 -13.390349   0.000000
0.137944 0.287613 0.548668 0.772796 -3.541349 2.340392   0.000000
0.381455 0.168684 0.240236 0.876541 -5.481237 -6.217906   0.000000
-0.263585 0.597965 0.397193 0.644359 -9.661054 -6.071275   0.000000
0.167698 0.584031 -0.519816 0.600481 1.390825 -0.323733   0.000000
0.080700 0.820081 -0.328951 0.461244 -7.911403 1.435285   0.000000
0.503529 0.526539 0.085650 0.679617 0.665619 -10.683076   0.000000
0.296282 0.737728 -0.048979 0.604629 2.227130 -9.356014   0.000126
0.288529 0.562159 -0.687632 0.357618 -1.940809 -4.420100   0.000000
-0.650248 0.042071 0.000199 0.758556 -0.896335 -1.060661   0.000000
-0.000230 0.305470 -0.070055 0.949621 2.890873 1.870185   0.000000
0.287399 0.588866 -0.383333 0.650918 -2.833765 6.179009   0.000000
-0.533784 0.760626 -0.244798 0.276760 2.208503 -0.550278   0.000000
0.582222 0.595443 -0.162662 0.529156 0.788952 4.654290   0.000000
0.255919 0.554988 -0.423107 0.668935 1.949293 -8.877440   0.000035
0.090182 0.433067 -0.062762 0.894640 -5.921552 -5.526069   0.000000
0.354458 0.406343 0.425676 0.726667 -3.346192 -1.088297   0.000000
0.097159 0.455094 0.790013 0.399160 1.433804 -7.606810   0.000001
-0.498812 0.838525 0.059868 0.210900 10.425446 3.386007   0.000000
0.351527 0.153752 -0.110482 0.916833 -5.457584 15.645612   0.000000
0.184170 0.884947 -0.342454 0.256270 0.616440 -4.642131   0.000000
-0.540537 0.490251 -0.434830 0.527633 -7.915326 -3.953097   0.000000
-0.486536 0.587361 -0.064217 0.643558 5.958852 -1.144216   0.000000
-0.045350 0.544365 -0.585097 0.599393 7.590499 -3.044196   0.000000
-0.796840 0.467091 -0.139899 0.356791 4.325565 -5.006819   0.000000
0.568173 0.535589 -0.035354 0.623758 6.848500 12.550593   0.000000
-0.009040 0.973896 -0.020204 0.225913 7.897559 3.401956   0.000000
-0.205047 0.436480 0.740095 0.468723 1.349667 -4.159616   0.000000
-0.094177 0.693292 -0.468932 0.539055 3.128028 8.690923   0.000000
0.071282 0.869674 -0.401844 0.277683 2.888661 -7.445879   0.000138
-0.135137 0.820190 0.378026 0.407581 2.331891 5.597351   0.000000
0.048723 0.271490 0.007779 0.961176 9.856722 4.665911   0.000000
-0.662136 0.567562 -0.191822 0.450170 9.036977 2.548288   0.000000
0.340893 0.849621 -0.199130 0.349689 5.881579 -2.614493   0.000000
0.580960 0.461368 -0.255986 0.619756 -1.105451 4.687019   0.000000
0.072341 0.488947 -0.646842 0.580769 -12.255017 7.949001   0.000000
0.292261 0.792883 -0.294839 0.446083 6.183769 5.367577   0.000000
0.276457 0.804534 -0.202213 0.485186 -2.257006 2.353881   0.000000
0.108047 0.931367 -0.007626 0.347597 -2.301305 1.507625   0.000000
0.435382 0.622561 0.338108 0.555467 -0.306246 3.639175   0.000000
-0.158514 0.206162 -0.552293 0.792050 -3.736051 8.748899   0.000000
0.095873 0.886573 -0.329175 0.310548 -8.846511 7.804623   0.000000
0.239680 0.301344 -0.640027 0.664914 -0.275392 -13.047808   0.000000
-0.328559 0.940778 0.060444 0.057729 -8.448297 4.283514   0.000000
0.225789 0.054463 -0.182210 0.955433 6.866906 -7.011301   0.000632
-0.566468 0.364692 -0.304821 0.673200 12.559864 8.441468   0.000000
0.272591 0.755901 -0.428599 0.413051 -0.669641 2.604083   0.000000
0.366937 0.545592 -0.135383 0.741187 -5.654565 6.902305   0.000000
0.141256 0.670984 -0.402796 0.606285 -1.708666 -1.804894   0.000000
-0.428898 0.347677 0.212031 0.806356 -4.257497 -11.101844   0.000000
-0.515829 0.249908 -0.237491 0.784261 -2.626195 1.459429   0.000000
-0.639023 0.270477 -0.160131 0.702032 2.403807 11.084434   0.000000
0.087135 0.919951 0.107600 0.366770 -7.503321 -6.814321   0.000000
-0.226097 0.145202 0.006740 0.963198 -4.213711 -4.608998   0.000000
-0.452714 0.346892 0.281294 0.771745 2.289792 -8.623049   0.000225
-0.362667 0.577792 -0.454802 0.572525 -4.755499 -6.609480   0.000000
0.172965 0.946489 0.165700 0.216301 -8.839307 3.599830   0.000000
-0.112292 0.874502 -0.386297 0.270946 1.327149 -2.646040   0.000000
-0.425783 0.668783 0.473889 0.383233 -9.776580 -3.736733   0.000000
0.567178 0.817621 -0.046636 0.087355 -1.524917 11.079568   0.000000
0.201221 0.947985 0.177692 0.171057 -2.755147 -3.297384   0.000000
0.056436 0.484891 0.612678 0.621547 5.447725 -2.197586   0.000000
-0.137044 0.840375 0.504560 0.142859 11.382124 -3.020931   0.000000
0.418271 0.904451 0.004673 0.083639 -1.626724 3.449989   0.000000
-0.478702 0.722028 -0.292187 0.405151 1.189026 -0.692331   0.000000
0.213546 0.281866 0.462319 0.813149 4.827851 -6.855985   0.001362
-0.176697 0.350284 -0.290528 0.872739 -4.655328 7.445998   0.000000
-0.485479 0.796261 -0.020998 0.360330 3.329130 3.651756   0.000000
0.179558 0.721815 -0.538489 0.395943 9.191624 6.941150   0.000000
0.095873 0.346658 0.377589 0.853266 -9.682574 -4.519113   0.000000
-0.081719 0.094238 -0.524409 0.842280 -2.806222 -10.365663   0.000000
0.180238 0.526641 -0.751939 0.353202 -0.566703 -5.031480   0.000000
0.359646 0.244128 -0.442069 0.784622 9.118205 5.844755   0.000000
-0.418331 0.765876 -0.251429 0.418589 0.391690 2.057703   0.000000
0.383315 0.671266 0.238095 0.588033 -7.416817 -4.254808   0.000000
-0.047853 0.622396 0.300640 0.721075 0.101475 -2.412371   0.000000
0.231056 0.393000 -0.647974 0.610158 0.908162 -6.735049   0.000000
-0.206374 0.482400 -0.191397 0.829498 -1.049115 -7.844244   0.000000
-0.215884 0.358880 0.672374 0.610338 1.775558 -4.137264   0.000000
-0.236652 0.961391 0.113114 0.083241 -0.638452 -1.443536   0.000000
-0.456371 0.576602 -0.498705 0.458856 -0.429213 9.717291   0.000000
-0.155386 0.919014 0.039386 0.360163 -5.329027 5.860702   0.000000
0.690304 0.240679 -0.144182 0.666908 8.660516 2.995319   0.000000
0.191326 0.762414 -0.548051 0.285937 -2.153846 -4.865528   0.000000
0.529851 0.508572 0.134016 0.665321 10.424256 -2.093614   0.000000
-0.083135 0.291503 -0.915404 0.264858 -13.040772 -0.577675   0.000000
-0.532825 0.776492 -0.044166 0.333478 -8.199406 -4.790852   0.000000
0.164664 0.261116 -0.723821 0.617080 -1.602504 -1.676625   0.000000
0.850688 0.487189 -0.058348 0.188608 2.572939 13.605789   0.000000
0.440213 0.774055 -0.335762 0.307109 11.327863 -1.340348   0.000000
-0.080015 0.489383 0.040171 0.867461 -8.451479 0.981849   0.000000
-0.155217 0.413809 -0.175255 0.879747 -7.767439 -11.947295   0.000000
0.374727 0.742631 -0.320510 0.453158 -6.107947 -8.695594   0.000000
0.013245 0.049079 -0.666478 0.743790 6.183231 -7.418930   0.015632
0.016386 0.620892 -0.369227 0.691301 7.594395 3.255451   0.000000
0.610495 0.744032 0.161084 0.218552 -0.234117 -10.181080   0.000000
0.248784 0.565487 -0.634203 0.464884 -0.202237 -0.190163   0.000000
-0.257416 0.388503 -0.512320 0.721339 -1.696835 -3.666654   0.000000
-0.340274 0.489703 -0.306251 0.742034 9.919894 7.878526   0.000000
0.574701 0.657438 -0.236599 0.426045 -5.717367 -6.091823   0.000000
0.778130 0.500839 -0.191712 0.326987 -0.092241 8.795888   0.000000
0.095413 0.488143 -0.176847 0.849316 3.750030 1.063973   0.000000
-0.029041 0.902018 0.174742 0.393682 1.134855 -5.450408   0.000000
-0.291528 0.361052 0.366707 0.806336 -0.929214 -2.685211   0.000000
-0.292108 0.508133 -0.180355 0.789903 -1.087331 -0.957546   0.000000
-0.294057 0.233651 -0.283411 0.882392 -5.282968 8.872578   0.000000
0.025417 0.182399 0.844538 0.502832 -5.094194 2.488239   0.000000
0.055470 0.291159 -0.837471 0.459121 -6.126137 -10.359577   0.000000
0.387142 0.759549 -0.446000 0.272563 -5.675681 9.903807   0.000000
-0.309488 0.920902 0.131376 0.197222 1.210079 10.937361   0.000000
-0.072300 0.560588 -0.772473 0.289481 6.162866 9.233484   0.000000
0.558090 0.534239 -0.100013 0.626994 0.848957 -7.459066   0.000000
-0.232457 0.931765 0.165304 0.224617 -4.362156 1.306027   0.000000
0.285423 0.477799 -0.143050 0.818400 -5.111870 5.517161   0.000000
0.040890 0.167595 -0.585764 0.791910 -6.925460 -1.762417   0.000000
-0.169029 0.491371 -0.546655 0.656622 3.770358 6.321805   0.000000
-0.102115 0.821584 -0.535567 0.166552 -0.258717 5.917404   0.000000
0.075229 0.749778 -0.019424 0.657112 -8.885169 -4.768415   0.000000
0.089206 0.347211 -0.623098 0.695152 -0.141464 -5.240502   0.000000
-0.055413 0.875907 -0.264473 0.399713 -6.613532 -10.009461   0.000000
0.488624 0.549659 0.368715 0.568482 6.744607 -5.073897   0.000000
0.044047 0.584369 -0.038138 0.809394 -5.823251 2.727459   0.000000
0.358638 0.711767 0.505099 0.331121 7.406152 -3.074503   0.000000
0.062586 0.331365 -0.325869 0.883227 0.146693 -4.267821   0.000000
0.218556 0.469084 -0.176624 0.837256 6.009705 5.819041   0.000000
0.073882 0.814451 0.227714 0.528543 1.191851 5.165133   0.000000
-0.025134 0.626688 -0.473404 0.618481 -3.545843 -6.334211   0.000000
-0.059381 0.452584 0.414654 0.787212 -9.728210 -9.683859   0.000000
0.158713 0.458553 -0.584220 0.650559 -6.562137 -3.169302   0.000000
-0.123279 0.799419 -0.067851 0.584062 -8.383382 -2.531361   0.000000
0.242708 0.179167 -0.061367 0.951434 3.745501 -2.598808   0.000000
0.001022 0.301185 -0.298940 0.905495 -4.461685 7.551881   0.000000
0.147801 0.835196 -0.419695 0.323200 -0.838232 -1.575981   0.000000
-0.087326 0.868682 0.094115 0.478443 -13.845923 -4.605364   0.000000
-0.443564 0.143816 -0.216973 0.857608 2.947259 -0.688522   0.000000
0.025561 0.555838 -0.485569 0.674251 3.562819 7.954693   0.000000
-0.487030 0.070901 0.061609 0.868320 0.251920 3.860166   0.000000
-0.691289 0.413655 0.045640 0.590700 1.907212 1.179496   0.000000
0.509962 0.533876 0.012789 0.674353 -5.014256 9.184924   0.000000
0.141093 0.393836 0.711484 0.564603 -3.648070 -6.490360   0.000000
0.122846 0.531506 0.302733 0.781513 -2.178854 11.731221   0.000000
0.252562 0.541567 -0.182932 0.780675 -5.759952 0.600600   0.000000
0.236929 0.699793 -0.379464 0.556921 2.816265 3.239221   0.000000
0.561168 0.661743 0.321672 0.379096 -6.140278 8.440698   0.000000
-0.090047 0.411363 -0.881977 0.211634 -6.940275 -4.109888   0.000000
0.109050 0.664886 -0.268466 0.688448 9.664906 -5.183167   0.000000
0.453125 0.777545 0.086644 0.427311 4.774278 8.277454   0.000000
-0.235343 0.922441 0.238443 0.191993 13.570994 3.900676   0.000000
-0.578377 0.128821 -0.139947 0.793284 -4.437074 1.166356   0.000000
0.165441 0.345618 -0.358970 0.851069 2.076182 -2.272632   0.000000
0.548672 0.314813 -0.090406 0.769206 9.855752 -7.916252   0.000002
-0.228546 0.716497 -0.034542 0.658184 -10.163695 -6.400083   0.000000
-0.102494 0.053095 -0.170556 0.978564 4.888062 4.855369   0.000000
0.712025 0.378420 -0.059105 0.588493 -9.643352 -9.722021   0.000000
-0.404790 0.452920 -0.070202 0.791252 1.743816 6.784162   0.000000
-0.058397 0.767447 -0.610324 0.187405 -0.961985 -6.608700   0.000000
-0.292099 0.864352 0.270045 0.307651 2.665991 -0.340461   0.000000
0.311521 0.867584 -0.334384 0.196063 -4.360266 0.550276   0.000000
-0.111771 0.401738 0.484092 0.769265 -6.562635 0.337859   0.000000
0.395375 0.503397 -0.473684 0.604892 -10.350536 7.511671   0.000000
0.158882 0.635450 -0.679988 0.329509 5.580940 -0.758837   0.000000
0.402275 0.587475 0.200579 0.672916 1.414975 -6.531962   0.000000
-0.285625 0.356842 0.040236 0.888517 -3.496445 3.154023   0.000000
0.397590 0.490939 -0.154022 0.759723 4.878013 -10.111770   0.033416
0.490386 0.470546 -0.054727 0.731514 -10.041065 -8.326231   0.000000
-0.110404 0.270313 -0.650046 0.701556 -1.533753 8.665189   0.000000
0.785477 0.159747 -0.039819 0.596591 6.955697 5.308725   0.000000
0.121395 0.649496 -0.631377 0.405933 3.426845 -3.983798   0.000000
-0.080618 0.396049 -0.877228 0.259070 3.712863 0.506977   0.000000
0.580366 0.810466 0.060968 0.051025 10.986284 9.458187   0.000000
0.135628 0.411927 -0.501412 0.748670 0.905485 -9.393997   0.000000
-0.100044 0.673607 0.511758 0.523784 -5.486602 4.168718   0.000000
-0.634057 0.648935 -0.191515 0.374401 -5.870964 -5.261532   0.000000
0.190484 0.764121 0.594954 0.160825 -8.902348 5.281817   0.000000
0.506334 0.509025 -0.097009 0.689281 4.142762 -2.753542   0.000000
0.031204 0.279551 -0.611820 0.739293 -4.034434 -9.083584   0.000000
0.213237 0.540504 0.062319 0.811481 -5.524148 -2.593768   0.000000
-0.224543 0.677897 0.663312 0.223726 5.044948 7.328198   0.000000
0.236243 0.316304 -0.408732 0.822848 -6.303763 3.796449   0.000000
-0.168920 0.888398 -0.415078 0.099629 8.408061 5.335956   0.000000
-0.282023 0.063823 -0.141349 0.946789 9.737248 7.336427   0.000000
-0.288524 0.131760 -0.380542 0.868666 -11.128655 -2.168889   0.000000
0.127319 0.347604 0.826075 0.424925 3.878778 -1.696958   0.000000
-0.455824 0.205381 -0.136805 0.855177 -2.652939 -5.450322   0.000000
0.795755 0.419781 0.029039 0.435563 0.909098 -0.685191   0.000000
-0.760275 0.635871 -0.069520 0.113214 -8.376848 3.099478   0.000000
0.452370 0.660886 0.113218 0.588024 4.358972 -8.519422   0.012712
-0.158362 0.624954 -0.450149 0.617834 -10.456502 9.095668   0.000000
0.111595 0.304239 -0.227249 0.918337 0.997597 -2.640610   0.000000
0.010900 0.649625 -0.457954 0.606751 8.150087 -1.174235   0.000000
0.423402 0.814089 -0.255437 0.304537 -11.745051 -3.986918   0.000000
-0.261042 0.391413 -0.349578 0.810215 -7.303008 1.185357   0.000000
-0.454621 0.773408 0.246196 0.366805 2.952476 4.552749   0.000000
-0.280250 0.445748 -0.665059 0.529590 6.377918 8.948846   0.000000
0.393588 0.806328 0.180242 0.403034 0.613620 -3.902297   0.000000
0.251064 0.796839 -0.480172 0.267300 -0.108349 3.177864   0.000000
0.237426 0.511178 -0.686024 0.460105 -5.263969 9.057567   0.000000
-0.574928 0.416072 -0.201546 0.675072 5.786020 -3.793764   0.000000
0.454639 0.426061 0.403649 0.669958 -10.355205 -8.945930   0.000000
0.748680 0.372058 -0.142367 0.529890 -9.661301 -4.471803   0.000000
0.500455 0.697823 -0.307973 0.409562 0.332804 -9.820548   0.000000
-0.099556 0.202166 0.291386 0.929683 4.450422 -11.527233   0.000638
0.272813 0.671696 0.352859 0.591513 -6.454734 -6.505073   0.000000
0.887447 0.315919 0.064610 0.329331 6.715371 -10.164889   0.023339
0.076009 0.974976 0.204701 0.041748 1.848983 6.947491   0.000000
0.166106 0.686011 0.431173 0.562039 -7.810009 -3.060134   0.000000
0.155768 0.562520 -0.711251 0.391700 -4.542830 -1.547538   0.000000
-0.299784 0.572552 0.568187 0.509390 -10.124330 -6.849434   0.000000
0.135739 0.464878 0.022191 0.874626 -4.900120 -5.830322   0.000000
-0.222558 0.425474 -0.736377 0.476642 9.283572 3.599933   0.000000
-0.189374 0.655650 -0.490132 0.542246 10.181667 1.954671   0.000000
-0.284881 0.819929 -0.294837 0.399538 4.662654 8.780802   0.000000
0.556321 0.583235 0.236861 0.542439 6.640602 -0.643923   0.000000
0.246198 0.907225 0.023135 0.340286 -4.382850 8.777077   0.000000
0.086002 0.333882 0.696359 0.629453 -4.678877 -0.405771   0.000000
0.211654 0.451000 -0.740044 0.451815 -0.016718 8.538873   0.000000
-0.342027 0.922849 0.116740 0.133185 -5.010608 -7.323569   0.000000
0.560817 0.805463 0.075568 0.176074 2.619114 6.877559   0.000000
0.351826 0.400184 0.126148 0.836755 -2.442241 3.489119   0.000000
-0.399110 0.319424 0.319719 0.797784 -5.621292 -7.825831   0.000000
0.331629 0.602975 -0.449197 0.569795 -3.511479 -7.420214   0.000000
0.363767 0.432718 -0.548370 0.616214 5.310995 -2.108070   0.000000
0.629538 0.495066 0.105934 0.589381 1.156442 0.797458   0.000000
0.002619 0.748056 0.063356 0.660599 -8.472327 -0.277444   0.000000
-0.084861 0.197069 -0.256128 0.942529 -6.513236 0.147743   0.000000
-0.132817 0.220805 -0.492493 0.831298 8.225114 5.846498   0.000000
-0.327118 0.521605 -0.443213 0.651525 8.743191 -4.135385   0.000000
-0.317393 0.860144 -0.350767 0.190728 -5.911549 9.139121   0.000000
0.224602 0.868613 0.291987 0.331373 -1.004861 -5.075141   0.000000
0.190503 0.178231 0.023489 0.965086 -0.880911 6.750002   0.000000
0.376129 0.820311 -0.186064 0.388583 -2.113512 7.927617   0.000000
-0.027063 0.031485 -0.259450 0.964864 1.525875 -5.421584   0.000000
0.201065 0.719042 -0.449981 0.489967 -7.083485 -4.748404   0.000000
0.382762 0.485831 -0.452725 0.642263 8.188309 8.918415   0.000000
-0.825463 0.497750 0.100089 0.246654 1.579558 4.818994   0.000000
0.427765 0.859851 -0.115220 0.253767 -4.007163 1.826894   0.000000
-0.834955 0.451478 0.110701 0.294555 -1.791528 -9.380582   0.000000
0.262916 0.686185 -0.466781 0.492079 -9.650608 6.479799   0.000000
0.325258 0.689223 -0.487643 0.425892 -8.298358 6.480913   0.000000
-0.104389 0.136229 -0.602032 0.779809 7.409733 -4.218645   0.000000
-0.242075 0.444062 -0.564366 0.652457 2.136657 3.018031   0.000000
-0.489293 0.399564 -0.157382 0.759060 10.830093 -7.560816   0.000000
0.194625 0.607213 -0.042673 0.769151 2.726553 8.832697   0.000000
0.074191 0.740717 0.044410 0.666230 3.618194 6.908705   0.000000
0.092890 0.839221 0.152034 0.513775 8.786693 -2.072190   0.000000
0.379833 0.466260 -0.259484 0.755643 -6.117434 -0.104574   0.000000
-0.457818 0.561636 0.166737 0.668705 -2.556322 8.301721   0.000000
0.905651 0.329160 -0.015016 0.266878 -2.261655 -2.052571   0.000000
-0.044121 0.861425 -0.504720 0.035481 10.825354 -9.447602   0.000000
0.133166 0.788462 0.134996 0.585125 3.087062 3.885202   0.000000
0.414047 0.599433 -0.442921 0.522557 -1.176288 4.382573   0.000000
0.380973 0.912257 0.031692 0.147117 -2.093161 -2.658637   0.000000
0.212745 0.804592 0.085816 0.547729 1.156990 -5.466408   0.000000
-0.508116 0.288463 -0.090113 0.806528 -7.897663 7.314853   0.000000
0.141897 0.428939 -0.590094 0.669078 -5.812140 -0.979827   0.000000
0.550526 0.463661 0.111798 0.685157 7.427433 -1.241025   0.000000
-0.141731 0.572663 0.041568 0.806375 5.217632 -3.204480   0.000000
-0.020373 0.290701 0.739865 0.606365 -3.564360 -4.786337   0.000000
-0.264159 0.359830 0.583163 0.678722 -10.195407 2.255895   0.000000
0.357472 0.870037 -0.276417 0.197089 6.852918 1.902305   0.000000
-0.160233 0.843888 -0.442510 0.257609 9.781093 -4.701284   0.000000
0.031467 0.980208 -0.191478 0.039213 -6.199642 -11.558889   0.000000
0.087956 0.843174 -0.514978 0.126962 -2.341407 7.499071   0.000000
-0.190840 0.422872 -0.094188 0.880845 -7.080651 1.017237   0.000000
0.039980 0.741409 0.502021 0.443497 -7.720976 -4.763185   0.000000
0.273896 0.890250 -0.117192 0.344532 -1.455271 -4.088927   0.000000
0.747162 0.628651 0.018710 0.214934 5.735458 6.627092   0.000000
0.130726 0.196087 0.757588 0.608705 4.107463 6.486464   0.000000
-0.167145 0.429561 -0.448941 0.765501 -10.728763 -9.081749   0.000000
0.095614 0.615614 0.441374 0.645807 7.135814 8.059809   0.000000
0.223618 0.361234 0.384546 0.819530 -9.247213 -3.876290   0.000000
0.803434 0.467715 0.038796 0.366376 4.968268 9.234122   0.000000
0.389443 0.384237 -0.317073 0.774700 13.076549 10.404760   0.000000
-0.021551 0.732435 -0.543392 0.409633 -5.637010 -0.988756   0.000000
-0.015658 0.624697 -0.743692 0.237553 14.846730 1.169698   0.000000
0.660197 0.283689 0.245346 0.650742 11.698569 10.810590   0.000000
-0.705781 0.619204 0.205340 0.276216 -4.622104 -6.071811   0.000000
-0.050492 0.407391 -0.650996 0.638503 -3.473429 10.082062   0.000000
-0.184235 0.255545 0.017222 0.948925 0.640467 -2.306458   0.000000
0.597448 0.454044 -0.370822 0.547166 5.516447 4.511243   0.000000
0.022139 0.073627 -0.655850 0.750966 0.139382 3.161092   0.000000
0.519913 0.655726 0.113103 0.535651 9.686168 -3.149623   0.000000
0.193385 0.695297 0.453394 0.523067 -6.765052 6.862976   0.000000
0.637198 0.170373 -0.169518 0.732267 -2.051360 9.056819   0.000000
0.681878 0.726612 -0.047306 0.069569 10.066620 -12.500510   0.000000
0.144613 0.808284 -0.416553 0.390190 -3.085530 -0.904612   0.000000
0.060027 0.358151 -0.354300 0.861740 8.011643 2.876542   0.000000
0.000672 0.641961 0.759620 0.104221 -3.049542 7.078839   0.000000
-0.264457 0.717275 -0.305679 0.567573 -4.525358 -9.185886   0.000000
-0.288351 0.922980 -0.143934 0.210346 -0.144408 -6.098005   0.000000
-0.212659 0.524664 0.482619 0.668269 4.894480 3.731136   0.000000
0.195291 0.260658 0.135362 0.935733 -3.985699 10.368493   0.000000
0.725192 0.411027 -0.198892 0.515360 -4.933655 10.622147   0.000000
0.052868 0.946601 -0.052499 0.313680 2.417296 -13.233691   0.000000
0.383514 0.859829 0.019574 0.336495 -6.967467 10.866514   0.000000
-0.083513 0.357617 -0.843769 0.391394 -1.981595 -3.592968   0.000000
-0.228268 0.776758 -0.455715 0.369953 -2.487418 9.259498   0.000000
0.546118 0.566339 0.353301 0.506156 -8.109772 2.839071   0.000000
0.564622 0.518745 0.395989 0.505271 -6.970919 7.657669   0.000000
-0.044028 0.956028 0.094975 0.273954 -4.620358 -1.939279   0.000000
0.064945 0.401111 -0.699754 0.587568 -6.230226 1.622870   0.000000
-0.498442 0.608001 -0.127011 0.604780 -0.772804 -6.245732   0.000000
-0.018426 0.167778 -0.638090 0.751234 -9.533783 6.029821   0.000000
-0.344588 0.137186 -0.101201 0.923145 -0.105173 1.497425   0.000000
0.148943 0.265042 -0.742300 0.597126 4.484922 -3.328029   0.000000
0.572671 0.493276 -0.228439 0.613630 -11.618534 6.683512   0.000000
0.482827 0.458621 -0.414678 0.620151 -0.456593 7.619203   0.000000
0.517766 0.716527 -0.092591 0.458186 -5.672839 1.983494   0.000000
0.215349 0.483472 -0.036545 0.847670 -4.173544 -0.422842   0.000000
0.412192 0.539991 -0.270211 0.682271 2.441689 -4.755978   0.000000
0.483214 0.147805 0.016208 0.862784 -1.357593 0.887554   0.000000
-0.534355 0.820748 -0.050570 0.195653 4.197876 1.101531   0.000000
0.280435 0.838029 -0.393887 0.252817 -0.835326 2.796562   0.000000
-0.395815 0.462109 -0.119737 0.784506 2.762073 -9.606848   0.000463
0.562483 0.800492 0.091982 0.185377 -6.880580 -7.744724   0.000000
0.021957 0.995200 -0.085550 0.042144 6.849858 7.089744   0.000000
0.303238 0.654803 0.213140 0.658674 -4.225451 -4.431291   0.000000
-0.082953 0.988811 -0.056486 0.110370 -4.466001 6.999153   0.000000
0.555902 0.366407 -0.046968 0.744656 9.442307 1.405377   0.000000
0.281522 0.720981 -0.501839 0.386120 5.838515 13.318532   0.000000
0.058331 0.207515 -0.274608 0.937084 -7.189452 -11.245505   0.000000
-0.224352 0.580215 -0.649797 0.436784 7.262523 9.720399   0.000000
0.194167 0.406018 -0.597779 0.663408 -8.209972 7.705695   0.000000
0.059646 0.273888 0.880270 0.382821 7.761702 -8.500990   0.004764
-0.369858 0.786763 0.385226 0.309531 -4.747179 -2.100138   0.000000
0.385452 0.575797 -0.520000 0.499484 -2.699271 -6.372072   0.000000
-0.183164 0.127319 0.323365 0.919606 7.062096 -4.017485   0.000000
0.351488 0.214223 -0.425347 0.806006 7.770893 -8.618808   0.001601
0.295441 0.735648 0.212734 0.571210 -8.672069 -2.562395   0.000000
-0.174112 0.712965 0.019775 0.678951 -2.398548 8.407229   0.000000
0.091803 0.166794 -0.719550 0.667832 8.455048 5.764296   0.000000
0.506611 0.136591 0.098261 0.845597 10.904781 -1.534300   0.000000
-0.081458 0.113207 -0.252001 0.957624 -2.835672 6.886916   0.000000
0.074030 0.013745 0.100415 0.992092 -4.526012 -2.881019   0.000000
0.893818 0.233362 -0.018115 0.382496 -6.276920 1.808565   0.000000
-0.010897 0.737244 0.250041 0.627560 -9.847897 2.351968   0.000000
0.064064 0.752503 0.538114 0.374257 6.695834 -10.123093   0.031363
-0.297375 0.431763 -0.303606 0.795595 1.303112 9.904535   0.000000
0.142085 0.851251 0.323959 0.387601 -8.504415 -1.394627   0.000000
-0.281392 0.341465 0.504039 0.741731 8.053685 10.048294   0.000000
-0.051878 0.703213 -0.538117 0.461769 -4.205121 7.767790   0.000000
-0.159095 0.800484 0.312364 0.486152 -6.499642 -5.304187   0.000000
-0.676511 0.678088 0.086850 0.273837 -4.442803 7.189693   0.000000
0.048429 0.962376 -0.202831 0.174203 -4.619293 5.344127   0.000000
0.166743 0.979324 -0.082078 0.079907 -3.827045 7.151477   0.000000
-0.162838 0.717631 0.450865 0.505184 1.914724 -1.810174   0.000000
0.538210 0.752991 -0.205342 0.318072 4.265193 -6.266826   0.000041
0.097086 0.676201 -0.650512 0.331904 -4.830605 6.412939   0.000000
0.394262 0.449331 0.204786 0.775062 7.839325 8.073784   0.000000
0.251631 0.215402 -0.481509 0.811439 9.345674 -6.306526   0.000000
0.290607 0.802329 -0.220332 0.472514 2.441000 2.417316   0.000000
0.006186 0.721812 -0.359985 0.591066 3.933850 -1.612000   0.000000
-0.137937 0.842422 -0.493816 0.165662 0.567554 -2.959858   0.000000
0.370405 0.106540 -0.198385 0.901162 -5.722237 -6.041440   0.000000
-0.056451 0.801509 -0.188755 0.564595 -6.729745 -8.991222   0.000000
-0.334160 0.930440 -0.039708 0.145056 -5.986703 10.084774   0.000000
0.706950 0.366477 0.042532 0.603412 -5.092922 -4.644905   0.000000
-0.127097 0.380448 0.055685 0.914333 -3.098321 0.068251   0.000000
0.124648 0.902534 0.093581 0.401420 2.850476 12.106484   0.000000
0.254112 0.295694 -0.683026 0.617631 -10.608856 -3.783937   0.000000
0.690346 0.380832 -0.204506 0.580143 -1.175282 -1.973064   0.000000
0.392427 0.857721 0.257148 0.210214 -10.835851 -4.765895   0.000000
0.250340 0.320235 -0.509738 0.758252 -6.811405 8.544071   0.000000
0.024808 0.769756 -0.113462 0.627683 -8.786011 3.163776   0.000000
-0.545040 0.527821 0.416438 0.500914 -6.761876 8.858764   0.000000
0.382176 0.514322 -0.567399 0.517178 -4.076683 10.183307   0.000000
0.211371 0.242461 -0.681329 0.657515 -5.678920 -3.764923   0.000000
-0.440997 0.347595 -0.235665 0.793197 5.026576 9.832662   0.000000
-0.387755 0.630451 0.504816 0.444228 -8.720179 -6.356239   0.000000
0.195314 0.844588 0.472152 0.159989 -9.640262 11.467009   0.000000
0.326315 0.916710 -0.194519 0.123787 -9.011567 3.242966   0.000000
-0.460047 0.220109 -0.234477 0.827604 -3.649105 8.404425   0.000000
0.275845 0.405755 -0.676746 0.548896 3.062930 7.845723   0.000000
0.008297 0.769488 -0.003790 0.638596 -7.064362 3.696135   0.000000
-0.443291 0.209004 -0.184528 0.851915 2.034453 3.500223   0.000000
0.063791 0.652525 -0.734763 0.173967 5.694101 -10.036871   0.121062
0.838743 0.528692 0.036706 0.125089 3.092022 3.927163   0.000000
0.290999 0.937659 -0.091863 0.166360 5.690314 14.539502   0.000000
0.245739 0.827559 -0.153941 0.480687 -5.517160 -1.117491   0.000000
0.261074 0.912954 0.247426 0.192708 -5.324693 -6.771360   0.000000
-0.353923 0.253301 -0.455936 0.776337 -5.681704 -4.191933   0.000000
-0.078083 0.105160 -0.669130 0.731512 -5.071718 -0.256618   0.000000
-0.055786 0.815296 -0.356324 0.453006 -5.050641 -2.979422   0.000000
0.767538 0.342879 -0.128422 0.526144 -7.509989 12.899203   0.000000
0.093229 0.960454 0.040971 0.259148 -2.713962 8.256151   0.000000
0.086698 0.265035 -0.721479 0.633804 -2.685103 8.136470   0.000000
-0.463242 0.724963 0.242061 0.448600 -0.747603 -0.810371   0.000000
0.320322 0.622935 -0.088531 0.708173 3.141251 -0.510374   0.000000
-0.092565 0.244560 -0.589161 0.764534 -3.053456 -0.409124   0.000000
0.403472 0.450305 0.300808 0.737530 -7.967230 -8.595354   0.000000
0.199339 0.828376 0.162800 0.497546 7.190951 2.406390   0.000000
-0.115051 0.672439 -0.337874 0.648406 7.932310 0.635487   0.000000
0.337810 0.229976 0.417552 0.811570 -4.367703 -6.114815   0.000000
-0.307135 0.027424 -0.052037 0.949846 -3.390628 -4.030293   0.000000
0.027954 0.898729 -0.429749 0.082584 -9.397191 2.084361   0.000000
0.344992 0.300499 0.579220 0.674674 -12.957626 5.241793   0.000000
-0.820822 0.497013 0.076334 0.270930 -3.311161 3.631194   0.000000
-0.183707 0.471786 0.446396 0.737835 -6.929506 -2.626095   0.000000
0.570835 0.496406 -0.371240 0.538432 0.222759 6.577547   0.000000
0.584533 0.272672 -0.269938 0.714916 -3.881707 10.797378   0.000000
-0.538420 0.247650 -0.206080 0.778655 -0.190717 0.818107   0.000000
-0.714163 0.520364 0.165475 0.437962 -3.190328 -7.301479   0.000000
-0.222091 0.304572 -0.355660 0.855229 8.213559 2.356180   0.000000
0.640454 0.211645 0.062635 0.735596 5.575320 -6.720032   0.001690
-0.197478 0.176361 -0.191247 0.945158 6.585472 -3.455853   0.000000
0.091428 0.214382 -0.835308 0.497937 -4.805092 1.375526   0.000000
0.190977 0.924676 -0.320003 0.078102 -8.958942 2.754706   0.000000
0.003292 0.284759 -0.609196 0.740122 -2.452207 -3.165847   0.000000
0.099356 0.809184 -0.563147 0.134966 4.336475 3.013694   0.000000
0.197488 0.700243 -0.408459 0.551198 -3.874414 -7.414086   0.000000
0.398132 0.868898 -0.192923 0.222008 5.466911 -8.509937   0.044972
-0.899406 0.258470 -0.096740 0.338973 2.468576 3.680564   0.000000
0.086894 0.210120 -0.667932 0.708636 6.388302 6.861156   0.000000
-0.195512 0.340510 -0.353840 0.848896 -5.892190 -7.771673   0.000000
0.674553 0.371134 -0.055627 0.635722 2.414548 5.860158   0.000000
0.390043 0.661637 0.240839 0.593380 0.730531 4.709898   0.000000
0.690076 0.661454 -0.172125 0.238005 1.144448 3.601670   0.000000
-0.423493 0.546335 -0.314129 0.650764 -10.943339 2.626786   0.000000
0.538805 0.509040 0.240673 0.626613 2.919673 4.159591   0.000000
0.246502 0.343581 -0.107733 0.899768 0.106145 -10.916327   0.000000
-0.516699 0.724743 0.352756 0.288674 5.454863 3.199349   0.000000
-0.850969 0.229566 -0.105763 0.460398 -4.651009 -2.201863   0.000000
0.690390 0.674516 0.179365 0.190311 -4.646784 -8.841392   0.000000
-0.301474 0.361719 -0.189671 0.861567 0.454001 -1.965659   0.000000
0.486277 0.728494 0.098663 0.472331 8.081699 -8.023101   0.000494
0.493431 0.761868 -0.254579 0.333576 -5.380998 9.007017   0.000000
0.394476 0.753872 -0.314331 0.421025 -2.316810 -8.223663   0.000000
0.030653 0.856598 0.057434 0.511860 -6.551920 6.326040   0.000000
0.137883 0.728083 -0.431455 0.514519 7.546607 1.996037   0.000000
0.291129 0.304234 -0.230645 0.877205 13.379956 0.484170   0.000000
0.221680 0.504936 -0.710615 0.436948 -0.927934 -2.037477   0.000000
0.712145 0.281273 0.029381 0.642551 5.048762 3.137919   0.000000
-0.286557 0.621963 0.492291 0.537305 -5.283054 -4.591537   0.000000
0.122611 0.201259 -0.785614 0.572078 0.652239 10.497477   0.000000
0.320258 0.327751 -0.310051 0.832996 -0.811221 2.706726   0.000000
-0.033933 0.431574 0.012250 0.901356 10.120243 -0.113483   0.000000
-0.420791 0.541765 -0.346448 0.639843 -9.482666 -3.771201   0.000000
0.845470 0.490302 0.056758 0.203870 -2.990974 5.342022   0.000000
-0.446835 0.192462 -0.119378 0.865474 -0.298818 -4.782890   0.000000
0.481397 0.371288 -0.072383 0.790673 -6.944572 4.727457   0.000000
-0.000684 0.442644 0.895615 0.044036 5.759423 -9.600202   0.014842
0.567644 0.553760 -0.323790 0.516033 0.565771 9.982655   0.000000
0.051058 0.983077 -0.128494 0.120175 -7.560011 -9.295641   0.000000
0.331527 0.241894 0.403488 0.817786 -10.982611 0.957452   0.000000
0.101148 0.454689 -0.416572 0.780702 6.161622 0.741372   0.000000
0.750211 0.391634 -0.036575 0.531477 5.273296 5.271938   0.000000
0.436914 0.207907 -0.312242 0.817549 3.390030 9.922341   0.000000
-0.271595 0.449994 -0.519561 0.673645 -2.165253 -5.492488   0.000000
0.474853 0.397938 0.293820 0.727894 0.745966 -4.791238   0.000000
-0.599672 0.642268 0.216274 0.425571 5.010502 2.843528   0.000000
-0.189152 0.223906 0.451889 0.842546 -0.672291 9.699271   0.000000
0.057842 0.175717 -0.834324 0.519308 1.489903 -0.822313   0.000000
0.288367 0.711076 -0.048020 0.639461 1.016791 1.471425   0.000000
-0.025189 0.752588 0.001203 0.658009 -1.361514 8.193069   0.000000
0.076407 0.094041 -0.726162 0.676763 -5.395088 9.303512   0.000000
-0.093386 0.641765 -0.291185 0.703298 -8.598931 -8.677589   0.000000
0.149720 0.971303 -0.062287 0.173994 -5.284519 -8.559997   0.000000
0.273413 0.362445 0.157332 0.876998 -2.875491 -5.552658   0.000000
0.112718 0.273559 0.473243 0.829759 -8.591587 -7.831490   0.000000
-0.089047 0.355764 -0.311951 0.876464 -0.252461 -5.180346   0.000000
-0.472039 0.430525 -0.214710 0.738733 0.299253 -4.485071   0.000000
0.663707 0.351820 -0.228962 0.619105 -11.060851 -9.312752   0.000000
-0.559095 0.742404 -0.276447 0.244595 1.151703 10.510884   0.000000
0.205571 0.116435 -0.440305 0.866208 4.471854 -1.964837   0.000000
0.078964 0.783346 -0.306602 0.534911 7.892326 4.543924   0.000000
0.014594 0.241754 -0.839600 0.486224 -7.745452 -2.867609   0.000000
-0.712251 0.395455 -0.211046 0.540161 -11.666249 -1.420335   0.000000
-0.170352 0.123922 -0.409237 0.887777 6.980724 -6.842300   0.000398
0.761666 0.520914 -0.128828 0.363203 -7.004627 -5.862773   0.000000
-0.060882 0.920222 0.378905 0.076913 8.613550 3.536297   0.000000
-0.302590 0.885444 0.160934 0.313891 -4.715398 2.411655   0.000000
-0.265840 0.855719 -0.117822 0.428009 3.508412 -6.468941   0.000036
0.180919 0.314364 -0.435823 0.823713 -5.381311 2.415756   0.000000
-0.151103 0.501314 -0.575187 0.628500 1.766278 -3.745056   0.000000
0.185956 0.539508 -0.032771 0.820535 6.071950 9.337912   0.000000
-0.475994 0.398231 -0.186740 0.761558 1.297892 -9.511482   0.000002
-0.682682 0.626344 0.027233 0.375362 -9.000602 4.629411   0.000000
0.205135 0.397647 0.786090 0.426449 -6.293772 2.154116   0.000000
-0.235863 0.900515 0.240655 0.274820 6.730494 -4.396360   0.000000
0.523539 0.531844 -0.462531 0.478659 6.916550 -9.989096   0.059448
-0.069007 0.679976 -0.143953 0.715646 -1.708213 -4.624552   0.000000
0.409076 0.884832 -0.135170 0.177365 -0.303203 -4.891218   0.000000
0.065010 0.820752 -0.553674 0.124842 -7.075247 -6.565046   0.000000
0.031696 0.787707 0.395048 0.471645 -9.532305 5.971247   0.000000
-0.039995 0.663243 0.062811 0.744690 -7.821568 -0.915167   0.000000
-0.351783 0.354914 -0.280490 0.819518 -7.551718 -2.191345   0.000000
0.224621 0.742328 -0.556781 0.297472 -6.776507 0.482426   0.000000
0.282815 0.892719 -0.030396 0.349492 7.985246 -1.370659   0.000000
0.487055 0.730507 -0.002233 0.478678 11.347533 2.604942   0.000000
0.190509 0.778100 0.238824 0.548844 0.553252 -2.765433   0.000000
-0.252367 0.774943 0.495241 0.300850 -1.419949 2.836146   0.000000
0.176908 0.953825 -0.078733 0.229616 0.147911 5.156422   0.000000
-0.371994 0.647734 -0.553673 0.368113 -0.636107 -0.523634   0.000000
-0.186423 0.109366 -0.419814 0.881500 -4.124979 -8.579504   0.000000
-0.038100 0.823300 -0.115243 0.554476 -5.415505 8.328767   0.000000
0.314803 0.715105 -0.079784 0.618998 -1.267493 0.141013   0.000000
0.022279 0.824699 -0.256085 0.503781 0.072538 5.611476   0.000000
0.494779 0.572211 -0.119006 0.643122 8.057940 10.841992   0.000000
-0.543596 0.506995 -0.070681 0.665179 -5.579206 -2.769174   0.000000
0.500571 0.522237 -0.228103 0.651664 0.738544 4.147415   0.000000
-0.335349 0.201717 -0.187171 0.901010 -6.639881 0.647975   0.000000
0.042515 0.121260 0.063192 0.989695 1.765869 -5.355445   0.000000
-0.128599 0.832083 -0.448690 0.299630 11.581657 1.078375   0.000000
-0.265121 0.772746 -0.060868 0.573472 -1.524575 -6.276462   0.000000
0.484479 0.775747 -0.302422 0.268398 4.289150 3.996908   0.000000
0.716656 0.263566 -0.207648 0.611408 7.742776 -2.938933   0.000000
-0.483704 0.161581 -0.224159 0.830467 8.200019 3.732387   0.000000
-0.147873 0.354288 -0.774223 0.503182 -4.863134 5.086328   0.000000
0.767833 0.493901 -0.220735 0.343177 -11.697770 -1.903456   0.000000
0.448384 0.804404 -0.038790 0.387790 4.068929 -10.275466   0.005414
0.099442 0.285411 -0.299282 0.905031 -3.540166 9.154863   0.000000
-0.323677 0.903055 -0.082632 0.269993 -12.838058 -3.745649   0.000000
-0.005749 0.629958 -0.771095 0.092367 -0.942330 3.979722   0.000000
-0.493564 0.700225 -0.366303 0.363183 6.020056 -4.104885   0.000000
0.162706 0.904019 0.297755 0.260035 4.217494 4.702509   0.000000
0.162012 0.919662 0.352206 0.062652 -4.973285 2.413949   0.000000
-0.078642 0.337776 -0.150430 0.925793 -11.447740 -4.643307   0.000000
-0.043682 0.474405 -0.426221 0.769004 0.850314 -8.489726   0.000000
-0.349162 0.725938 -0.018747 0.592241 -4.553936 -8.328145   0.000000
0.142621 0.689701 0.407606 0.581231 4.860404 -7.703057   0.007147
-0.102572 0.777399 -0.522002 0.335625 5.356914 -0.583667   0.000000
-0.275414 0.233834 -0.526536 0.769564 -0.345768 -6.164886   0.000000
-0.197994 0.704415 -0.404985 0.548256 0.014476 -5.418634   0.000000
0.368513 0.571717 -0.000542 0.733033 -0.147542 -6.006376   0.000000
-0.063516 0.641609 -0.067891 0.761376 6.031012 -6.642123   0.000907
0.372200 0.770763 0.176981 0.485869 7.188209 4.267221   0.000000
0.061370 0.594714 -0.291981 0.746522 6.693363 -9.010366   0.051765
0.539514 0.725080 0.301837 0.303442 -12.320858 11.599019   0.000000
-0.034429 0.919817 0.388137 0.045832 2.998875 -8.164489   0.000223
0.171809 0.888899 0.203865 0.372531 -10.298066 -8.478889   0.000000
0.258525 0.688964 -0.275562 0.618514 4.632901 7.941799   0.000000
0.425471 0.748185 0.130890 0.491997 3.715505 -7.444763   0.000841
0.251024 0.475620 -0.649579 0.537420 1.806182 9.836551   0.000000
0.212775 0.576260 -0.666485 0.422433 10.573741 6.335024   0.000000
0.001169 0.795544 0.084656 0.599952 -6.023617 2.467417   0.000000
0.403498 0.566120 0.228118 0.681659 6.256248 -2.228686   0.000000
0.321154 0.130626 -0.140988 0.927318 -2.556716 10.954964   0.000000
-0.214614 0.508325 -0.013019 0.833893 12.298141 -5.538099   0.000000
-0.556795 0.504257 -0.403210 0.522615 -6.432568 4.900148   0.000000
-0.605806 0.467932 -0.139979 0.628048 1.326515 -5.750092   0.000000
-0.362068 0.267868 -0.368642 0.813177 -6.010321 7.612838   0.000000
0.354543 0.789004 0.323427 0.383623 -2.318276 -7.266755   0.000000
-0.256444 0.794003 0.229942 0.500922 -10.506219 -2.300309   0.000000
-0.352214 0.543025 -0.222230 0.729167 -2.141876 5.220188   0.000000
-0.527813 0.454524 -0.023102 0.717138 -6.951864 6.904615   0.000000
0.349904 0.689385 0.107364 0.625131 4.545064 1.182671   0.000000
0.760161 0.317044 0.146405 0.547908 1.944389 1.173961   0.000000
-0.118562 0.133151 -0.469964 0.864493 -8.603505 9.651176   0.000000
0.059955 0.285840 -0.318696 0.901739 10.088600 -3.407245   0.000000
-0.563738 0.658348 -0.275586 0.415727 -1.876156 2.306508   0.000000
0.651233 0.680678 -0.068144 0.328526 3.780968 -3.577772   0.000000
0.212179 0.478172 -0.606045 0.599201 4.339596 3.842078   0.000000
0.278040 0.513712 -0.616768 0.527628 -0.318475 -4.102357   0.000000
0.036907 0.126907 -0.704856 0.696929 7.972037 -1.663036   0.000000
0.112562 0.224942 0.772892 0.582554 7.133942 2.038297   0.000000
0.726792 0.238938 0.020280 0.643638 -5.009542 8.759058   0.000000
0.704337 0.367217 0.172396 0.582529 -3.015750 -9.227789   0.000000
-0.412757 0.258056 -0.069564 0.870747 -0.194344 0.898428   0.000000
-0.430490 0.559184 0.080620 0.703912 5.998927 -6.246226   0.000091
0.147599 0.295597 -0.292728 0.897300 -11.540406 -10.278114   0.000000
0.356325 0.537612 -0.364659 0.671587 -3.004811 -5.686705   0.000000
0.198556 0.917509 -0.064926 0.338435 -3.228699 2.555629   0.000000
0.066600 0.469781 -0.085326 0.876122 9.944226 -4.936166   0.000000
0.364459 0.545641 -0.499649 0.565506 10.139588 -1.486491   0.000000
-0.134973 0.268206 -0.137733 0.943863 -0.287310 2.238500   0.000000
-0.577093 0.606315 -0.233112 0.494979 -3.364782 -8.740848   0.000000
0.610628 0.288564 -0.255284 0.691877 10.757854 -4.827746   0.000000
0.061243 0.152594 -0.131802 0.977544 2.243507 1.856793   0.000000
-0.346092 0.646320 0.113081 0.670599 -9.851359 2.087004   0.000000
0.900129 0.027267 -0.001994 0.434765 -2.463846 -1.698136   0.000000
0.134574 0.895169 0.145669 0.399177 4.896832 -12.555617   0.000006
0.244456 0.945788 0.071886 0.201393 -5.355388 -3.126214   0.000000
0.528284 0.843479 -0.071259 0.066187 -6.194519 7.939023   0.000000
0.480986 0.443141 0.179964 0.734773 4.551714 3.953621   0.000000
0.109565 0.633341 -0.749552 0.158259 4.900842 4.561348   0.000000
0.077731 0.707374 -0.515082 0.477776 -1.450579 -1.857002   0.000000
0.655481 0.273361 0.052101 0.702071 -1.221415 -6.700922   0.000000
-0.061364 0.701921 -0.453227 0.546010 -10.155982 -0.887040   0.000000
-0.033086 0.359184 0.545186 0.756746 10.928605 -4.992679   0.000000
0.089874 0.731623 0.623290 0.261075 7.155832 11.226498   0.000000
0.582718 0.383453 0.070012 0.713093 7.125494 0.184380   0.000000
0.113090 0.467377 -0.523802 0.703137 -2.970194 6.439187   0.000000
0.273301 0.744055 0.128093 0.596054 -0.807607 -9.571248   0.000000
0.657396 0.607442 -0.113996 0.431102 -8.208244 -2.881876   0.000000
0.265797 0.633953 -0.274837 0.672250 -2.968631 -9.018718   0.000000
0.010171 0.921696 0.387725 0.006491 2.137780 6.877338   0.000000
-0.734384 0.626150 0.094254 0.244400 -3.231559 -4.916013   0.000000
0.449473 0.888886 0.008491 0.088230 -9.472244 4.654004   0.000000
-0.264886 0.381955 -0.561838 0.684313 0.372207 1.799075   0.000000
-0.002441 0.843744 0.188349 0.502607 -8.422376 0.368722   0.000000
0.066715 0.814262 -0.221254 0.532517 -7.971243 -1.122146   0.000000
-0.233692 0.723783 -0.190457 0.620687 -11.479851 9.643472   0.000000
0.274299 0.071559 0.107351 0.952951 1.531673 -12.916657   0.000000
0.656847 0.652210 0.015369 0.378071 6.694119 -6.879375   0.000591
0.219291 0.915875 0.134261 0.308317 -0.936411 -6.754855   0.000000
0.521471 0.832340 0.061584 0.177443 -8.850464 -0.793999   0.000000
0.417869 0.887841 0.064785 0.181456 -4.723138 9.697796   0.000000
-0.078148 0.519713 -0.368864 0.766636 -11.116919 -5.785699   0.000000
-0.110519 0.585270 -0.198598 0.778334 -3.899590 4.759869   0.000000
0.354687 0.924152 -0.093727 0.106564 -9.909527 -7.780578   0.000000
0.959856 0.136275 0.029676 0.243362 3.517894 -9.441542   0.006061
0.441096 0.136909 -0.016215 0.886807 -7.858133 -1.238383   0.000000
0.568395 0.069981 -0.008135 0.819734 -5.801157 11.210898   0.000000
0.197950 0.457458 0.204081 0.842555 -1.974491 -8.557335   0.000000
0.634179 0.418437 -0.279253 0.587151 -8.090523 -3.158706   0.000000
-0.205520 0.484366 0.057275 0.848452 4.685897 0.017764   0.000000
0.467746 0.545341 -0.044420 0.694149 3.868538 10.028421   0.000000
0.621035 0.582160 0.139776 0.505834 5.496181 1.259413   0.000000
0.365156 0.748314 -0.456265 0.313861 -9.017313 -0.405364   0.000000
0.524808 0.649109 -0.063010 0.547051 -3.034010 -9.031573   0.000000
0.225597 0.780616 0.501330 0.297343 2.156752 -3.058216   0.000000
0.557088 0.536454 0.015615 0.633740 -1.594842 8.456866   0.000000
0.729372 0.206498 0.092635 0.645596 -1.875896 9.415841   0.000000
-0.645141 0.276105 -0.010679 0.712352 -7.193057 -2.822114   0.000000
0.156880 0.842239 -0.506710 0.096265 -3.638929 3.799524   0.000000
0.215576 0.489046 -0.273905 0.799585 8.395814 -6.708024   0.000007
-0.446290 0.838955 -0.271135 0.153187 10.316309 7.643372   0.000000
-0.696122 0.525514 0.060168 0.485416 1.827267 -9.015721   0.000032
0.042966 0.067303 -0.633999 0.769201 2.935072 -1.545747   0.000000
0.329845 0.093175 -0.139988 0.928937 1.003593 3.775676   0.000000
-0.518668 0.420650 -0.431457 0.606533 -7.962868 8.545938   0.000000
0.019633 0.127277 0.394656 0.909759 1.793306 -5.668541   0.000000
0.214151 0.158729 -0.090247 0.959583 3.448426 -3.143276   0.000000
-0.105807 0.387791 0.163638 0.900914 -6.224969 2.424118   0.000000
-0.040422 0.848674 -0.526139 0.035999 -2.334047 -0.913057   0.000000
-0.208198 0.777039 -0.436781 0.402599 2.854539 5.596211   0.000000
-0.071145 0.987673 0.133929 0.038764 -0.564740 -0.587991   0.000000
0.475267 0.395482 -0.323447 0.716308 -8.589070 0.532662   0.000000
0.379076 0.837154 0.230069 0.320222 -9.217904 -9.277900   0.000000
-0.180205 0.465028 -0.137485 0.855788 -8.712179 -4.752039   0.000000
0.273538 0.958947 -0.028354 0.069234 10.383675 -1.732667   0.000000
-0.292832 0.455015 -0.193717 0.818343 0.816441 7.413077   0.000000
0.656358 0.681887 -0.112228 0.302704 -1.125888 -3.208951   0.000000
-0.805571 0.420601 0.000627 0.417313 9.950500 -2.179185   0.000000
-0.107561 0.463170 -0.771803 0.422167 0.861892 -4.992051   0.000000
0.095951 0.230328 -0.858234 0.448528 8.359321 6.730834   0.000000
-0.055191 0.317905 -0.241572 0.915168 4.015180 -7.851445   0.008136
0.640297 0.693420 -0.028009 0.329248 13.451503 -6.712419   0.000000
0.024061 0.170289 -0.700995 0.692119 -5.972007 10.936047   0.000000
-0.136376 0.982117 0.127215 0.025769 -6.702331 4.541476   0.000000
-0.103446 0.571302 -0.621607 0.525849 -3.306746 8.954938   0.000000
0.321510 0.619589 -0.307123 0.646852 -5.958837 1.092981   0.000000
0.101166 0.652057 -0.284059 0.695628 -11.085259 7.028367   0.000000
0.393815 0.906073 0.140223 0.065412 -8.971958 3.974783   0.000000
-0.365886 0.111947 0.184686 0.905255 1.439135 0.963647   0.000000
-0.502128 0.822109 -0.208283 0.169179 -2.421056 -9.843617   0.000000
-0.074108 0.669086 -0.308497 0.672058 3.112881 9.564426   0.000000
-0.091197 0.538063 -0.781782 0.301643 -2.476691 9.909419   0.000000
-0.735850 0.448283 0.151540 0.484359 -4.852397 5.836975   0.000000
-0.641542 0.388009 0.052023 0.659671 -2.472816 -7.839874   0.000000
0.680046 0.669016 -0.174657 0.243824 -6.844481 0.284397   0.000000
-0.084049 0.374575 -0.582071 0.716814 3.323339 7.027012   0.000000
-0.189989 0.464234 -0.142241 0.853322 8.860521 2.767830   0.000000
-0.546950 0.746821 -0.014325 0.378020 5.705426 -9.198418   0.065345
0.612848 0.621695 -0.156453 0.461990 -6.789052 -6.212001   0.000000
0.049800 0.221648 -0.358438 0.905491 2.262921 -8.135138   0.000097
0.454258 0.541385 -0.141008 0.693303 -4.171738 1.493845   0.000000
-0.129934 0.905108 -0.395799 0.085092 5.206883 8.485040   0.000000
0.451210 0.436703 0.457102 0.629887 7.685544 -1.996940   0.000000
-0.294594 0.605089 -0.498223 0.546677 -0.270961 -1.193082   0.000000
0.055550 0.218980 0.805358 0.548052 -10.386701 -7.583193   0.000000
0.298610 0.941015 -0.056950 0.148594 -0.512647 9.678203   0.000000
0.488758 0.865700 0.015830 0.106901 -3.946951 -7.421027   0.000000
-0.228773 0.925257 -0.291594 0.080844 10.783233 -2.475692   0.000000
-0.253409 0.374366 0.240555 0.858934 6.833480 2.799626   0.000000
0.108684 0.914421 -0.376077 0.102897 -4.797869 -9.175597   0.000000
0.691507 0.554206 0.029093 0.462414 -10.011539 -4.636983   0.000000
0.112140 0.987323 0.063850 0.092417 8.809540 7.094569   0.000000
0.807957 0.555670 0.063769 0.185392 -3.627680 7.919841   0.000000
0.425882 0.570887 -0.204752 0.671408 0.576172 -11.249900   0.000000
0.344305 0.037570 -0.083580 0.934375 -6.069007 10.840338   0.000000
0.084159 0.170265 -0.673287 0.714571 -2.376137 -3.082601   0.000000
0.182370 0.617511 -0.548668 0.533278 -6.794522 0.335048   0.000000
-0.168518 0.305309 -0.809785 0.471844 -6.601756 -10.245429   0.000000
0.831409 0.480436 0.092625 0.263365 4.865346 8.616624   0.000000
0.226031 0.463114 -0.508874 0.689553 3.388532 4.717856   0.000000
0.436652 0.482324 0.213456 0.728790 -1.706273 5.824051   0.000000
-0.049998 0.882808 -0.081181 0.459957 -6.693613 -6.497223   0.000000
-0.056769 0.721335 0.567321 0.393192 -11.901287 2.802611   0.000000
0.068157 0.792706 -0.489306 0.357143 9.888356 -1.370227   0.000000
0.533586 0.173667 -0.236416 0.793242 -7.283318 3.297334   0.000000
0.020624 0.019601 -0.355954 0.934070 -7.876717 -1.268614   0.000000
-0.469744 0.864832 -0.119979 0.130425 1.278397 3.909739   0.000000
0.595575 0.632457 0.083949 0.488100 3.846968 9.693444   0.000000
0.307171 0.817157 -0.324883 0.363800 -8.198705 -1.604472   0.000000
-0.073266 0.327670 -0.324883 0.884147 4.465156 -6.216638   0.000068
0.318497 0.843829 -0.190082 0.387790 -4.015318 -5.035998   0.000000
0.003098 0.809190 -0.582659 0.075561 -3.932398 2.297297   0.000000
-0.390579 0.808254 -0.218324 0.382765 -1.614024 13.408300   0.000000
0.027830 0.030485 -0.392417 0.918861 8.429812 7.813302   0.000000
0.689952 0.066274 0.031039 0.720146 0.824286 7.358653   0.000000
0.669330 0.157884 0.113992 0.716991 -2.793918 -7.027582   0.000000
0.032615 0.480189 0.170606 0.859796 -3.717902 -6.816772   0.000000
0.604315 0.596834 -0.050020 0.525444 1.544209 8.383931   0.000000
0.082406 0.331351 0.601312 0.722385 -1.345194 10.365860   0.000000
0.002382 0.334957 -0.460149 0.822229 -3.329479 -2.623450   0.000000
0.249802 0.960783 -0.056316 0.106417 1.766461 -8.213087   0.000026
-0.608356 0.724361 0.024643 0.323414 5.378676 -6.236324   0.000094
0.124677 0.938076 0.232156 0.224882 11.823138 5.030285   0.000000
0.612829 0.727529 -0.225376 0.210589 6.373612 6.792255   0.000000
0.156307 0.650522 -0.601579 0.436455 2.589850 6.253993   0.000000
0.563084 0.522804 0.038435 0.638855 -1.531397 5.502628   0.000000
0.098417 0.269962 -0.600742 0.746019 2.013529 -7.242610   0.000004
0.052175 0.585783 0.771639 0.242300 6.902628 3.843962   0.000000
0.188384 0.835092 -0.497695 0.139398 -8.510219 -2.870687   0.000000
0.367658 0.402613 -0.344621 0.764177 6.663047 11.172300   0.000000
0.023999 0.591924 -0.112962 0.797678 6.126735 -4.807185   0.000000
-0.014808 0.652164 -0.756970 0.038191 -9.271493 -3.136495   0.000000
0.035358 0.314266 0.821630 0.474249 0.720303 5.574814   0.000000
0.153801 0.651617 0.703142 0.239439 -8.213759 1.735598   0.000000
0.089980 0.777681 -0.487906 0.386088 5.947454 4.864381   0.000000
0.859746 0.421550 -0.116843 0.263590 -4.169529 -1.181841   0.000000
-0.121313 0.884670 0.057179 0.446513 10.064887 12.739499   0.000000
-0.468592 0.593988 -0.235875 0.609888 0.337347 -3.414189   0.000000
0.659681 0.613990 0.008258 0.433323 -9.518409 -7.628795   0.000000
0.119437 0.641288 0.152399 0.742468 -5.063603 0.432863   0.000000
0.266651 0.580873 -0.547482 0.540137 -5.402482 -1.954877   0.000000
0.201595 0.505962 -0.719950 0.430156 -3.339099 -6.628311   0.000000
0.093508 0.814488 -0.411937 0.397710 -0.340358 6.735251   0.000000
0.539693 0.755598 -0.190014 0.318901 -7.701725 6.099972   0.000000
-0.125252 0.740136 -0.186998 0.633673 -5.158084 -4.058534   0.000000
0.347437 0.840164 -0.201527 0.364416 -5.652494 1.085904   0.000000
0.454915 0.604249 0.277710 0.592294 -0.429888 8.798274   0.000000
0.453628 0.795450 -0.113293 0.385546 -5.272142 7.621492   0.000000
-0.559418 0.259410 -0.268670 0.739982 0.739376 7.322406   0.000000
-0.626945 0.208721 -0.078961 0.746418 3.208678 0.031602   0.000000
-0.127551 0.274708 0.172428 0.937302 -7.074099 0.944400   0.000000
0.115017 0.771472 -0.526471 0.338275 -0.620066 6.794730   0.000000
-0.211846 0.834074 -0.052438 0.506647 7.204700 1.241103   0.000000
-0.284989 0.586085 -0.601455 0.462102 7.438053 -8.723276   0.026829
0.102207 0.690652 -0.530866 0.480348 4.488111 6.949085   0.000000
-0.245496 0.203413 -0.411739 0.853713 -0.468930 1.098984   0.000000
0.579718 0.787426 -0.019010 0.208629 -1.699106 -0.270492   0.000000
0.064530 0.489485 -0.762219 0.418643 4.391472 -8.944941   0.040828
-0.173282 0.270194 0.513683 0.795675 -4.498192 -0.337661   0.000000
0.036046 0.290380 0.263638 0.919171 7.476484 -1.131307   0.000000
0.126370 0.883939 0.189592 0.408335 -1.771888 7.869305   0.000000
0.150041 0.875007 -0.430631 0.162506 -7.639296 5.686033   0.000000
-0.173034 0.467012 0.744573 0.444489 -9.266085 9.074151   0.000000
0.438306 0.706125 -0.281476 0.479631 -11.284519 1.681661   0.000000
-0.755620 0.325220 -0.067656 0.564529 2.365475 -2.492860   0.000000
-0.378119 0.242513 -0.201123 0.870496 -9.681508 5.748476   0.000000
-0.391659 0.378545 -0.087497 0.834057 3.459602 7.493755   0.000000
0.739736 0.523105 -0.092415 0.413052 -5.057467 -5.003445   0.000000
-0.262245 0.161689 -0.261737 0.914647 -2.269450 1.987673   0.000000
0.508076 0.544143 -0.093070 0.661139 2.165490 11.414850   0.000000
0.346492 0.574595 0.597285 0.439357 -2.548967 -7.098369   0.000000
0.191224 0.938536 0.247800 0.145529 -1.851695 2.426413   0.000000
