00001   211.200008     0.999950
00002   105.600004     0.999850
00003    70.400003     0.999899
00004    52.800002     0.999751
00005    42.240002     0.999640
00006    35.200001     0.999376
00007    30.171430     0.998292
00008    26.400001     0.998401
00009    23.466668     0.995143
00010    21.120001     0.990401
00011    19.200001     0.987697
00012    17.600001     0.989203
00013    16.246154     0.989264
00014    15.085715     0.984895
00015    14.080001     0.981752
00016    13.200001     0.979819
00017    12.423530     0.981512
00018    11.733334     0.981864
00019    11.115790     0.979167
00020    10.560000     0.976215
00021    10.057143     0.968978
00022     9.600000     0.959837
00023     9.182609     0.940435
00024     8.800000     0.920098
00025     8.448000     0.908273
00026     8.123077     0.899155
00027     7.822223     0.884318
00028     7.542857     0.857542
00029     7.282759     0.840552
00030     7.040000     0.799928
00031     6.812903     0.761552
00032     6.600000     0.761251
00033     6.400000     0.737196
00034     6.211765     0.731567
00035     6.034286     0.723877
00036     5.866667     0.698143
00037     5.708108     0.682363
00038     5.557895     0.686854
00039     5.415385     0.666597
00040     5.280000     0.659250
00041     5.151220     0.670959
00042     5.028572     0.670605
00043     4.911628     0.681050
00044     4.800000     0.657094
00045     4.693334     0.638515
00046     4.591305     0.597347
00047     4.493617     0.550054
00048     4.400000     0.502037
00049     4.310204     0.376589
00050     4.224000     0.332671
00051     4.141177     0.252690
00052     4.061539     0.198050
00053     3.984906     0.167326
00054     3.911111     0.120823
00055     3.840000     0.123473
00056     3.771429     0.098893
00057     3.705263     0.076147
00058     3.641379     0.051480
00059     3.579661     0.044365
00060     3.520000     0.036241
00061     3.462295     0.034538
00062     3.406452     0.023698
00063     3.352381     0.002869
00064     3.300000     0.022549
00065     3.249231     0.004264
00066     3.200000     0.000345
00067     3.152239     0.008770
00068     3.105882     0.019720
00069     3.060870    -0.005895
00070     3.017143     0.000717
00071     2.974648     0.013022
00072     2.933333    -0.006303
00073     2.893151    -0.008615
00074     2.854054     0.004783
00075     2.816000     0.014002
00076     2.778947     0.007203
00077     2.742857    -0.000723
