0 -0.07
1 -0.0711954
2 -0.0747811
3 -0.080755
4 -0.0891136
5 -0.099851
6 -0.112959
7 -0.128424
8 -0.146229
9 -0.166351
10 -0.188758
11 -0.213409
12 -0.240252
13 -0.269221
14 -0.300235
15 -0.333196
16 -0.367983
17 -0.404454
18 -0.442444
19 -0.481756
20 -0.522167
21 -0.563418
22 -0.605218
23 -0.64724
24 -0.689119
25 -0.730451
26 -0.770794
27 -0.809668
28 -0.846555
29 -0.880904
30 -0.912131
31 -0.939624
32 -0.962752
33 -0.980867
34 -0.993318
35 -0.999455
36 -0.998647
37 -0.990289
38 -0.973824
39 -0.948752
40 -0.914651
41 -0.871196
42 -0.818175
43 -0.755511
44 -0.683281
45 -0.601732
46 -0.5113
47 -0.412627
48 -0.306566
49 -0.194199
50 -0.0768321
51 0.0440007
52 0.166548
53 0.288854
54 0.408784
55 0.524051
56 0.632262
57 0.730959
58 0.817681
59 0.890027
60 0.945727
61 0.982721
62 0.999241
63 0.993889
64 0.965726
65 0.914339
66 0.839921
67 0.743317
68 0.626075
69 0.490462
70 0.339463
71 0.176755
72 0.00664889
73 -0.166002
74 -0.335917
75 -0.497545
76 -0.645237
77 -0.773461
78 -0.877015
79 -0.951268
80 -0.992398
81 -0.997615
82 -0.965371
83 -0.895537
84 -0.789523
85 -0.650354
86 -0.482662
87 -0.292611
88 -0.0877325
89 0.123327
90 0.331133
91 0.525873
92 0.697822
93 0.837852
94 0.937958
95 0.991772
96 0.995031
97 0.945976
98 0.845632
99 0.697951
100 0.509795
101 0.290733
102 0.0526445
103 -0.190845
104 -0.42511
105 -0.635387
106 -0.807737
107 -0.930018
108 -0.992832
109 -0.990344
110 -0.92093
111 -0.787562
112 -0.597887
113 -0.363963
114 -0.101638
115 0.170417
116 0.431973
117 0.662735
118 0.843953
119 0.960032
120 0.999999
121 0.9587
122 0.837568
123 0.644895
124 0.395486
125 0.109733
126 -0.187919
127 -0.470973
128 -0.713229
129 -0.891275
130 -0.986868
131 -0.988992
132 -0.895332
133 -0.712967
134 -0.458153
135 -0.155137
136 0.165961
137 0.472017
138 0.730303
139 0.912068
140 0.995897
141 0.970476
142 0.836373
143 0.60656
144 0.305517
145 -0.0330971
146 -0.370017
147 -0.664848
148 -0.880962
149 -0.990221
150 -0.976911
151 -0.840325
152 -0.595541
153 -0.272185
154 0.0888286
155 0.440257
156 0.734655
157 0.93086
158 1
159 0.930085
160 0.72845
161 0.421542
162 0.0518816
163 -0.327502
164 -0.660548
165 -0.896479
166 -0.997789
167 -0.946576
168 -0.748152
169 -0.431161
170 -0.043951
171 0.352428
172 0.693699
173 0.922833
174 0.999877
175 0.909363
176 0.663919
177 0.303184
178 -0.112058
179 -0.509782
180 -0.819121
181 -0.983181
182 -0.96992
183 -0.778978
184 -0.44293
185 -0.0223848
186 0.404463
187 0.756192
188 0.963786
189 0.984598
190 0.811713
191 0.476615
192 0.0442102
193 -0.3992
194 -0.762914
195 -0.970494
196 -0.976284
197 -0.776146
198 -0.409767
199 0.0464087
200 0.494565
201 0.836318
202 0.994516
203 0.931242
204 0.657693
205 0.23325
206 -0.246626
207 -0.671398
208 -0.940898
209 -0.989371
210 -0.802297
211 -0.421526
212 0.0631134
213 0.534328
214 0.875534
215 1
216 0.873616
217 0.525195
218 0.0410265
219 -0.455678
220 -0.835791
221 -0.998046
222 -0.896744
223 -0.555637
224 -0.0635997
225 0.447623
226 0.838273
227 0.999013
228 0.88229
229 0.517507
230 0.00491023
231 -0.511015
232 -0.881906
233 -0.998495
234 -0.823698
235 -0.405598
236 0.134472
237 0.636257
238 0.947921
239 0.972493
240 0.69916
241 0.20895
242 -0.348017
243 -0.79781
244 -0.997059
245 -0.879515
246 -0.479376
247 0.0771055
248 0.610376
249 0.945173
250 0.968631
251 0.669565
252 0.144847
253 -0.430572
254 -0.861304
255 -0.998081
