C       Nq%        FRC
    0.00000    0.32957
    0.41494    0.34937
    0.82988    0.47159
    1.24481    0.45201
    1.65975    0.43354
    2.07469    0.35707
    2.48963    0.42793
    2.90456    0.42112
    3.31950    0.41033
    3.73444    0.42611
    4.14938    0.40128
    4.56432    0.40555
    4.97925    0.41984
    5.39419    0.41319
    5.80913    0.40847
    6.22407    0.43607
    6.63900    0.44056
    7.05394    0.43816
    7.46888    0.45310
    7.88382    0.47577
    8.29876    0.44776
    8.71369    0.45128
    9.12863    0.42991
    9.54357    0.43114
    9.95851    0.42223
   10.37344    0.40382
   10.78838    0.38032
   11.20332    0.35386
   11.61826    0.32705
   12.03320    0.30687
   12.44813    0.26222
   12.86307    0.24267
   13.27801    0.22671
   13.69295    0.23223
   14.10788    0.24698
   14.52282    0.26327
   14.93776    0.27344
   15.35270    0.28492
   15.76764    0.29659
   16.18257    0.29996
   16.59751    0.31884
   17.01245    0.31993
   17.42739    0.29888
   17.84232    0.28193
   18.25726    0.25316
   18.67220    0.25620
   19.08714    0.24050
   19.50208    0.24387
   19.91701    0.25047
   20.33195    0.25217
   20.74689    0.27641
   21.16183    0.28107
   21.57676    0.28163
   21.99170    0.28890
   22.40664    0.26477
   22.82158    0.25289
   23.23651    0.22696
   23.65145    0.24076
   24.06639    0.24776
   24.48133    0.25315
   24.89627    0.27139
   25.31120    0.26898
   25.72614    0.28368
   26.14108    0.27044
   26.55602    0.25085
   26.97096    0.23578
   27.38589    0.24383
   27.80083    0.23656
   28.21577    0.25514
   28.63071    0.26153
   29.04564    0.25451
   29.46058    0.26708
   29.87552    0.24710
   30.29046    0.23554
   30.70540    0.23070
   31.12033    0.23600
   31.53527    0.25120
   31.95021    0.24915
   32.36515    0.26715
   32.78008    0.23814
   33.19502    0.24534
   33.60996    0.22489
   34.02490    0.24181
   34.43983    0.24597
   34.85477    0.25394
   35.26971    0.25310
   35.68465    0.24521
   36.09959    0.24081
   36.51452    0.23699
   36.92946    0.24309
   37.34440    0.24494
   37.75934    0.24942
   38.17427    0.24839
   38.58921    0.23509
   39.00415    0.23093
   39.41909    0.24363
   39.83403    0.24838
   40.24896    0.24620
   40.66390    0.24838
   41.07884    0.24802
   41.49378    0.23927
   41.90871    0.24449
   42.32365    0.25434
   42.73859    0.24696
   43.15353    0.24641
   43.56847    0.23094
   43.98340    0.24197
   44.39834    0.24797
   44.81328    0.24363
   45.22822    0.23800
   45.64315    0.24011
   46.05809    0.24332
   46.47303    0.24770
   46.88797    0.25067
   47.30290    0.24182
   47.71784    0.22598
   48.13278    0.23357
   48.54772    0.25028
   48.96266    0.24424
   49.37759    0.23875
   49.79253    0.23720
   50.20747    0.24254
   50.62241    0.25890
   51.03735    0.24765
   51.45229    0.24057
   51.86722    0.24231
   52.28216    0.25245
   52.69710    0.25465
   53.11204    0.24636
   53.52697    0.23718
   53.94191    0.24514
   54.35685    0.25895
   54.77179    0.25115
   55.18672    0.23899
   55.60166    0.24967
   56.01660    0.24759
   56.43154    0.24947
   56.84648    0.23171
   57.26141    0.23781
   57.67635    0.24730
   58.09129    0.24879
   58.50623    0.23625
   58.92116    0.24795
   59.33610    0.25011
   59.75104    0.24507
   60.16598    0.24240
   60.58092    0.24144
   60.99585    0.24003
   61.41079    0.24336
   61.82573    0.23918
   62.24067    0.23958
   62.65560    0.24358
   63.07054    0.24553
   63.48548    0.23539
   63.90042    0.24363
   64.31535    0.24887
   64.73029    0.23967
   65.14523    0.23555
   65.56017    0.25299
   65.97511    0.23830
   66.39004    0.23756
   66.80498    0.24306
   67.21992    0.24536
   67.63486    0.24332
   68.04979    0.23417
   68.46473    0.24042
   68.87967    0.24435
   69.29461    0.24263
   69.70955    0.24461
   70.12448    0.23499
   70.53942    0.24381
   70.95436    0.24138
   71.36930    0.24331
   71.78423    0.23389
   72.19917    0.24037
   72.61411    0.24284
   73.02905    0.24059
   73.44398    0.23320
   73.85892    0.24173
   74.27386    0.23542
   74.68880    0.23623
   75.10374    0.23193
   75.51867    0.24196
   75.93361    0.23360
   76.34855    0.23867
   76.76349    0.23903
   77.17842    0.23983
   77.59336    0.22948
   78.00830    0.24105
   78.42324    0.24400
   78.83818    0.23097
   79.25311    0.23545
   79.66805    0.23191
   80.08299    0.23673
   80.49793    0.23915
   80.91286    0.24016
   81.32780    0.22847
   81.74274    0.23342
   82.15768    0.23425
   82.57262    0.23519
   82.98755    0.23785
   83.40249    0.23513
   83.81743    0.23699
   84.23237    0.24296
   84.64730    0.23041
   85.06224    0.23493
   85.47718    0.23537
   85.89212    0.23526
   86.30705    0.23643
   86.72199    0.24447
   87.13693    0.23767
   87.55187    0.24042
   87.96681    0.24101
   88.38174    0.23710
   88.79668    0.23324
   89.21162    0.23691
   89.62656    0.23249
   90.04149    0.23771
   90.45643    0.23441
   90.87137    0.23606
   91.28631    0.24363
   91.70125    0.23955
   92.11618    0.24092
   92.53112    0.23790
   92.94606    0.23564
   93.36100    0.23945
   93.77593    0.23128
   94.19087    0.23636
   94.60581    0.23150
   95.02075    0.23354
   95.43568    0.24294
   95.85062    0.23696
   96.26556    0.23111
   96.68050    0.23629
   97.09544    0.23769
   97.51037    0.23361
   97.92531    0.24060
   98.34025    0.23865
   98.75519    0.24150
   99.17012    0.23491
   99.58506    0.00000
