C       Nq%        FRC
    0.00000    0.21499
    0.41494    0.39411
    0.82988    0.46064
    1.24481    0.46535
    1.65975    0.38992
    2.07469    0.38576
    2.48963    0.40288
    2.90456    0.40992
    3.31950    0.37103
    3.73444    0.37493
    4.14938    0.37044
    4.56432    0.37623
    4.97925    0.37014
    5.39419    0.39951
    5.80913    0.39136
    6.22407    0.39898
    6.63900    0.39474
    7.05394    0.41065
    7.46888    0.40583
    7.88382    0.40737
    8.29876    0.40416
    8.71369    0.41250
    9.12863    0.40182
    9.54357    0.38948
    9.95851    0.38693
   10.37344    0.36410
   10.78838    0.35633
   11.20332    0.34580
   11.61826    0.31760
   12.03320    0.29576
   12.44813    0.26280
   12.86307    0.28331
   13.27801    0.23908
   13.69295    0.23509
   14.10788    0.24967
   14.52282    0.25179
   14.93776    0.25547
   15.35270    0.26610
   15.76764    0.28257
   16.18257    0.29634
   16.59751    0.29561
   17.01245    0.28333
   17.42739    0.28720
   17.84232    0.26479
   18.25726    0.25621
   18.67220    0.24628
   19.08714    0.23553
   19.50208    0.22594
   19.91701    0.24157
   20.33195    0.25918
   20.74689    0.27697
   21.16183    0.27344
   21.57676    0.27742
   21.99170    0.28235
   22.40664    0.26781
   22.82158    0.25565
   23.23651    0.23958
   23.65145    0.23423
   24.06639    0.25038
   24.48133    0.24649
   24.89627    0.26439
   25.31120    0.27039
   25.72614    0.26370
   26.14108    0.27222
   26.55602    0.25256
   26.97096    0.24261
   27.38589    0.24273
   27.80083    0.22564
   28.21577    0.24785
   28.63071    0.24675
   29.04564    0.26802
   29.46058    0.26228
   29.87552    0.24571
   30.29046    0.24123
   30.70540    0.24090
   31.12033    0.23963
   31.53527    0.23950
   31.95021    0.25603
   32.36515    0.25806
   32.78008    0.25856
   33.19502    0.24295
   33.60996    0.23834
   34.02490    0.24017
   34.43983    0.24579
   34.85477    0.25183
   35.26971    0.25537
   35.68465    0.25228
   36.09959    0.24595
   36.51452    0.23851
   36.92946    0.23262
   37.34440    0.24783
   37.75934    0.24936
   38.17427    0.25603
   38.58921    0.24499
   39.00415    0.23545
   39.41909    0.23984
   39.83403    0.24069
   40.24896    0.25188
   40.66390    0.25043
   41.07884    0.24774
   41.49378    0.24527
   41.90871    0.24278
   42.32365    0.25813
   42.73859    0.25339
   43.15353    0.23986
   43.56847    0.23609
   43.98340    0.23111
   44.39834    0.24522
   44.81328    0.24887
   45.22822    0.24254
   45.64315    0.23763
   46.05809    0.23891
   46.47303    0.24411
   46.88797    0.24771
   47.30290    0.25479
   47.71784    0.24011
   48.13278    0.23244
   48.54772    0.24594
   48.96266    0.25588
   49.37759    0.24825
   49.79253    0.24342
   50.20747    0.23620
   50.62241    0.24185
   51.03735    0.25134
   51.45229    0.24329
   51.86722    0.23746
   52.28216    0.24153
   52.69710    0.24683
   53.11204    0.24146
   53.52697    0.23319
   53.94191    0.23703
   54.35685    0.23870
   54.77179    0.24811
   55.18672    0.24122
   55.60166    0.23560
   56.01660    0.24221
   56.43154    0.24121
   56.84648    0.24322
   57.26141    0.23259
   57.67635    0.24148
   58.09129    0.23916
   58.50623    0.23931
   58.92116    0.23662
   59.33610    0.23799
   59.75104    0.24626
   60.16598    0.24561
   60.58092    0.23142
   60.99585    0.24438
   61.41079    0.24769
   61.82573    0.24478
   62.24067    0.24022
   62.65560    0.23857
   63.07054    0.23590
   63.48548    0.23692
   63.90042    0.24101
   64.31535    0.23664
   64.73029    0.24391
   65.14523    0.23623
   65.56017    0.23532
   65.97511    0.24479
   66.39004    0.24451
   66.80498    0.24072
   67.21992    0.23243
   67.63486    0.24261
   68.04979    0.24256
   68.46473    0.23977
   68.87967    0.23474
   69.29461    0.24137
   69.70955    0.23058
   70.12448    0.23694
   70.53942    0.24073
   70.95436    0.24196
   71.36930    0.23864
   71.78423    0.23811
   72.19917    0.23763
   72.61411    0.23862
   73.02905    0.23909
   73.44398    0.24064
   73.85892    0.24047
   74.27386    0.23998
   74.68880    0.24184
   75.10374    0.24229
   75.51867    0.23607
   75.93361    0.23763
   76.34855    0.23607
   76.76349    0.23799
   77.17842    0.24360
   77.59336    0.24014
   78.00830    0.23948
   78.42324    0.23928
   78.83818    0.24380
   79.25311    0.23797
   79.66805    0.23847
   80.08299    0.23838
   80.49793    0.23800
   80.91286    0.24029
   81.32780    0.23756
   81.74274    0.23330
   82.15768    0.24314
   82.57262    0.23955
   82.98755    0.23881
   83.40249    0.24148
   83.81743    0.23687
   84.23237    0.23799
   84.64730    0.23986
   85.06224    0.23843
   85.47718    0.23144
   85.89212    0.23995
   86.30705    0.23632
   86.72199    0.23263
   87.13693    0.24523
   87.55187    0.23741
   87.96681    0.23949
   88.38174    0.23920
   88.79668    0.22593
   89.21162    0.23707
   89.62656    0.23562
   90.04149    0.23574
   90.45643    0.23493
   90.87137    0.23400
   91.28631    0.22950
   91.70125    0.23740
   92.11618    0.23766
   92.53112    0.24520
   92.94606    0.23436
   93.36100    0.23359
   93.77593    0.23329
   94.19087    0.24204
   94.60581    0.23675
   95.02075    0.23855
   95.43568    0.23325
   95.85062    0.24078
   96.26556    0.23472
   96.68050    0.23746
   97.09544    0.23697
   97.51037    0.23777
   97.92531    0.24113
   98.34025    0.23543
   98.75519    0.23627
   99.17012    0.23447
   99.58506    0.00000
