    0                1.000000
    3                0.788667
    6                0.857031
    9                0.867749
   12                0.866579
   15                0.857987
   18                0.869018
   21                0.878539
   24                0.833658
   27                0.750284
   30                0.742541
   33                0.690656
   36                0.736095
   39                0.706006
   42                0.728754
   45                0.736342
   48                0.727725
   51                0.720885
   54                0.723775
   57                0.727516
   60                0.732497
   63                0.736762
   66                0.716255
   69                0.712421
   72                0.740873
   75                0.721809
   78                0.716157
   81                0.679676
   84                0.697582
   87                0.696472
   90                0.693041
   93                0.683190
   96                0.714221
   99                0.718737
  102                0.730877
  105                0.741002
  108                0.716466
  111                0.727446
  114                0.730775
  117                0.753047
  120                0.733504
  123                0.749787
  126                0.758092
  129                0.744467
  132                0.729716
  135                0.756398
  138                0.747162
  141                0.743873
  144                0.744173
  147                0.730825
  150                0.751312
  153                0.740045
  156                0.732202
  159                0.723620
  162                0.729340
  165                0.720868
  168                0.698548
  171                0.699238
  174                0.707430
  177                0.680560
  180                0.665935
  183                0.651990
  186                0.623337
  189                0.614397
  192                0.588314
  195                0.554618
  198                0.561659
  201                0.515506
  204                0.489528
  207                0.474550
  210                0.410408
  213                0.402916
  216                0.329099
  219                0.301421
  222                0.260188
  225                0.209238
  228                0.191743
  231                0.116466
  234                0.101032
  237                0.088081
  240                0.048379
  243                0.044056
  246                0.048788
  249                0.070267
  252                0.071142
  255                0.120073
  258                0.152990
  261                0.200378
  264                0.192116
  267                0.251058
  270                0.288759
  273                0.309976
  276                0.339200
  279                0.330071
  282                0.363520
  285                0.388530
  288                0.411638
  291                0.396850
  294                0.393799
  297                0.409776
  300                0.391598
  303                0.390377
  306                0.364519
  309                0.354053
  312                0.348795
  315                0.325302
  318                0.324937
  321                0.263615
  324                0.232549
  327                0.186899
  330                0.158208
  333                0.135432
  336                0.083120
  339                0.071631
  342                0.050699
  345                0.032656
  348                0.039898
  351                0.054331
  354                0.098801
  357                0.087318
  360                0.134906
  363                0.168940
  366                0.182424
  369                0.198118
  372                0.232650
  375                0.238735
  378                0.267111
  381                0.277623
  384                0.291616
  387                0.265765
  390                0.290470
  393                0.281783
  396                0.262553
  399                0.239839
  402                0.222618
  405                0.176792
  408                0.147327
  411                0.142949
  414                0.102365
  417                0.077250
  420                0.054715
  423                0.065010
  426                0.042360
  429                0.069110
  432                0.095798
  435                0.098452
  438                0.114063
  441                0.151072
  444                0.168066
  447                0.194825
  450                0.212615
  453                0.195853
  456                0.232159
  459                0.227623
  462                0.225880
  465                0.209301
  468                0.189039
  471                0.177334
  474                0.133128
  477                0.117722
  480                0.102242
  483                0.077548
  486                0.061647
  489                0.059469
  492                0.067317
  495                0.050244
  498                0.084220
  501                0.083374
  504                0.126381
  507                0.134592
  510                0.147002
  513                0.153516
  516                0.164391
  519                0.186574
  522                0.179990
  525                0.164165
  528                0.173431
  531                0.156507
  534                0.113943
  537                0.127921
  540                0.083353
  543                0.068720
  546                0.082536
  549                0.073110
  552                0.070164
  555                0.062827
  558                0.074342
  561                0.095449
  564                0.119366
  567                0.139135
  570                0.142182
  573                0.154274
  576                0.155611
  579                0.132812
  582                0.131224
  585                0.132785
  588                0.121179
  591                0.100668
  594                0.083745
  597                0.068976
  600                0.083416
  603                0.059598
  606                0.078829
  609                0.096335
  612                0.110371
  615                0.100575
  618                0.126157
  621                0.133403
  624                0.131010
  627                0.116034
  630                0.109527
  633                0.126455
  636                0.112608
  639                0.090838
  642                0.083396
  645                0.085608
  648                0.071940
  651                0.073338
  654                0.067679
  657                0.082294
  660                0.092969
  663                0.096308
  666                0.108869
  669                0.100381
  672                0.116698
  675                0.120819
  678                0.118132
  681                0.127421
  684                0.079207
  687                0.092808
  690                0.081462
  693                0.093811
  696                0.078193
  699                0.074486
  702                0.088867
  705                0.096631
  708                0.098065
  711                0.095103
  714                0.092268
  717                0.092775
  720                0.092911
  723                0.102017
  726                0.110633
  729                0.096504
  732                0.079841
  735                0.079770
  738                0.085325
  741                0.107311
  744                0.088456
  747                0.085400
  750                0.088219
  753                0.098229
  756                0.097843
  759                0.000373
  762                0.110700
  765                0.095516
  768                0.094327
  771                0.095124
  774                0.076281
  777                0.099113
  780                0.088418
  783                0.093888
  786                0.089042
  789                0.101902
  792                0.075400
  795                0.088296
  798                0.093385
  801                0.096552
  804                0.093813
  807                0.091176
  810                0.080984
  813                0.074990
  816                0.094734
  819                0.093621
  822                0.106251
  825                0.091868
  828                0.084696
  831                0.085845
  834                0.082373
  837                0.090661
  840                0.091086
  843                0.083300
  846                0.073677
  849                0.101487
  852                0.095967
  855                0.091284
  858                0.084159
  861                0.091341
  864                0.093872
  867                0.078656
  870                0.092935
  873                0.079985
  876                0.077961
  879                0.100265
  882                0.067352
  885                0.110517
  888                0.109882
  891                0.092685
  894                0.096151
  897                0.094572
  900                0.100169
  903                0.091823
  906                0.082804
  909                0.070843
  912                0.084126
  915                0.092347
  918                0.095555
  921                0.084267
  924                0.105650
  927                0.101540
  930                0.099730
  933                0.099788
  936                0.089540
  939                0.088594
  942                0.082995
  945                0.085614
  948                0.081124
  951                0.097766
  954                0.105460
  957                0.110753
  960                0.092245
  963                0.108293
  966                0.095521
  969                0.092321
  972                0.070152
  975                0.081562
  978                0.085668
  981                0.103262
  984                0.106641
  987                0.109067
  990                0.110283
  993                0.109133
  996                0.084544
  999                0.085764
 1002                0.085757
 1005                0.090024
 1008                0.108971
 1011                0.092987
 1014                0.111801
 1017                0.120754
 1020                0.110766
 1023                0.109400
 1026                0.092661
 1029                0.088975
 1032                0.085163
 1035                0.073001
 1038                0.080707
 1041                0.081770
 1044                0.103598
 1047                0.109551
 1050                0.118033
 1053                0.101387
 1056                0.113493
 1059                0.099554
 1062                0.081276
 1065                0.092773
 1068                0.095756
 1071                0.090684
 1074                0.092427
 1077                0.094764
 1080                0.122137
 1083                0.109956
 1086                0.101989
 1089                0.086181
 1092                0.088618
 1095                0.095147
 1098                0.087824
 1101                0.096038
 1104                0.114128
 1107                0.112327
 1110                0.103827
 1113                0.098825
 1116                0.097905
 1119                0.089113
 1122                0.093895
 1125                0.098661
 1128                0.092810
 1131                0.101585
 1134                0.102460
 1137                0.114260
 1140                0.113568
 1143                0.103621
 1146                0.087567
 1149                0.077451
 1152                0.092691
 1155                0.098852
 1158                0.117166
 1161                0.117412
 1164                0.107249
 1167                0.113773
 1170                0.115919
 1173                0.103262
 1176                0.083434
 1179                0.098620
 1182                0.103386
 1185                0.122998
 1188                0.127054
 1191                0.137378
 1194                0.128585
 1197                0.132531
 1200                0.114222
 1203                0.104085
 1206                0.116292
 1209                0.111914
 1212                0.121590
 1215                0.108007
 1218                0.118677
 1221                0.110698
 1224                0.111538
 1227                0.108455
 1230                0.112464
 1233                0.101593
 1236                0.105068
 1239                0.107394
 1242                0.120905
 1245                0.090000
 1248                0.098723
 1251                0.098752
 1254                0.114279
 1257                0.100194
 1260                0.113536
 1263                0.103076
 1266                0.100491
 1269                0.092712
 1272                0.101630
 1275                0.097538
 1278                0.104551
 1281                0.104222
 1284                0.104660
 1287                0.102163
 1290                0.110510
 1293                0.099297
 1296                0.115044
 1299                0.111967
 1302                0.119715
 1305                0.109477
 1308                0.106152
 1311                0.099062
 1314                0.113434
 1317                0.101151
 1320                0.112540
 1323                0.117731
 1326                0.106355
 1329                0.107872
 1332                0.107477
 1335                0.101739
 1338                0.099915
 1341                0.102658
 1344                0.106649
 1347                0.105974
 1350                0.104041
 1353                0.115568
 1356                0.093974
 1359                0.093151
 1362                0.093478
 1365                0.099737
 1368                0.103575
 1371                0.106700
 1374                0.088150
 1377                0.090476
 1380                0.101656
 1383                0.090344
 1386                0.074349
 1389                0.094248
 1392                0.095012
 1395                0.091943
 1398                0.088348
 1401                0.097981
 1404                0.097305
 1407                0.094107
 1410                0.084977
 1413                0.085518
 1416                0.098992
 1419                0.095010
 1422                0.089140
 1425                0.090026
 1428                0.079018
 1431                0.086887
 1434                0.080530
 1437                0.093106
 1440                0.082411
 1443                0.091074
 1446                0.083015
 1449                0.064566
 1452                0.076865
 1455                0.084269
 1458                0.088744
 1461                0.087951
 1464                0.090933
 1467                0.083327
 1470                0.075063
 1473                0.074270
 1476                0.082425
 1479                0.080182
 1482                0.086532
 1485                0.078589
 1488                0.079103
 1491                0.078490
 1494                0.077555
 1497                0.067952
 1500                0.081364
 1503                0.085643
 1506                0.073963
 1509                0.073673
 1512                0.065794
 1515                0.071131
 1518                0.078715
 1521                0.069845
 1524                0.058388
 1527                0.077798
 1530                0.070243
 1533                0.072760
 1536                0.068099
 1539                0.072258
 1542                0.068797
 1545                0.075216
 1548                0.075991
 1551                0.069565
 1554                0.079829
 1557                0.067892
 1560                0.061943
 1563                0.061631
 1566                0.081353
 1569                0.064179
 1572                0.065151
 1575                0.067289
 1578                0.066550
 1581                0.059982
 1584                0.066059
 1587                0.059558
 1590                0.060204
 1593                0.052739
 1596                0.075151
 1599                0.063063
 1602                0.060857
 1605                0.053826
 1608                0.066038
 1611                0.069918
 1614                0.067886
 1617                0.072703
 1620                0.063878
 1623                0.062985
 1626                0.052846
 1629                0.052367
 1632                0.052274
 1635                0.056651
 1638                0.059114
 1641                0.052882
 1644                0.056670
 1647                0.054102
 1650                0.052476
 1653                0.053401
 1656                0.049121
 1659                0.056213
 1662                0.056270
 1665                0.052401
 1668                0.058282
 1671                0.054593
 1674                0.047876
 1677                0.050589
 1680                0.055046
 1683                0.054479
 1686                0.043009
 1689                0.047586
 1692                0.052458
 1695                0.047446
 1698                0.043182
 1701                0.050832
 1704                0.048744
 1707                0.046809
 1710                0.045610
 1713                0.054478
 1716                0.043763
 1719                0.045528
 1722                0.046481
 1725                0.053128
 1728                0.044021
 1731                0.049269
 1734                0.046606
 1737                0.057751
 1740                0.047083
 1743                0.046054
 1746                0.046891
 1749                0.044362
 1752                0.049687
 1755                0.052453
 1758                0.050922
 1761                0.044125
 1764                0.052150
 1767                0.048936
 1770                0.045110
 1773                0.042439
 1776                0.042597
 1779                0.049280
 1782                0.054807
 1785                0.034141
 1788                0.048407
 1791                0.038878
 1794                0.036263
 1797                0.039226
 1800                0.041698
 1803                0.041956
 1806                0.036986
 1809                0.037077
 1812                0.036442
 1815                0.044008
 1818                0.033543
 1821                0.035120
 1824                0.033381
 1827                0.032011
 1830                0.041476
 1833                0.030706
 1836                0.044154
 1839                0.041379
 1842                0.040978
 1845                0.040266
 1848                0.044487
 1851                0.040316
 1854                0.032070
 1857                0.039746
 1860                0.041777
 1863                0.041645
 1866                0.035582
 1869                0.041825
 1872                0.032737
 1875                0.038148
 1878                0.028381
 1881                0.033211
 1884                0.038016
 1887                0.040173
 1890                0.028444
 1893                0.040425
 1896                0.034228
 1899                0.027886
 1902                0.042445
 1905                0.032981
 1908                0.031776
 1911                0.035034
 1914                0.034895
 1917                0.039493
 1920                0.030009
 1923                0.038321
 1926                0.037173
 1929                0.030762
 1932                0.027786
 1935                0.030598
 1938                0.029384
 1941                0.031558
 1944                0.030006
 1947                0.031924
 1950                0.023858
 1953                0.036139
 1956                0.033015
 1959                0.032364
 1962                0.032748
 1965                0.022577
 1968                0.037345
 1971                0.025409
 1974                0.029438
 1977                0.031674
 1980                0.030264
 1983                0.026976
 1986                0.021265
 1989                0.030000
 1992                0.035805
 1995                0.024464
 1998                0.025853
 2001                0.027138
 2004                0.015554
 2007                0.031119
 2010                0.026343
 2013                0.030112
 2016                0.021615
 2019                0.023989
 2022                0.018276
 2025                0.031433
 2028                0.018895
 2031                0.032996
 2034                0.021708
 2037                0.020385
 2040                0.021837
 2043                0.022166
 2046                0.023207
 2049                0.033065
 2052                0.032126
 2055                0.030799
 2058                0.025813
 2061                0.015572
 2064                0.025708
 2067                0.019944
 2070                0.010448
 2073                0.031456
 2076                0.033093
 2079                0.018111
 2082                0.018499
 2085                0.028678
 2088                0.009385
 2091                0.018706
 2094                0.017181
 2097                0.015063
 2100                0.018042
 2103                0.013096
 2106                0.026495
 2109                0.025733
 2112                0.027588
 2115                0.014461
 2118                0.018619
 2121                0.027165
 2124                0.022132
 2127                0.017194
 2130                0.022489
 2133                0.030824
 2136                0.011029
 2139                0.015168
 2142                0.018168
 2145                0.026019
 2148                0.025144
 2151                0.006269
 2154                0.016347
 2157                0.022125
 2160                0.020178
 2163                0.017194
 2166                0.020930
 2169                0.016511
 2172                0.011985
 2175                0.019244
 2178                0.013696
 2181                0.009272
 2184                0.014005
 2187                0.020738
 2190                0.008863
 2193                0.007697
 2196                0.016877
 2199                0.017050
 2202                0.017081
 2205                0.013823
 2208                0.016223
 2211                0.019221
 2214                0.012302
 2217                0.020330
 2220                0.013357
 2223                0.008301
 2226                0.012034
 2229                0.008805
 2232                0.018389
 2235                0.016080
 2238                0.005816
 2241                0.012577
 2244                0.018543
 2247                0.017554
 2250                0.014809
 2253                0.018290
 2256                0.016096
 2259                0.014118
 2262                0.005058
 2265                0.011629
 2268                0.006727
 2271                0.016605
 2274                0.015697
 2277                0.019962
 2280                0.005071
 2283                0.012537
 2286                0.027012
 2289                0.016495
 2292                0.014163
 2295                0.009999
 2298                0.003443
 2301                0.008723
 2304                0.017482
 2307                0.013610
 2310                0.009917
 2313                0.015558
 2316                0.012427
 2319                0.014397
 2322                0.009576
 2325                0.002421
 2328                0.012837
 2331                0.008296
 2334                0.013949
 2337                0.011001
 2340                0.010232
 2343                0.016293
 2346                0.013434
 2349                0.010314
 2352                0.009770
 2355                0.009886
 2358                0.007337
 2361                0.006865
 2364                0.023838
 2367                0.016796
 2370                0.015903
 2373                0.014109
 2376                0.010095
 2379                0.021409
 2382                0.005196
 2385                0.004379
 2388                0.010823
 2391                0.015184
 2394                0.008999
 2397                0.010601
 2400                0.005099
 2403                0.008922
 2406                0.011722
 2409                0.004183
 2412                0.009805
 2415                0.014953
 2418                0.008011
 2421                0.021066
 2424                0.018597
 2427                0.013717
 2430                0.007618
 2433                0.012830
 2436                0.007369
 2439                0.019882
 2442                0.007881
 2445                0.006080
 2448                0.015166
 2451                0.002670
 2454                0.010729
 2457                0.016453
 2460                0.003883
 2463                0.006553
 2466                0.013269
 2469                0.018024
 2472                0.021027
 2475                0.008558
 2478                0.009274
 2481                0.010694
 2484                0.012982
 2487                0.006378
 2490                0.009786
 2493                0.018513
 2496                0.009087
 2499                0.011514
 2502                0.010403
 2505                0.015847
 2508                0.006547
 2511                0.020760
 2514                0.006505
 2517                0.007362
 2520                0.010283
 2523                0.008005
 2526                0.012691
 2529                0.014255
 2532                0.004742
 2535                0.008959
 2538                0.013011
 2541                0.015486
 2544                0.014761
 2547                0.011274
 2550                0.007513
 2553                0.016161
 2556                0.014340
 2559                0.010395
 2562                0.008781
 2565                0.013845
 2568                0.019855
 2571                0.010146
 2574                0.010812
 2577                0.016208
 2580                0.007789
 2583                0.006015
 2586                0.013081
 2589                0.014352
 2592                0.006819
 2595                0.010195
 2598                0.020917
 2601                0.009230
 2604                0.018747
 2607                0.013333
 2610                0.010279
 2613                0.007959
 2616                0.009182
 2619                0.013391
 2622                0.012451
 2625                0.007646
 2628                0.008261
 2631                0.011698
 2634                0.014540
 2637                0.017155
 2640                0.010123
 2643                0.006197
 2646                0.010109
 2649                0.007202
 2652                0.013767
 2655                0.004995
 2658                0.014457
 2661                0.011165
 2664                0.011732
 2667                0.010074
 2670                0.009753
 2673                0.015901
 2676                0.009195
 2679                0.008879
 2682                0.013911
 2685                0.020407
 2688                0.014263
 2691                0.014484
 2694                0.011615
 2697                0.017817
 2700                0.013509
 2703                0.015860
 2706                0.017688
 2709                0.010540
 2712                0.011042
 2715                0.011908
 2718                0.017439
 2721                0.014668
 2724                0.005810
 2727                0.021441
 2730                0.007603
 2733                0.009320
 2736                0.016339
 2739                0.011693
 2742                0.017832
 2745                0.016939
 2748                0.024439
 2751                0.010024
 2754                0.014957
 2757                0.016090
 2760                0.011836
 2763                0.012749
 2766                0.016826
 2769                0.011797
 2772                0.014117
 2775                0.011104
 2778                0.011963
 2781                0.014848
 2784                0.008334
 2787                0.019332
 2790                0.003257
 2793                0.012762
 2796                0.018176
 2799                0.011639
 2802                0.011781
 2805                0.011238
 2808                0.004552
 2811                0.010934
 2814                0.012685
 2817                0.013311
 2820                0.010975
 2823                0.018936
 2826                0.009690
 2829                0.019023
 2832                0.014085
 2835                0.022346
 2838                0.005748
 2841                0.006724
 2844                0.013321
 2847                0.013428
 2850                0.013990
 2853                0.005444
 2856                0.022466
 2859                0.005974
 2862                0.015418
 2865                0.009204
 2868                0.005575
 2871                0.014167
 2874                0.012516
 2877                0.014556
 2880                0.020485
 2883                0.019872
 2886                0.019108
 2889                0.018718
 2892                0.022459
 2895                0.004230
 2898                0.020553
 2901                0.016756
 2904                0.011269
 2907                0.014340
 2910                0.016849
 2913                0.022106
 2916                0.011858
 2919                0.021369
 2922                0.014494
 2925                0.017109
 2928                0.019138
 2931                0.022714
 2934                0.013325
 2937                0.011178
 2940                0.016602
 2943                0.019093
 2946                0.019974
 2949                0.015614
 2952                0.016990
 2955                0.014250
 2958                0.014171
 2961                0.010127
 2964                0.012721
 2967                0.015847
 2970                0.012006
 2973                0.012457
 2976                0.016051
 2979                0.008259
 2982                0.016899
 2985                0.014674
 2988                0.022049
 2991                0.012268
 2994                0.013773
 2997                0.008298
