Testing CTF
****** CTF3 ******
0.07
0.0703347
0.0712751
0.0725864
0.0742663
0.0767727
0.0795605
0.0828381
0.0867755
0.091015
0.0956869
0.100675
0.106242
0.112751
0.11954
0.126435
0.133773
0.141804
0.15069
0.159723
0.168831
0.179087
0.18936
0.19975
0.210719
0.222663
0.235442
0.247847
0.260195
0.27352
0.287315
0.301884
0.31653
0.331407
0.346955
0.362423
0.378149
0.39424
0.41133
0.428559
0.445167
0.462587
0.480547
0.498963
0.517344
0.535212
0.55338
0.571883
0.590696
0.609422
0.62878
0.647916
0.666246
0.684732
0.703036
0.721955
0.740449
0.758378
0.775978
0.79335
0.810688
0.827665
0.844103
0.859806
0.874775
0.889532
0.903517
0.916658
0.929392
0.941123
0.951732
0.96144
0.970451
0.978427
0.985155
0.99064
0.994949
0.997971
0.99961
0.999872
0.99867
0.995972
0.991668
0.985837
0.978349
0.969026
0.957875
0.945094
0.930914
0.914281
0.89577
0.875696
0.85364
0.829632
0.803452
0.775735
0.746393
0.714337
0.68045
0.644788
0.607593
0.568127
0.526665
0.484786
0.441042
0.395385
0.347925
0.298763
0.249545
0.199606
0.147859
0.0947046
0.0407654
0.016401
0.0686377
0.124323
0.178199
0.232597
0.287483
0.3418
0.395477
0.446675
0.497704
0.549461
0.59843
0.645242
0.689415
0.731837
0.772835
0.810335
0.84525
0.877001
0.905916
0.931431
0.952426
0.969986
0.983818
0.993416
0.998702
0.999643
0.996114
0.988015
0.975411
0.95813
0.936031
0.909063
0.877519
0.842155
0.801753
0.756453
0.707515
0.655267
0.598952
0.5388
0.474547
0.407801
0.338945
0.266771
0.193286
0.119307
0.0432192
0.0356195
0.114157
0.190552
0.266144
0.3413
0.416023
0.487321
0.554392
0.61976
0.682448
0.740271
0.792514
0.840563
0.883074
0.919123
0.9488
0.971787
0.988267
0.997598
0.999464
0.993914
0.98061
0.959319
0.931261
0.895883
0.852296
0.801697
0.744787
0.682143
0.613403
0.538288
0.458897
0.374777
0.286946
0.196431
0.102626
0.0249824
0.0861642
0.180332
****** CTF2 ******
0.14
0.083719
0.0892162
0.0962114
0.110038
0.12807
0.149376
0.173843
0.200417
0.231378
0.266559
0.303027
0.343476
0.388321
0.43289
0.478039
0.529287
0.58217
0.633572
0.685796
0.73678
0.784865
0.833096
0.876843
0.914414
0.947887
0.973269
0.991508
1.00148
1.0007
0.989389
0.964969
0.927713
0.87541
0.80553
0.72207
0.625767
0.517133
0.396933
0.267174
0.126663
0.0460652
0.176258
0.323162
0.468814
0.606635
0.730822
0.832917
0.913956
0.972425
1.00057
0.994167
0.954071
0.878649
0.769067
0.629717
0.463201
0.272356
0.0736792
0.150275
0.355357
0.549237
0.720423
0.855547
0.951436
0.998342
0.988321
0.919698
0.794735
0.618893
0.407718
0.168093
0.108235
0.358081
0.586518
0.778096
0.918709
0.992027
0.989926
0.911202
0.757425
0.541143
0.273613
0.0854913
0.334907
0.601562
0.817415
0.954652
0.998716
0.943259
0.792214
0.555754
0.258509
0.101292
0.39944
0.67937
0.883669
0.987697
0.973849
0.833284
0.581557
0.25844
0.129585
0.465236
0.751739
0.937751
0.994301
0.906152
0.684683
0.35995
0.0954017
0.403965
0.727688
0.93571
0.991947
0.882179
0.615179
0.242076
0.181239
0.563787
0.852794
0.988273
0.936568
0.70816
0.338289
0.135228
0.519734
0.837928
0.987495
0.930015
0.674636
0.274917
0.20551
0.634834
0.917153
0.987833
0.829997
0.474351
0.127257
0.472468
0.834399
0.989477
0.896847
0.570635
0.147428
0.405433
0.801247
0.984652
0.897322
0.558177
0.148511
0.47051
0.850192
0.988084
0.833892
0.423273
0.163534
0.616259
0.933216
0.960849
0.682601
0.199793
0.38789
0.822468
0.984783
0.808136
0.34549
0.244372
0.735611
0.977916
0.867071
0.439584
0.192599
0.694089
0.972884
0.885067
0.458934
0.18528
0.696244
0.974405
0.864105
0.402411
0.250408
0.775989
0.982599
0.769719
0.245985
0.411579
0.882278
0.959671
0.61845
0.168012
0.630727
0.965321
0.852623
0.33575
0.339684
0.852474
0.954376
0.58355
