0 0
1 0.999993
2 0.999974
3 0.999941
4 0.999895
5 0.999836
6 0.999763
7 0.999678
8 0.999579
9 0.999467
10 0.999342
11 0.999204
12 0.999053
13 0.998888
14 0.998711
15 0.99852
16 0.998316
17 0.9981
18 0.99787
19 0.997626
20 0.99737
21 0.997101
22 0.996818
23 0.996523
24 0.996214
25 0.995893
26 0.995558
27 0.99521
28 0.994849
29 0.994476
30 0.994089
31 0.993689
32 0.993276
33 0.99285
34 0.992411
35 0.991959
36 0.991494
37 0.991017
38 0.990526
39 0.990022
40 0.989506
41 0.988976
42 0.988434
43 0.987878
44 0.98731
45 0.986729
46 0.986135
47 0.985529
48 0.984909
49 0.984277
50 0.983632
51 0.982974
52 0.982303
53 0.98162
54 0.980924
55 0.980215
56 0.979493
57 0.978759
58 0.978012
59 0.977253
60 0.976481
61 0.975696
62 0.974899
63 0.974089
64 0.973266
65 0.972432
66 0.971584
67 0.970724
68 0.969852
69 0.968967
70 0.96807
71 0.96716
72 0.966238
73 0.965304
74 0.964357
75 0.963398
76 0.962426
77 0.961443
78 0.960447
79 0.959439
80 0.958418
81 0.957386
82 0.956341
83 0.955285
84 0.954216
85 0.953135
86 0.952042
87 0.950937
88 0.94982
89 0.948691
90 0.94755
91 0.946397
92 0.945232
93 0.944056
94 0.942867
95 0.941667
96 0.940455
97 0.939231
98 0.937995
99 0.936748
100 0.935489
101 0.934219
102 0.932937
103 0.931643
104 0.930338
105 0.929021
106 0.927693
107 0.926353
108 0.925002
109 0.923639
110 0.922265
111 0.92088
112 0.919484
113 0.918076
114 0.916657
115 0.915227
116 0.913785
117 0.912333
118 0.910869
119 0.909394
120 0.907909
121 0.906412
122 0.904905
123 0.903386
124 0.901857
125 0.900316
126 0.898765
127 0.897203
128 0.895631
129 0.894048
130 0.892454
131 0.890849
132 0.889234
133 0.887608
134 0.885972
135 0.884325
136 0.882668
137 0.881
138 0.879322
139 0.877634
140 0.875936
141 0.874227
142 0.872508
143 0.870779
144 0.86904
145 0.86729
146 0.865531
147 0.863761
148 0.861982
149 0.860193
150 0.858394
151 0.856585
152 0.854766
153 0.852937
154 0.851099
155 0.849251
156 0.847394
157 0.845527
158 0.84365
159 0.841764
160 0.839869
161 0.837964
162 0.836049
163 0.834126
164 0.832193
165 0.830251
166 0.828299
167 0.826339
168 0.824369
169 0.822391
170 0.820403
171 0.818407
172 0.816401
173 0.814387
174 0.812364
175 0.810332
176 0.808291
177 0.806242
178 0.804184
179 0.802118
180 0.800043
181 0.797959
182 0.795867
183 0.793767
184 0.791658
185 0.789542
186 0.787416
187 0.785283
188 0.783142
189 0.780992
190 0.778834
191 0.776669
192 0.774495
193 0.772314
194 0.770124
195 0.767927
196 0.765722
197 0.76351
198 0.76129
199 0.759062
200 0.756827
201 0.754584
202 0.752334
203 0.750076
204 0.747811
205 0.745539
206 0.74326
207 0.740973
208 0.738679
209 0.736378
210 0.73407
211 0.731756
212 0.729434
213 0.727105
214 0.72477
215 0.722428
216 0.720079
217 0.717723
218 0.715361
219 0.712993
220 0.710618
221 0.708236
222 0.705848
223 0.703454
224 0.701053
225 0.698647
226 0.696234
227 0.693815
228 0.69139
229 0.688959
230 0.686522
231 0.684079
232 0.68163
233 0.679175
234 0.676715
235 0.674249
236 0.671778
237 0.669301
238 0.666818
239 0.66433
240 0.661837
241 0.659338
242 0.656834
243 0.654325
244 0.651811
245 0.649291
246 0.646767
247 0.644238
248 0.641703
249 0.639164
250 0.63662
251 0.634071
252 0.631517
253 0.628959
254 0.626396
255 0.623829
256 0.621257
257 0.618681
258 0.6161
259 0.613516
260 0.610926
261 0.608333
262 0.605736
263 0.603134
264 0.600529
265 0.597919
266 0.595306
267 0.592689
268 0.590068
269 0.587443
270 0.584815
271 0.582183
272 0.579547
273 0.576908
274 0.574266
275 0.57162
276 0.568971
277 0.566318
278 0.563663
279 0.561004
280 0.558342
281 0.555678
282 0.55301
283 0.550339
284 0.547666
285 0.544989
286 0.54231
287 0.539629
288 0.536944
289 0.534258
290 0.531568
291 0.528877
292 0.526182
293 0.523486
294 0.520787
295 0.518086
296 0.515383
297 0.512678
298 0.509971
299 0.507262
300 0.504551
301 0.501838
302 0.499124
303 0.496407
304 0.493689
305 0.49097
306 0.488249
307 0.485526
308 0.482802
309 0.480077
310 0.47735
311 0.474622
312 0.471893
313 0.469163
314 0.466431
315 0.463699
316 0.460966
317 0.458231
318 0.455496
319 0.452761
320 0.450024
321 0.447287
322 0.444549
323 0.441811
324 0.439072
325 0.436333
326 0.433593
327 0.430853
328 0.428113
329 0.425372
330 0.422632
331 0.419891
332 0.417151
333 0.41441
334 0.41167
335 0.408929
336 0.406189
337 0.403449
338 0.40071
339 0.397971
340 0.395232
341 0.392494
342 0.389757
343 0.38702
344 0.384283
345 0.381548
346 0.378813
347 0.376079
348 0.373346
349 0.370614
350 0.367883
351 0.365153
352 0.362424
353 0.359697
354 0.35697
355 0.354245
356 0.351522
357 0.348799
358 0.346079
359 0.343359
360 0.340642
361 0.337926
362 0.335211
363 0.332499
364 0.329788
365 0.327079
366 0.324372
367 0.321667
368 0.318964
369 0.316263
370 0.313565
371 0.310868
372 0.308174
373 0.305482
374 0.302793
375 0.300105
376 0.297421
377 0.294739
378 0.292059
379 0.289382
380 0.286708
381 0.284037
382 0.281368
383 0.278702
384 0.276039
385 0.273379
386 0.270722
387 0.268069
388 0.265418
389 0.26277
390 0.260126
391 0.257485
392 0.254847
393 0.252213
394 0.249582
395 0.246955
396 0.244331
397 0.241711
398 0.239094
399 0.236481
400 0.233872
401 0.231267
402 0.228666
403 0.226068
404 0.223474
405 0.220885
406 0.218299
407 0.215718
408 0.213141
409 0.210568
410 0.207999
411 0.205434
412 0.202874
413 0.200318
414 0.197767
415 0.19522
416 0.192678
417 0.190141
418 0.187608
419 0.185079
420 0.182556
421 0.180037
422 0.177523
423 0.175014
424 0.17251
425 0.170011
426 0.167517
427 0.165028
428 0.162545
429 0.160066
430 0.157593
431 0.155125
432 0.152662
433 0.150204
434 0.147752
435 0.145306
436 0.142865
437 0.140429
438 0.137999
439 0.135575
440 0.133156
441 0.130744
442 0.128336
443 0.125935
444 0.12354
445 0.12115
446 0.118767
447 0.116389
448 0.114017
449 0.111652
450 0.109292
451 0.106939
452 0.104592
453 0.102251
454 0.0999168
455 0.0975886
456 0.0952668
457 0.0929514
458 0.0906424
459 0.0883399
460 0.086044
461 0.0837546
462 0.0814718
463 0.0791957
464 0.0769263
465 0.0746636
466 0.0724077
467 0.0701586
468 0.0679163
469 0.0656809
470 0.0634525
471 0.061231
472 0.0590165
473 0.056809
474 0.0546087
475 0.0524154
476 0.0502293
477 0.0480504
478 0.0458787
479 0.0437142
480 0.0415571
481 0.0394073
482 0.0372648
483 0.0351298
484 0.0330022
485 0.0308821
486 0.0287694
487 0.0266644
488 0.0245669
489 0.022477
490 0.0203947
491 0.0183202
492 0.0162533
493 0.0141942
494 0.0121429
495 0.0100993
496 0.00806367
497 0.00603586
498 0.00401596
499 0.00200399
