    0                1.000000
    3                0.340557
    6                0.410122
    9                0.509467
   12                0.620911
   15                0.746475
   18                0.802460
   21                0.799124
   24                0.807002
   27                0.777640
   30                0.690468
   33                0.627500
   36                0.666881
   39                0.642698
   42                0.638058
   45                0.629296
   48                0.586585
   51                0.673337
   54                0.638887
   57                0.619289
   60                0.610335
   63                0.666176
   66                0.649338
   69                0.653957
   72                0.652158
   75                0.663152
   78                0.601970
   81                0.627772
   84                0.605125
   87                0.611628
   90                0.631542
   93                0.648360
   96                0.642242
   99                0.645327
  102                0.664509
  105                0.671867
  108                0.625901
  111                0.682630
  114                0.659550
  117                0.664296
  120                0.706050
  123                0.681940
  126                0.694526
  129                0.692007
  132                0.701833
  135                0.716166
  138                0.717266
  141                0.730631
  144                0.698558
  147                0.708576
  150                0.720359
  153                0.732737
  156                0.740647
  159                0.725898
  162                0.704283
  165                0.721545
  168                0.713777
  171                0.704784
  174                0.710560
  177                0.698368
  180                0.694652
  183                0.698460
  186                0.667438
  189                0.666977
  192                0.653794
  195                0.648974
  198                0.649430
  201                0.611034
  204                0.600993
  207                0.583518
  210                0.587162
  213                0.551414
  216                0.533580
  219                0.486329
  222                0.500793
  225                0.451544
  228                0.412509
  231                0.394760
  234                0.329548
  237                0.309543
  240                0.248218
  243                0.190503
  246                0.179088
  249                0.123104
  252                0.101723
  255                0.059360
  258                0.030487
  261                0.022601
  264                0.028934
  267                0.037405
  270                0.075535
  273                0.055876
  276                0.090595
  279                0.120332
  282                0.167129
  285                0.194947
  288                0.213700
  291                0.257766
  294                0.285246
  297                0.317924
  300                0.338190
  303                0.326806
  306                0.369897
  309                0.374681
  312                0.392124
  315                0.381924
  318                0.401304
  321                0.394888
  324                0.422141
  327                0.393436
  330                0.379675
  333                0.378966
  336                0.370989
  339                0.340206
  342                0.315516
  345                0.282066
  348                0.257837
  351                0.208269
  354                0.188541
  357                0.147477
  360                0.109161
  363                0.084553
  366                0.088903
  369                0.024956
  372                0.030476
  375                0.038575
  378                0.012941
  381                0.023384
  384                0.059373
  387                0.090863
  390                0.122238
  393                0.148087
  396                0.186489
  399                0.218053
  402                0.232473
  405                0.261239
  408                0.265588
  411                0.298874
  414                0.305722
  417                0.318880
  420                0.290376
  423                0.283076
  426                0.282248
  429                0.256324
  432                0.268895
  435                0.209227
  438                0.193818
  441                0.180019
  444                0.131737
  447                0.086347
  450                0.084612
  453                0.038030
  456                0.020350
  459                0.008097
  462                0.007158
  465                0.050255
  468                0.070588
  471                0.081549
  474                0.109056
  477                0.138930
  480                0.171366
  483                0.183356
  486                0.216359
  489                0.241766
  492                0.237821
  495                0.248432
  498                0.241462
  501                0.262163
  504                0.230351
  507                0.220737
  510                0.189419
  513                0.150345
  516                0.131692
  519                0.083869
  522                0.077508
  525                0.036283
  528                0.007177
  531                0.012629
  534                0.013772
  537                0.050329
  540                0.037886
  543                0.064425
  546                0.111800
  549                0.124029
  552                0.162173
  555                0.192450
  558                0.190538
  561                0.185224
  564                0.196760
  567                0.204633
  570                0.179483
  573                0.181342
  576                0.152806
  579                0.133326
  582                0.087633
  585                0.068454
  588                0.038258
  591                0.027992
  594                0.007978
  597                0.004797
  600                0.036348
  603                0.039527
  606                0.075466
  609                0.100563
  612                0.143154
  615                0.144233
  618                0.173995
  621                0.175886
  624                0.181304
  627                0.170412
  630                0.171001
  633                0.136035
  636                0.109302
  639                0.104604
  642                0.072673
  645                0.051729
  648                0.025085
  651                0.008597
  654                0.006947
  657                0.030262
  660                0.052747
  663                0.068910
  666                0.097392
  669                0.115142
  672                0.136756
  675                0.151931
  678                0.158599
  681                0.143481
  684                0.167815
  687                0.128207
  690                0.104149
  693                0.068055
  696                0.044321
  699                0.041922
  702                0.024744
  705                0.000670
  708                0.027935
  711                0.039027
  714                0.043738
  717                0.075110
  720                0.107054
  723                0.133949
  726                0.145810
  729                0.150462
  732                0.150614
  735                0.128235
  738                0.109970
  741                0.086976
  744                0.069646
  747                0.046409
  750                0.040940
  753                0.005837
  756                0.012206
  759                0.022646
  762                0.052971
  765                0.077139
  768                0.101706
  771                0.121549
  774                0.134131
  777                0.153440
  780                0.135125
  783                0.122972
  786                0.092916
  789                0.077486
  792                0.062783
  795                0.039564
  798                0.025461
  801                0.024710
  804                0.024876
  807                0.056510
  810                0.069808
  813                0.101310
  816                0.110140
  819                0.126943
  822                0.131942
  825                0.134190
  828                0.121912
  831                0.099534
  834                0.093834
  837                0.036753
  840                0.010260
  843                0.018528
  846                0.014579
  849                0.042860
  852                0.063410
  855                0.083665
  858                0.109535
  861                0.125203
  864                0.132677
  867                0.124778
  870                0.103154
  873                0.096797
  876                0.079508
  879                0.040986
  882                0.037574
  885                0.012758
  888                0.029599
  891                0.037534
  894                0.061024
  897                0.096922
  900                0.110724
  903                0.124628
  906                0.132056
  909                0.121935
  912                0.108718
  915                0.067949
  918                0.062725
  921                0.030975
  924                0.019227
  927                0.013724
  930                0.032821
  933                0.059894
  936                0.104244
  939                0.110433
  942                0.123495
  945                0.122121
  948                0.127757
  951                0.102843
  954                0.076698
  957                0.050092
  960                0.046008
  963                0.015690
  966                0.015010
  969                0.029704
  972                0.070019
  975                0.095349
  978                0.112471
  981                0.129151
  984                0.116468
  987                0.113136
  990                0.078905
  993                0.060256
  996                0.030327
  999                0.036713
 1002                0.031922
 1005                0.033740
 1008                0.068425
 1011                0.091262
 1014                0.105030
 1017                0.131205
 1020                0.125212
 1023                0.104812
 1026                0.090997
 1029                0.056920
 1032                0.030128
 1035                0.016250
 1038                0.031976
 1041                0.042932
 1044                0.086990
 1047                0.084977
 1050                0.119061
 1053                0.124538
 1056                0.118834
 1059                0.111973
 1062                0.080906
 1065                0.058511
 1068                0.045280
 1071                0.018945
 1074                0.038165
 1077                0.068903
 1080                0.086531
 1083                0.093424
 1086                0.109619
 1089                0.113662
 1092                0.120317
 1095                0.079313
 1098                0.063480
 1101                0.037033
 1104                0.035211
 1107                0.033065
 1110                0.056814
 1113                0.081347
 1116                0.103877
 1119                0.116253
 1122                0.111639
 1125                0.118082
 1128                0.069729
 1131                0.057860
 1134                0.032433
 1137                0.040504
 1140                0.047491
 1143                0.070697
 1146                0.085501
 1149                0.103216
 1152                0.111734
 1155                0.107324
 1158                0.081109
 1161                0.069814
 1164                0.042329
 1167                0.032792
 1170                0.034669
 1173                0.051879
 1176                0.072793
 1179                0.098997
 1182                0.124518
 1185                0.108412
 1188                0.102827
 1191                0.070017
 1194                0.066758
 1197                0.028088
 1200                0.035256
 1203                0.042016
 1206                0.073087
 1209                0.084872
 1212                0.104559
 1215                0.109091
 1218                0.102692
 1221                0.089533
 1224                0.056894
 1227                0.060498
 1230                0.042484
 1233                0.050965
 1236                0.084681
 1239                0.106090
 1242                0.108693
 1245                0.102672
 1248                0.086705
 1251                0.078713
 1254                0.061004
 1257                0.038988
 1260                0.056890
 1263                0.050447
 1266                0.070175
 1269                0.087225
 1272                0.120915
 1275                0.096841
 1278                0.090933
 1281                0.072551
 1284                0.044319
 1287                0.032896
 1290                0.060401
 1293                0.056508
 1296                0.078080
 1299                0.106951
 1302                0.105791
 1305                0.107576
 1308                0.085163
 1311                0.064674
 1314                0.053968
 1317                0.053189
 1320                0.056943
 1323                0.077268
 1326                0.088649
 1329                0.102498
 1332                0.088196
 1335                0.092181
 1338                0.066208
 1341                0.055474
 1344                0.046924
 1347                0.061560
 1350                0.068507
 1353                0.095876
 1356                0.100062
 1359                0.092433
 1362                0.085218
 1365                0.070169
 1368                0.044567
 1371                0.052768
 1374                0.051500
 1377                0.079476
 1380                0.084114
 1383                0.098741
 1386                0.088622
 1389                0.081290
 1392                0.067808
 1395                0.037632
 1398                0.056433
 1401                0.054045
 1404                0.077973
 1407                0.077181
 1410                0.097171
 1413                0.078123
 1416                0.060374
 1419                0.061376
 1422                0.046802
 1425                0.032665
 1428                0.052859
 1431                0.058903
 1434                0.067604
 1437                0.077027
 1440                0.070021
 1443                0.069855
 1446                0.049600
 1449                0.034829
 1452                0.057079
 1455                0.047645
 1458                0.060778
 1461                0.059650
 1464                0.067923
 1467                0.057446
 1470                0.047888
 1473                0.036238
 1476                0.035353
 1479                0.038578
 1482                0.040016
 1485                0.053310
 1488                0.055037
 1491                0.064879
 1494                0.046308
 1497                0.032595
 1500                0.029728
 1503                0.027528
 1506                0.043577
 1509                0.042859
 1512                0.046802
 1515                0.057299
 1518                0.047934
 1521                0.031352
 1524                0.026401
 1527                0.026174
 1530                0.038273
 1533                0.037189
 1536                0.037373
 1539                0.047519
 1542                0.055476
 1545                0.037960
 1548                0.033815
 1551                0.023142
 1554                0.015667
 1557                0.046185
 1560                0.034978
 1563                0.050428
 1566                0.033476
 1569                0.040914
 1572                0.026297
 1575                0.019813
 1578                0.035332
 1581                0.032706
 1584                0.026892
 1587                0.033353
 1590                0.030523
 1593                0.025071
 1596                0.026498
 1599                0.018686
 1602                0.022502
 1605                0.030661
 1608                0.026107
 1611                0.036772
 1614                0.040279
 1617                0.020507
 1620                0.028191
 1623                0.014293
 1626                0.033077
 1629                0.022586
 1632                0.023844
 1635                0.031296
 1638                0.022268
 1641                0.033869
 1644                0.008812
 1647                0.016321
 1650                0.015849
 1653                0.022011
 1656                0.025288
 1659                0.021798
 1662                0.021979
 1665                0.014265
 1668                0.015691
 1671                0.014633
 1674                0.021265
 1677                0.011079
 1680                0.019872
 1683                0.023250
 1686                0.023563
 1689                0.024087
 1692                0.011091
 1695                0.021912
 1698                0.023907
 1701                0.022614
 1704                0.027821
 1707                0.025205
 1710                0.009459
 1713                0.005107
 1716                0.009025
 1719                0.018686
 1722                0.034011
 1725                0.025013
 1728                0.022944
 1731                0.020477
 1734                0.023444
 1737                0.023594
 1740                0.020595
 1743                0.015525
 1746                0.017570
 1749                0.022400
 1752                0.004574
 1755                0.019582
 1758                0.017423
 1761                0.018139
 1764                0.021841
 1767                0.017417
 1770                0.017207
 1773                0.015044
 1776                0.007607
 1779                0.004986
 1782                0.008604
 1785                0.016663
 1788                0.010409
 1791                0.023048
 1794                0.014753
 1797                0.020737
 1800                0.012145
 1803                0.017241
 1806                0.015701
 1809                0.014610
 1812                0.013297
 1815                0.014277
 1818                0.011715
 1821                0.015082
 1824                0.002850
 1827                0.003336
 1830                0.008217
 1833                0.011048
 1836                0.010071
 1839                0.010827
 1842                0.016399
 1845                0.005895
 1848                0.011370
 1851                0.013682
 1854                0.010616
 1857                0.021417
 1860                0.006524
 1863                0.006629
 1866                0.012723
 1869                0.016935
 1872                0.016080
 1875                0.011586
 1878                0.005041
 1881                0.010821
 1884                0.014741
 1887                0.005536
 1890                0.013038
 1893                0.015419
 1896                0.015609
 1899                0.014301
 1902                0.006468
 1905                0.006576
 1908                0.009413
 1911                0.004823
 1914                0.011955
 1917                0.008080
 1920                0.012153
 1923                0.004757
 1926                0.006048
 1929                0.009200
 1932                0.005315
 1935                0.004555
 1938                0.005970
 1941                0.019128
 1944                0.002374
 1947                0.004215
 1950                0.006987
 1953                0.001781
 1956                0.012873
 1959                0.000344
 1962                0.005458
 1965               -0.001054
 1968               -0.000004
 1971                0.018002
 1974                0.012388
 1977                0.007011
 1980                0.003285
 1983                0.012815
 1986                0.001152
 1989                0.004666
 1992                0.011788
 1995                0.011714
 1998                0.000889
 2001                0.007874
 2004                0.016080
 2007                0.018541
 2010               -0.012739
 2013                0.008791
 2016               -0.010887
 2019               -0.005166
 2022                0.015227
 2025                0.009520
 2028                0.014251
 2031                0.011134
 2034                0.014865
 2037                0.006511
 2040               -0.008582
 2043                0.017643
 2046                0.006757
 2049                0.013002
 2052                0.008985
 2055                0.015246
 2058                0.017972
 2061                0.004041
 2064                0.014737
 2067                0.012245
 2070                0.006466
 2073                0.006591
 2076                0.003713
 2079                0.007145
 2082                0.014555
 2085                0.021469
 2088                0.005020
 2091                0.012227
 2094                0.005741
 2097               -0.000832
 2100                0.016724
 2103               -0.008432
 2106               -0.002213
 2109               -0.004545
 2112                0.013066
 2115                0.001221
 2118                0.004810
 2121                0.009202
 2124                0.002524
 2127                0.003178
 2130                0.004865
 2133                0.007523
 2136                0.018065
 2139               -0.002762
 2142                0.007939
 2145               -0.008942
 2148                0.000891
 2151                0.012055
 2154                0.005244
 2157                0.004451
 2160                0.012091
 2163                0.001171
 2166                0.008743
 2169                0.001079
 2172                0.009930
 2175                0.007789
 2178                0.009622
 2181                0.007139
 2184                0.015164
 2187               -0.000759
 2190               -0.001005
 2193               -0.016876
 2196                0.005770
 2199               -0.005858
 2202                0.013153
 2205               -0.013319
 2208                0.002642
 2211               -0.012610
 2214               -0.007009
 2217               -0.007426
 2220                0.005253
 2223                0.009304
 2226               -0.003256
 2229                0.020206
 2232                0.009248
 2235                0.002731
 2238                0.012580
 2241               -0.007482
 2244                0.000930
 2247                0.002436
 2250                0.007831
 2253               -0.001169
 2256                0.008967
 2259                0.006028
 2262                0.000438
 2265                0.023794
 2268                0.014260
 2271                0.004729
 2274                0.007711
 2277                0.001181
 2280                0.017161
 2283                0.002304
 2286                0.013445
 2289                0.004535
 2292               -0.009036
 2295                0.009797
 2298                0.000924
 2301                0.003431
 2304               -0.016926
 2307                0.002921
 2310               -0.016148
 2313                0.012373
 2316                0.005980
 2319                0.019287
 2322                0.003870
 2325                0.002739
 2328                0.002819
 2331               -0.006175
 2334               -0.008798
 2337                0.013189
 2340                0.011558
 2343               -0.004801
 2346                0.014064
 2349               -0.005266
 2352               -0.016175
 2355                0.023064
 2358               -0.006396
 2361               -0.004880
 2364               -0.014883
 2367                0.004832
 2370                0.016690
 2373                0.017190
 2376               -0.000063
 2379                0.009262
 2382                0.001993
 2385                0.015645
 2388               -0.009978
 2391                0.012375
 2394               -0.001883
 2397                0.002587
