 -0.492985  -0.856510  -0.145760  -0.045946   0.438079  -1.720439   0.000000
  0.002719   0.044415  -0.953678   0.297521  -2.201329   3.361794   0.000000
 -0.116143  -0.010475  -0.532988   0.838049  -3.889533   1.307136   0.000000
 -0.737750  -0.502868  -0.343818   0.290926   3.319512  -0.203678   0.000000
  0.362725   0.164498  -0.282879   0.872554  -2.247218  -2.513530   0.000000
 -0.275167  -0.619424  -0.720952   0.144307  -3.279578   2.105781   0.000000
  0.503179   0.501304  -0.390479   0.585688  -3.720869   2.811163   0.000000
 -0.145727  -0.122572  -0.880446   0.434228  -3.347688  -0.184197   0.000000
  0.172249   0.346325  -0.700970   0.599192  -1.644268  -1.464645   0.000000
 -0.158798  -0.688206  -0.696643   0.125873   2.259924  -3.073839   0.000000
 -0.496797  -0.736403  -0.449894   0.092188  -3.770923   3.829256   0.000000
 -0.169780   0.014011  -0.113584   0.978814   0.083993   3.869360   0.000000
  0.065348   0.097221  -0.811483   0.572515   0.987376   3.386290   0.000000
  0.308235   0.943523  -0.086783   0.084993  -0.215537  -2.883800   0.000000
 -0.578975  -0.740984  -0.329535   0.084484   0.067282   3.711578   0.000000
 -0.753938  -0.597641  -0.228240   0.149364   2.903499  -2.420398   0.000000
  0.296680   0.635350  -0.530584   0.476226  -1.780941  -0.229817   0.000000
  0.317118   0.270128  -0.333887   0.845569  -0.989538   3.545367   0.000000
  0.014536   0.085066  -0.620597   0.779366  -3.045291   1.951201   0.000000
 -0.347790  -0.827151  -0.437832   0.056263   0.446551   3.415944   0.000000
 -0.687507  -0.141892  -0.179555   0.689174   0.425578   3.444591   0.000000
  0.009634   0.405570  -0.895556   0.182757   1.877077   2.970738   0.000000
  0.256897   0.795793  -0.452057   0.310423  -0.665651  -2.723045   0.000000
  0.762158   0.448520  -0.101701   0.455634   0.342712   0.346238   0.000000
  0.093646   0.532347  -0.828087   0.148691  -1.840395  -2.299208   0.000000
 -0.272754  -0.006408  -0.687584   0.672898  -1.103334   1.600344   0.000000
 -0.247275  -0.065211  -0.705874   0.660563  -1.106388   1.066936   0.000000
 -0.243957  -0.067043  -0.704674   0.662891  -0.777142   1.211820   0.000000
 -0.240809  -0.074515  -0.702684   0.665352  -1.064481   0.905561   0.000000
 -0.247452  -0.066002  -0.705532   0.660784  -0.965406   1.141630   0.000033
 -0.247320  -0.067106  -0.704095   0.662254  -0.846527   0.856464   0.000002
 -0.245306  -0.058250  -0.696906   0.671382  -1.225843   1.427829   0.000000
 -0.247125  -0.067343  -0.704722   0.661635  -0.926128   0.854730   0.000000
 -0.247216  -0.064710  -0.705703   0.660818  -1.206050   0.943241   0.000000
 -0.247509  -0.065091  -0.705729   0.660643  -1.000032   1.484695   0.000001
 -0.243694  -0.059097  -0.704481   0.663948  -0.694649   1.160750   0.000000
 -0.254728  -0.060486  -0.702582   0.661690  -0.681733   1.497859   0.000050
 -0.245715  -0.060302  -0.709871   0.657322  -0.789428   1.604536   0.000000
 -0.252896  -0.061583  -0.706740   0.657852  -1.012985   1.397261   0.000055
 -0.253491  -0.055478  -0.706462   0.658465  -0.893953   1.366640   0.000421
 -0.247277  -0.067875  -0.703444   0.662883  -0.660663   1.561431   0.000000
 -0.240508  -0.066393  -0.709032   0.659562  -0.847437   0.861192   0.000000
 -0.245798  -0.067226  -0.706131   0.660638  -0.804323   1.174170   0.000337
 -0.228951  -0.063819  -0.706904   0.666179  -0.569372   1.108428   0.000000
 -0.247598  -0.069120  -0.704110   0.661927  -0.682210   1.056494   0.003663
 -0.248480  -0.065033  -0.704793   0.661282  -0.772882   1.258952   0.005482
 -0.247484  -0.068999  -0.706196   0.659756  -0.667836   1.074806   0.000122
 -0.247526  -0.066933  -0.703818   0.662488  -0.478426   1.201313   0.000223
 -0.235684  -0.082144  -0.716771   0.651110  -0.811613   1.193630   0.000000
 -0.246221  -0.066950  -0.704679   0.662058  -0.646040   1.130104   0.002355
 -0.246486  -0.066547  -0.706218   0.660358  -0.822608   1.218436   0.000471
 -0.246874  -0.065048  -0.705304   0.661338  -0.832774   1.024782   0.000125
 -0.246627  -0.064923  -0.703535   0.663324  -0.599873   0.769510   0.000000
 -0.246490  -0.067397  -0.704697   0.661893  -0.622926   1.020224   0.000717
 -0.246381  -0.067514  -0.705151   0.661438  -0.708747   1.277187   0.000102
 -0.253188  -0.070955  -0.699702   0.664288  -0.531469   1.226649   0.000000
 -0.247398  -0.067518  -0.704647   0.661595  -0.863887   1.356783   0.000370
 -0.245972  -0.066964  -0.707595   0.659032  -0.485274   0.888953   0.000000
 -0.244837  -0.069155  -0.703557   0.663536  -0.437902   0.857700   0.000000
 -0.246511  -0.069712  -0.707636   0.658501  -0.493468   1.486230   0.000000
 -0.247029  -0.065882  -0.707810   0.658515  -0.798098   1.446387   0.000000
 -0.249087  -0.069123  -0.705038   0.660378  -0.564895   1.138602   0.000023
 -0.247633  -0.066713  -0.705815   0.660343  -0.882119   0.972641   0.000041
 -0.240599  -0.072111  -0.708186   0.659837  -0.724214   1.562324   0.000000
 -0.238350  -0.071090  -0.693438   0.676224  -0.747257   1.182762   0.000000
 -0.247315  -0.072263  -0.702551   0.663351  -0.935149   1.190780   0.000002
 -0.246359  -0.067103  -0.704941   0.661712  -0.661826   1.609337   0.000000
 -0.246374  -0.067294  -0.702291   0.664499  -0.885014   1.387487   0.000118
 -0.247762  -0.067353  -0.704716   0.661402  -0.885271   1.594725   0.000000
 -0.248601  -0.069442  -0.704223   0.661396  -0.638562   1.077246   0.004972
 -0.245320  -0.066819  -0.706534   0.660427  -0.714514   1.108083   0.000205
 -0.244689  -0.068536  -0.704971   0.662153  -0.780879   1.664942   0.000000
 -0.249850  -0.067987  -0.704041   0.661271  -0.925604   1.460024   0.000015
 -0.250820  -0.064725  -0.705772   0.659383  -0.978086   1.090261   0.000000
 -0.250831  -0.067019  -0.703446   0.661632  -0.793532   1.338387   0.000504
 -0.248343  -0.068980  -0.704883   0.660839  -0.916660   1.180024   0.000374
 -0.247013  -0.068327  -0.707555   0.658545  -0.809204   1.292255   0.000000
 -0.251453  -0.065510  -0.705705   0.659136  -0.606549   1.185269   0.005497
 -0.247168  -0.067360  -0.704680   0.661662  -0.974058   1.299693   0.001842
 -0.237326  -0.062819  -0.703194   0.667269  -1.026629   1.316430   0.000000
 -0.243193  -0.070208  -0.705130   0.662359  -0.610825   1.096847   0.002059
 -0.249372  -0.067002  -0.704059   0.661533  -0.708617   1.336415   0.001769
 -0.246851  -0.066351  -0.704860   0.661691  -0.759763   1.548338   0.000000
 -0.247418  -0.067424  -0.704672   0.661571  -0.973042   1.442899   0.000270
 -0.248974  -0.069725  -0.703751   0.661729  -0.590027   1.472850   0.000000
 -0.249136  -0.067027  -0.704469   0.661183  -1.092801   1.387803   0.000019
 -0.248305  -0.065734  -0.704490   0.661602  -0.920460   1.103627   0.000986
 -0.248917  -0.066910  -0.704223   0.661539  -0.975398   0.984075   0.000155
 -0.247175  -0.066674  -0.706041   0.660277  -0.776757   1.313906   0.000024
 -0.248228  -0.065689  -0.704992   0.661101  -0.729071   0.727607   0.000002
 -0.246187  -0.066776  -0.705807   0.660885  -0.749921   1.487569   0.000000
 -0.249365  -0.068409  -0.704126   0.661320  -0.574783   1.050297   0.042286
 -0.253519  -0.071161  -0.710822   0.652224  -0.739632   1.155500   0.000000
 -0.247527  -0.069806  -0.703429   0.662604  -0.896415   1.319042   0.000151
 -0.252804  -0.059279  -0.704752   0.660228  -0.394300   1.290846   0.000014
 -0.248327  -0.069450  -0.699972   0.665996  -1.083309   1.147676   0.000000
 -0.246788  -0.067232  -0.706737   0.659620  -1.021997   1.379570   0.000000
 -0.241534  -0.065197  -0.705021   0.663594  -0.898290   1.244758   0.000005
 -0.245496  -0.068181  -0.704341   0.662561  -0.742797   1.227498   0.000114
 -0.250089  -0.067101  -0.702996   0.662381  -0.710934   1.226523   0.008345
 -0.246904  -0.067693  -0.704022   0.662427  -0.845154   1.162354   0.007422
 -0.251210  -0.067528  -0.701093   0.663929  -0.884711   1.271784   0.000000
 -0.244318  -0.067874  -0.703882   0.663515  -0.954792   0.815121   0.000002
 -0.248788  -0.062811  -0.704743   0.661436  -0.773302   1.431531   0.000059
 -0.248571  -0.069538  -0.703815   0.661832  -0.983560   1.567709   0.000000
 -0.248332  -0.068045  -0.704663   0.661174  -0.526270   1.488592   0.000010
 -0.243118  -0.066423  -0.707778   0.659948  -0.634873   1.406840   0.000000
 -0.248282  -0.068146  -0.704545   0.661308  -0.813444   1.132323   0.016497
 -0.248712  -0.070293  -0.702091   0.663528  -0.741532   1.267932   0.000008
 -0.249252  -0.071586  -0.701849   0.663444  -0.849162   1.426527   0.000000
 -0.243145  -0.074115  -0.706380   0.660617  -0.885935   1.006245   0.000003
 -0.247285  -0.068473  -0.703803   0.662437  -0.615537   1.467007   0.000016
 -0.247540  -0.068494  -0.702897   0.663301  -0.467518   1.144339   0.000001
 -0.213796  -0.041148  -0.692527   0.687753  -0.688776   1.500120   0.000000
 -0.247158  -0.067977  -0.705030   0.661229  -0.799608   1.150567   0.023170
 -0.246865  -0.066428  -0.704465   0.662099  -0.734074   1.529853   0.000026
 -0.248583  -0.067410  -0.704628   0.661182  -0.479286   0.983841   0.005777
 -0.241357  -0.076388  -0.721740   0.644207  -0.779774   1.122129   0.000000
 -0.248345  -0.065668  -0.703951   0.662168  -0.884590   1.130209   0.014105
 -0.248141  -0.067514  -0.704666   0.661297  -0.708648   1.124982   0.026606
 -0.247211  -0.066047  -0.703841   0.662670  -0.716180   1.025566   0.007136
 -0.245834  -0.064661  -0.704762   0.662341  -0.976611   1.346457   0.000019
 -0.246569  -0.068165  -0.705088   0.661369  -0.884113   1.294090   0.000860
 -0.248515  -0.068588  -0.703958   0.661800  -0.982438   1.413415   0.000013
 -0.247110  -0.066571  -0.706075   0.660275  -0.963705   1.427728   0.000031
 -0.248202  -0.066358  -0.705072   0.660958  -0.994245   1.169548   0.001697
 -0.248684  -0.069609  -0.705895   0.659563  -0.747447   1.258754   0.000001
 -0.249433  -0.069043  -0.706565   0.658622  -0.754809   0.824904   0.000000
 -0.240295  -0.067154  -0.711206   0.657218  -0.857567   1.186068   0.000000
 -0.247041  -0.068036  -0.704575   0.661752  -0.861978   1.402999   0.000063
 -0.245166  -0.066558  -0.705082   0.662059  -0.894440   1.300128   0.000294
 -0.249986  -0.065381  -0.705462   0.659966  -0.817798   1.297130   0.000063
 -0.236796  -0.045202  -0.711381   0.660167  -0.943511   1.350956   0.000000
 -0.244334  -0.068023  -0.706248   0.660974  -0.905250   0.848221   0.000000
 -0.246392  -0.069013  -0.704013   0.662490  -0.649148   1.171349   0.010344
 -0.275126  -0.094870  -0.691375   0.661291  -0.712202   1.202207   0.000000
 -0.246221  -0.068795  -0.704218   0.662358  -0.754542   1.184480   0.021583
 -0.246094  -0.068112  -0.706265   0.660294  -0.727307   1.526909   0.000000
 -0.248973  -0.065203  -0.706767   0.658969  -0.537735   1.273086   0.000014
 -0.247171  -0.066782  -0.705099   0.661273  -0.861682   1.191407   0.009589
 -0.246063  -0.068637  -0.706152   0.660372  -0.827331   1.576700   0.000000
 -0.247916  -0.067937  -0.705009   0.660972  -1.128570   1.610537   0.000000
 -0.247733  -0.065444  -0.705245   0.661041  -1.031989   1.347625   0.000220
 -0.247473  -0.069657  -0.702683   0.663432  -0.949492   1.124449   0.000130
 -0.247490  -0.064738  -0.705251   0.661195  -0.934004   1.541761   0.000001
 -0.249365  -0.070971  -0.701309   0.664037  -0.923711   1.605481   0.000000
 -0.247260  -0.066077  -0.704504   0.661944  -0.879743   1.336452   0.000001
 -0.248506  -0.064842  -0.703520   0.662647  -0.817497   1.282187   0.000003
 -0.249123  -0.065553  -0.705367   0.660377  -0.867393   1.116473   0.010009
 -0.243445  -0.063757  -0.708384   0.659441  -1.067195   1.469368   0.000000
 -0.245528  -0.068526  -0.708585   0.657973  -0.848257   1.249750   0.000000
 -0.252588  -0.068337  -0.702138   0.662217  -1.108504   1.294115   0.000000
 -0.258109  -0.081223  -0.687526   0.673862  -1.014682   1.481035   0.000000
 -0.246825  -0.065030  -0.703871   0.662883  -1.173243   1.504525   0.000000
 -0.249006  -0.066553  -0.704993   0.660721  -0.731749   1.562824   0.000000
 -0.243318  -0.070132  -0.704990   0.662471  -0.917979   1.159941   0.000002
 -0.241587  -0.069132  -0.706597   0.661496  -1.129216   1.379554   0.000000
 -0.215527  -0.071152  -0.718725   0.657206  -0.884961   1.219920   0.000000
 -0.247540  -0.067110  -0.704660   0.661570  -0.656779   1.283834   0.009311
 -0.248959  -0.069918  -0.702657   0.662875  -0.762524   1.239070   0.000005
 -0.250067  -0.067255  -0.705950   0.659225  -0.946566   1.350251   0.000008
 -0.247834  -0.065920  -0.704458   0.661795  -0.429170   1.155532   0.000407
 -0.249946  -0.064883  -0.705060   0.660460  -0.837590   1.188982   0.109583
 -0.248349  -0.065821  -0.704176   0.661911  -0.452715   0.967371   0.002602
 -0.248609  -0.063994  -0.705159   0.660945  -1.067336   1.162226   0.000020
 -0.247440  -0.067849  -0.703846   0.662398  -0.549917   1.114461   0.000680
 -0.251782  -0.068259  -0.707041   0.657297  -0.563040   1.344864   0.000000
 -0.247157  -0.066137  -0.705338   0.661088  -0.965372   0.712630   0.000000
 -0.248161  -0.082108  -0.702519   0.661923  -0.559695   1.374450   0.000000
 -0.248073  -0.067307  -0.704908   0.661085  -1.009135   1.144945   0.000057
 -0.244454  -0.069967  -0.706975   0.659949  -0.846118   1.355068   0.000002
 -0.249116  -0.087775  -0.697013   0.666641  -0.796144   0.824518   0.000000
 -0.248851  -0.067639  -0.702921   0.662872  -1.107329   1.192187   0.000000
 -0.247401  -0.067861  -0.706598   0.659475  -0.691294   1.355234   0.000029
 -0.249229  -0.068110  -0.703607   0.661954  -1.032148   1.371935   0.000001
 -0.248291  -0.067214  -0.703054   0.662985  -0.715972   1.311966   0.000044
 -0.247634  -0.067047  -0.705132   0.661037  -0.822746   1.395242   0.000807
 -0.246971  -0.069589  -0.704036   0.662191  -0.921400   1.502215   0.000000
 -0.247720  -0.066933  -0.704299   0.661904  -0.796445   0.929183   0.000320
 -0.246472  -0.068110  -0.703160   0.663459  -0.977904   0.816623   0.000003
 -0.247799  -0.072980  -0.701594   0.664105  -1.075638   1.467091   0.000000
 -0.247579  -0.068420  -0.704689   0.661390  -0.597651   1.094670   0.012611
 -0.248041  -0.068935  -0.703259   0.662685  -0.703648   1.218426   0.002949
 -0.247749  -0.071092  -0.704663   0.661072  -0.689908   1.068131   0.000464
 -0.247070  -0.067400  -0.704549   0.661834  -0.787646   1.355937   0.003866
 -0.241506  -0.081491  -0.706845   0.659852  -0.702469   0.740886   0.000000
 -0.247891  -0.067480  -0.705106   0.660925  -0.923049   1.184418   0.004271
 -0.248171  -0.066943  -0.704107   0.661939  -0.931071   0.914441   0.000014
 -0.248379  -0.066551  -0.704379   0.661611  -0.618242   0.866608   0.000214
 -0.255732  -0.080257  -0.685627   0.676813  -0.758900   1.125129   0.000000
 -0.247927  -0.064692  -0.706083   0.660146  -1.105770   0.917273   0.000000
 -0.248064  -0.070620  -0.705248   0.660380  -0.640481   1.103366   0.000040
 -0.247025  -0.068477  -0.704489   0.661805  -0.710182   1.283717   0.000667
 -0.247175  -0.067480  -0.704454   0.661888  -0.949304   0.995371   0.001332
 -0.249298  -0.069781  -0.707261   0.657848  -0.583662   0.807943   0.000000
 -0.249526  -0.064659  -0.702622   0.663234  -0.577220   1.179058   0.000032
 -0.246497  -0.069464  -0.704519   0.661867  -0.562410   1.111993   0.018360
 -0.246993  -0.069021  -0.703461   0.662852  -0.635293   1.025958   0.019222
 -0.247507  -0.070815  -0.699159   0.667010  -0.787366   1.663527   0.000000
 -0.245790  -0.068381  -0.706269   0.660375  -0.722418   1.108543   0.000759
 -0.245179  -0.076397  -0.708985   0.656804  -0.392546   1.086466   0.000000
 -0.247386  -0.068437  -0.705864   0.660207  -0.445797   1.082043   0.000797
 -0.247272  -0.068960  -0.704408   0.661748  -0.595311   1.153315   0.013743
 -0.246602  -0.069212  -0.704979   0.661364  -0.786131   0.985329   0.000017
 -0.249766  -0.066937  -0.703575   0.661905  -0.522573   1.302317   0.000856
 -0.247806  -0.066995  -0.705946   0.660109  -0.763368   1.551581   0.000000
 -0.245014  -0.072326  -0.704217   0.662431  -0.473347   1.085843   0.000279
 -0.247306  -0.068800  -0.704096   0.662084  -0.552377   1.374458   0.000085
 -0.247595  -0.068876  -0.703169   0.662953  -0.907855   1.071001   0.000531
 -0.248168  -0.068972  -0.704002   0.661843  -0.705896   0.894260   0.000051
 -0.240738  -0.069252  -0.702752   0.665875  -0.695882   1.188665   0.000070
 -0.246838  -0.069001  -0.705351   0.660901  -0.275070   1.158559   0.000002
 -0.251942  -0.085284  -0.702034   0.660606  -0.802176   1.312822   0.000000
 -0.248711  -0.067484  -0.704505   0.661257  -0.594532   1.150106   0.008807
 -0.240916  -0.068787  -0.711567   0.656430  -0.616365   0.874101   0.000000
 -0.247518  -0.067844  -0.704969   0.661174  -0.626804   1.097343   0.024091
 -0.246412  -0.067848  -0.706008   0.660477  -0.700325   0.694665   0.000000
 -0.246844  -0.069792  -0.704379   0.661851  -0.885131   1.491786   0.000001
 -0.246394  -0.067908  -0.704114   0.662497  -0.684226   1.213490   0.007396
 -0.246064  -0.073694  -0.702179   0.664053  -0.679455   1.258229   0.000089
 -0.159888   0.077036  -0.728650   0.661492  -0.729633   1.411852   0.000000
 -0.243784  -0.067856  -0.706877   0.660523  -0.394645   0.792842   0.000000
 -0.245207  -0.059548  -0.707242   0.660406  -0.520594   0.955902   0.000000
 -0.256062  -0.105747  -0.716486   0.640233  -0.635218   1.258408   0.000000
 -0.250534  -0.061106  -0.702258   0.663576  -0.936952   1.149480   0.000456
 -0.245952  -0.069780  -0.707039   0.659343  -0.771425   1.026060   0.000001
 -0.243045  -0.067984  -0.708002   0.659576  -0.494648   1.142938   0.000000
 -0.248580  -0.065548  -0.707342   0.658467  -0.698122   1.314299   0.000000
 -0.248855  -0.069012  -0.704874   0.660652  -0.620740   0.971731   0.000066
 -0.244943  -0.065207  -0.705396   0.661942  -0.727282   1.015447   0.000030
 -0.270003  -0.096255  -0.703180   0.650669  -0.742183   1.497941   0.000000
 -0.247092  -0.076419  -0.708662   0.656432  -0.736470   1.443674   0.000000
 -0.246390  -0.069603  -0.705580   0.660761  -0.845655   0.917773   0.000000
 -0.249549  -0.068608  -0.706331   0.658874  -0.835859   0.737121   0.000000
 -0.248128  -0.067525  -0.704577   0.661396  -0.896937   1.107044   0.019481
 -0.247676  -0.067913  -0.705837   0.660181  -0.980205   1.498208   0.000000
 -0.247616  -0.073695  -0.702958   0.662651  -0.737213   0.813520   0.000000
 -0.238210  -0.059144  -0.711782   0.658122  -0.759467   1.624613   0.000000
 -0.247513  -0.065155  -0.704827   0.661597  -0.506902   1.361546   0.000025
 -0.247777  -0.067184  -0.706007   0.660036  -1.029114   1.154431   0.000023
 -0.248948  -0.066335  -0.704591   0.661193  -0.766748   1.252476   0.000404
 -0.247857  -0.067746  -0.704703   0.661340  -0.910207   1.517166   0.000023
 -0.248233  -0.062919  -0.703513   0.662941  -0.631394   1.490600   0.000000
 -0.244626  -0.067446  -0.708225   0.658807  -0.831933   1.162209   0.000001
 -0.245595  -0.066264  -0.708343   0.658440  -1.021680   1.480727   0.000000
 -0.248176  -0.066601  -0.703548   0.662565  -0.637580   1.303095   0.000018
 -0.175323   0.004950  -0.707994   0.684092  -1.205748   1.546609   0.000000
 -0.252474  -0.064942  -0.698793   0.666129  -1.079483   1.163045   0.000000
 -0.248808  -0.064623  -0.704210   0.661821  -0.651884   1.388722   0.000116
 -0.245869  -0.070190  -0.704072   0.662499  -0.859031   1.270493   0.000024
 -0.248024  -0.066612  -0.705314   0.660742  -0.781263   1.413171   0.000020
 -0.248674  -0.067485  -0.703965   0.661846  -0.729020   1.197523   0.034711
 -0.248132  -0.071946  -0.701206   0.664503  -0.862528   1.357430   0.000000
 -0.254435  -0.049471  -0.697573   0.667988  -0.956694   1.155425   0.000000
 -0.249673  -0.064726  -0.705473   0.660138  -0.715736   1.434396   0.000001
 -0.243917  -0.067752  -0.707251   0.660084  -0.807711   1.733868   0.000000
 -0.250865  -0.066818  -0.705577   0.659366  -1.048513   1.296033   0.000001
 -0.247600  -0.073797  -0.703362   0.662216  -0.774237   1.072211   0.000004
 -0.226190   0.062615  -0.665838   0.708221  -0.494076   1.221973   0.000000
 -0.249255  -0.068293  -0.707065   0.658230  -1.058906   1.425224   0.000000
 -0.248190  -0.067933  -0.704308   0.661617  -0.483894   1.509921   0.000000
 -0.248008  -0.066998  -0.705596   0.660407  -0.804825   1.360865   0.000075
 -0.246635  -0.075233  -0.705873   0.659738  -0.811592   1.385948   0.000000
 -0.248532  -0.068671  -0.704372   0.661344  -1.265526   1.002820   0.000000
 -0.241966  -0.062823  -0.705631   0.663017  -1.081291   1.139233   0.000000
 -0.246166  -0.065558  -0.706843   0.659907  -0.493767   1.227019   0.000001
 -0.247789  -0.067723  -0.705375   0.660651  -0.752122   1.200744   0.000969
 -0.247347  -0.065209  -0.704559   0.661939  -0.478633   1.231006   0.000065
 -0.246434  -0.079664  -0.722101   0.641478  -0.567616   1.498694   0.000000
 -0.238822  -0.075311  -0.704046   0.664539  -1.079011   1.623414   0.000000
 -0.246996  -0.068938  -0.706142   0.660003  -1.059573   1.280216   0.000000
 -0.244285  -0.069067  -0.705010   0.662205  -0.398729   1.296171   0.000000
 -0.247053  -0.067326  -0.706534   0.659729  -0.434274   1.546009   0.000000
 -0.246359  -0.072308  -0.705361   0.660715  -0.738129   1.638164   0.000000
 -0.250503  -0.068759  -0.704191   0.660784  -0.703472   1.523064   0.000000
 -0.248510  -0.070998  -0.704714   0.660743  -0.519086   1.612480   0.000000
 -0.247138  -0.068827  -0.704333   0.661892  -1.019671   1.702314   0.000000
 -0.245184  -0.069593  -0.705460   0.661338  -0.946680   1.498168   0.000000
 -0.246041  -0.070792  -0.706480   0.659802  -1.107725   1.403800   0.000000
 -0.245582  -0.069814  -0.704960   0.661700  -1.068287   1.035383   0.000000
 -0.240377  -0.068781  -0.707286   0.661237  -0.691830   1.128962   0.000000
 -0.249207  -0.068121  -0.705136   0.660332  -1.030295   1.337017   0.000002
 -0.248039  -0.069921  -0.704647   0.661105  -1.115055   1.423878   0.000000
 -0.323285  -0.299773  -0.750510   0.492299  -0.858602   1.097597   0.000000
 -0.240278  -0.071681  -0.703641   0.664844  -0.797339   1.204237   0.000005
 -0.246433  -0.068078  -0.704562   0.661989  -0.857900   1.416901   0.000155
 -0.245368  -0.067984  -0.706629   0.660189  -1.111351   1.600119   0.000000
 -0.246966  -0.069272  -0.705191   0.660995  -0.472980   1.484210   0.000000
 -0.247647  -0.066585  -0.705149   0.661061  -0.726595   1.119678   0.000805
 -0.246754  -0.067491  -0.704626   0.661860  -1.178113   1.371698   0.000000
 -0.247728  -0.065208  -0.702962   0.663493  -0.720396   1.098306   0.000021
 -0.237299  -0.065791  -0.710832   0.658846  -0.616714   1.606061   0.000000
 -0.246364  -0.068188  -0.704729   0.661825  -0.703943   1.316036   0.000021
 -0.244000  -0.078137  -0.708946   0.657080  -1.058632   1.417009   0.000000
 -0.244549  -0.068975  -0.705270   0.661840  -0.478468   0.967491   0.000004
 -0.247064  -0.068440  -0.704382   0.661908  -0.816980   1.232723   0.000016
 -0.233085  -0.081854  -0.704246   0.665589  -1.271328   1.440922   0.000000
 -0.247601  -0.067881  -0.705214   0.660878  -0.723206   1.020056   0.000471
 -0.250272  -0.071056  -0.700072   0.664992  -0.921496   1.174826   0.000000
 -0.237630  -0.078488  -0.708553   0.659791  -1.063420   1.397447   0.000000
 -0.248418  -0.066626  -0.705758   0.660117  -0.668806   1.140812   0.001839
 -0.245477  -0.064010  -0.701814   0.665658  -1.064638   0.774146   0.000000
 -0.251951  -0.068129  -0.704721   0.659733  -0.823602   0.936288   0.000032
 -0.248719  -0.066197  -0.703771   0.662166  -0.735668   1.314301   0.006615
 -0.258543  -0.047923  -0.692875   0.671404  -0.958803   1.119073   0.000000
 -0.249340  -0.066910  -0.704072   0.661540  -1.175905   0.950733   0.000001
 -0.248605  -0.067887  -0.704195   0.661586  -0.856135   1.053300   0.025065
 -0.247896  -0.067591  -0.703746   0.662359  -0.884112   1.334433   0.000232
 -0.248517  -0.066643  -0.702332   0.663722  -0.726359   0.979675   0.002933
 -0.247656  -0.072706  -0.706233   0.659254  -0.618378   1.057416   0.000001
 -0.219587  -0.078001  -0.702222   0.672742  -0.763797   1.139019   0.000000
 -0.248681  -0.067202  -0.704494   0.661309  -0.727728   1.126656   0.082508
 -0.250284  -0.066489  -0.704335   0.660946  -0.894507   0.965727   0.000242
 -0.250503  -0.064514  -0.706173   0.659094  -0.624641   1.063033   0.003192
 -0.247700  -0.066929  -0.704094   0.662131  -0.774416   0.916938   0.000007
 -0.248016  -0.071405  -0.702650   0.663078  -0.786048   0.825317   0.000000
 -0.250354  -0.067604  -0.704786   0.660325  -1.044699   1.058632   0.000000
 -0.251383  -0.067078  -0.701837   0.663123  -0.614737   1.446189   0.000015
 -0.242572  -0.072268  -0.702352   0.665310  -1.023217   1.226051   0.000311
 -0.248162  -0.065837  -0.703465   0.662735  -0.705660   1.129190   0.006371
 -0.248137  -0.063471  -0.708184   0.657932  -0.896694   1.202313   0.000000
 -0.249654  -0.067897  -0.703811   0.661598  -0.781830   1.502026   0.000014
 -0.248890  -0.066465  -0.704151   0.661670  -0.718995   1.201874   0.050430
 -0.252063  -0.066544  -0.705233   0.659305  -0.521721   1.439916   0.000000
 -0.249300  -0.067482  -0.705528   0.659944  -0.589257   1.321819   0.000415
 -0.247750  -0.070094  -0.704526   0.661325  -0.923351   0.753027   0.000000
 -0.252193  -0.063746  -0.706244   0.658448  -1.128011   1.387059   0.000001
 -0.263288  -0.060042  -0.698135   0.663085  -0.601564   1.261707   0.000000
 -0.248657  -0.067913  -0.704650   0.661079  -0.690137   1.447004   0.000412
 -0.250034  -0.068314  -0.701651   0.663704  -0.832050   1.426641   0.000005
 -0.245895  -0.065583  -0.704827   0.662158  -0.868391   0.956099   0.000205
 -0.247700  -0.066856  -0.705089   0.661078  -0.965636   1.267302   0.006147
 -0.240923  -0.052496  -0.709842   0.659791  -0.916914   0.797933   0.000000
 -0.248184  -0.057847  -0.707605   0.659055  -0.388911   1.300557   0.000000
 -0.247392  -0.065751  -0.704472   0.661962  -0.696917   1.345140   0.001004
 -0.229772  -0.099690  -0.666342   0.702321  -0.907476   1.062981   0.000000
 -0.242833  -0.075555  -0.703564   0.663567  -0.911587   0.779742   0.000000
 -0.247970  -0.067937  -0.704881   0.661089  -0.857414   0.872858   0.000058
 -0.326402  -0.031724  -0.634052   0.700309  -0.966586   1.157000   0.000000
 -0.248088  -0.067288  -0.704445   0.661575  -0.696374   1.075844   0.001505
 -0.249407  -0.066746  -0.705542   0.659963  -0.808271   0.897355   0.000716
 -0.258191  -0.060255  -0.716054   0.645735  -0.650693   0.664802   0.000000
 -0.263214  -0.065906  -0.704497   0.655789  -0.610576   1.131286   0.000000
 -0.246649  -0.064863  -0.705157   0.661597  -0.608833   1.076758   0.001033
 -0.248030  -0.066267  -0.704525   0.661614  -0.835825   0.998276   0.003163
 -0.248943  -0.065972  -0.703269   0.662637  -0.890346   0.736088   0.000000
 -0.244397  -0.063800  -0.698991   0.669038  -0.852022   1.287427   0.000000
 -0.246949  -0.066857  -0.705138   0.661307  -1.000166   0.607270   0.000000
 -0.246182  -0.066955  -0.704910   0.661826  -0.857915   1.196089   0.012352
 -0.247207  -0.068639  -0.705857   0.660260  -0.818249   1.112652   0.000532
 -0.248591  -0.066490  -0.703478   0.662496  -1.056175   1.097467   0.000167
 -0.251487  -0.072528  -0.705088   0.659048  -0.954363   0.648953   0.000000
 -0.247675  -0.061631  -0.705144   0.661537  -1.328459   1.395737   0.000000
 -0.249556  -0.064217  -0.705093   0.660638  -0.832924   1.414576   0.000015
 -0.250983  -0.067432  -0.701869   0.663204  -1.027002   1.368005   0.000000
 -0.248561  -0.065155  -0.705576   0.660405  -1.107826   1.365764   0.000000
 -0.247961  -0.064944  -0.705909   0.660296  -0.766943   1.172613   0.005536
 -0.247833  -0.065686  -0.704796   0.661458  -1.292314   1.465585   0.000000
 -0.230728  -0.054882  -0.700143   0.673463  -0.400481   1.246108   0.000000
 -0.245572  -0.066064  -0.703326   0.663824  -0.722411   0.966369   0.000050
 -0.247595  -0.066530  -0.705074   0.661167  -0.946786   1.221367   0.000639
 -0.248723  -0.067379  -0.703825   0.661987  -0.658455   1.342644   0.000226
 -0.245873  -0.070067  -0.704923   0.661605  -0.963947   0.937500   0.000003
 -0.237801  -0.049265  -0.715263   0.655304  -0.750766   1.299532   0.000000
 -0.245828  -0.064774  -0.703499   0.663674  -0.684199   1.434930   0.000000
 -0.247638  -0.067149  -0.705383   0.660759  -0.797726   1.032834   0.000230
 -0.247569  -0.071749  -0.700714   0.665253  -0.857111   0.962626   0.000000
 -0.247361  -0.066044  -0.705834   0.660491  -0.703529   1.005258   0.002785
 -0.242544  -0.066956  -0.709789   0.657943  -0.651214   1.151093   0.000000
 -0.242203  -0.068833  -0.706745   0.661144  -0.910904   0.958329   0.000000
 -0.248271  -0.069794  -0.703507   0.662245  -1.071123   1.182167   0.000001
 -0.247127  -0.069576  -0.706538   0.659463  -0.685595   1.644325   0.000000
 -0.250203  -0.070397  -0.703019   0.661972  -0.885797   1.208553   0.000000
 -0.272923  -0.061102  -0.685858   0.671847  -0.823221   1.311212   0.000000
 -0.250359  -0.063963  -0.705279   0.660159  -0.881915   1.183705   0.004394
 -0.247424  -0.067216  -0.704557   0.661712  -0.621941   1.071640   0.004037
 -0.247163  -0.066042  -0.704382   0.662114  -0.637833   0.810090   0.000010
 -0.251191  -0.066011  -0.704692   0.660268  -0.559365   1.191508   0.006162
 -0.246914  -0.068027  -0.703679   0.662753  -0.705086   1.472230   0.000000
 -0.358398  -0.088325  -0.678040   0.635619  -1.088974   1.257361   0.000000
 -0.250437  -0.068836  -0.705685   0.659205  -0.970951   0.896397   0.000000
 -0.248987  -0.069500  -0.705540   0.659840  -0.750158   1.412432   0.000000
 -0.248305  -0.072130  -0.704611   0.660807  -0.577684   1.467620   0.000000
 -0.247084  -0.065332  -0.708115   0.658221  -1.055181   1.385704   0.000000
 -0.252968  -0.037039  -0.684036   0.683176  -0.926666   1.258806   0.000000
 -0.246247  -0.066028  -0.704455   0.662379  -1.081821   1.310555   0.000010
 -0.250084  -0.068656  -0.705060   0.660027  -0.645140   1.183801   0.000000
 -0.246559  -0.066183  -0.706181   0.660406  -0.666511   1.222078   0.000575
 -0.246613  -0.066800  -0.704744   0.661858  -1.092923   0.884771   0.000000
 -0.246611  -0.068271  -0.705260   0.661158  -0.769905   1.351348   0.000053
 -0.247971  -0.067681  -0.705339   0.660626  -0.695299   1.254662   0.001044
 -0.246355  -0.067438  -0.705120   0.661489  -1.015820   1.444498   0.000000
 -0.246716  -0.063363  -0.701728   0.665352  -0.929161   1.149438   0.000000
 -0.246154  -0.067856  -0.705371   0.661253  -0.512783   1.167858   0.000227
 -0.246098  -0.067284  -0.706283   0.660358  -0.984956   0.798690   0.000000
 -0.244908  -0.066867  -0.704124   0.663142  -0.523344   1.170240   0.000001
 -0.243210  -0.066494  -0.705246   0.662612  -0.659948   0.887003   0.000000
 -0.248944  -0.066591  -0.705213   0.660505  -0.698023   1.303551   0.005272
 -0.247653  -0.065673  -0.705342   0.660945  -0.712126   1.156808   0.030863
 -0.242724  -0.065366  -0.703999   0.664227  -0.596530   1.023898   0.000000
 -0.245353  -0.070588  -0.705128   0.661524  -0.791774   1.056246   0.000959
 -0.243001  -0.069194  -0.703323   0.664454  -0.706179   0.978176   0.000278
 -0.247198  -0.067910  -0.704465   0.661823  -0.837557   1.055865   0.003658
 -0.246546  -0.069034  -0.705166   0.661204  -0.840301   1.206209   0.002784
 -0.236325  -0.088344  -0.705382   0.662407  -1.053213   1.002483   0.000000
 -0.248224  -0.068526  -0.702926   0.663011  -0.901437   0.698470   0.000000
 -0.249057  -0.068206  -0.705546   0.659942  -0.728632   1.186364   0.002139
 -0.247188  -0.068100  -0.705119   0.661111  -0.749433   0.915095   0.002789
 -0.250219  -0.069471  -0.706519   0.658328  -0.896294   1.540308   0.000000
 -0.247769  -0.068352  -0.704312   0.661727  -0.551788   1.369853   0.001666
 -0.246818  -0.067798  -0.704199   0.662260  -0.472861   1.172377   0.000765
 -0.245119  -0.069773  -0.704221   0.662662  -0.880000   1.028393   0.000405
 -0.247572  -0.068652  -0.704248   0.661839  -0.612679   1.267763   0.012009
 -0.246123  -0.069516  -0.705966   0.660457  -0.468696   1.254890   0.000004
 -0.247562  -0.068751  -0.703519   0.662606  -0.716942   1.303921   0.005056
 -0.247117  -0.060501  -0.706307   0.660608  -0.776671   0.829461   0.000000
 -0.247029  -0.068243  -0.704653   0.661652  -0.647079   0.962168   0.008151
 -0.247263  -0.068969  -0.705437   0.660654  -0.615755   0.917908   0.001648
 -0.244872  -0.071402  -0.705416   0.661308  -0.645951   1.345472   0.000002
 -0.245963  -0.070544  -0.702774   0.663803  -0.751295   0.881942   0.000386
 -0.246975  -0.067507  -0.708557   0.657566  -1.029357   1.029433   0.000000
 -0.248575  -0.068725  -0.706429   0.659125  -0.581223   1.252605   0.000002
 -0.246830  -0.068597  -0.705550   0.660733  -0.570402   0.609235   0.000000
 -0.246047  -0.067832  -0.703800   0.662967  -0.813595   1.205036   0.015142
 -0.246343  -0.063962  -0.710290   0.656287  -0.801713   1.317951   0.000000
 -0.247872  -0.068726  -0.704354   0.661606  -0.623462   1.155145   0.015913
 -0.244336  -0.067828  -0.704831   0.662505  -0.545717   0.986736   0.000100
 -0.245495  -0.067085  -0.704633   0.662363  -0.486176   1.183785   0.000127
 -0.246774  -0.068057  -0.704963   0.661436  -0.805102   1.108285   0.011271
 -0.247502  -0.067772  -0.704402   0.661791  -0.817109   1.081060   0.002040
 -0.248764  -0.066416  -0.705182   0.660624  -0.451611   1.225545   0.001184
 -0.251338  -0.061725  -0.713149   0.651489  -0.755582   1.054594   0.000000
 -0.246207  -0.066788  -0.704950   0.661790  -1.009009   1.446186   0.000002
 -0.246201  -0.068770  -0.705078   0.661454  -0.929247   1.725043   0.000000
 -0.241950  -0.073102  -0.704494   0.663177  -0.679058   1.015372   0.000330
 -0.247025  -0.067804  -0.704838   0.661501  -0.498465   0.915662   0.000188
 -0.247271  -0.068314  -0.705281   0.660885  -0.616176   1.079337   0.001974
 -0.247235  -0.071599  -0.707071   0.658635  -0.850782   1.159069   0.000001
 -0.165824  -0.170731  -0.697511   0.675893  -0.871724   1.093584   0.000000
 -0.246530  -0.070497  -0.703240   0.663104  -1.077401   1.051580   0.000004
 -0.246908  -0.068115  -0.704835   0.661516  -0.444153   0.940738   0.000562
 -0.251903  -0.073780  -0.704283   0.659611  -0.658056   0.843707   0.000000
 -0.242424  -0.076162  -0.708282   0.658609  -0.722925   1.684968   0.000000
 -0.248304  -0.065977  -0.703405   0.662732  -0.976008   0.701985   0.000000
 -0.248901  -0.067105  -0.704213   0.661536  -1.043804   0.953090   0.000008
 -0.247207  -0.066850  -0.704726   0.661651  -0.704259   1.094204   0.011518
 -0.247702  -0.067973  -0.706150   0.659829  -0.717142   1.060299   0.000008
 -0.246671  -0.068293  -0.704997   0.661415  -0.745661   1.003322   0.007001
 -0.247326  -0.068303  -0.704470   0.661730  -0.550844   1.318005   0.002397
 -0.247060  -0.066492  -0.705326   0.661102  -0.704690   1.450065   0.000026
 -0.247644  -0.064961  -0.708779   0.657332  -0.852315   1.462187   0.000000
 -0.248014  -0.066392  -0.704743   0.661376  -0.519045   0.994915   0.016162
 -0.216188  -0.051505  -0.741083   0.633566  -0.860961   1.114447   0.000000
 -0.246086  -0.067535  -0.704899   0.661814  -0.955138   1.043456   0.001279
 -0.243782  -0.067082  -0.705746   0.661811  -0.776996   0.773645   0.000001
 -0.245180  -0.060610  -0.703188   0.664635  -0.609166   1.128521   0.000000
 -0.246060  -0.064901  -0.708660   0.658060  -0.683371   0.893484   0.000000
 -0.251674  -0.055433  -0.706036   0.659622  -0.989783   0.904385   0.000000
 -0.247162  -0.068057  -0.703594   0.662747  -0.629444   0.998246   0.002217
 -0.245118  -0.068189  -0.702424   0.664731  -0.758521   1.336891   0.000171
 -0.247185  -0.067193  -0.703464   0.662965  -0.666409   1.131814   0.004755
 -0.248090  -0.067255  -0.704033   0.662016  -0.598394   1.307392   0.001176
 -0.247177  -0.067305  -0.708009   0.658101  -0.829121   0.982752   0.000009
 -0.246749  -0.067413  -0.703823   0.662724  -0.592486   1.238307   0.001007
 -0.247894  -0.071929  -0.703664   0.661991  -0.700627   0.880488   0.000003
 -0.249145  -0.070297  -0.703736   0.661620  -0.762467   1.031954   0.000007
 -0.246355  -0.067818  -0.705377   0.661175  -0.755849   1.176069   0.004380
 -0.245318  -0.068680  -0.705685   0.661143  -0.381733   1.032700   0.000003
 -0.250440  -0.065291  -0.705143   0.660143  -0.696432   1.355155   0.007519
 -0.245907  -0.067072  -0.704652   0.662190  -0.351761   1.479244   0.000000
 -0.245859  -0.068992  -0.705498   0.661110  -0.739547   1.480896   0.000001
 -0.244205  -0.066889  -0.707258   0.660058  -0.799922   0.936941   0.000001
 -0.243651  -0.066816  -0.702851   0.664959  -1.015003   0.957335   0.000002
 -0.246024  -0.067087  -0.705809   0.660912  -0.714947   0.831584   0.000001
 -0.244120  -0.068709  -0.705186   0.662116  -0.923342   0.963437   0.000008
 -0.247223  -0.067780  -0.704211   0.662098  -1.013861   1.319374   0.000018
 -0.253387  -0.067258  -0.702710   0.661415  -0.798135   1.266626   0.000109
 -0.249402  -0.066322  -0.710571   0.654591  -0.752967   1.194353   0.000000
 -0.246435  -0.068113  -0.704965   0.661555  -0.691809   0.843573   0.000098
 -0.247072  -0.066170  -0.704467   0.662045  -0.934860   1.410778   0.000408
 -0.246621  -0.070431  -0.707413   0.658623  -0.406380   1.044570   0.000000
 -0.245676  -0.067958  -0.704862   0.661962  -0.775904   1.074965   0.018544
 -0.244384  -0.065366  -0.705866   0.661632  -0.451908   0.861325   0.000000
 -0.246360  -0.069369  -0.702613   0.663950  -0.928136   1.499368   0.000008
 -0.245951  -0.064508  -0.707511   0.659375  -0.867995   1.084929   0.000019
 -0.248968  -0.067070  -0.705214   0.660446  -0.524080   1.426011   0.000063
 -0.245363  -0.068139  -0.703745   0.663247  -0.777295   1.236633   0.005476
 -0.245720  -0.069172  -0.705473   0.661169  -0.438859   0.906422   0.000029
 -0.247097  -0.067794  -0.704058   0.662306  -0.962259   0.841205   0.000003
 -0.237841  -0.072733  -0.715128   0.653248  -0.724225   0.962555   0.000000
 -0.247455  -0.067411  -0.705480   0.660697  -0.807378   1.258877   0.003489
 -0.246432  -0.068252  -0.704858   0.661656  -0.419646   1.219611   0.000044
 -0.254328  -0.061203  -0.682673   0.682297  -0.610288   0.943736   0.000000
 -0.244172  -0.069853  -0.703105   0.664187  -0.657024   1.224876   0.001998
 -0.259358  -0.061608  -0.685593   0.677422  -0.791857   0.888156   0.000000
 -0.247030  -0.068722  -0.704949   0.661287  -0.830895   0.971994   0.000287
 -0.248604  -0.069554  -0.703908   0.661719  -0.842544   1.263409   0.002015
 -0.247010  -0.070362  -0.704904   0.661170  -0.801502   1.195679   0.002941
 -0.245941  -0.065307  -0.704679   0.662326  -1.345966   1.419614   0.000000
 -0.245118  -0.067734  -0.706066   0.660909  -1.022898   1.364847   0.000000
