    0                1.000000
    3                0.746203
    6                0.733002
    9                0.784850
   12                0.804068
   15                0.806139
   18                0.859810
   21                0.777884
   24                0.783244
   27                0.816647
   30                0.798526
   33                0.719727
   36                0.717460
   39                0.644582
   42                0.636384
   45                0.608546
   48                0.581680
   51                0.605216
   54                0.580869
   57                0.546138
   60                0.496255
   63                0.571318
   66                0.562235
   69                0.580448
   72                0.593113
   75                0.554692
   78                0.618813
   81                0.615771
   84                0.558461
   87                0.564463
   90                0.539229
   93                0.551557
   96                0.545840
   99                0.550324
  102                0.558995
  105                0.558090
  108                0.549515
  111                0.563385
  114                0.560715
  117                0.577377
  120                0.562473
  123                0.564257
  126                0.521264
  129                0.549149
  132                0.562837
  135                0.549576
  138                0.546963
  141                0.525767
  144                0.537142
  147                0.519998
  150                0.503227
  153                0.502728
  156                0.527430
  159                0.487635
  162                0.480914
  165                0.463886
  168                0.499150
  171                0.463998
  174                0.433780
  177                0.443383
  180                0.464318
  183                0.453544
  186                0.458729
  189                0.404986
  192                0.415183
  195                0.395842
  198                0.405488
  201                0.376639
  204                0.345121
  207                0.328097
  210                0.348773
  213                0.307447
  216                0.321435
  219                0.271492
  222                0.223953
  225                0.209951
  228                0.220144
  231                0.206727
  234                0.156373
  237                0.151246
  240                0.104931
  243                0.139561
  246                0.078523
  249                0.063835
  252                0.057730
  255               -0.009677
  258                0.039190
  261                0.002576
  264                0.009897
  267                0.039261
  270                0.014092
  273                0.023130
  276                0.012815
  279                0.034663
  282                0.054920
  285                0.069413
  288                0.088462
  291                0.090574
  294                0.094316
  297                0.088661
  300                0.135636
  303                0.137101
  306                0.143795
  309                0.178275
  312                0.166411
  315                0.154583
  318                0.188334
  321                0.163375
  324                0.144401
  327                0.175050
  330                0.152525
  333                0.174621
  336                0.129374
  339                0.145666
  342                0.110898
  345                0.133018
  348                0.108512
  351                0.106099
  354                0.075626
  357                0.068600
  360                0.051468
  363                0.033569
  366                0.045064
  369                0.043701
  372                0.018890
  375                0.029427
  378               -0.000981
  381                0.023985
  384                0.019006
  387                0.054331
  390                0.028141
  393                0.051813
  396                0.052740
  399                0.078686
  402                0.065549
  405                0.099387
  408                0.103192
  411                0.116096
  414                0.091088
  417                0.130352
  420                0.114355
  423                0.102881
  426                0.098739
  429                0.109023
  432                0.124051
  435                0.096036
  438                0.093031
  441                0.046567
  444                0.079980
  447                0.044286
  450                0.036907
  453                0.019240
  456                0.020001
  459                0.018016
  462                0.015837
  465               -0.000507
  468                0.017847
  471                0.014680
  474                0.035958
  477                0.036068
  480                0.051472
  483                0.055677
  486                0.050786
  489                0.056664
  492                0.106050
  495                0.076816
  498                0.069362
  501                0.080206
  504                0.073713
  507                0.082187
  510                0.073335
  513                0.046595
  516                0.061621
  519                0.037676
  522                0.037049
  525                0.053848
  528                0.013311
  531                0.018026
  534                0.026173
  537                0.007071
  540                0.020360
  543                0.015970
  546                0.022688
  549                0.053947
  552                0.064400
  555                0.063119
  558                0.075415
  561                0.068964
  564                0.050744
  567                0.061076
  570                0.055769
  573                0.051708
  576                0.039489
  579                0.048312
  582                0.038270
  585                0.044973
  588                0.024799
  591                0.010012
  594                0.007825
  597                0.014337
  600                0.002384
  603                0.033273
  606                0.027434
  609                0.021169
  612                0.024093
  615                0.029199
  618                0.037890
  621                0.058550
  624                0.026286
  627                0.047187
  630                0.059014
  633                0.061259
  636                0.051937
  639                0.042635
  642                0.016437
  645                0.014225
  648                0.019058
  651                0.025153
  654                0.016767
  657                0.017533
  660                0.002172
  663                0.013960
  666                0.031023
  669                0.021659
  672                0.039916
  675                0.034561
  678                0.039128
  681                0.045864
  684                0.026314
  687                0.048580
  690                0.046021
  693                0.033707
  696                0.035471
  699                0.028681
  702               -0.000704
  705                0.012225
  708                0.007697
  711                0.006525
  714                0.018369
  717                0.011029
  720                0.025495
  723                0.028597
  726                0.034999
  729                0.038407
  732                0.031067
  735                0.028931
  738                0.041436
  741                0.031337
  744                0.038763
  747                0.024041
  750                0.036086
  753                0.016294
  756                0.010102
  759                0.016903
  762                0.010387
  765                0.024288
  768                0.011498
  771                0.018964
  774                0.007980
  777                0.034491
  780                0.027897
  783                0.038498
  786                0.041220
  789                0.033373
  792                0.023794
  795                0.020834
  798                0.016378
  801                0.018289
  804                0.016246
  807                0.020269
  810                0.016360
  813                0.022322
  816                0.032585
  819                0.033390
  822                0.038738
  825                0.036513
  828                0.038380
  831                0.033208
  834                0.035112
  837                0.033128
  840                0.022034
  843                0.017997
  846                0.019913
  849                0.024156
  852                0.024259
  855                0.010948
  858                0.031550
  861                0.021508
  864                0.034337
  867                0.023793
  870                0.035113
  873                0.028712
  876                0.031492
  879                0.028896
  882                0.022997
  885                0.029398
  888                0.011400
  891               -0.005619
  894                0.021710
  897                0.014313
  900                0.022408
  903                0.025299
  906                0.032736
  909                0.022059
  912                0.038432
  915                0.030015
  918                0.045880
  921                0.030118
  924                0.033142
  927                0.020373
  930                0.013956
  933                0.028770
  936                0.017506
  939                0.024312
  942                0.016119
  945                0.037594
  948                0.029412
  951                0.021484
  954                0.031956
  957                0.026024
  960                0.030667
  963                0.030331
  966                0.014822
  969                0.018638
  972                0.019945
  975                0.019602
  978                0.019888
  981                0.024139
  984                0.022438
  987                0.024597
  990                0.033379
  993                0.031949
  996                0.029901
  999                0.025298
 1002                0.029079
 1005                0.023392
 1008                0.015964
 1011                0.015742
 1014                0.008994
 1017                0.030774
 1020                0.042901
 1023                0.031629
 1026                0.035116
 1029                0.033120
 1032                0.025559
 1035                0.018116
 1038                0.024835
 1041                0.018043
 1044                0.008814
 1047                0.017170
 1050                0.027229
 1053                0.033677
 1056                0.026854
 1059                0.034245
 1062                0.031760
 1065                0.023241
 1068                0.028384
 1071                0.034809
 1074                0.019043
 1077                0.018271
 1080                0.018280
 1083                0.026621
 1086                0.035730
 1089                0.016692
 1092                0.039000
 1095                0.051238
 1098                0.039802
 1101                0.030531
 1104                0.034625
 1107                0.030844
 1110                0.024999
 1113                0.013359
 1116                0.024238
 1119                0.031896
 1122                0.032615
 1125                0.042436
 1128                0.031564
 1131                0.033859
 1134                0.041941
 1137                0.032207
 1140                0.019311
 1143                0.012744
 1146                0.025497
 1149                0.026389
 1152                0.030697
 1155                0.038108
 1158                0.039987
 1161                0.034309
 1164                0.032781
 1167                0.052941
 1170                0.032222
 1173                0.041887
 1176                0.032671
 1179                0.031926
 1182                0.039860
 1185                0.032031
 1188                0.041924
 1191                0.051093
 1194                0.047824
 1197                0.034340
 1200                0.034530
 1203                0.029781
 1206                0.030720
 1209                0.045274
 1212                0.020592
 1215                0.026550
 1218                0.043606
 1221                0.043458
 1224                0.040650
 1227                0.049005
 1230                0.034895
 1233                0.036856
 1236                0.015109
 1239                0.032105
 1242                0.035877
 1245                0.044425
 1248                0.034903
 1251                0.041999
 1254                0.043365
 1257                0.048236
 1260                0.053042
 1263                0.037863
 1266                0.029139
 1269                0.046018
 1272                0.028058
 1275                0.059443
 1278                0.041206
 1281                0.063523
 1284                0.060201
 1287                0.056208
 1290                0.044901
 1293                0.043738
 1296                0.039988
 1299                0.033175
 1302                0.051781
 1305                0.051937
 1308                0.047339
 1311                0.053670
 1314                0.051987
 1317                0.049853
 1320                0.052992
 1323                0.045795
 1326                0.040452
 1329                0.047523
 1332                0.048365
 1335                0.061575
 1338                0.064320
 1341                0.064793
 1344                0.051691
 1347                0.048651
 1350                0.054550
 1353                0.043465
 1356                0.054543
 1359                0.047849
 1362                0.057000
 1365                0.062094
 1368                0.062202
 1371                0.060024
 1374                0.043730
 1377                0.051220
 1380                0.037126
 1383                0.053717
 1386                0.040538
 1389                0.043389
 1392                0.061106
 1395                0.050668
 1398                0.043158
 1401                0.043685
 1404                0.042924
 1407                0.030348
 1410                0.030707
 1413                0.049444
 1416                0.045652
 1419                0.047584
 1422                0.045262
 1425                0.045897
 1428                0.042937
 1431                0.027578
 1434                0.043813
 1437                0.045070
 1440                0.031040
 1443                0.051751
 1446                0.036002
 1449                0.045366
 1452                0.031086
 1455                0.036589
 1458                0.047723
 1461                0.035264
 1464                0.033310
 1467                0.027993
 1470                0.034043
 1473                0.030754
 1476                0.041700
 1479                0.024489
 1482                0.043097
 1485                0.030635
 1488                0.037814
 1491                0.025473
 1494                0.034424
 1497                0.043088
 1500                0.033839
 1503                0.018661
 1506                0.029715
 1509                0.007280
 1512                0.027676
 1515                0.017309
 1518                0.023705
 1521                0.028871
 1524                0.022581
 1527                0.014720
 1530                0.019811
 1533                0.013544
 1536                0.030017
 1539                0.025428
 1542                0.022126
 1545                0.016086
 1548                0.015493
 1551                0.024753
 1554                0.017240
 1557                0.022658
 1560                0.017536
 1563                0.017846
 1566                0.011687
 1569                0.011156
 1572                0.027822
 1575                0.020777
 1578                0.016243
 1581                0.013823
 1584                0.020029
 1587                0.020885
 1590                0.007207
 1593                0.031385
 1596                0.021037
 1599                0.016638
 1602                0.021908
 1605                0.017228
 1608                0.024334
 1611                0.007159
 1614                0.015118
 1617                0.005085
 1620                0.017663
 1623                0.010322
 1626                0.019222
 1629                0.013979
 1632                0.006858
 1635                0.010969
 1638                0.009604
 1641                0.008960
 1644                0.014234
 1647                0.013116
 1650                0.007254
 1653                0.011112
 1656                0.007406
 1659                0.014270
 1662                0.011900
 1665                0.016026
 1668                0.015809
 1671                0.014474
 1674                0.006659
 1677                0.017067
 1680                0.015841
 1683                0.008526
 1686                0.010241
 1689                0.008528
 1692                0.008891
 1695                0.011426
 1698                0.014391
 1701                0.007467
 1704                0.012545
 1707                0.011518
 1710                0.006883
 1713                0.008763
 1716                0.013814
 1719                0.019547
 1722                0.010287
 1725                0.011546
 1728                0.008752
 1731                0.012309
 1734                0.004450
 1737                0.007155
 1740                0.015631
 1743                0.007107
 1746                0.011792
 1749                0.014406
 1752                0.006051
 1755                0.000221
 1758                0.020088
 1761                0.008722
 1764                0.006983
 1767                0.011594
 1770                0.004717
 1773                0.009175
 1776                0.001657
 1779                0.004689
 1782               -0.005109
 1785                0.015667
 1788               -0.001019
 1791                0.004722
 1794                0.018123
 1797                0.006862
 1800               -0.003341
 1803               -0.000602
 1806                0.005083
 1809                0.006151
 1812                0.015785
 1815                0.011126
 1818                0.006785
 1821                0.004260
 1824                0.012214
 1827                0.011331
 1830                0.009543
 1833                0.010384
 1836                0.014552
 1839                0.001264
 1842                0.018860
 1845               -0.004116
 1848                0.006173
 1851                0.007681
 1854                0.008080
 1857                0.003935
 1860                0.002866
 1863                0.014337
 1866               -0.002678
 1869                0.014445
 1872                0.006701
 1875                0.007912
 1878                0.004161
 1881                0.003085
 1884                0.008591
 1887                0.000761
 1890               -0.003367
 1893                0.007692
 1896                0.009819
 1899                0.000946
 1902                0.014210
 1905                0.000512
 1908                0.007818
 1911                0.006048
 1914               -0.003010
 1917                0.004115
 1920                0.006498
 1923                0.012572
 1926                0.013900
 1929                0.006590
 1932                0.018595
 1935                0.005612
 1938                0.003566
 1941               -0.005242
 1944                0.004162
 1947               -0.004894
 1950                0.004459
 1953                0.010928
 1956                0.004051
 1959                0.004268
 1962                0.007488
 1965                0.003253
 1968               -0.001526
 1971                0.011824
 1974                0.003791
 1977                0.017979
 1980                0.002231
 1983                0.006678
 1986                0.004120
 1989               -0.000749
 1992                0.006811
 1995                0.006979
 1998               -0.001776
 2001                0.002737
 2004                0.012346
 2007                0.003113
 2010                0.011770
 2013               -0.007150
 2016               -0.000750
 2019                0.011940
 2022                0.008368
 2025               -0.001834
 2028                0.007026
 2031               -0.000496
 2034                0.012509
 2037                0.004322
 2040                0.005557
 2043                0.011971
 2046                0.002118
 2049               -0.004154
 2052                0.004377
 2055                0.003742
 2058                0.004078
 2061                0.003704
 2064                0.003469
 2067                0.007982
 2070               -0.002625
 2073               -0.009207
 2076               -0.004302
 2079               -0.003752
 2082               -0.008632
 2085               -0.004404
 2088                0.005269
 2091               -0.007211
 2094                0.008342
 2097                0.002253
 2100                0.004841
 2103                0.006063
 2106               -0.002166
 2109                0.002297
 2112                0.005303
 2115               -0.001823
 2118                0.007175
 2121                0.004796
 2124                0.020481
 2127               -0.001127
 2130                0.002618
 2133                0.015348
 2136               -0.000407
 2139                0.006258
 2142               -0.007163
 2145               -0.005341
 2148                0.010352
 2151                0.019432
 2154               -0.000247
 2157                0.003942
 2160                0.007186
 2163                0.007941
 2166               -0.003252
 2169               -0.009768
 2172                0.003297
 2175               -0.003536
 2178                0.002468
 2181               -0.016142
 2184               -0.007797
 2187                0.007614
 2190                0.003865
 2193                0.003325
 2196                0.000129
 2199                0.006520
 2202                0.014916
 2205               -0.003362
 2208                0.003691
 2211                0.007595
 2214                0.004414
 2217                0.001161
 2220               -0.001985
 2223                0.007525
 2226               -0.001155
 2229               -0.004657
 2232                0.003824
 2235                0.002486
 2238               -0.006047
 2241               -0.000449
 2244               -0.009667
 2247               -0.003317
 2250               -0.016985
 2253                0.013108
 2256                0.017470
 2259               -0.000352
 2262                0.000299
 2265               -0.007708
 2268                0.011727
 2271                0.001474
 2274               -0.000805
 2277               -0.001648
 2280               -0.015939
 2283                0.012168
 2286               -0.003283
 2289               -0.007010
 2292                0.004614
 2295               -0.003667
 2298                0.009921
 2301                0.005646
 2304                0.011246
 2307                0.005724
 2310               -0.005060
 2313               -0.003995
 2316                0.012211
 2319                0.008282
 2322               -0.007497
 2325               -0.016384
 2328                0.009414
 2331                0.008897
 2334               -0.012807
 2337                0.009251
 2340                0.013036
 2343               -0.010365
 2346                0.008429
 2349                0.004435
 2352               -0.010022
 2355               -0.013771
 2358                0.011266
 2361                0.013654
 2364               -0.011898
 2367                0.000212
 2370               -0.000175
 2373               -0.005527
 2376               -0.007165
 2379               -0.003751
 2382               -0.000362
 2385               -0.004376
 2388               -0.012595
 2391               -0.004063
 2394               -0.002983
 2397               -0.006243
