    0                1.000000
    3                0.744014
    6                0.732463
    9                0.785603
   12                0.804004
   15                0.806442
   18                0.860254
   21                0.777450
   24                0.782182
   27                0.816494
   30                0.800727
   33                0.715620
   36                0.717391
   39                0.646888
   42                0.635365
   45                0.606997
   48                0.586557
   51                0.606740
   54                0.580754
   57                0.547159
   60                0.496879
   63                0.569515
   66                0.564556
   69                0.578191
   72                0.594199
   75                0.555009
   78                0.620303
   81                0.616480
   84                0.558720
   87                0.562703
   90                0.542067
   93                0.551121
   96                0.547254
   99                0.551242
  102                0.562231
  105                0.555493
  108                0.550925
  111                0.562687
  114                0.560096
  117                0.578295
  120                0.563742
  123                0.563457
  126                0.521981
  129                0.545775
  132                0.563345
  135                0.551635
  138                0.547153
  141                0.526114
  144                0.539873
  147                0.516026
  150                0.503998
  153                0.508396
  156                0.521517
  159                0.488001
  162                0.482512
  165                0.464218
  168                0.497814
  171                0.464694
  174                0.430589
  177                0.450135
  180                0.462771
  183                0.453664
  186                0.453456
  189                0.410000
  192                0.415148
  195                0.393282
  198                0.406473
  201                0.378377
  204                0.340643
  207                0.331066
  210                0.347567
  213                0.310814
  216                0.318717
  219                0.269931
  222                0.222240
  225                0.211667
  228                0.224524
  231                0.204848
  234                0.153970
  237                0.149631
  240                0.104855
  243                0.136634
  246                0.073781
  249                0.075779
  252                0.053244
  255               -0.014837
  258                0.047877
  261               -0.001257
  264                0.013480
  267                0.041848
  270                0.005802
  273                0.030048
  276                0.014499
  279                0.027282
  282                0.059520
  285                0.067674
  288                0.090085
  291                0.087693
  294                0.097785
  297                0.090480
  300                0.131304
  303                0.136772
  306                0.146843
  309                0.181965
  312                0.168678
  315                0.152473
  318                0.183560
  321                0.164071
  324                0.146821
  327                0.167607
  330                0.160223
  333                0.168211
  336                0.136167
  339                0.141724
  342                0.109134
  345                0.133084
  348                0.106070
  351                0.108133
  354                0.077721
  357                0.063933
  360                0.050208
  363                0.038895
  366                0.045056
  369                0.036393
  372                0.027386
  375                0.019696
  378                0.010417
  381                0.021319
  384                0.015938
  387                0.059954
  390                0.026717
  393                0.051571
  396                0.060847
  399                0.076715
  402                0.062600
  405                0.105000
  408                0.104317
  411                0.110369
  414                0.093178
  417                0.128988
  420                0.111479
  423                0.103347
  426                0.105439
  429                0.111183
  432                0.117637
  435                0.100195
  438                0.097591
  441                0.046757
  444                0.076332
  447                0.042545
  450                0.038963
  453                0.016612
  456                0.015990
  459                0.026217
  462                0.013617
  465                0.004516
  468                0.018325
  471                0.012475
  474                0.046885
  477                0.036646
  480                0.047409
  483                0.057241
  486                0.052074
  489                0.056831
  492                0.104128
  495                0.075543
  498                0.073014
  501                0.079457
  504                0.069645
  507                0.080416
  510                0.075030
  513                0.043774
  516                0.066032
  519                0.043232
  522                0.042534
  525                0.046747
  528                0.009647
  531                0.025816
  534                0.017708
  537                0.008537
  540                0.027149
  543                0.005876
  546                0.026749
  549                0.052283
  552                0.063589
  555                0.059691
  558                0.079277
  561                0.057651
  564                0.058008
  567                0.058698
  570                0.051112
  573                0.058952
  576                0.047531
  579                0.038686
  582                0.038919
  585                0.044306
  588                0.026555
  591                0.013633
  594                0.000323
  597                0.024233
  600               -0.007220
  603                0.026908
  606                0.036541
  609                0.018767
  612                0.026955
  615                0.028083
  618                0.055362
  621                0.043307
  624                0.037381
  627                0.045386
  630                0.054901
  633                0.065785
  636                0.053211
  639                0.039479
  642                0.020860
  645                0.024880
  648                0.007851
  651                0.028362
  654                0.009541
  657                0.014744
  660                0.006679
  663                0.024948
  666                0.036655
  669                0.020094
  672                0.032390
  675                0.027670
  678                0.048174
  681                0.041971
  684                0.023544
  687                0.046665
  690                0.049742
  693                0.033865
  696                0.031903
  699                0.024680
  702                0.005372
  705                0.017233
  708                0.003201
  711                0.006385
  714                0.021257
  717                0.013137
  720                0.022893
  723                0.036296
  726                0.038270
  729                0.032802
  732                0.041551
  735                0.033417
  738                0.032144
  741                0.031043
  744                0.040263
  747                0.029253
  750                0.025525
  753                0.017422
  756                0.025801
  759                0.011475
  762                0.000796
  765                0.027049
  768                0.000490
  771                0.018428
  774                0.025802
  777                0.032416
  780                0.027636
  783                0.041615
  786                0.040144
  789                0.024411
  792                0.029909
  795                0.015735
  798                0.023464
  801                0.015007
  804                0.015075
  807                0.013058
  810                0.025796
  813                0.016861
  816                0.035906
  819                0.033260
  822                0.046371
  825                0.041080
  828                0.034970
  831                0.032897
  834                0.040804
  837                0.024372
  840                0.012697
  843                0.023307
  846                0.016060
  849                0.028463
  852                0.021941
  855                0.018398
  858                0.028657
  861                0.018837
  864                0.034629
  867                0.030320
  870                0.027022
  873                0.022814
  876                0.043356
  879                0.027006
  882                0.025313
  885                0.026038
  888                0.017445
  891               -0.007638
  894                0.028658
  897                0.006607
  900                0.019228
  903                0.030952
  906                0.031170
  909                0.023073
  912                0.047654
  915                0.021629
  918                0.041088
  921                0.039035
  924                0.029114
  927                0.023350
  930                0.018697
  933                0.019157
  936                0.024963
  939                0.019716
  942                0.019021
  945                0.026244
  948                0.038762
  951                0.023330
  954                0.027825
  957                0.031185
  960                0.035575
  963                0.020281
  966                0.015300
  969                0.019800
  972                0.021400
  975                0.015743
  978                0.025338
  981                0.026620
  984                0.024084
  987                0.026267
  990                0.037365
  993                0.035512
  996                0.028713
  999                0.034609
 1002                0.031557
 1005                0.021043
 1008                0.011541
 1011                0.015893
 1014                0.024643
 1017                0.020763
 1020                0.046139
 1023                0.029449
 1026                0.043066
 1029                0.027445
 1032                0.034627
 1035                0.023307
 1038                0.021352
 1041                0.010491
 1044                0.020151
 1047                0.021071
 1050                0.023960
 1053                0.030951
 1056                0.033356
 1059                0.029367
 1062                0.032042
 1065                0.025447
 1068                0.029058
 1071                0.028237
 1074                0.020789
 1077                0.022913
 1080                0.018358
 1083                0.025297
 1086                0.029934
 1089                0.027175
 1092                0.046485
 1095                0.044971
 1098                0.038566
 1101                0.035641
 1104                0.034563
 1107                0.033523
 1110                0.026851
 1113                0.016649
 1116                0.027991
 1119                0.031992
 1122                0.045540
 1125                0.042425
 1128                0.031238
 1131                0.039095
 1134                0.045060
 1137                0.025571
 1140                0.012856
 1143                0.016899
 1146                0.024888
 1149                0.030191
 1152                0.031525
 1155                0.034104
 1158                0.043442
 1161                0.038746
 1164                0.032280
 1167                0.042033
 1170                0.032240
 1173                0.043137
 1176                0.025314
 1179                0.029396
 1182                0.037131
 1185                0.029934
 1188                0.049579
 1191                0.052274
 1194                0.042466
 1197                0.038273
 1200                0.040375
 1203                0.027691
 1206                0.025816
 1209                0.038354
 1212                0.033063
 1215                0.024969
 1218                0.049057
 1221                0.046784
 1224                0.036817
 1227                0.056773
 1230                0.034895
 1233                0.037553
 1236                0.012778
 1239                0.034189
 1242                0.035978
 1245                0.040556
 1248                0.042459
 1251                0.045477
 1254                0.061885
 1257                0.048354
 1260                0.050604
 1263                0.035457
 1266                0.037905
 1269                0.043458
 1272                0.043187
 1275                0.043153
 1278                0.057117
 1281                0.069748
 1284                0.062803
 1287                0.062435
 1290                0.048218
 1293                0.036367
 1296                0.040640
 1299                0.038868
 1302                0.048202
 1305                0.052044
 1308                0.053144
 1311                0.056207
 1314                0.052566
 1317                0.054096
 1320                0.055072
 1323                0.042219
 1326                0.043320
 1329                0.044735
 1332                0.062419
 1335                0.069698
 1338                0.057902
 1341                0.079893
 1344                0.053176
 1347                0.044596
 1350                0.058174
 1353                0.050061
 1356                0.048364
 1359                0.056004
 1362                0.056919
 1365                0.061262
 1368                0.064152
 1371                0.054032
 1374                0.049582
 1377                0.055319
 1380                0.042864
 1383                0.045933
 1386                0.052820
 1389                0.047154
 1392                0.056518
 1395                0.055825
 1398                0.048077
 1401                0.050930
 1404                0.034469
 1407                0.042194
 1410                0.036919
 1413                0.042304
 1416                0.048604
 1419                0.058753
 1422                0.045113
 1425                0.050555
 1428                0.045167
 1431                0.030543
 1434                0.051668
 1437                0.038532
 1440                0.041652
 1443                0.045128
 1446                0.037213
 1449                0.050321
 1452                0.039502
 1455                0.038128
 1458                0.032771
 1461                0.041329
 1464                0.038220
 1467                0.036442
 1470                0.029759
 1473                0.035309
 1476                0.037442
 1479                0.028559
 1482                0.042291
 1485                0.039115
 1488                0.037833
 1491                0.027869
 1494                0.036594
 1497                0.037088
 1500                0.034044
 1503                0.025706
 1506                0.018285
 1509                0.019580
 1512                0.021289
 1515                0.017790
 1518                0.027640
 1521                0.029250
 1524                0.024879
 1527                0.021248
 1530                0.016072
 1533                0.025662
 1536                0.033499
 1539                0.016070
 1542                0.022110
 1545                0.014552
 1548                0.020285
 1551                0.023161
 1554                0.023640
 1557                0.022522
 1560                0.010174
 1563                0.022562
 1566                0.016487
 1569                0.014971
 1572                0.022631
 1575                0.024029
 1578                0.013906
 1581                0.018807
 1584                0.015016
 1587                0.022683
 1590                0.008118
 1593                0.031757
 1596                0.020471
 1599                0.020589
 1602                0.018743
 1605                0.018574
 1608                0.020799
 1611                0.007382
 1614                0.011911
 1617                0.022081
 1620                0.007716
 1623                0.011940
 1626                0.014940
 1629                0.012262
 1632                0.014022
 1635                0.001221
 1638                0.007088
 1641                0.004153
 1644                0.013470
 1647                0.003190
 1650                0.010414
 1653                0.009796
 1656                0.004674
 1659                0.010426
 1662                0.013404
 1665                0.008398
 1668                0.007308
 1671                0.020101
 1674                0.010340
 1677                0.010906
 1680                0.012958
 1683                0.009375
 1686                0.008349
 1689                0.010603
 1692                0.003792
 1695                0.016910
 1698                0.006504
 1701                0.004809
 1704                0.015730
 1707                0.008542
 1710                0.012848
 1713                0.010129
 1716                0.015494
 1719                0.011570
 1722                0.008298
 1725                0.013342
 1728                0.014957
 1731                0.007898
 1734                0.014055
 1737                0.003540
 1740                0.011601
 1743                0.006278
 1746                0.011056
 1749                0.012012
 1752                0.010547
 1755                0.006592
 1758                0.010638
 1761                0.010039
 1764               -0.001743
 1767                0.012326
 1770                0.010802
 1773                0.004695
 1776                0.000186
 1779                0.002511
 1782               -0.001878
 1785                0.009755
 1788                0.004339
 1791                0.009170
 1794                0.013433
 1797                0.003618
 1800                0.001611
 1803                0.013866
 1806               -0.007574
 1809                0.006894
 1812                0.021652
 1815                0.005180
 1818                0.012253
 1821                0.006049
 1824                0.012355
 1827                0.005441
 1830                0.007722
 1833                0.008670
 1836                0.008886
 1839                0.007792
 1842                0.003418
 1845               -0.001265
 1848                0.012494
 1851                0.013256
 1854                0.007961
 1857                0.012220
 1860                0.005516
 1863                0.010829
 1866               -0.001344
 1869                0.006341
 1872                0.015213
 1875                0.004746
 1878               -0.005420
 1881                0.004736
 1884                0.010813
 1887                0.004226
 1890                0.007211
 1893                0.000329
 1896                0.007742
 1899                0.006140
 1902                0.005549
 1905               -0.001848
 1908                0.004673
 1911               -0.004464
 1914                0.006508
 1917                0.003267
 1920                0.002057
 1923                0.014032
 1926                0.007744
 1929                0.012902
 1932                0.013335
 1935               -0.001436
 1938               -0.001961
 1941                0.012159
 1944                0.001070
 1947                0.004267
 1950               -0.003569
 1953                0.001115
 1956               -0.002805
 1959                0.005843
 1962                0.011976
 1965               -0.001179
 1968                0.002489
 1971                0.000243
 1974                0.002099
 1977                0.001287
 1980                0.006451
 1983                0.007684
 1986                0.008346
 1989               -0.000208
 1992                0.008157
 1995                0.005464
 1998               -0.002910
 2001                0.006149
 2004                0.009460
 2007                0.009190
 2010                0.003148
 2013               -0.011516
 2016               -0.000498
 2019                0.007091
 2022               -0.002393
 2025               -0.003181
 2028                0.000379
 2031                0.011031
 2034               -0.001326
 2037                0.003918
 2040                0.012069
 2043                0.011524
 2046               -0.008295
 2049               -0.010241
 2052                0.012096
 2055               -0.002053
 2058                0.008151
 2061                0.004536
 2064               -0.006175
 2067                0.011247
 2070               -0.001872
 2073               -0.004992
 2076               -0.005454
 2079               -0.008418
 2082               -0.008993
 2085                0.003730
 2088               -0.001219
 2091               -0.003114
 2094                0.011236
 2097                0.002089
 2100                0.005603
 2103               -0.003636
 2106                0.000959
 2109                0.008442
 2112               -0.006124
 2115                0.002416
 2118                0.010206
 2121                0.000303
 2124                0.009446
 2127                0.005079
 2130                0.008621
 2133                0.001645
 2136               -0.002795
 2139                0.008522
 2142               -0.011225
 2145                0.002663
 2148                0.010194
 2151                0.010923
 2154                0.001202
 2157               -0.002233
 2160                0.014248
 2163               -0.003247
 2166                0.008030
 2169               -0.010419
 2172               -0.003231
 2175                0.007603
 2178               -0.010452
 2181               -0.004720
 2184                0.004227
 2187                0.005186
 2190                0.008237
 2193                0.006593
 2196               -0.006365
 2199               -0.001134
 2202                0.005871
 2205                0.003599
 2208                0.002533
 2211                0.008788
 2214                0.010347
 2217                0.008181
 2220               -0.009363
 2223                0.000962
 2226               -0.003310
 2229               -0.003147
 2232                0.015367
 2235                0.007762
 2238                0.005278
 2241                0.010571
 2244               -0.011427
 2247                0.004154
 2250                0.007011
 2253                0.007275
 2256                0.018761
 2259                0.017360
 2262               -0.016549
 2265                0.012408
 2268               -0.005108
 2271                0.004630
 2274                0.015879
 2277               -0.010660
 2280               -0.010385
 2283                0.006601
 2286                0.009984
 2289               -0.004473
 2292                0.001256
 2295                0.009247
 2298                0.000413
 2301               -0.002776
 2304                0.006374
 2307                0.002497
 2310               -0.013511
 2313                0.004427
 2316                0.008721
 2319               -0.002719
 2322                0.004076
 2325                0.000314
 2328                0.011109
 2331                0.000275
 2334               -0.003183
 2337                0.006173
 2340                0.006201
 2343               -0.005489
 2346                0.011794
 2349               -0.018350
 2352               -0.018085
 2355               -0.013694
 2358                0.001113
 2361                0.025109
 2364                0.006668
 2367                0.000343
 2370               -0.005334
 2373               -0.014706
 2376               -0.000953
 2379                0.003833
 2382                0.010853
 2385               -0.007204
 2388               -0.012014
 2391               -0.007561
 2394                0.002572
 2397               -0.002904
