00001   501.600000     0.999996
00002   250.800000     0.999254
00003   167.200000     0.999879
00004   125.400000     0.998928
00005   100.320000     0.993774
00006    83.600000     0.996643
00007    71.657143     0.990451
00008    62.700000     0.992278
00009    55.733333     0.983915
00010    50.160000     0.983372
00011    45.600000     0.986141
00012    41.800000     0.935956
00013    38.584615     0.950844
00014    35.828571     0.973584
00015    33.440000     0.923322
00016    31.350000     0.921036
00017    29.505882     0.879582
00018    27.866667     0.878403
00019    26.400000     0.907539
00020    25.080000     0.818400
00021    23.885714     0.813511
00022    22.800000     0.787364
00023    21.808696     0.739519
00024    20.900000     0.737943
00025    20.064000     0.654990
00026    19.292308     0.641151
00027    18.577778     0.506977
00028    17.914286     0.249176
00029    17.296552     0.264072
00030    16.720000     0.335370
00031    16.180645     0.351034
00032    15.675000     0.482150
00033    15.200000     0.505142
00034    14.752941     0.509494
00035    14.331429     0.420580
00036    13.933333     0.454882
00037    13.556757     0.525449
00038    13.200000     0.517368
00039    12.861538     0.390359
00040    12.540000     0.180529
00041    12.234146     0.104371
00042    11.942857     0.191625
00043    11.665116     0.319569
00044    11.400000     0.424617
00045    11.146667     0.501874
00046    10.904348     0.508774
00047    10.672340     0.436674
00048    10.450000     0.314610
00049    10.236735     0.247850
00050    10.032000     0.134754
00051     9.835294     0.136922
00052     9.646154     0.170703
00053     9.464151     0.257797
00054     9.288889     0.343003
00055     9.120000     0.345483
00056     8.957143     0.290838
00057     8.800000     0.145910
00058     8.648276     0.065514
00059     8.501695     0.095487
00060     8.360000     0.213061
00061     8.222951     0.240063
00062     8.090323     0.172978
00063     7.961905     0.179268
00064     7.837500     0.090273
00065     7.716923    -0.001388
00066     7.600000     0.031936
00067     7.486567     0.132569
00068     7.376471     0.180279
00069     7.269565     0.158059
00070     7.165714     0.047088
00071     7.064789    -0.012014
00072     6.966667     0.031709
00073     6.871233     0.139545
00074     6.778378     0.164042
00075     6.688000     0.143753
00076     6.600000     0.054142
00077     6.514286     0.022487
00078     6.430769     0.018664
00079     6.349367     0.107960
00080     6.270000     0.121056
00081     6.192593     0.070463
00082     6.117073     0.041599
00083     6.043373     0.043082
00084     5.971429     0.109927
00085     5.901176     0.137316
00086     5.832558     0.086470
00087     5.765517     0.039304
00088     5.700000     0.051569
00089     5.635955     0.120685
00090     5.573333     0.165679
00091     5.512088     0.074323
00092     5.452174     0.002378
00093     5.393548     0.066607
00094     5.336170     0.193761
00095     5.280000     0.174543
00096     5.225000     0.077824
00097     5.171134     0.064101
00098     5.118367     0.148153
00099     5.066667     0.220299
00100     5.016000     0.123479
00101     4.966337     0.055233
00102     4.917647     0.145202
00103     4.869903     0.268270
00104     4.823077     0.197642
00105     4.777143     0.091779
00106     4.732075     0.145114
00107     4.687850     0.332409
00108     4.644444     0.215974
00109     4.601835     0.094190
00110     4.560000     0.175779
00111     4.518919     0.325391
00112     4.478571     0.181936
00113     4.438938     0.067973
00114     4.400000     0.148342
00115     4.361739     0.217174
00116     4.324138     0.087571
00117     4.287179     0.053560
00118     4.250847     0.144942
00119     4.215126     0.111492
00120     4.180000     0.045446
00121     4.145455     0.054113
00122     4.111475     0.107611
00123     4.078049     0.048376
00124     4.045161     0.032256
00125     4.012800     0.071211
00126     3.980952     0.057687
00127     3.949606     0.017107
00128     3.918750     0.034345
00129     3.888372     0.077017
00130     3.858462     0.016541
00131     3.829008     0.007471
00132     3.800000     0.035579
00133     3.771429     0.007789
00134     3.743284    -0.000935
00135     3.715556     0.061397
00136     3.688235     0.030661
00137     3.661314     0.010906
00138     3.634783     0.040641
00139     3.608633     0.023038
00140     3.582857     0.013163
00141     3.557447     0.036206
00142     3.532394     0.014743
00143     3.507692    -0.004606
00144     3.483333     0.021588
00145     3.459310     0.015471
00146     3.435616     0.000870
00147     3.412245     0.010716
00148     3.389189     0.029316
00149     3.366443     0.030351
00150     3.344000     0.012226
00151     3.321854     0.016234
00152     3.300000     0.010673
00153     3.278431     0.010513
00154     3.257143    -0.001678
00155     3.236129     0.008348
00156     3.215385     0.004221
00157     3.194904    -0.020181
00158     3.174684    -0.003108
00159     3.154717     0.007396
00160     3.135000     0.000317
00161     3.115528     0.000605
00162     3.096296    -0.011313
00163     3.077301    -0.002176
00164     3.058537    -0.004095
00165     3.040000     0.004920
00166     3.021687    -0.000381
00167     3.003593     0.013804
00168     2.985714     0.007995
00169     2.968047     0.001599
00170     2.950588     0.002721
00171     2.933333     0.019540
00172     2.916279     0.011503
00173     2.899422     0.011309
00174     2.882759     0.007795
00175     2.866286     0.020886
00176     2.850000     0.026306
00177     2.833898     0.011859
00178     2.817978     0.015630
00179     2.802235     0.020489
00180     2.786667     0.012758
00181     2.771271     0.003947
00182     2.756044     0.010852
00183     2.740984     0.006516
00184     2.726087     0.012376
00185     2.711351     0.007301
00186     2.696774    -0.005001
00187     2.682353    -0.004664
00188     2.668085     0.006245
