00001   501.600000     0.999998
00002   250.800000     0.999962
00003   167.200000     0.999929
00004   125.400000     0.999169
00005   100.320000     0.999428
00006    83.600000     0.999596
00007    71.657143     0.998911
00008    62.700000     0.997972
00009    55.733333     0.998169
00010    50.160000     0.997989
00011    45.600000     0.998625
00012    41.800000     0.994257
00013    38.584615     0.995807
00014    35.828571     0.996983
00015    33.440000     0.994140
00016    31.350000     0.991069
00017    29.505882     0.989285
00018    27.866667     0.989520
00019    26.400000     0.984374
00020    25.080000     0.967749
00021    23.885714     0.970449
00022    22.800000     0.976106
00023    21.808696     0.972307
00024    20.900000     0.961956
00025    20.064000     0.952261
00026    19.292308     0.951865
00027    18.577778     0.950428
00028    17.914286     0.940609
00029    17.296552     0.936889
00030    16.720000     0.904024
00031    16.180645     0.872770
00032    15.675000     0.897020
00033    15.200000     0.906377
00034    14.752941     0.861153
00035    14.331429     0.864195
00036    13.933333     0.892537
00037    13.556757     0.913940
00038    13.200000     0.912446
00039    12.861538     0.892222
00040    12.540000     0.877012
00041    12.234146     0.900553
00042    11.942857     0.892265
00043    11.665116     0.863406
00044    11.400000     0.853215
00045    11.146667     0.892475
00046    10.904348     0.906503
00047    10.672340     0.880490
00048    10.450000     0.825811
00049    10.236735     0.824267
00050    10.032000     0.868174
00051     9.835294     0.869131
00052     9.646154     0.813306
00053     9.464151     0.765571
00054     9.288889     0.806316
00055     9.120000     0.834840
00056     8.957143     0.809817
00057     8.800000     0.745932
00058     8.648276     0.732313
00059     8.501695     0.759701
00060     8.360000     0.754223
00061     8.222951     0.704623
00062     8.090323     0.658954
00063     7.961905     0.655897
00064     7.837500     0.689978
00065     7.716923     0.678969
00066     7.600000     0.638847
00067     7.486567     0.611947
00068     7.376471     0.621542
00069     7.269565     0.614343
00070     7.165714     0.571638
00071     7.064789     0.518450
00072     6.966667     0.528251
00073     6.871233     0.534206
00074     6.778378     0.522411
00075     6.688000     0.514362
00076     6.600000     0.535254
00077     6.514286     0.587921
00078     6.430769     0.546377
00079     6.349367     0.415661
00080     6.270000     0.345533
00081     6.192593     0.490361
00082     6.117073     0.577422
00083     6.043373     0.585620
00084     5.971429     0.546203
00085     5.901176     0.512643
00086     5.832558     0.522063
00087     5.765517     0.516554
00088     5.700000     0.515766
00089     5.635955     0.564510
00090     5.573333     0.615395
00091     5.512088     0.611412
00092     5.452174     0.600152
00093     5.393548     0.614690
00094     5.336170     0.636345
00095     5.280000     0.625742
00096     5.225000     0.634642
00097     5.171134     0.666719
00098     5.118367     0.686530
00099     5.066667     0.691704
00100     5.016000     0.703214
00101     4.966337     0.713841
00102     4.917647     0.717028
00103     4.869903     0.728452
00104     4.823077     0.752564
00105     4.777143     0.768327
00106     4.732075     0.783326
00107     4.687850     0.783411
00108     4.644444     0.785019
00109     4.601835     0.788677
00110     4.560000     0.802105
00111     4.518919     0.798293
00112     4.478571     0.727770
00113     4.438938     0.668547
00114     4.400000     0.673231
00115     4.361739     0.678291
00116     4.324138     0.639186
00117     4.287179     0.591967
00118     4.250847     0.551502
00119     4.215126     0.537977
00120     4.180000     0.530413
00121     4.145455     0.489492
00122     4.111475     0.459512
00123     4.078049     0.464607
00124     4.045161     0.451162
00125     4.012800     0.435896
00126     3.980952     0.422294
00127     3.949606     0.390166
00128     3.918750     0.371606
00129     3.888372     0.350616
00130     3.858462     0.341433
00131     3.829008     0.329051
00132     3.800000     0.321625
00133     3.771429     0.314226
00134     3.743284     0.305117
00135     3.715556     0.300097
00136     3.688235     0.309102
00137     3.661314     0.305863
00138     3.634783     0.264080
00139     3.608633     0.245759
00140     3.582857     0.263880
00141     3.557447     0.228737
00142     3.532394     0.210809
00143     3.507692     0.195926
00144     3.483333     0.186514
00145     3.459310     0.138961
00146     3.435616     0.143098
00147     3.412245     0.146561
00148     3.389189     0.161369
00149     3.366443     0.165113
00150     3.344000     0.156511
00151     3.321854     0.131866
00152     3.300000     0.114316
00153     3.278431     0.107894
00154     3.257143     0.082938
00155     3.236129     0.066597
00156     3.215385     0.040747
00157     3.194904     0.036954
00158     3.174684     0.062116
00159     3.154717     0.045358
00160     3.135000     0.038680
00161     3.115528     0.053611
00162     3.096296     0.047896
00163     3.077301     0.037892
00164     3.058537     0.027198
00165     3.040000     0.033289
00166     3.021687     0.028092
00167     3.003593     0.025820
00168     2.985714     0.038747
00169     2.968047     0.032104
00170     2.950588     0.032356
00171     2.933333     0.027529
00172     2.916279     0.012074
00173     2.899422     0.019715
00174     2.882759     0.023413
00175     2.866286     0.020455
00176     2.850000     0.025325
00177     2.833898     0.040180
00178     2.817978     0.025214
00179     2.802235     0.036575
00180     2.786667     0.026621
00181     2.771271     0.008163
00182     2.756044     0.013472
00183     2.740984     0.025707
00184     2.726087     0.033237
00185     2.711351     0.027547
00186     2.696774     0.016213
00187     2.682353     0.013839
00188     2.668085     0.010726
