00001   501.600000     0.658100
00002   250.800000    -0.108843
00003   167.200000     0.330791
00004   125.400000    -0.036790
00005   100.320000     0.200130
00006    83.600000     0.272783
00007    71.657143     0.141333
00008    62.700000     0.304315
00009    55.733333     0.295405
00010    50.160000     0.266760
00011    45.600000     0.458898
00012    41.800000     0.311101
00013    38.584615     0.533492
00014    35.828571     0.223361
00015    33.440000     0.131095
00016    31.350000     0.161242
00017    29.505882     0.171635
00018    27.866667     0.238830
00019    26.400000     0.305727
00020    25.080000     0.290023
00021    23.885714     0.369180
00022    22.800000     0.329126
00023    21.808696     0.308572
00024    20.900000     0.169619
00025    20.064000     0.139889
00026    19.292308     0.138693
00027    18.577778     0.123288
00028    17.914286     0.099708
00029    17.296552     0.043212
00030    16.720000     0.022041
00031    16.180645     0.090262
00032    15.675000     0.069563
00033    15.200000     0.048829
00034    14.752941     0.125543
00035    14.331429     0.114418
00036    13.933333     0.158405
00037    13.556757     0.109299
00038    13.200000     0.081721
00039    12.861538     0.120098
00040    12.540000     0.035897
00041    12.234146     0.056634
00042    11.942857     0.060708
00043    11.665116     0.122602
00044    11.400000     0.141526
00045    11.146667     0.107300
00046    10.904348     0.116442
00047    10.672340     0.053356
00048    10.450000     0.072439
00049    10.236735     0.097342
00050    10.032000     0.028502
00051     9.835294     0.106897
00052     9.646154     0.092859
00053     9.464151     0.128340
00054     9.288889     0.113267
00055     9.120000     0.086724
00056     8.957143     0.037987
00057     8.800000     0.062995
00058     8.648276     0.072166
00059     8.501695     0.065356
00060     8.360000     0.049342
00061     8.222951     0.040150
00062     8.090323     0.057313
00063     7.961905     0.066456
00064     7.837500     0.052591
00065     7.716923     0.022666
00066     7.600000     0.031283
00067     7.486567     0.015419
00068     7.376471     0.021133
00069     7.269565     0.023810
00070     7.165714    -0.005009
00071     7.064789     0.039055
00072     6.966667    -0.003900
00073     6.871233    -0.018741
00074     6.778378     0.042003
00075     6.688000     0.034960
00076     6.600000     0.025685
00077     6.514286     0.014267
00078     6.430769     0.007841
00079     6.349367     0.029215
00080     6.270000     0.007191
00081     6.192593     0.002423
00082     6.117073    -0.011196
00083     6.043373     0.000585
00084     5.971429     0.016922
00085     5.901176     0.003351
00086     5.832558     0.004753
00087     5.765517    -0.010415
00088     5.700000    -0.009077
00089     5.635955     0.008856
00090     5.573333    -0.002347
00091     5.512088     0.010240
00092     5.452174     0.006534
00093     5.393548     0.007223
00094     5.336170    -0.003994
00095     5.280000    -0.006072
00096     5.225000     0.037038
00097     5.171134     0.037082
00098     5.118367     0.033169
00099     5.066667     0.033351
00100     5.016000     0.035988
00101     4.966337     0.017623
00102     4.917647     0.032845
00103     4.869903     0.026837
00104     4.823077     0.016934
00105     4.777143     0.046468
00106     4.732075     0.016937
00107     4.687850     0.003510
00108     4.644444     0.026317
00109     4.601835     0.016153
00110     4.560000    -0.000693
00111     4.518919     0.054034
00112     4.478571     0.039522
00113     4.438938     0.027316
00114     4.400000     0.030446
00115     4.361739     0.022560
00116     4.324138     0.011690
00117     4.287179     0.004248
00118     4.250847     0.015599
00119     4.215126     0.010401
00120     4.180000     0.005951
00121     4.145455     0.000939
00122     4.111475     0.002608
00123     4.078049     0.023824
00124     4.045161     0.022487
00125     4.012800     0.003121
00126     3.980952     0.003764
00127     3.949606     0.002132
00128     3.918750     0.008295
00129     3.888372     0.022946
00130     3.858462     0.032845
00131     3.829008     0.007368
00132     3.800000    -0.002558
00133     3.771429     0.009827
00134     3.743284    -0.002341
00135     3.715556    -0.004683
00136     3.688235    -0.002837
00137     3.661314    -0.001792
00138     3.634783    -0.006412
00139     3.608633    -0.009261
00140     3.582857    -0.009432
00141     3.557447     0.005490
00142     3.532394    -0.001837
00143     3.507692    -0.005997
00144     3.483333    -0.001416
00145     3.459310    -0.006062
00146     3.435616    -0.012106
00147     3.412245    -0.014506
00148     3.389189    -0.000794
00149     3.366443     0.009611
00150     3.344000     0.004192
00151     3.321854     0.007170
00152     3.300000     0.003265
00153     3.278431     0.007333
00154     3.257143     0.010519
00155     3.236129     0.009459
00156     3.215385     0.011000
00157     3.194904     0.012713
00158     3.174684     0.022776
00159     3.154717     0.008857
00160     3.135000     0.006962
00161     3.115528    -0.000384
00162     3.096296    -0.008437
00163     3.077301    -0.009603
00164     3.058537     0.003522
00165     3.040000    -0.003393
00166     3.021687    -0.000995
00167     3.003593     0.000122
00168     2.985714    -0.001052
00169     2.968047    -0.009108
00170     2.950588    -0.013249
00171     2.933333    -0.007805
00172     2.916279     0.001842
00173     2.899422     0.009384
00174     2.882759     0.004217
00175     2.866286    -0.010157
00176     2.850000    -0.001315
00177     2.833898     0.008706
00178     2.817978     0.006491
00179     2.802235    -0.010596
00180     2.786667    -0.015643
00181     2.771271    -0.014644
00182     2.756044     0.001106
00183     2.740984     0.000552
00184     2.726087    -0.005500
00185     2.711351    -0.003791
00186     2.696774     0.006488
00187     2.682353    -0.001664
00188     2.668085     0.002866
