00001   501.600000     0.999996
00002   250.800000     0.999571
00003   167.200000     0.999777
00004   125.400000     0.999027
00005   100.320000     0.998023
00006    83.600000     0.999725
00007    71.657143     0.997746
00008    62.700000     0.994240
00009    55.733333     0.991146
00010    50.160000     0.996201
00011    45.600000     0.996310
00012    41.800000     0.984200
00013    38.584615     0.988660
00014    35.828571     0.988739
00015    33.440000     0.976913
00016    31.350000     0.976014
00017    29.505882     0.971371
00018    27.866667     0.962796
00019    26.400000     0.967153
00020    25.080000     0.925662
00021    23.885714     0.926831
00022    22.800000     0.944267
00023    21.808696     0.919360
00024    20.900000     0.853545
00025    20.064000     0.780993
00026    19.292308     0.740240
00027    18.577778     0.747663
00028    17.914286     0.765891
00029    17.296552     0.756864
00030    16.720000     0.745773
00031    16.180645     0.756274
00032    15.675000     0.788909
00033    15.200000     0.787666
00034    14.752941     0.706394
00035    14.331429     0.601791
00036    13.933333     0.611003
00037    13.556757     0.708307
00038    13.200000     0.690994
00039    12.861538     0.659916
00040    12.540000     0.664905
00041    12.234146     0.676477
00042    11.942857     0.708198
00043    11.665116     0.599199
00044    11.400000     0.567767
00045    11.146667     0.690186
00046    10.904348     0.777809
00047    10.672340     0.670459
00048    10.450000     0.576740
00049    10.236735     0.584620
00050    10.032000     0.540261
00051     9.835294     0.554685
00052     9.646154     0.523054
00053     9.464151     0.589934
00054     9.288889     0.603670
00055     9.120000     0.610970
00056     8.957143     0.555046
00057     8.800000     0.439901
00058     8.648276     0.345511
00059     8.501695     0.463012
00060     8.360000     0.502622
00061     8.222951     0.319893
00062     8.090323     0.287005
00063     7.961905     0.359587
00064     7.837500     0.377667
00065     7.716923     0.349239
00066     7.600000     0.291755
00067     7.486567     0.255827
00068     7.376471     0.290325
00069     7.269565     0.365359
00070     7.165714     0.372382
00071     7.064789     0.186130
00072     6.966667     0.176643
00073     6.871233     0.271224
00074     6.778378     0.322928
00075     6.688000     0.270539
00076     6.600000     0.228328
00077     6.514286     0.172142
00078     6.430769     0.203236
00079     6.349367     0.276282
00080     6.270000     0.257987
00081     6.192593     0.292378
00082     6.117073     0.146901
00083     6.043373     0.176360
00084     5.971429     0.274107
00085     5.901176     0.319963
00086     5.832558     0.207614
00087     5.765517     0.182347
00088     5.700000     0.262788
00089     5.635955     0.357182
00090     5.573333     0.299056
00091     5.512088     0.232820
00092     5.452174     0.292277
00093     5.393548     0.335448
00094     5.336170     0.301349
00095     5.280000     0.313333
00096     5.225000     0.339542
00097     5.171134     0.287876
00098     5.118367     0.355788
00099     5.066667     0.446716
00100     5.016000     0.405907
00101     4.966337     0.356515
00102     4.917647     0.446290
00103     4.869903     0.443033
00104     4.823077     0.417385
00105     4.777143     0.477206
00106     4.732075     0.475365
00107     4.687850     0.478111
00108     4.644444     0.611208
00109     4.601835     0.467994
00110     4.560000     0.408195
00111     4.518919     0.618554
00112     4.478571     0.517860
00113     4.438938     0.283296
00114     4.400000     0.471280
00115     4.361739     0.446494
00116     4.324138     0.235625
00117     4.287179     0.303741
00118     4.250847     0.301077
00119     4.215126     0.177127
00120     4.180000     0.171116
00121     4.145455     0.154648
00122     4.111475     0.220922
00123     4.078049     0.204607
00124     4.045161     0.153004
00125     4.012800     0.203354
00126     3.980952     0.156620
00127     3.949606     0.125264
00128     3.918750     0.177968
00129     3.888372     0.145857
00130     3.858462     0.126626
00131     3.829008     0.093749
00132     3.800000     0.107063
00133     3.771429     0.124240
00134     3.743284     0.076884
00135     3.715556     0.124815
00136     3.688235     0.123022
00137     3.661314     0.071000
00138     3.634783     0.100710
00139     3.608633     0.092185
00140     3.582857     0.081484
00141     3.557447     0.102538
00142     3.532394     0.063836
00143     3.507692     0.054379
00144     3.483333     0.063103
00145     3.459310     0.044980
00146     3.435616     0.075333
00147     3.412245     0.085286
00148     3.389189     0.066545
00149     3.366443     0.034444
00150     3.344000     0.042501
00151     3.321854     0.034649
00152     3.300000     0.031750
00153     3.278431     0.024832
00154     3.257143     0.021012
00155     3.236129     0.014701
00156     3.215385     0.020757
00157     3.194904     0.010072
00158     3.174684    -0.001359
00159     3.154717     0.000013
00160     3.135000     0.007503
00161     3.115528     0.037701
00162     3.096296     0.022270
00163     3.077301     0.015545
00164     3.058537     0.013422
00165     3.040000     0.006340
00166     3.021687     0.022171
00167     3.003593     0.017671
00168     2.985714     0.016466
00169     2.968047     0.003421
00170     2.950588    -0.002171
00171     2.933333    -0.002700
00172     2.916279     0.003767
00173     2.899422    -0.000610
00174     2.882759    -0.003384
00175     2.866286    -0.013402
00176     2.850000     0.005232
00177     2.833898    -0.001640
00178     2.817978    -0.010480
00179     2.802235    -0.006879
00180     2.786667     0.001092
00181     2.771271     0.009006
00182     2.756044     0.004070
00183     2.740984     0.006962
00184     2.726087     0.006410
00185     2.711351     0.013620
00186     2.696774     0.015024
00187     2.682353     0.000204
00188     2.668085     0.003846
