00001   501.600000     0.999998
00002   250.800000     0.999981
00003   167.200000     0.999979
00004   125.400000     0.999910
00005   100.320000     0.999821
00006    83.600000     0.999857
00007    71.657143     0.999703
00008    62.700000     0.999154
00009    55.733333     0.999245
00010    50.160000     0.999374
00011    45.600000     0.999501
00012    41.800000     0.998502
00013    38.584615     0.998013
00014    35.828571     0.998757
00015    33.440000     0.997926
00016    31.350000     0.995445
00017    29.505882     0.994755
00018    27.866667     0.993745
00019    26.400000     0.992547
00020    25.080000     0.983428
00021    23.885714     0.982591
00022    22.800000     0.987666
00023    21.808696     0.986800
00024    20.900000     0.981145
00025    20.064000     0.973130
00026    19.292308     0.977022
00027    18.577778     0.972457
00028    17.914286     0.972128
00029    17.296552     0.966240
00030    16.720000     0.950323
00031    16.180645     0.938266
00032    15.675000     0.951825
00033    15.200000     0.955037
00034    14.752941     0.941450
00035    14.331429     0.928926
00036    13.933333     0.945029
00037    13.556757     0.955373
00038    13.200000     0.951901
00039    12.861538     0.942857
00040    12.540000     0.941396
00041    12.234146     0.951660
00042    11.942857     0.946116
00043    11.665116     0.926279
00044    11.400000     0.929338
00045    11.146667     0.945586
00046    10.904348     0.955197
00047    10.672340     0.939866
00048    10.450000     0.913814
00049    10.236735     0.920246
00050    10.032000     0.935261
00051     9.835294     0.931554
00052     9.646154     0.899474
00053     9.464151     0.877177
00054     9.288889     0.887361
00055     9.120000     0.905513
00056     8.957143     0.898280
00057     8.800000     0.869263
00058     8.648276     0.857786
00059     8.501695     0.876211
00060     8.360000     0.871629
00061     8.222951     0.845204
00062     8.090323     0.799821
00063     7.961905     0.807002
00064     7.837500     0.816856
00065     7.716923     0.804096
00066     7.600000     0.761160
00067     7.486567     0.751120
00068     7.376471     0.756700
00069     7.269565     0.756715
00070     7.165714     0.728128
00071     7.064789     0.719796
00072     6.966667     0.727944
00073     6.871233     0.732660
00074     6.778378     0.724093
00075     6.688000     0.686716
00076     6.600000     0.667698
00077     6.514286     0.702328
00078     6.430769     0.687128
00079     6.349367     0.678322
00080     6.270000     0.673909
00081     6.192593     0.698267
00082     6.117073     0.715446
00083     6.043373     0.706556
00084     5.971429     0.699711
00085     5.901176     0.704758
00086     5.832558     0.705036
00087     5.765517     0.698119
00088     5.700000     0.700098
00089     5.635955     0.730582
00090     5.573333     0.745647
00091     5.512088     0.748596
00092     5.452174     0.748667
00093     5.393548     0.760818
00094     5.336170     0.784757
00095     5.280000     0.774281
00096     5.225000     0.769359
00097     5.171134     0.786421
00098     5.118367     0.812054
00099     5.066667     0.825248
00100     5.016000     0.830875
00101     4.966337     0.840659
00102     4.917647     0.851850
00103     4.869903     0.854147
00104     4.823077     0.858861
00105     4.777143     0.868211
00106     4.732075     0.878406
00107     4.687850     0.886009
00108     4.644444     0.890888
00109     4.601835     0.887823
00110     4.560000     0.881308
00111     4.518919     0.871569
00112     4.478571     0.862166
00113     4.438938     0.840264
00114     4.400000     0.816993
00115     4.361739     0.798187
00116     4.324138     0.777739
00117     4.287179     0.753034
00118     4.250847     0.735373
00119     4.215126     0.705639
00120     4.180000     0.676595
00121     4.145455     0.659327
00122     4.111475     0.659918
00123     4.078049     0.643850
00124     4.045161     0.615728
00125     4.012800     0.596741
00126     3.980952     0.591630
00127     3.949606     0.575319
00128     3.918750     0.565593
00129     3.888372     0.538715
00130     3.858462     0.496352
00131     3.829008     0.493242
00132     3.800000     0.497761
00133     3.771429     0.485363
00134     3.743284     0.467242
00135     3.715556     0.452555
00136     3.688235     0.455062
00137     3.661314     0.443232
00138     3.634783     0.423737
00139     3.608633     0.406356
00140     3.582857     0.394987
00141     3.557447     0.350882
00142     3.532394     0.343064
00143     3.507692     0.329535
00144     3.483333     0.299852
00145     3.459310     0.271663
00146     3.435616     0.279775
00147     3.412245     0.272168
00148     3.389189     0.266402
00149     3.366443     0.281976
00150     3.344000     0.260187
00151     3.321854     0.241404
00152     3.300000     0.201182
00153     3.278431     0.164278
00154     3.257143     0.148550
00155     3.236129     0.106504
00156     3.215385     0.095636
00157     3.194904     0.108860
00158     3.174684     0.104609
00159     3.154717     0.085922
00160     3.135000     0.074357
00161     3.115528     0.068830
00162     3.096296     0.055112
00163     3.077301     0.085309
00164     3.058537     0.097700
00165     3.040000     0.067681
00166     3.021687     0.068439
00167     3.003593     0.069538
00168     2.985714     0.049418
00169     2.968047     0.028930
00170     2.950588     0.041114
00171     2.933333     0.059249
00172     2.916279     0.060277
00173     2.899422     0.061163
00174     2.882759     0.059558
00175     2.866286     0.054507
00176     2.850000     0.050763
00177     2.833898     0.045841
00178     2.817978     0.038877
00179     2.802235     0.038923
00180     2.786667     0.046948
00181     2.771271     0.039564
00182     2.756044     0.039006
00183     2.740984     0.041148
00184     2.726087     0.050775
00185     2.711351     0.049180
00186     2.696774     0.030437
00187     2.682353     0.028482
00188     2.668085     0.035509
