00001   501.600000     1.000000
00002   250.800000     0.999999
00003   167.200000     0.999996
00004   125.400000     0.999992
00005   100.320000     0.999998
00006    83.600000     0.999997
00007    71.657143     0.999991
00008    62.700000     0.999966
00009    55.733333     0.999985
00010    50.160000     0.999991
00011    45.600000     0.999990
00012    41.800000     0.999985
00013    38.584615     0.999984
00014    35.828571     0.999986
00015    33.440000     0.999983
00016    31.350000     0.999966
00017    29.505882     0.999962
00018    27.866667     0.999959
00019    26.400000     0.999956
00020    25.080000     0.999923
00021    23.885714     0.999916
00022    22.800000     0.999914
00023    21.808696     0.999865
00024    20.900000     0.999807
00025    20.064000     0.999761
00026    19.292308     0.999676
00027    18.577778     0.999698
00028    17.914286     0.999771
00029    17.296552     0.999682
00030    16.720000     0.999417
00031    16.180645     0.999276
00032    15.675000     0.999270
00033    15.200000     0.999019
00034    14.752941     0.997946
00035    14.331429     0.996517
00036    13.933333     0.997812
00037    13.556757     0.996775
00038    13.200000     0.995480
00039    12.861538     0.995441
00040    12.540000     0.995411
00041    12.234146     0.994757
00042    11.942857     0.992555
00043    11.665116     0.992008
00044    11.400000     0.992779
00045    11.146667     0.992202
00046    10.904348     0.991806
00047    10.672340     0.992590
00048    10.450000     0.992517
00049    10.236735     0.990776
00050    10.032000     0.988333
00051     9.835294     0.988309
00052     9.646154     0.988568
00053     9.464151     0.988164
00054     9.288889     0.986443
00055     9.120000     0.987637
00056     8.957143     0.990389
00057     8.800000     0.992078
00058     8.648276     0.993828
00059     8.501695     0.992148
00060     8.360000     0.990143
00061     8.222951     0.989695
00062     8.090323     0.991451
00063     7.961905     0.990882
00064     7.837500     0.992684
00065     7.716923     0.995109
00066     7.600000     0.995648
00067     7.486567     0.995349
00068     7.376471     0.994237
00069     7.269565     0.994330
00070     7.165714     0.993295
00071     7.064789     0.992832
00072     6.966667     0.991457
00073     6.871233     0.989824
00074     6.778378     0.989144
00075     6.688000     0.989785
00076     6.600000     0.988023
00077     6.514286     0.985909
00078     6.430769     0.985942
00079     6.349367     0.986238
00080     6.270000     0.987390
00081     6.192593     0.985486
00082     6.117073     0.982303
00083     6.043373     0.984053
00084     5.971429     0.984905
00085     5.901176     0.985048
00086     5.832558     0.982280
00087     5.765517     0.978830
00088     5.700000     0.978558
00089     5.635955     0.981502
00090     5.573333     0.982136
00091     5.512088     0.980536
00092     5.452174     0.981779
00093     5.393548     0.984406
00094     5.336170     0.984224
00095     5.280000     0.983872
00096     5.225000     0.982515
00097     5.171134     0.981412
00098     5.118367     0.981599
00099     5.066667     0.981332
00100     5.016000     0.980583
00101     4.966337     0.977555
00102     4.917647     0.978156
00103     4.869903     0.978401
00104     4.823077     0.977667
00105     4.777143     0.978657
00106     4.732075     0.980980
00107     4.687850     0.981121
00108     4.644444     0.982332
00109     4.601835     0.981816
00110     4.560000     0.980863
00111     4.518919     0.980927
00112     4.478571     0.980423
00113     4.438938     0.979032
00114     4.400000     0.976725
00115     4.361739     0.975743
00116     4.324138     0.976180
00117     4.287179     0.976816
00118     4.250847     0.975790
00119     4.215126     0.975022
00120     4.180000     0.973161
00121     4.145455     0.973697
00122     4.111475     0.975319
00123     4.078049     0.974806
00124     4.045161     0.975946
00125     4.012800     0.975876
00126     3.980952     0.972435
00127     3.949606     0.970693
00128     3.918750     0.971552
00129     3.888372     0.969564
00130     3.858462     0.972434
00131     3.829008     0.972132
00132     3.800000     0.971875
00133     3.771429     0.970998
00134     3.743284     0.970564
00135     3.715556     0.970116
00136     3.688235     0.969292
00137     3.661314     0.969103
00138     3.634783     0.967973
00139     3.608633     0.968127
00140     3.582857     0.967377
00141     3.557447     0.967572
00142     3.532394     0.966332
00143     3.507692     0.966358
00144     3.483333     0.964955
00145     3.459310     0.962583
00146     3.435616     0.962102
00147     3.412245     0.964677
00148     3.389189     0.965373
00149     3.366443     0.965011
00150     3.344000     0.964702
00151     3.321854     0.965744
00152     3.300000     0.964745
00153     3.278431     0.966137
00154     3.257143     0.966021
00155     3.236129     0.964137
00156     3.215385     0.963660
00157     3.194904     0.962808
00158     3.174684     0.960159
00159     3.154717     0.956774
00160     3.135000     0.956661
00161     3.115528     0.958724
00162     3.096296     0.961190
00163     3.077301     0.960189
00164     3.058537     0.960591
00165     3.040000     0.959947
00166     3.021687     0.957787
00167     3.003593     0.953672
00168     2.985714     0.956293
00169     2.968047     0.956846
00170     2.950588     0.960302
00171     2.933333     0.961553
00172     2.916279     0.962734
00173     2.899422     0.962194
00174     2.882759     0.959384
00175     2.866286     0.956672
00176     2.850000     0.954158
00177     2.833898     0.953334
00178     2.817978     0.954854
00179     2.802235     0.952377
00180     2.786667     0.951124
00181     2.771271     0.949655
00182     2.756044     0.951339
00183     2.740984     0.948387
00184     2.726087     0.944415
00185     2.711351     0.945817
00186     2.696774     0.947181
00187     2.682353     0.951331
00188     2.668085     0.949427
