00001   501.600000     0.999990
00002   250.800000     0.999530
00003   167.200000     0.999858
00004   125.400000     0.999139
00005   100.320000     0.999285
00006    83.600000     0.999633
00007    71.657143     0.998626
00008    62.700000     0.994719
00009    55.733333     0.997676
00010    50.160000     0.998640
00011    45.600000     0.998426
00012    41.800000     0.996916
00013    38.584615     0.996616
00014    35.828571     0.996564
00015    33.440000     0.994687
00016    31.350000     0.989641
00017    29.505882     0.986199
00018    27.866667     0.989019
00019    26.400000     0.985758
00020    25.080000     0.973850
00021    23.885714     0.978442
00022    22.800000     0.974657
00023    21.808696     0.970538
00024    20.900000     0.964648
00025    20.064000     0.939252
00026    19.292308     0.931382
00027    18.577778     0.938638
00028    17.914286     0.927528
00029    17.296552     0.929160
00030    16.720000     0.894869
00031    16.180645     0.887773
00032    15.675000     0.900672
00033    15.200000     0.896194
00034    14.752941     0.870799
00035    14.331429     0.853408
00036    13.933333     0.894582
00037    13.556757     0.920086
00038    13.200000     0.916341
00039    12.861538     0.890362
00040    12.540000     0.870476
00041    12.234146     0.875794
00042    11.942857     0.865706
00043    11.665116     0.832601
00044    11.400000     0.854415
00045    11.146667     0.909551
00046    10.904348     0.919002
00047    10.672340     0.888225
00048    10.450000     0.832946
00049    10.236735     0.827327
00050    10.032000     0.866245
00051     9.835294     0.870083
00052     9.646154     0.811071
00053     9.464151     0.781445
00054     9.288889     0.800982
00055     9.120000     0.821270
00056     8.957143     0.821295
00057     8.800000     0.788248
00058     8.648276     0.763493
00059     8.501695     0.756690
00060     8.360000     0.743579
00061     8.222951     0.691648
00062     8.090323     0.664965
00063     7.961905     0.667929
00064     7.837500     0.674327
00065     7.716923     0.655677
00066     7.600000     0.635158
00067     7.486567     0.615229
00068     7.376471     0.629876
00069     7.269565     0.610401
00070     7.165714     0.541902
00071     7.064789     0.479832
00072     6.966667     0.542201
00073     6.871233     0.582285
00074     6.778378     0.563367
00075     6.688000     0.470763
00076     6.600000     0.456392
00077     6.514286     0.509501
00078     6.430769     0.528820
00079     6.349367     0.481129
00080     6.270000     0.498789
00081     6.192593     0.538144
00082     6.117073     0.559033
00083     6.043373     0.510506
00084     5.971429     0.495741
00085     5.901176     0.518003
00086     5.832558     0.535711
00087     5.765517     0.516458
00088     5.700000     0.515388
00089     5.635955     0.548494
00090     5.573333     0.571506
00091     5.512088     0.617650
00092     5.452174     0.606753
00093     5.393548     0.597818
00094     5.336170     0.640354
00095     5.280000     0.627874
00096     5.225000     0.618491
00097     5.171134     0.638553
00098     5.118367     0.664738
00099     5.066667     0.688812
00100     5.016000     0.709171
00101     4.966337     0.720705
00102     4.917647     0.735931
00103     4.869903     0.739401
00104     4.823077     0.724176
00105     4.777143     0.742798
00106     4.732075     0.784638
00107     4.687850     0.804675
00108     4.644444     0.789471
00109     4.601835     0.771315
00110     4.560000     0.788607
00111     4.518919     0.794192
00112     4.478571     0.736826
00113     4.438938     0.666669
00114     4.400000     0.677675
00115     4.361739     0.677932
00116     4.324138     0.610035
00117     4.287179     0.570399
00118     4.250847     0.580648
00119     4.215126     0.560870
00120     4.180000     0.493377
00121     4.145455     0.440119
00122     4.111475     0.458061
00123     4.078049     0.447434
00124     4.045161     0.429485
00125     4.012800     0.427718
00126     3.980952     0.429423
00127     3.949606     0.411954
00128     3.918750     0.372693
00129     3.888372     0.341740
00130     3.858462     0.347489
00131     3.829008     0.320569
00132     3.800000     0.304665
00133     3.771429     0.295666
00134     3.743284     0.293665
00135     3.715556     0.284988
00136     3.688235     0.267030
00137     3.661314     0.264340
00138     3.634783     0.255600
00139     3.608633     0.255774
00140     3.582857     0.250661
00141     3.557447     0.208213
00142     3.532394     0.207219
00143     3.507692     0.188188
00144     3.483333     0.161069
00145     3.459310     0.159733
00146     3.435616     0.160476
00147     3.412245     0.154450
00148     3.389189     0.157017
00149     3.366443     0.153062
00150     3.344000     0.150528
00151     3.321854     0.130350
00152     3.300000     0.112743
00153     3.278431     0.099098
00154     3.257143     0.071516
00155     3.236129     0.058313
00156     3.215385     0.057176
00157     3.194904     0.044200
00158     3.174684     0.035631
00159     3.154717     0.023952
00160     3.135000     0.031468
00161     3.115528     0.045473
00162     3.096296     0.039708
00163     3.077301     0.041977
00164     3.058537     0.048017
00165     3.040000     0.032421
00166     3.021687     0.035562
00167     3.003593     0.032134
00168     2.985714     0.039124
00169     2.968047     0.042204
00170     2.950588     0.035106
00171     2.933333     0.032691
00172     2.916279     0.031443
00173     2.899422     0.021217
00174     2.882759     0.014818
00175     2.866286     0.026146
00176     2.850000     0.032726
00177     2.833898     0.028897
00178     2.817978     0.014410
00179     2.802235     0.014494
00180     2.786667     0.029888
00181     2.771271     0.037626
00182     2.756044     0.045675
00183     2.740984     0.031940
00184     2.726087     0.027342
00185     2.711351     0.033102
00186     2.696774     0.032932
00187     2.682353     0.031739
00188     2.668085     0.017397
