00001   501.600000     0.999997
00002   250.800000     0.999729
00003   167.200000     0.999896
00004   125.400000     0.999417
00005   100.320000     0.999236
00006    83.600000     0.999705
00007    71.657143     0.998404
00008    62.700000     0.994812
00009    55.733333     0.995823
00010    50.160000     0.996913
00011    45.600000     0.996246
00012    41.800000     0.987361
00013    38.584615     0.990412
00014    35.828571     0.992968
00015    33.440000     0.984488
00016    31.350000     0.978368
00017    29.505882     0.972447
00018    27.866667     0.975790
00019    26.400000     0.969093
00020    25.080000     0.924861
00021    23.885714     0.935149
00022    22.800000     0.950328
00023    21.808696     0.941236
00024    20.900000     0.911472
00025    20.064000     0.891967
00026    19.292308     0.885258
00027    18.577778     0.883033
00028    17.914286     0.869336
00029    17.296552     0.880819
00030    16.720000     0.808456
00031    16.180645     0.781114
00032    15.675000     0.818748
00033    15.200000     0.816788
00034    14.752941     0.752654
00035    14.331429     0.702867
00036    13.933333     0.785543
00037    13.556757     0.831583
00038    13.200000     0.794149
00039    12.861538     0.768012
00040    12.540000     0.765335
00041    12.234146     0.822302
00042    11.942857     0.799738
00043    11.665116     0.739694
00044    11.400000     0.737065
00045    11.146667     0.799481
00046    10.904348     0.817311
00047    10.672340     0.776991
00048    10.450000     0.671291
00049    10.236735     0.690519
00050    10.032000     0.772907
00051     9.835294     0.761442
00052     9.646154     0.679646
00053     9.464151     0.628255
00054     9.288889     0.651907
00055     9.120000     0.684534
00056     8.957143     0.678469
00057     8.800000     0.621297
00058     8.648276     0.562076
00059     8.501695     0.560499
00060     8.360000     0.606698
00061     8.222951     0.547686
00062     8.090323     0.447478
00063     7.961905     0.462595
00064     7.837500     0.496243
00065     7.716923     0.485209
00066     7.600000     0.427654
00067     7.486567     0.418565
00068     7.376471     0.407427
00069     7.269565     0.383246
00070     7.165714     0.339260
00071     7.064789     0.335918
00072     6.966667     0.390250
00073     6.871233     0.362764
00074     6.778378     0.373226
00075     6.688000     0.325388
00076     6.600000     0.286451
00077     6.514286     0.328674
00078     6.430769     0.350283
00079     6.349367     0.356585
00080     6.270000     0.371696
00081     6.192593     0.343421
00082     6.117073     0.332257
00083     6.043373     0.333711
00084     5.971429     0.337279
00085     5.901176     0.336186
00086     5.832558     0.364948
00087     5.765517     0.342893
00088     5.700000     0.343190
00089     5.635955     0.363682
00090     5.573333     0.396398
00091     5.512088     0.388484
00092     5.452174     0.398916
00093     5.393548     0.425743
00094     5.336170     0.446958
00095     5.280000     0.449225
00096     5.225000     0.458985
00097     5.171134     0.469413
00098     5.118367     0.484696
00099     5.066667     0.496464
00100     5.016000     0.532506
00101     4.966337     0.533194
00102     4.917647     0.538685
00103     4.869903     0.543233
00104     4.823077     0.563407
00105     4.777143     0.577005
00106     4.732075     0.619977
00107     4.687850     0.647093
00108     4.644444     0.642315
00109     4.601835     0.643448
00110     4.560000     0.632991
00111     4.518919     0.609779
00112     4.478571     0.588078
00113     4.438938     0.555411
00114     4.400000     0.517130
00115     4.361739     0.467148
00116     4.324138     0.428697
00117     4.287179     0.422339
00118     4.250847     0.381784
00119     4.215126     0.338927
00120     4.180000     0.301827
00121     4.145455     0.295033
00122     4.111475     0.315519
00123     4.078049     0.301695
00124     4.045161     0.267000
00125     4.012800     0.263367
00126     3.980952     0.253012
00127     3.949606     0.240215
00128     3.918750     0.223909
00129     3.888372     0.194817
00130     3.858462     0.199493
00131     3.829008     0.173460
00132     3.800000     0.161088
00133     3.771429     0.154867
00134     3.743284     0.166382
00135     3.715556     0.152523
00136     3.688235     0.150426
00137     3.661314     0.154881
00138     3.634783     0.156234
00139     3.608633     0.133307
00140     3.582857     0.112392
00141     3.557447     0.114450
00142     3.532394     0.127899
00143     3.507692     0.099209
00144     3.483333     0.076179
00145     3.459310     0.086454
00146     3.435616     0.084824
00147     3.412245     0.077836
00148     3.389189     0.083752
00149     3.366443     0.079465
00150     3.344000     0.078410
00151     3.321854     0.061013
00152     3.300000     0.054599
00153     3.278431     0.049253
00154     3.257143     0.027709
00155     3.236129     0.008919
00156     3.215385     0.013139
00157     3.194904     0.030032
00158     3.174684     0.028293
00159     3.154717     0.021817
00160     3.135000     0.023618
00161     3.115528     0.016978
00162     3.096296     0.018649
00163     3.077301     0.025537
00164     3.058537     0.035558
00165     3.040000     0.024383
00166     3.021687     0.036944
00167     3.003593     0.016455
00168     2.985714     0.007360
00169     2.968047    -0.000290
00170     2.950588     0.009271
00171     2.933333     0.017778
00172     2.916279     0.010343
00173     2.899422     0.002095
00174     2.882759     0.001790
00175     2.866286     0.012205
00176     2.850000     0.017550
00177     2.833898     0.013064
00178     2.817978     0.017961
00179     2.802235     0.016950
00180     2.786667     0.018455
00181     2.771271     0.018744
00182     2.756044     0.013014
00183     2.740984     0.011537
00184     2.726087     0.018062
00185     2.711351     0.027108
00186     2.696774     0.020298
00187     2.682353     0.024083
00188     2.668085     0.009967
