00001   501.600000     1.000000
00002   250.800000     0.999636
00003   167.200000     0.999805
00004   125.400000     0.998835
00005   100.320000     0.998087
00006    83.600000     0.999532
00007    71.657143     0.998277
00008    62.700000     0.996819
00009    55.733333     0.996008
00010    50.160000     0.997336
00011    45.600000     0.997082
00012    41.800000     0.990874
00013    38.584615     0.993930
00014    35.828571     0.994624
00015    33.440000     0.989549
00016    31.350000     0.986868
00017    29.505882     0.983405
00018    27.866667     0.981449
00019    26.400000     0.980741
00020    25.080000     0.957216
00021    23.885714     0.946145
00022    22.800000     0.957769
00023    21.808696     0.949758
00024    20.900000     0.904816
00025    20.064000     0.829144
00026    19.292308     0.817114
00027    18.577778     0.843009
00028    17.914286     0.862808
00029    17.296552     0.870715
00030    16.720000     0.833601
00031    16.180645     0.831936
00032    15.675000     0.873072
00033    15.200000     0.872106
00034    14.752941     0.834848
00035    14.331429     0.768328
00036    13.933333     0.782014
00037    13.556757     0.835639
00038    13.200000     0.824399
00039    12.861538     0.768604
00040    12.540000     0.760896
00041    12.234146     0.826594
00042    11.942857     0.819192
00043    11.665116     0.735247
00044    11.400000     0.745020
00045    11.146667     0.829333
00046    10.904348     0.855202
00047    10.672340     0.830135
00048    10.450000     0.738137
00049    10.236735     0.728022
00050    10.032000     0.732908
00051     9.835294     0.710011
00052     9.646154     0.675602
00053     9.464151     0.668769
00054     9.288889     0.714367
00055     9.120000     0.722094
00056     8.957143     0.673991
00057     8.800000     0.565590
00058     8.648276     0.558804
00059     8.501695     0.661348
00060     8.360000     0.675537
00061     8.222951     0.534893
00062     8.090323     0.459980
00063     7.961905     0.519619
00064     7.837500     0.554706
00065     7.716923     0.558103
00066     7.600000     0.441888
00067     7.486567     0.395380
00068     7.376471     0.448233
00069     7.269565     0.500199
00070     7.165714     0.474268
00071     7.064789     0.299998
00072     6.966667     0.305243
00073     6.871233     0.395310
00074     6.778378     0.472043
00075     6.688000     0.423861
00076     6.600000     0.300652
00077     6.514286     0.260542
00078     6.430769     0.308084
00079     6.349367     0.416826
00080     6.270000     0.423107
00081     6.192593     0.380481
00082     6.117073     0.286196
00083     6.043373     0.348276
00084     5.971429     0.438275
00085     5.901176     0.459604
00086     5.832558     0.372819
00087     5.765517     0.302849
00088     5.700000     0.382126
00089     5.635955     0.492083
00090     5.573333     0.430297
00091     5.512088     0.395736
00092     5.452174     0.429299
00093     5.393548     0.470997
00094     5.336170     0.443204
00095     5.280000     0.481104
00096     5.225000     0.492694
00097     5.171134     0.436864
00098     5.118367     0.482737
00099     5.066667     0.577892
00100     5.016000     0.561297
00101     4.966337     0.523091
00102     4.917647     0.594817
00103     4.869903     0.605836
00104     4.823077     0.583304
00105     4.777143     0.631834
00106     4.732075     0.644404
00107     4.687850     0.644841
00108     4.644444     0.725825
00109     4.601835     0.644764
00110     4.560000     0.592713
00111     4.518919     0.732079
00112     4.478571     0.652010
00113     4.438938     0.460149
00114     4.400000     0.602047
00115     4.361739     0.573547
00116     4.324138     0.373347
00117     4.287179     0.455669
00118     4.250847     0.463967
00119     4.215126     0.342767
00120     4.180000     0.366627
00121     4.145455     0.326908
00122     4.111475     0.336247
00123     4.078049     0.331524
00124     4.045161     0.283294
00125     4.012800     0.322124
00126     3.980952     0.286994
00127     3.949606     0.262641
00128     3.918750     0.274282
00129     3.888372     0.222586
00130     3.858462     0.225416
00131     3.829008     0.167000
00132     3.800000     0.206487
00133     3.771429     0.226355
00134     3.743284     0.141112
00135     3.715556     0.195129
00136     3.688235     0.195147
00137     3.661314     0.144018
00138     3.634783     0.188489
00139     3.608633     0.163970
00140     3.582857     0.118854
00141     3.557447     0.160156
00142     3.532394     0.106207
00143     3.507692     0.111237
00144     3.483333     0.121006
00145     3.459310     0.069980
00146     3.435616     0.082766
00147     3.412245     0.092690
00148     3.389189     0.091736
00149     3.366443     0.083087
00150     3.344000     0.081093
00151     3.321854     0.062169
00152     3.300000     0.057110
00153     3.278431     0.054240
00154     3.257143     0.049793
00155     3.236129     0.030860
00156     3.215385     0.040945
00157     3.194904     0.039796
00158     3.174684     0.033725
00159     3.154717     0.047232
00160     3.135000     0.054946
00161     3.115528     0.049638
00162     3.096296     0.025103
00163     3.077301     0.024919
00164     3.058537     0.022834
00165     3.040000     0.038980
00166     3.021687     0.038502
00167     3.003593     0.024560
00168     2.985714     0.019742
00169     2.968047     0.018840
00170     2.950588     0.014562
00171     2.933333     0.019109
00172     2.916279     0.005126
00173     2.899422     0.026306
00174     2.882759     0.018681
00175     2.866286     0.015499
00176     2.850000     0.010537
00177     2.833898     0.009685
00178     2.817978     0.005095
00179     2.802235     0.014017
00180     2.786667     0.014383
00181     2.771271     0.008776
00182     2.756044     0.023820
00183     2.740984     0.019948
00184     2.726087     0.015711
00185     2.711351     0.015635
00186     2.696774     0.018149
00187     2.682353     0.002738
00188     2.668085     0.002091
